subjectID	order	runNum	itemName	onsetTime	shuff_trialType	RT	respInTime	AudioTime	response	fixationTime	ladder1	ladder2	bidIndex	BDMtrialIndex	bidValue
BMI_bs_40_112	 2	 10	 WerthersOriginal.bmp	 1.133492e+03	 12	 999000	 120	 999000	 999	 1.134510e+03	 783.33	 716.67	 20.00	 49	 5.33	 
BMI_bs_40_112	 2	 10	 HispusimShatiah.bmp	 1.136496e+03	 22	 8.924208e+02	 220	 7.167334e+02	 98	 1.137530e+03	 783.33	 733.33	 54.00	 57	 0.36	 
BMI_bs_40_112	 2	 10	 Kitkat.bmp	 1.138498e+03	 12	 999000	 120	 999000	 999	 1.139516e+03	 783.33	 733.33	 21.00	 40	 5.27	 
BMI_bs_40_112	 2	 10	 BisliOnion.bmp	 1.140483e+03	 24	 999000	 240	 999000	 999	 1.141501e+03	 783.33	 733.33	 50.00	 12	 0.62	 
BMI_bs_40_112	 2	 10	 KinderBuenoWhite2.bmp	 1.142486e+03	 12	 999000	 120	 999000	 999	 1.143503e+03	 783.33	 733.33	 6.00	 17	 7.98	 
BMI_bs_40_112	 2	 10	 Bounty.bmp	 1.145489e+03	 24	 999000	 240	 999000	 999	 1.146507e+03	 783.33	 733.33	 53.00	 9	 0.56	 
BMI_bs_40_112	 2	 10	 Twix.bmp	 1.147491e+03	 11	 9.446497e+02	 110	 7.833998e+02	 98	 1.148528e+03	 800.00	 733.33	 9.00	 56	 6.49	 
BMI_bs_40_112	 2	 10	 SkittlesFruits2.bmp	 1.151496e+03	 22	 9.230486e+02	 220	 7.333892e+02	 98	 1.152530e+03	 800.00	 750.00	 43.00	 41	 1.69	 
BMI_bs_40_112	 2	 10	 KifkefMaklot2.bmp	 1.153498e+03	 22	 9.458813e+02	 220	 7.500531e+02	 98	 1.154534e+03	 800.00	 766.67	 46.00	 52	 1.11	 
BMI_bs_40_112	 2	 10	 HappyHippo.bmp	 1.158487e+03	 12	 999000	 120	 999000	 999	 1.159505e+03	 800.00	 766.67	 18.00	 50	 5.56	 
BMI_bs_40_112	 2	 10	 BisliPizza3.bmp	 1.160489e+03	 24	 999000	 240	 999000	 999	 1.161507e+03	 800.00	 766.67	 57.00	 31	 0.13	 
BMI_bs_40_112	 2	 10	 TapuchipsCrunch.bmp	 1.164494e+03	 24	 999000	 240	 999000	 999	 1.165512e+03	 800.00	 766.67	 47.00	 44	 0.98	 
BMI_bs_40_112	 2	 10	 Mekupelet.bmp	 1.166496e+03	 11	 8.185659e+02	 110	 8.000466e+02	 98	 1.167531e+03	 816.67	 766.67	 17.00	 11	 5.84	 
BMI_bs_40_112	 2	 10	 Tortit.bmp	 1.169499e+03	 12	 999000	 120	 999000	 999	 1.170517e+03	 816.67	 766.67	 15.00	 6	 5.93	 
BMI_bs_40_112	 2	 10	 Hit.bmp	 1.174488e+03	 24	 999000	 240	 999000	 999	 1.175506e+03	 816.67	 766.67	 45.00	 2	 1.58	 
BMI_bs_40_112	 2	 10	 KinderBuenoBrown3.bmp	 1.176490e+03	 12	 999000	 120	 999000	 999	 1.177508e+03	 816.67	 766.67	 12.00	 1	 6.02	 
BMI_bs_40_112	 2	 10	 ChocolateParaSucariotKoftzot2.bmp	 1.178493e+03	 12	 999000	 120	 999000	 999	 1.179511e+03	 816.67	 766.67	 4.00	 15	 8.07	 
BMI_bs_40_112	 2	 10	 GumiWine2.bmp	 1.182497e+03	 22	 9.729544e+02	 220	 7.667160e+02	 98	 1.183533e+03	 816.67	 783.33	 48.00	 35	 0.67	 
BMI_bs_40_112	 2	 10	 Taami.bmp	 1.186485e+03	 11	 5.740691e+02	 11	 8.167206e+02	 98	 1.187521e+03	 833.33	 783.33	 11.00	 55	 6.27	 
BMI_bs_40_112	 2	 10	 ClickXLbrown4.bmp	 1.190489e+03	 12	 999000	 120	 999000	 999	 1.191509e+03	 833.33	 783.33	 3.00	 47	 8.09	 
BMI_bs_40_112	 2	 10	 KinderJoy.bmp	 1.192492e+03	 12	 999000	 120	 999000	 999	 1.193510e+03	 833.33	 783.33	 10.00	 54	 6.33	 
BMI_bs_40_112	 2	 10	 KashitSour.bmp	 1.194494e+03	 24	 999000	 240	 999000	 999	 1.195512e+03	 833.33	 783.33	 58.00	 53	 0.09	 
BMI_bs_40_112	 2	 10	 DoritosGrill.bmp	 1.196496e+03	 24	 999000	 240	 999000	 999	 1.197514e+03	 833.33	 783.33	 56.00	 45	 0.24	 
BMI_bs_40_112	 2	 10	 GumiSnakes3.bmp	 1.198498e+03	 24	 999000	 240	 999000	 999	 1.199516e+03	 833.33	 783.33	 55.00	 36	 0.27	 
BMI_bs_40_112	 2	 10	 ChocolateParaCookies5.bmp	 1.204488e+03	 12	 999000	 120	 999000	 999	 1.205506e+03	 833.33	 783.33	 5.00	 13	 8.04	 
BMI_bs_40_112	 2	 10	 CrunchShokoVanil.bmp	 1.207492e+03	 24	 999000	 240	 999000	 999	 1.208510e+03	 833.33	 783.33	 39.00	 30	 2.22	 
BMI_bs_40_112	 2	 10	 Tictac.bmp	 1.209494e+03	 24	 999000	 240	 999000	 999	 1.210512e+03	 833.33	 783.33	 41.00	 14	 1.71	 
BMI_bs_40_112	 2	 10	 Egozi.bmp	 1.211496e+03	 12	 999000	 120	 999000	 999	 1.212514e+03	 833.33	 783.33	 22.00	 8	 4.96	 
BMI_bs_40_112	 2	 10	 PesekZman.bmp	 1.214500e+03	 11	 1.045756e+03	 1100	 8.333864e+02	 98	 1.215535e+03	 783.33	 783.33	 14.00	 27	 5.96	 
BMI_bs_40_112	 2	 10	 DoritosSourSpicy.bmp	 1.216485e+03	 22	 1.062676e+03	 2200	 7.833960e+02	 98	 1.217521e+03	 783.33	 733.33	 49.00	 5	 0.62	 
BMI_bs_40_112	 2	 10	 SkittlesSour4.bmp	 1.218487e+03	 24	 999000	 240	 999000	 999	 1.219508e+03	 783.33	 733.33	 42.00	 42	 1.71	 
BMI_bs_40_112	 2	 10	 BambaNugat.bmp	 1.220490e+03	 12	 999000	 120	 999000	 999	 1.221508e+03	 783.33	 733.33	 13.00	 7	 5.98	 
BMI_bs_40_112	 2	 10	 ChocolateParaMilk3.bmp	 1.223493e+03	 12	 999000	 120	 999000	 999	 1.224511e+03	 783.33	 733.33	 7.00	 18	 7.04	 
BMI_bs_40_112	 2	 10	 BabyDoll.bmp	 1.225495e+03	 22	 8.619043e+02	 220	 7.333857e+02	 98	 1.226532e+03	 783.33	 750.00	 51.00	 3	 0.58	 
BMI_bs_40_112	 2	 10	 Twist.bmp	 1.227498e+03	 24	 999000	 240	 999000	 999	 1.228515e+03	 783.33	 750.00	 52.00	 19	 0.58	 
BMI_bs_40_112	 2	 10	 BambaSweet.bmp	 1.229500e+03	 24	 999000	 240	 999000	 999	 1.230518e+03	 783.33	 750.00	 44.00	 21	 1.64	 
BMI_bs_40_112	 2	 10	 Cheetos.bmp	 1.231485e+03	 11	 9.021100e+02	 110	 7.833849e+02	 98	 1.232520e+03	 800.00	 750.00	 16.00	 10	 5.93	 
BMI_bs_40_112	 2	 10	 ClickBalls5.bmp	 1.237492e+03	 24	 999000	 240	 999000	 999	 1.238510e+03	 800.00	 750.00	 40.00	 59	 1.96	 
BMI_bs_40_112	 2	 10	 Loacker.bmp	 1.240496e+03	 12	 999000	 120	 999000	 999	 1.241513e+03	 800.00	 750.00	 19.00	 51	 5.56	 
BMI_bs_40_112	 2	 10	 ChocolateParaMarir2.bmp	 1.244500e+03	 11	 1.039454e+03	 1100	 8.000619e+02	 98	 1.245535e+03	 750.00	 750.00	 8.00	 23	 7.02	 
