subjectID	order	runNum	itemName	onsetTime	shuff_trialType	RT	respInTime	AudioTime	response	fixationTime	ladder1	ladder2	bidIndex	BDMtrialIndex	bidValue
BMI_bs_40_105	 1	 1	 Tapuchips.bmp	 1.250355e+00	 24	 999000	 240	 999000	 999	 2.268926e+00	 750.00	 750.00	 49.00	 38	 2.73	 
BMI_bs_40_105	 1	 1	 Bounty.bmp	 4.236556e+00	 24	 999000	 240	 999000	 999	 5.256082e+00	 750.00	 750.00	 42.00	 10	 3.29	 
BMI_bs_40_105	 1	 1	 BisliPizza3.bmp	 6.238778e+00	 24	 999000	 240	 999000	 999	 7.258415e+00	 750.00	 750.00	 41.00	 48	 3.33	 
BMI_bs_40_105	 1	 1	 Halva2.bmp	 8.241013e+00	 24	 999000	 240	 999000	 999	 9.261131e+00	 750.00	 750.00	 46.00	 11	 3.18	 
BMI_bs_40_105	 1	 1	 CrunchBisquitBrown3.bmp	 1.022655e+01	 12	 999000	 120	 999000	 999	 1.124621e+01	 750.00	 750.00	 3.00	 16	 8.04	 
BMI_bs_40_105	 1	 1	 PesekZman.bmp	 1.323003e+01	 24	 999000	 240	 999000	 999	 1.424982e+01	 750.00	 750.00	 51.00	 27	 2.71	 
BMI_bs_40_105	 1	 1	 BisliGrill.bmp	 1.523210e+01	 24	 999000	 240	 999000	 999	 1.625195e+01	 750.00	 750.00	 55.00	 59	 2.29	 
BMI_bs_40_105	 1	 1	 ChocolateParaMarir2.bmp	 1.923657e+01	 12	 999000	 120	 999000	 999	 2.025643e+01	 750.00	 750.00	 11.00	 46	 6.02	 
BMI_bs_40_105	 1	 1	 ClickXLwhite4.bmp	 2.123884e+01	 12	 999000	 120	 999000	 999	 2.225884e+01	 750.00	 750.00	 8.00	 13	 7.09	 
BMI_bs_40_105	 1	 1	 HappyHippo.bmp	 2.622771e+01	 11	 1.105610e+03	 1100	 7.500542e+02	 98	 2.726392e+01	 700.00	 750.00	 12.00	 7	 6.00	 
BMI_bs_40_105	 1	 1	 CrunchBisquitWhite2.bmp	 2.823004e+01	 12	 999000	 120	 999000	 999	 2.924804e+01	 700.00	 750.00	 6.00	 24	 7.58	 
BMI_bs_40_105	 1	 1	 ClickXLbrown4.bmp	 3.223446e+01	 12	 999000	 120	 999000	 999	 3.325436e+01	 700.00	 750.00	 4.00	 20	 8.00	 
BMI_bs_40_105	 1	 1	 Bamba.bmp	 3.423671e+01	 24	 999000	 240	 999000	 999	 3.525632e+01	 700.00	 750.00	 57.00	 45	 2.20	 
BMI_bs_40_105	 1	 1	 Mars.bmp	 3.722324e+01	 12	 999000	 120	 999000	 999	 3.824293e+01	 700.00	 750.00	 20.00	 1	 5.84	 
BMI_bs_40_105	 1	 1	 BambaSweet.bmp	 4.222902e+01	 22	 1.136261e+03	 2200	 7.500755e+02	 98	 4.326545e+01	 700.00	 700.00	 53.00	 5	 2.69	 
BMI_bs_40_105	 1	 1	 Mentos.bmp	 4.423130e+01	 22	 1.013025e+03	 2200	 7.000431e+02	 98	 4.526603e+01	 700.00	 650.00	 50.00	 23	 2.71	 
BMI_bs_40_105	 1	 1	 ChocolateParaSucariotKoftzot2.bmp	 4.623351e+01	 11	 9.794416e+02	 110	 7.000532e+02	 98	 4.726947e+01	 716.67	 650.00	 10.00	 49	 6.04	 
BMI_bs_40_105	 1	 1	 SkittlesFruits2.bmp	 5.023796e+01	 11	 1.002809e+03	 1100	 7.167229e+02	 98	 5.127386e+01	 666.67	 650.00	 15.00	 25	 5.98	 
BMI_bs_40_105	 1	 1	 BabyDoll.bmp	 5.422548e+01	 24	 999000	 240	 999000	 999	 5.524518e+01	 666.67	 650.00	 39.00	 42	 3.78	 
BMI_bs_40_105	 1	 1	 Keifli.bmp	 5.823031e+01	 24	 999000	 240	 999000	 999	 5.925003e+01	 666.67	 650.00	 48.00	 57	 2.80	 
BMI_bs_40_105	 1	 1	 KinderBuenoWhite2.bmp	 6.023254e+01	 12	 999000	 120	 999000	 999	 6.125217e+01	 666.67	 650.00	 14.00	 51	 6.00	 
BMI_bs_40_105	 1	 1	 Tictac.bmp	 6.223475e+01	 24	 999000	 240	 999000	 999	 6.325473e+01	 666.67	 650.00	 54.00	 34	 2.67	 
BMI_bs_40_105	 1	 1	 Cheetos.bmp	 6.423701e+01	 24	 999000	 240	 999000	 999	 6.525665e+01	 666.67	 650.00	 43.00	 36	 3.29	 
BMI_bs_40_105	 1	 1	 ClickBalls5.bmp	 6.623923e+01	 11	 1.033379e+03	 1100	 6.667075e+02	 98	 6.727382e+01	 616.67	 650.00	 18.00	 22	 5.93	 
BMI_bs_40_105	 1	 1	 TapuchipsCrunch.bmp	 7.222937e+01	 24	 999000	 240	 999000	 999	 7.324732e+01	 616.67	 650.00	 40.00	 35	 3.36	 
BMI_bs_40_105	 1	 1	 Popco.bmp	 7.523264e+01	 22	 1.040412e+03	 2200	 6.500476e+02	 98	 7.626715e+01	 616.67	 600.00	 47.00	 39	 3.13	 
BMI_bs_40_105	 1	 1	 Smarties.bmp	 7.723481e+01	 12	 999000	 120	 999000	 999	 7.825480e+01	 616.67	 600.00	 17.00	 8	 5.93	 
BMI_bs_40_105	 1	 1	 Taami.bmp	 7.923712e+01	 24	 999000	 240	 999000	 999	 8.025673e+01	 616.67	 600.00	 56.00	 37	 2.24	 
BMI_bs_40_105	 1	 1	 Snickers.bmp	 8.222348e+01	 11	 9.461517e+02	 110	 6.167097e+02	 98	 8.326024e+01	 633.33	 600.00	 13.00	 43	 6.00	 
BMI_bs_40_105	 1	 1	 Dubonim.bmp	 8.422619e+01	 24	 999000	 240	 999000	 999	 8.524581e+01	 633.33	 600.00	 58.00	 52	 2.18	 
BMI_bs_40_105	 1	 1	 KinderBuenoBrown3.bmp	 8.622830e+01	 12	 999000	 120	 999000	 999	 8.724795e+01	 633.33	 600.00	 22.00	 58	 5.47	 
BMI_bs_40_105	 1	 1	 ClickBisquit2.bmp	 8.823049e+01	 12	 999000	 120	 999000	 999	 8.924964e+01	 633.33	 600.00	 21.00	 12	 5.84	 
BMI_bs_40_105	 1	 1	 DoritosSourSpicy.bmp	 9.123384e+01	 22	 9.249665e+02	 220	 6.000539e+02	 98	 9.226946e+01	 633.33	 616.67	 44.00	 40	 3.24	 
BMI_bs_40_105	 1	 1	 Tortit.bmp	 9.323627e+01	 22	 9.588621e+02	 220	 6.167130e+02	 98	 9.427088e+01	 633.33	 633.33	 52.00	 4	 2.69	 
BMI_bs_40_105	 1	 1	 ChocolateParaCookies5.bmp	 9.523837e+01	 11	 9.143798e+02	 110	 6.333872e+02	 98	 9.627285e+01	 650.00	 633.33	 7.00	 18	 7.56	 
BMI_bs_40_105	 1	 1	 ChocolateParaMilk3.bmp	 9.722358e+01	 12	 999000	 120	 999000	 999	 9.824230e+01	 650.00	 633.33	 16.00	 53	 5.96	 
BMI_bs_40_105	 1	 1	 Twix.bmp	 9.922620e+01	 12	 999000	 120	 999000	 999	 1.002455e+02	 650.00	 633.33	 5.00	 3	 7.96	 
BMI_bs_40_105	 1	 1	 KashitSour.bmp	 1.052329e+02	 12	 999000	 120	 999000	 999	 1.062525e+02	 650.00	 633.33	 19.00	 17	 5.89	 
BMI_bs_40_105	 1	 1	 Kitkat.bmp	 1.082362e+02	 12	 999000	 120	 999000	 999	 1.092559e+02	 650.00	 633.33	 9.00	 47	 6.53	 
BMI_bs_40_105	 1	 1	 DoritosGrill.bmp	 1.122237e+02	 22	 9.510636e+02	 220	 6.333812e+02	 98	 1.132604e+02	 650.00	 650.00	 45.00	 41	 3.24	 
