subjectID	order	runNum	itemName	onsetTime	shuff_trialType	RT	respInTime	AudioTime	response	fixationTime	ladder1	ladder2	bidIndex	BDMtrialIndex	bidValue
BMI_bs_40_101	 1	 5	 KinderJoy.bmp	 4.941002e+02	 24	 999000	 240	 999000	 999	 4.951198e+02	 750.00	 683.33	 55.00	 57	 3.80	 
BMI_bs_40_101	 1	 5	 Tortit.bmp	 4.971036e+02	 12	 999000	 120	 999000	 999	 4.981229e+02	 750.00	 683.33	 19.00	 41	 7.02	 
BMI_bs_40_101	 1	 5	 Mentos.bmp	 4.991058e+02	 24	 999000	 240	 999000	 999	 5.001253e+02	 750.00	 683.33	 39.00	 43	 4.87	 
BMI_bs_40_101	 1	 5	 KashitSour.bmp	 5.011080e+02	 22	 9.526895e+02	 220	 6.834014e+02	 98	 5.021443e+02	 750.00	 700.00	 45.00	 22	 4.38	 
BMI_bs_40_101	 1	 5	 Dubonim.bmp	 5.030932e+02	 24	 999000	 240	 999000	 999	 5.041114e+02	 750.00	 700.00	 43.00	 44	 4.82	 
BMI_bs_40_101	 1	 5	 Keifli.bmp	 5.060970e+02	 24	 999000	 240	 999000	 999	 5.071164e+02	 750.00	 700.00	 54.00	 37	 3.80	 
BMI_bs_40_101	 1	 5	 KifkefMaklot2.bmp	 5.080991e+02	 11	 9.931336e+02	 110	 7.500681e+02	 98	 5.091355e+02	 766.67	 700.00	 12.00	 50	 7.58	 
BMI_bs_40_101	 1	 5	 ChocolateParaMarir2.bmp	 5.121037e+02	 11	 9.600146e+02	 110	 7.667158e+02	 98	 5.131384e+02	 783.33	 700.00	 7.00	 10	 8.04	 
BMI_bs_40_101	 1	 5	 CrunchShokoVanil.bmp	 5.141059e+02	 24	 999000	 240	 999000	 999	 5.151255e+02	 783.33	 700.00	 40.00	 59	 4.87	 
BMI_bs_40_101	 1	 5	 BisliPizza3.bmp	 5.190948e+02	 22	 8.766969e+02	 220	 7.000557e+02	 98	 5.201314e+02	 783.33	 716.67	 52.00	 2	 3.80	 
BMI_bs_40_101	 1	 5	 Snickers.bmp	 5.210970e+02	 24	 999000	 240	 999000	 999	 5.221166e+02	 783.33	 716.67	 41.00	 23	 4.84	 
BMI_bs_40_101	 1	 5	 SkittlesFruits2.bmp	 5.251016e+02	 12	 999000	 120	 999000	 999	 5.261212e+02	 783.33	 716.67	 17.00	 27	 7.02	 
BMI_bs_40_101	 1	 5	 Bounty.bmp	 5.271038e+02	 12	 999000	 120	 999000	 999	 5.281234e+02	 783.33	 716.67	 16.00	 45	 7.09	 
BMI_bs_40_101	 1	 5	 ClickXLwhite4.bmp	 5.301072e+02	 12	 999000	 120	 999000	 999	 5.311261e+02	 783.33	 716.67	 8.00	 33	 8.04	 
BMI_bs_40_101	 1	 5	 HispusimShatiah.bmp	 5.350961e+02	 24	 999000	 240	 999000	 999	 5.361152e+02	 783.33	 716.67	 58.00	 26	 2.73	 
BMI_bs_40_101	 1	 5	 CrunchBisquitBrown3.bmp	 5.370983e+02	 12	 999000	 120	 999000	 999	 5.381176e+02	 783.33	 716.67	 5.00	 32	 8.07	 
BMI_bs_40_101	 1	 5	 Smarties.bmp	 5.391006e+02	 11	 1.054401e+03	 1100	 7.833895e+02	 98	 5.401368e+02	 733.33	 716.67	 13.00	 31	 7.56	 
BMI_bs_40_101	 1	 5	 Egozi.bmp	 5.431052e+02	 22	 9.424403e+02	 220	 7.167140e+02	 98	 5.441397e+02	 733.33	 733.33	 47.00	 58	 4.20	 
BMI_bs_40_101	 1	 5	 Halva2.bmp	 5.470926e+02	 24	 999000	 240	 999000	 999	 5.481119e+02	 733.33	 733.33	 57.00	 24	 3.73	 
BMI_bs_40_101	 1	 5	 ChocolateParaCookies5.bmp	 5.510974e+02	 12	 999000	 120	 999000	 999	 5.521168e+02	 733.33	 733.33	 11.00	 12	 8.00	 
BMI_bs_40_101	 1	 5	 ClickXLbrown4.bmp	 5.530996e+02	 11	 9.834843e+02	 110	 7.334064e+02	 98	 5.541350e+02	 750.00	 733.33	 10.00	 39	 8.02	 
BMI_bs_40_101	 1	 5	 Loacker.bmp	 5.551018e+02	 12	 999000	 120	 999000	 999	 5.561207e+02	 750.00	 733.33	 6.00	 4	 8.04	 
BMI_bs_40_101	 1	 5	 SkittlesSour4.bmp	 5.571041e+02	 12	 999000	 120	 999000	 999	 5.581233e+02	 750.00	 733.33	 14.00	 54	 7.51	 
BMI_bs_40_101	 1	 5	 Mars.bmp	 5.591064e+02	 24	 999000	 240	 999000	 999	 5.601254e+02	 750.00	 733.33	 46.00	 15	 4.31	 
BMI_bs_40_101	 1	 5	 ClickBisquit2.bmp	 5.650964e+02	 11	 1.024791e+03	 1100	 7.500492e+02	 98	 5.661311e+02	 700.00	 733.33	 15.00	 40	 7.44	 
BMI_bs_40_101	 1	 5	 DoritosNatural.bmp	 5.680996e+02	 24	 999000	 240	 999000	 999	 5.691187e+02	 700.00	 733.33	 42.00	 30	 4.82	 
BMI_bs_40_101	 1	 5	 Mekupelet.bmp	 5.701020e+02	 22	 1.003239e+03	 2200	 7.333863e+02	 98	 5.711367e+02	 700.00	 683.33	 53.00	 7	 3.80	 
BMI_bs_40_101	 1	 5	 BisliGrill.bmp	 5.721042e+02	 24	 999000	 240	 999000	 999	 5.731231e+02	 700.00	 683.33	 49.00	 1	 3.84	 
BMI_bs_40_101	 1	 5	 Shugi.bmp	 5.751076e+02	 22	 9.252148e+02	 220	 6.833888e+02	 98	 5.761421e+02	 700.00	 700.00	 44.00	 56	 4.80	 
BMI_bs_40_101	 1	 5	 CrunchBisquitWhite2.bmp	 5.770928e+02	 12	 999000	 120	 999000	 999	 5.781128e+02	 700.00	 700.00	 4.00	 46	 8.09	 
BMI_bs_40_101	 1	 5	 BisliOnion.bmp	 5.790953e+02	 24	 999000	 240	 999000	 999	 5.801141e+02	 700.00	 700.00	 56.00	 3	 3.76	 
BMI_bs_40_101	 1	 5	 BambaSweet.bmp	 5.810976e+02	 24	 999000	 240	 999000	 999	 5.821162e+02	 700.00	 700.00	 48.00	 18	 3.93	 
BMI_bs_40_101	 1	 5	 Twist.bmp	 5.841011e+02	 12	 999000	 120	 999000	 999	 5.851202e+02	 700.00	 700.00	 22.00	 49	 6.98	 
BMI_bs_40_101	 1	 5	 PesekZman.bmp	 5.861032e+02	 12	 999000	 120	 999000	 999	 5.871220e+02	 700.00	 700.00	 20.00	 55	 7.02	 
BMI_bs_40_101	 1	 5	 Bamba.bmp	 5.881055e+02	 24	 999000	 240	 999000	 999	 5.891249e+02	 700.00	 700.00	 51.00	 25	 3.84	 
BMI_bs_40_101	 1	 5	 Taami.bmp	 5.901077e+02	 22	 1.012210e+03	 2200	 7.000422e+02	 98	 5.911436e+02	 700.00	 650.00	 50.00	 5	 3.84	 
BMI_bs_40_101	 1	 5	 ChocolateParaMilk3.bmp	 5.920929e+02	 12	 999000	 120	 999000	 999	 5.931115e+02	 700.00	 650.00	 21.00	 20	 7.00	 
BMI_bs_40_101	 1	 5	 KinderBuenoBrown3.bmp	 5.981000e+02	 12	 999000	 120	 999000	 999	 5.991192e+02	 700.00	 650.00	 3.00	 52	 8.60	 
BMI_bs_40_101	 1	 5	 ChocolateParaSucariotKoftzot2.bmp	 6.011034e+02	 12	 999000	 120	 999000	 999	 6.021221e+02	 700.00	 650.00	 9.00	 11	 8.02	 
BMI_bs_40_101	 1	 5	 Kitkat.bmp	 6.051078e+02	 11	 8.964289e+02	 110	 7.000585e+02	 98	 6.061426e+02	 716.67	 650.00	 18.00	 38	 7.02	 
