subjectID	order	runNum	itemName	onsetTime	shuff_trialType	RT	respInTime	AudioTime	response	fixationTime	ladder1	ladder2	bidIndex	BDMtrialIndex	bidValue
BMI_bs_40_117	 1	 18	 BisliGrill.bmp	 2.252910e+03	 22	 9.017271e+02	 220	 6.500703e+02	 98	 2.253947e+03	 650.00	 666.67	 45.00	 22	 1.20	 
BMI_bs_40_117	 1	 18	 DoritosNatural.bmp	 2.254913e+03	 24	 999000	 240	 999000	 999	 2.255931e+03	 650.00	 666.67	 55.00	 57	 0.56	 
BMI_bs_40_117	 1	 18	 ClickXLwhite4.bmp	 2.258917e+03	 24	 999000	 240	 999000	 999	 2.259935e+03	 650.00	 666.67	 42.00	 7	 1.76	 
BMI_bs_40_117	 1	 18	 Bounty.bmp	 2.261904e+03	 24	 999000	 240	 999000	 999	 2.262922e+03	 650.00	 666.67	 39.00	 10	 2.69	 
BMI_bs_40_117	 1	 18	 Keifli.bmp	 2.263906e+03	 24	 999000	 240	 999000	 999	 2.264924e+03	 650.00	 666.67	 54.00	 41	 0.56	 
BMI_bs_40_117	 1	 18	 Twist.bmp	 2.266909e+03	 24	 999000	 240	 999000	 999	 2.267927e+03	 650.00	 666.67	 58.00	 31	 0.22	 
BMI_bs_40_117	 1	 18	 Mekupelet.bmp	 2.270914e+03	 22	 9.490021e+02	 220	 6.667081e+02	 98	 2.271948e+03	 650.00	 683.33	 52.00	 27	 0.62	 
BMI_bs_40_117	 1	 18	 KinderBuenoWhite2.bmp	 2.274902e+03	 11	 1.236639e+03	 1100	 6.501018e+02	 98	 2.275938e+03	 600.00	 683.33	 10.00	 40	 4.89	 
BMI_bs_40_117	 1	 18	 KinderJoy.bmp	 2.276904e+03	 12	 999000	 120	 999000	 999	 2.277922e+03	 600.00	 683.33	 21.00	 37	 3.82	 
BMI_bs_40_117	 1	 18	 ClickBlackWhite3.bmp	 2.281910e+03	 11	 8.414124e+02	 110	 6.000507e+02	 98	 2.282946e+03	 616.67	 683.33	 7.00	 33	 5.91	 
BMI_bs_40_117	 1	 18	 ChocolateParaCookies5.bmp	 2.283912e+03	 12	 999000	 120	 999000	 999	 2.284930e+03	 616.67	 683.33	 5.00	 60	 6.98	 
BMI_bs_40_117	 1	 18	 ChocolateParaMarir2.bmp	 2.285914e+03	 24	 999000	 240	 999000	 999	 2.286932e+03	 616.67	 683.33	 57.00	 25	 0.31	 
BMI_bs_40_117	 1	 18	 CrunchBisquitBrown3.bmp	 2.291904e+03	 12	 999000	 120	 999000	 999	 2.292922e+03	 616.67	 683.33	 8.00	 30	 5.87	 
BMI_bs_40_117	 1	 18	 Hit.bmp	 2.293906e+03	 11	 9.826560e+02	 110	 6.167136e+02	 98	 2.294941e+03	 633.33	 683.33	 15.00	 59	 4.82	 
BMI_bs_40_117	 1	 18	 Tortit.bmp	 2.295909e+03	 24	 999000	 240	 999000	 999	 2.296926e+03	 633.33	 683.33	 56.00	 44	 0.42	 
BMI_bs_40_117	 1	 18	 BisliOnion.bmp	 2.297911e+03	 12	 999000	 120	 999000	 999	 2.298929e+03	 633.33	 683.33	 16.00	 39	 4.80	 
BMI_bs_40_117	 1	 18	 CrunchShokoVanil.bmp	 2.301915e+03	 12	 999000	 120	 999000	 999	 2.302933e+03	 633.33	 683.33	 19.00	 45	 3.87	 
BMI_bs_40_117	 1	 18	 Bamba.bmp	 2.305903e+03	 24	 999000	 240	 999000	 999	 2.306921e+03	 633.33	 683.33	 43.00	 12	 1.22	 
BMI_bs_40_117	 1	 18	 ChocolateParaMilk3.bmp	 2.308907e+03	 11	 1.020840e+03	 1100	 6.333852e+02	 98	 2.309943e+03	 583.33	 683.33	 13.00	 16	 4.87	 
BMI_bs_40_117	 1	 18	 KashitSour.bmp	 2.312911e+03	 22	 1.103832e+03	 2200	 6.833741e+02	 98	 2.313948e+03	 583.33	 633.33	 44.00	 20	 1.22	 
BMI_bs_40_117	 1	 18	 Tapuchips.bmp	 2.315914e+03	 22	 9.756262e+02	 220	 6.333912e+02	 98	 2.316949e+03	 583.33	 650.00	 50.00	 35	 0.64	 
BMI_bs_40_117	 1	 18	 Smarties.bmp	 2.317917e+03	 24	 999000	 240	 999000	 999	 2.318935e+03	 583.33	 650.00	 49.00	 8	 0.67	 
BMI_bs_40_117	 1	 18	 BambaSweet.bmp	 2.321904e+03	 24	 999000	 240	 999000	 999	 2.322922e+03	 583.33	 650.00	 48.00	 9	 0.73	 
BMI_bs_40_117	 1	 18	 Popco.bmp	 2.323907e+03	 12	 999000	 120	 999000	 999	 2.324925e+03	 583.33	 650.00	 20.00	 2	 3.82	 
BMI_bs_40_117	 1	 18	 Dubonim.bmp	 2.325909e+03	 12	 999000	 120	 999000	 999	 2.326927e+03	 583.33	 650.00	 9.00	 34	 4.93	 
BMI_bs_40_117	 1	 18	 CrunchBisquitWhite2.bmp	 2.329914e+03	 12	 999000	 120	 999000	 999	 2.330931e+03	 583.33	 650.00	 11.00	 5	 4.87	 
BMI_bs_40_117	 1	 18	 KinderBuenoBrown3.bmp	 2.331916e+03	 11	 8.750902e+02	 110	 5.833781e+02	 98	 2.332953e+03	 600.00	 650.00	 18.00	 29	 3.87	 
BMI_bs_40_117	 1	 18	 BabyDoll.bmp	 2.335904e+03	 22	 1.012589e+03	 2200	 6.500497e+02	 98	 2.336939e+03	 600.00	 600.00	 53.00	 50	 0.62	 
BMI_bs_40_117	 1	 18	 BisliPizza3.bmp	 2.339908e+03	 12	 999000	 120	 999000	 999	 2.340926e+03	 600.00	 600.00	 17.00	 54	 3.96	 
BMI_bs_40_117	 1	 18	 KifkefMaklot2.bmp	 2.342911e+03	 12	 999000	 120	 999000	 999	 2.343929e+03	 600.00	 600.00	 6.00	 56	 5.96	 
BMI_bs_40_117	 1	 18	 Twix.bmp	 2.348918e+03	 11	 1.011219e+03	 1100	 6.000549e+02	 98	 2.349954e+03	 550.00	 600.00	 12.00	 6	 4.87	 
BMI_bs_40_117	 1	 18	 Snickers.bmp	 2.350904e+03	 12	 999000	 120	 999000	 999	 2.351921e+03	 550.00	 600.00	 22.00	 42	 3.82	 
BMI_bs_40_117	 1	 18	 Apropo.bmp	 2.354908e+03	 24	 999000	 240	 999000	 999	 2.355926e+03	 550.00	 600.00	 51.00	 46	 0.64	 
BMI_bs_40_117	 1	 18	 Mars.bmp	 2.356910e+03	 24	 999000	 240	 999000	 999	 2.357928e+03	 550.00	 600.00	 46.00	 55	 1.20	 
BMI_bs_40_117	 1	 18	 WerthersOriginal.bmp	 2.358913e+03	 22	 1.129481e+03	 2200	 6.000512e+02	 98	 2.359949e+03	 550.00	 550.00	 47.00	 17	 1.07	 
BMI_bs_40_117	 1	 18	 ClickBalls5.bmp	 2.360915e+03	 12	 999000	 120	 999000	 999	 2.361935e+03	 550.00	 550.00	 14.00	 21	 4.84	 
BMI_bs_40_117	 1	 18	 HappyHippo.bmp	 2.365904e+03	 24	 999000	 240	 999000	 999	 2.366922e+03	 550.00	 550.00	 40.00	 48	 2.69	 
BMI_bs_40_117	 1	 18	 Cheetos.bmp	 2.367906e+03	 12	 999000	 120	 999000	 999	 2.368924e+03	 550.00	 550.00	 4.00	 32	 6.98	 
BMI_bs_40_117	 1	 18	 ClickXLbrown4.bmp	 2.369908e+03	 12	 999000	 120	 999000	 999	 2.370926e+03	 550.00	 550.00	 3.00	 23	 8.11	 
BMI_bs_40_117	 1	 18	 GumiSnakes3.bmp	 2.372912e+03	 24	 999000	 240	 999000	 999	 2.373929e+03	 550.00	 550.00	 41.00	 11	 2.31	 
