subjectID	order	runNum	itemName	onsetTime	shuff_trialType	RT	respInTime	AudioTime	response	fixationTime	ladder1	ladder2	bidIndex	BDMtrialIndex	bidValue
BMI_bs_40_111	 1	 12	 DoritosNatural.bmp	 1.376687e+03	 12	 999000	 120	 999000	 999	 1.377704e+03	 716.67	 716.67	 6.00	 45	 9.27	 
BMI_bs_40_111	 1	 12	 BabyDoll.bmp	 1.378689e+03	 24	 999000	 240	 999000	 999	 1.379707e+03	 716.67	 716.67	 58.00	 6	 0.27	 
BMI_bs_40_111	 1	 12	 Tortit.bmp	 1.382694e+03	 22	 9.463282e+02	 220	 7.167268e+02	 98	 1.383731e+03	 716.67	 733.33	 50.00	 59	 0.87	 
BMI_bs_40_111	 1	 12	 KashitSour.bmp	 1.385697e+03	 22	 1.014483e+03	 2200	 7.333777e+02	 98	 1.386733e+03	 716.67	 683.33	 44.00	 11	 1.56	 
BMI_bs_40_111	 1	 12	 Shugi.bmp	 1.387683e+03	 11	 9.863043e+02	 110	 7.167389e+02	 98	 1.388719e+03	 733.33	 683.33	 10.00	 44	 9.04	 
BMI_bs_40_111	 1	 12	 KinderJoy.bmp	 1.390686e+03	 24	 999000	 240	 999000	 999	 1.391704e+03	 733.33	 683.33	 51.00	 58	 0.82	 
BMI_bs_40_111	 1	 12	 Mentos.bmp	 1.394690e+03	 12	 999000	 120	 999000	 999	 1.395708e+03	 733.33	 683.33	 20.00	 35	 7.04	 
BMI_bs_40_111	 1	 12	 KinderBuenoWhite2.bmp	 1.398695e+03	 12	 999000	 120	 999000	 999	 1.399713e+03	 733.33	 683.33	 9.00	 23	 9.04	 
BMI_bs_40_111	 1	 12	 SkittlesFruits2.bmp	 1.400697e+03	 24	 999000	 240	 999000	 999	 1.401715e+03	 733.33	 683.33	 56.00	 60	 0.33	 
BMI_bs_40_111	 1	 12	 Taami.bmp	 1.405686e+03	 24	 999000	 240	 999000	 999	 1.406704e+03	 733.33	 683.33	 39.00	 3	 2.07	 
BMI_bs_40_111	 1	 12	 Loacker.bmp	 1.407688e+03	 11	 9.390948e+02	 110	 7.333770e+02	 98	 1.408726e+03	 750.00	 683.33	 7.00	 31	 9.11	 
BMI_bs_40_111	 1	 12	 HappyHippo.bmp	 1.409690e+03	 12	 999000	 120	 999000	 999	 1.410708e+03	 750.00	 683.33	 19.00	 16	 7.47	 
BMI_bs_40_111	 1	 12	 Bamba.bmp	 1.415697e+03	 12	 999000	 120	 999000	 999	 1.416716e+03	 750.00	 683.33	 14.00	 42	 8.58	 
BMI_bs_40_111	 1	 12	 Snickers.bmp	 1.417683e+03	 12	 999000	 120	 999000	 999	 1.418701e+03	 750.00	 683.33	 16.00	 40	 8.42	 
BMI_bs_40_111	 1	 12	 SkittlesSour4.bmp	 1.419685e+03	 22	 9.465508e+02	 220	 6.833800e+02	 98	 1.420722e+03	 750.00	 700.00	 52.00	 39	 0.60	 
BMI_bs_40_111	 1	 12	 BisliGrill.bmp	 1.421687e+03	 12	 999000	 120	 999000	 999	 1.422705e+03	 750.00	 700.00	 8.00	 49	 9.09	 
BMI_bs_40_111	 1	 12	 DoritosGrill.bmp	 1.425692e+03	 11	 9.476831e+02	 110	 7.500504e+02	 98	 1.426728e+03	 766.67	 700.00	 12.00	 38	 8.78	 
BMI_bs_40_111	 1	 12	 CrunchShokoVanil.bmp	 1.429696e+03	 24	 999000	 240	 999000	 999	 1.430714e+03	 766.67	 700.00	 41.00	 20	 1.69	 
BMI_bs_40_111	 1	 12	 Hit.bmp	 1.432683e+03	 12	 999000	 120	 999000	 999	 1.433701e+03	 766.67	 700.00	 5.00	 56	 9.58	 
BMI_bs_40_111	 1	 12	 Twist.bmp	 1.436687e+03	 22	 9.661801e+02	 220	 7.000515e+02	 98	 1.437724e+03	 766.67	 716.67	 47.00	 27	 1.13	 
BMI_bs_40_111	 1	 12	 BambaSweet.bmp	 1.439691e+03	 24	 999000	 240	 999000	 999	 1.440709e+03	 766.67	 716.67	 57.00	 54	 0.29	 
BMI_bs_40_111	 1	 12	 ChocolateParaMilk3.bmp	 1.441693e+03	 24	 999000	 240	 999000	 999	 1.442711e+03	 766.67	 716.67	 49.00	 26	 1.04	 
BMI_bs_40_111	 1	 12	 ClickBisquit2.bmp	 1.445681e+03	 24	 999000	 240	 999000	 999	 1.446698e+03	 766.67	 716.67	 40.00	 53	 1.82	 
BMI_bs_40_111	 1	 12	 Apropo.bmp	 1.447683e+03	 12	 999000	 120	 999000	 999	 1.448701e+03	 766.67	 716.67	 3.00	 50	 9.80	 
BMI_bs_40_111	 1	 12	 Halva2.bmp	 1.449685e+03	 12	 999000	 120	 999000	 999	 1.450703e+03	 766.67	 716.67	 4.00	 32	 9.64	 
BMI_bs_40_111	 1	 12	 ClickBalls5.bmp	 1.453690e+03	 22	 9.747296e+02	 220	 7.167171e+02	 98	 1.454725e+03	 766.67	 733.33	 53.00	 7	 0.47	 
BMI_bs_40_111	 1	 12	 Tictac.bmp	 1.455692e+03	 11	 9.637821e+02	 110	 7.667205e+02	 98	 1.456730e+03	 783.33	 733.33	 18.00	 37	 8.07	 
BMI_bs_40_111	 1	 12	 GumiWine2.bmp	 1.459696e+03	 24	 999000	 240	 999000	 999	 1.460715e+03	 783.33	 733.33	 43.00	 47	 1.67	 
BMI_bs_40_111	 1	 12	 KinderBuenoBrown3.bmp	 1.463684e+03	 11	 1.049423e+03	 1100	 7.833981e+02	 98	 1.464719e+03	 733.33	 733.33	 15.00	 34	 8.44	 
BMI_bs_40_111	 1	 12	 Mekupelet.bmp	 1.466688e+03	 24	 999000	 240	 999000	 999	 1.467708e+03	 733.33	 733.33	 55.00	 25	 0.38	 
BMI_bs_40_111	 1	 12	 Kitkat.bmp	 1.472694e+03	 12	 999000	 120	 999000	 999	 1.473713e+03	 733.33	 733.33	 21.00	 15	 7.02	 
BMI_bs_40_111	 1	 12	 Popco.bmp	 1.474696e+03	 12	 999000	 120	 999000	 999	 1.475715e+03	 733.33	 733.33	 17.00	 30	 8.09	 
BMI_bs_40_111	 1	 12	 TapuchipsCrunch.bmp	 1.478684e+03	 12	 999000	 120	 999000	 999	 1.479703e+03	 733.33	 733.33	 11.00	 28	 8.89	 
BMI_bs_40_111	 1	 12	 ChocolateParaSucariotKoftzot2.bmp	 1.480687e+03	 24	 999000	 240	 999000	 999	 1.481705e+03	 733.33	 733.33	 54.00	 48	 0.42	 
BMI_bs_40_111	 1	 12	 ClickBlackWhite3.bmp	 1.482689e+03	 24	 999000	 240	 999000	 999	 1.483707e+03	 733.33	 733.33	 42.00	 21	 1.69	 
BMI_bs_40_111	 1	 12	 GumiSnakes3.bmp	 1.484691e+03	 22	 1.058378e+03	 2200	 7.333761e+02	 98	 1.485725e+03	 733.33	 683.33	 45.00	 24	 1.53	 
BMI_bs_40_111	 1	 12	 ClickXLwhite4.bmp	 1.489680e+03	 24	 999000	 240	 999000	 999	 1.490700e+03	 733.33	 683.33	 48.00	 13	 1.11	 
BMI_bs_40_111	 1	 12	 Cheetos.bmp	 1.491682e+03	 11	 9.300131e+02	 110	 7.333841e+02	 98	 1.492725e+03	 750.00	 683.33	 13.00	 41	 8.58	 
BMI_bs_40_111	 1	 12	 KifkefMaklot2.bmp	 1.493685e+03	 12	 999000	 120	 999000	 999	 1.494704e+03	 750.00	 683.33	 22.00	 51	 6.98	 
BMI_bs_40_111	 1	 12	 Egozi.bmp	 1.496688e+03	 24	 999000	 240	 999000	 999	 1.497706e+03	 750.00	 683.33	 46.00	 33	 1.24	 
