subjectID	order	runNum	itemName	onsetTime	shuff_trialType	RT	respInTime	AudioTime	response	fixationTime	ladder1	ladder2	bidIndex	BDMtrialIndex	bidValue
BMI_bs_40_105	 1	 8	 KinderBuenoBrown3.bmp	 8.526365e+02	 12	 999000	 120	 999000	 999	 8.536543e+02	 650.00	 583.33	 22.00	 58	 5.47	 
BMI_bs_40_105	 1	 8	 Mentos.bmp	 8.556398e+02	 22	 9.242416e+02	 220	 5.833970e+02	 98	 8.566756e+02	 650.00	 600.00	 50.00	 23	 2.71	 
BMI_bs_40_105	 1	 8	 PesekZman.bmp	 8.576251e+02	 24	 999000	 240	 999000	 999	 8.586431e+02	 650.00	 600.00	 51.00	 27	 2.71	 
BMI_bs_40_105	 1	 8	 DoritosSourSpicy.bmp	 8.596276e+02	 22	 9.416374e+02	 220	 6.000556e+02	 98	 8.606636e+02	 650.00	 616.67	 44.00	 40	 3.24	 
BMI_bs_40_105	 1	 8	 ChocolateParaMilk3.bmp	 8.616298e+02	 12	 999000	 120	 999000	 999	 8.626493e+02	 650.00	 616.67	 16.00	 53	 5.96	 
BMI_bs_40_105	 1	 8	 BisliPizza3.bmp	 8.646334e+02	 24	 999000	 240	 999000	 999	 8.656521e+02	 650.00	 616.67	 41.00	 48	 3.33	 
BMI_bs_40_105	 1	 8	 Bounty.bmp	 8.666354e+02	 24	 999000	 240	 999000	 999	 8.676536e+02	 650.00	 616.67	 42.00	 10	 3.29	 
BMI_bs_40_105	 1	 8	 ClickXLbrown4.bmp	 8.706399e+02	 12	 999000	 120	 999000	 999	 8.716583e+02	 650.00	 616.67	 4.00	 20	 8.00	 
BMI_bs_40_105	 1	 8	 ChocolateParaCookies5.bmp	 8.726252e+02	 11	 1.039651e+03	 1100	 6.500811e+02	 98	 8.736599e+02	 600.00	 616.67	 7.00	 18	 7.56	 
BMI_bs_40_105	 1	 8	 Mars.bmp	 8.776311e+02	 12	 999000	 120	 999000	 999	 8.786507e+02	 600.00	 616.67	 20.00	 1	 5.84	 
BMI_bs_40_105	 1	 8	 ChocolateParaSucariotKoftzot2.bmp	 8.796333e+02	 11	 9.618806e+02	 110	 6.000551e+02	 98	 8.806691e+02	 616.67	 616.67	 10.00	 49	 6.04	 
BMI_bs_40_105	 1	 8	 ClickXLwhite4.bmp	 8.836379e+02	 12	 999000	 120	 999000	 999	 8.846558e+02	 616.67	 616.67	 8.00	 13	 7.09	 
BMI_bs_40_105	 1	 8	 TapuchipsCrunch.bmp	 8.856401e+02	 24	 999000	 240	 999000	 999	 8.866583e+02	 616.67	 616.67	 40.00	 35	 3.36	 
BMI_bs_40_105	 1	 8	 Tortit.bmp	 8.886268e+02	 22	 1.025170e+03	 2200	 6.167159e+02	 98	 8.896619e+02	 616.67	 566.67	 52.00	 4	 2.69	 
BMI_bs_40_105	 1	 8	 KinderBuenoWhite2.bmp	 8.936323e+02	 12	 999000	 120	 999000	 999	 8.946518e+02	 616.67	 566.67	 14.00	 51	 6.00	 
BMI_bs_40_105	 1	 8	 Twix.bmp	 8.956346e+02	 12	 999000	 120	 999000	 999	 8.966531e+02	 616.67	 566.67	 5.00	 3	 7.96	 
BMI_bs_40_105	 1	 8	 BisliGrill.bmp	 8.976368e+02	 24	 999000	 240	 999000	 999	 8.986550e+02	 616.67	 566.67	 55.00	 59	 2.29	 
BMI_bs_40_105	 1	 8	 Cheetos.bmp	 9.016414e+02	 24	 999000	 240	 999000	 999	 9.026596e+02	 616.67	 566.67	 43.00	 36	 3.29	 
BMI_bs_40_105	 1	 8	 BabyDoll.bmp	 9.056291e+02	 24	 999000	 240	 999000	 999	 9.066472e+02	 616.67	 566.67	 39.00	 42	 3.78	 
BMI_bs_40_105	 1	 8	 Halva2.bmp	 9.096335e+02	 24	 999000	 240	 999000	 999	 9.106524e+02	 616.67	 566.67	 46.00	 11	 3.18	 
BMI_bs_40_105	 1	 8	 BambaSweet.bmp	 9.116359e+02	 22	 1.000910e+03	 2200	 5.667127e+02	 98	 9.126721e+02	 616.67	 516.67	 53.00	 5	 2.69	 
BMI_bs_40_105	 1	 8	 CrunchBisquitWhite2.bmp	 9.136382e+02	 12	 999000	 120	 999000	 999	 9.146563e+02	 616.67	 516.67	 6.00	 24	 7.58	 
BMI_bs_40_105	 1	 8	 SkittlesFruits2.bmp	 9.156403e+02	 11	 9.677564e+02	 110	 6.167191e+02	 98	 9.166757e+02	 633.33	 516.67	 15.00	 25	 5.98	 
BMI_bs_40_105	 1	 8	 CrunchBisquitBrown3.bmp	 9.176256e+02	 12	 999000	 120	 999000	 999	 9.186436e+02	 633.33	 516.67	 3.00	 16	 8.04	 
BMI_bs_40_105	 1	 8	 ClickBisquit2.bmp	 9.236326e+02	 12	 999000	 120	 999000	 999	 9.246510e+02	 633.33	 516.67	 21.00	 12	 5.84	 
BMI_bs_40_105	 1	 8	 DoritosGrill.bmp	 9.266360e+02	 22	 8.850883e+02	 220	 5.167150e+02	 98	 9.276705e+02	 633.33	 533.33	 45.00	 41	 3.24	 
BMI_bs_40_105	 1	 8	 Kitkat.bmp	 9.286382e+02	 12	 999000	 120	 999000	 999	 9.296561e+02	 633.33	 533.33	 9.00	 47	 6.53	 
BMI_bs_40_105	 1	 8	 Tapuchips.bmp	 9.306404e+02	 24	 999000	 240	 999000	 999	 9.316588e+02	 633.33	 533.33	 49.00	 38	 2.73	 
BMI_bs_40_105	 1	 8	 Tictac.bmp	 9.336272e+02	 24	 999000	 240	 999000	 999	 9.346454e+02	 633.33	 533.33	 54.00	 34	 2.67	 
BMI_bs_40_105	 1	 8	 Popco.bmp	 9.356294e+02	 22	 8.808971e+02	 220	 5.333871e+02	 98	 9.366656e+02	 633.33	 550.00	 47.00	 39	 3.13	 
BMI_bs_40_105	 1	 8	 Keifli.bmp	 9.376316e+02	 24	 999000	 240	 999000	 999	 9.386495e+02	 633.33	 550.00	 48.00	 57	 2.80	 
BMI_bs_40_105	 1	 8	 Bamba.bmp	 9.396340e+02	 24	 999000	 240	 999000	 999	 9.406527e+02	 633.33	 550.00	 57.00	 45	 2.20	 
BMI_bs_40_105	 1	 8	 Snickers.bmp	 9.426372e+02	 11	 9.945900e+02	 110	 6.333795e+02	 98	 9.436735e+02	 650.00	 550.00	 13.00	 43	 6.00	 
BMI_bs_40_105	 1	 8	 KashitSour.bmp	 9.446394e+02	 12	 999000	 120	 999000	 999	 9.456575e+02	 650.00	 550.00	 19.00	 17	 5.89	 
BMI_bs_40_105	 1	 8	 Taami.bmp	 9.466248e+02	 24	 999000	 240	 999000	 999	 9.476430e+02	 650.00	 550.00	 56.00	 37	 2.24	 
BMI_bs_40_105	 1	 8	 ChocolateParaMarir2.bmp	 9.486274e+02	 12	 999000	 120	 999000	 999	 9.496462e+02	 650.00	 550.00	 11.00	 46	 6.02	 
BMI_bs_40_105	 1	 8	 ClickBalls5.bmp	 9.506295e+02	 11	 1.001656e+03	 1100	 6.500409e+02	 98	 9.516657e+02	 600.00	 550.00	 18.00	 22	 5.93	 
BMI_bs_40_105	 1	 8	 Smarties.bmp	 9.566362e+02	 12	 999000	 120	 999000	 999	 9.576543e+02	 600.00	 550.00	 17.00	 8	 5.93	 
BMI_bs_40_105	 1	 8	 Dubonim.bmp	 9.596395e+02	 24	 999000	 240	 999000	 999	 9.606588e+02	 600.00	 550.00	 58.00	 52	 2.18	 
BMI_bs_40_105	 1	 8	 HappyHippo.bmp	 9.636274e+02	 11	 9.303599e+02	 110	 6.000406e+02	 98	 9.646624e+02	 616.67	 550.00	 12.00	 7	 6.00	 
