subjectID	order	runNum	itemName	onsetTime	shuff_trialType	RT	respInTime	AudioTime	response	fixationTime	ladder1	ladder2	bidIndex	BDMtrialIndex	bidValue
BMI_bs_40_117	 1	 19	 Smarties.bmp	 2.444292e+03	 24	 999000	 240	 999000	 999	 2.445309e+03	 550.00	 550.00	 49.00	 8	 0.67	 
BMI_bs_40_117	 1	 19	 CrunchBisquitBrown3.bmp	 2.447295e+03	 12	 999000	 120	 999000	 999	 2.448313e+03	 550.00	 550.00	 8.00	 30	 5.87	 
BMI_bs_40_117	 1	 19	 BabyDoll.bmp	 2.451300e+03	 22	 8.717555e+02	 220	 5.500567e+02	 98	 2.452334e+03	 550.00	 566.67	 53.00	 50	 0.62	 
BMI_bs_40_117	 1	 19	 ClickBalls5.bmp	 2.453285e+03	 12	 999000	 120	 999000	 999	 2.454303e+03	 550.00	 566.67	 14.00	 21	 4.84	 
BMI_bs_40_117	 1	 19	 Tortit.bmp	 2.455287e+03	 24	 999000	 240	 999000	 999	 2.456305e+03	 550.00	 566.67	 56.00	 44	 0.42	 
BMI_bs_40_117	 1	 19	 Mekupelet.bmp	 2.459292e+03	 22	 8.423862e+02	 220	 5.667189e+02	 98	 2.460328e+03	 550.00	 583.33	 52.00	 27	 0.62	 
BMI_bs_40_117	 1	 19	 BisliOnion.bmp	 2.461294e+03	 12	 999000	 120	 999000	 999	 2.462312e+03	 550.00	 583.33	 16.00	 39	 4.80	 
BMI_bs_40_117	 1	 19	 KinderBuenoBrown3.bmp	 2.466283e+03	 11	 7.893062e+02	 110	 5.500682e+02	 98	 2.467319e+03	 566.67	 583.33	 18.00	 29	 3.87	 
BMI_bs_40_117	 1	 19	 Tapuchips.bmp	 2.468285e+03	 22	 9.243405e+02	 220	 5.833867e+02	 98	 2.469321e+03	 566.67	 600.00	 50.00	 35	 0.64	 
BMI_bs_40_117	 1	 19	 Apropo.bmp	 2.471289e+03	 24	 999000	 240	 999000	 999	 2.472307e+03	 566.67	 600.00	 51.00	 46	 0.64	 
BMI_bs_40_117	 1	 19	 HappyHippo.bmp	 2.474292e+03	 24	 999000	 240	 999000	 999	 2.475310e+03	 566.67	 600.00	 40.00	 48	 2.69	 
BMI_bs_40_117	 1	 19	 ChocolateParaMarir2.bmp	 2.478297e+03	 24	 999000	 240	 999000	 999	 2.479314e+03	 566.67	 600.00	 57.00	 25	 0.31	 
BMI_bs_40_117	 1	 19	 BambaSweet.bmp	 2.481283e+03	 24	 999000	 240	 999000	 999	 2.482301e+03	 566.67	 600.00	 48.00	 9	 0.73	 
BMI_bs_40_117	 1	 19	 Dubonim.bmp	 2.483285e+03	 12	 999000	 120	 999000	 999	 2.484303e+03	 566.67	 600.00	 9.00	 34	 4.93	 
BMI_bs_40_117	 1	 19	 WerthersOriginal.bmp	 2.486289e+03	 22	 1.046625e+03	 2200	 6.000492e+02	 98	 2.487325e+03	 566.67	 550.00	 47.00	 17	 1.07	 
BMI_bs_40_117	 1	 19	 KinderBuenoWhite2.bmp	 2.490293e+03	 11	 8.048876e+02	 110	 5.667237e+02	 98	 2.491329e+03	 583.33	 550.00	 10.00	 40	 4.89	 
BMI_bs_40_117	 1	 19	 CrunchBisquitWhite2.bmp	 2.493297e+03	 12	 999000	 120	 999000	 999	 2.494314e+03	 583.33	 550.00	 11.00	 5	 4.87	 
BMI_bs_40_117	 1	 19	 Twist.bmp	 2.495299e+03	 24	 999000	 240	 999000	 999	 2.496317e+03	 583.33	 550.00	 58.00	 31	 0.22	 
BMI_bs_40_117	 1	 19	 Twix.bmp	 2.497284e+03	 11	 9.392656e+02	 110	 5.833815e+02	 98	 2.498320e+03	 600.00	 550.00	 12.00	 6	 4.87	 
BMI_bs_40_117	 1	 19	 ClickXLbrown4.bmp	 2.502290e+03	 12	 999000	 120	 999000	 999	 2.503308e+03	 600.00	 550.00	 3.00	 23	 8.11	 
BMI_bs_40_117	 1	 19	 DoritosNatural.bmp	 2.506295e+03	 24	 999000	 240	 999000	 999	 2.507312e+03	 600.00	 550.00	 55.00	 57	 0.56	 
BMI_bs_40_117	 1	 19	 BisliGrill.bmp	 2.510299e+03	 22	 7.750082e+02	 220	 5.500425e+02	 98	 2.511335e+03	 600.00	 566.67	 45.00	 22	 1.20	 
BMI_bs_40_117	 1	 19	 KinderJoy.bmp	 2.516289e+03	 12	 999000	 120	 999000	 999	 2.517307e+03	 600.00	 566.67	 21.00	 37	 3.82	 
BMI_bs_40_117	 1	 19	 KashitSour.bmp	 2.518291e+03	 22	 9.706335e+02	 220	 5.667169e+02	 98	 2.519328e+03	 600.00	 583.33	 44.00	 20	 1.22	 
BMI_bs_40_117	 1	 19	 ChocolateParaMilk3.bmp	 2.520294e+03	 11	 8.809259e+02	 110	 6.000541e+02	 98	 2.521330e+03	 616.67	 583.33	 13.00	 16	 4.87	 
BMI_bs_40_117	 1	 19	 GumiSnakes3.bmp	 2.522296e+03	 24	 999000	 240	 999000	 999	 2.523314e+03	 616.67	 583.33	 41.00	 11	 2.31	 
BMI_bs_40_117	 1	 19	 Bounty.bmp	 2.524298e+03	 24	 999000	 240	 999000	 999	 2.525316e+03	 616.67	 583.33	 39.00	 10	 2.69	 
BMI_bs_40_117	 1	 19	 ClickXLwhite4.bmp	 2.528286e+03	 24	 999000	 240	 999000	 999	 2.529304e+03	 616.67	 583.33	 42.00	 7	 1.76	 
BMI_bs_40_117	 1	 19	 ClickBlackWhite3.bmp	 2.530288e+03	 11	 1.012044e+03	 1100	 6.167156e+02	 98	 2.531325e+03	 566.67	 583.33	 7.00	 33	 5.91	 
BMI_bs_40_117	 1	 19	 Hit.bmp	 2.534293e+03	 11	 8.700072e+02	 110	 5.667103e+02	 98	 2.535327e+03	 583.33	 583.33	 15.00	 59	 4.82	 
BMI_bs_40_117	 1	 19	 Bamba.bmp	 2.536295e+03	 24	 999000	 240	 999000	 999	 2.537313e+03	 583.33	 583.33	 43.00	 12	 1.22	 
BMI_bs_40_117	 1	 19	 Cheetos.bmp	 2.538297e+03	 12	 999000	 120	 999000	 999	 2.539315e+03	 583.33	 583.33	 4.00	 32	 6.98	 
BMI_bs_40_117	 1	 19	 Mars.bmp	 2.540299e+03	 24	 999000	 240	 999000	 999	 2.541317e+03	 583.33	 583.33	 46.00	 55	 1.20	 
BMI_bs_40_117	 1	 19	 Keifli.bmp	 2.545288e+03	 24	 999000	 240	 999000	 999	 2.546306e+03	 583.33	 583.33	 54.00	 41	 0.56	 
BMI_bs_40_117	 1	 19	 BisliPizza3.bmp	 2.547290e+03	 12	 999000	 120	 999000	 999	 2.548308e+03	 583.33	 583.33	 17.00	 54	 3.96	 
BMI_bs_40_117	 1	 19	 CrunchShokoVanil.bmp	 2.549293e+03	 12	 999000	 120	 999000	 999	 2.550311e+03	 583.33	 583.33	 19.00	 45	 3.87	 
BMI_bs_40_117	 1	 19	 ChocolateParaCookies5.bmp	 2.552296e+03	 12	 999000	 120	 999000	 999	 2.553314e+03	 583.33	 583.33	 5.00	 60	 6.98	 
BMI_bs_40_117	 1	 19	 KifkefMaklot2.bmp	 2.559287e+03	 12	 999000	 120	 999000	 999	 2.560305e+03	 583.33	 583.33	 6.00	 56	 5.96	 
BMI_bs_40_117	 1	 19	 Popco.bmp	 2.563292e+03	 12	 999000	 120	 999000	 999	 2.564310e+03	 583.33	 583.33	 20.00	 2	 3.82	 
BMI_bs_40_117	 1	 19	 Snickers.bmp	 2.570300e+03	 12	 999000	 120	 999000	 999	 2.571317e+03	 583.33	 583.33	 22.00	 42	 3.82	 
