subjectID	order	runNum	itemName	onsetTime	shuff_trialType	RT	respInTime	AudioTime	response	fixationTime	ladder1	ladder2	bidIndex	BDMtrialIndex	bidValue
BMI_bs_40_119	 1	 17	 Smarties.bmp	 2.099001e+03	 11	 6.788718e+02	 11	 8.000689e+02	 98	 2.100037e+03	 816.67	 816.67	 13.00	 14	 5.96	 
BMI_bs_40_119	 1	 17	 ClickBlackWhite3.bmp	 2.104007e+03	 12	 999000	 120	 999000	 999	 2.105025e+03	 816.67	 816.67	 17.00	 31	 5.93	 
BMI_bs_40_119	 1	 17	 BisliGrill.bmp	 2.105992e+03	 24	 999000	 240	 999000	 999	 2.107010e+03	 816.67	 816.67	 42.00	 43	 3.80	 
BMI_bs_40_119	 1	 17	 Tictac.bmp	 2.107994e+03	 24	 999000	 240	 999000	 999	 2.109012e+03	 816.67	 816.67	 55.00	 13	 1.67	 
BMI_bs_40_119	 1	 17	 ClickBisquit2.bmp	 2.114001e+03	 12	 999000	 120	 999000	 999	 2.115019e+03	 816.67	 816.67	 14.00	 51	 5.96	 
BMI_bs_40_119	 1	 17	 Twix.bmp	 2.116003e+03	 12	 999000	 120	 999000	 999	 2.117021e+03	 816.67	 816.67	 8.00	 17	 7.00	 
BMI_bs_40_119	 1	 17	 Halva2.bmp	 2.119007e+03	 22	 8.617299e+02	 220	 8.167217e+02	 98	 2.120043e+03	 816.67	 833.33	 53.00	 3	 1.73	 
BMI_bs_40_119	 1	 17	 Tortit.bmp	 2.120992e+03	 24	 999000	 240	 999000	 999	 2.122010e+03	 816.67	 833.33	 58.00	 30	 0.58	 
BMI_bs_40_119	 1	 17	 WerthersOriginal.bmp	 2.124997e+03	 24	 999000	 240	 999000	 999	 2.126015e+03	 816.67	 833.33	 56.00	 22	 1.67	 
BMI_bs_40_119	 1	 17	 Bounty.bmp	 2.126999e+03	 24	 999000	 240	 999000	 999	 2.128017e+03	 816.67	 833.33	 48.00	 41	 2.73	 
BMI_bs_40_119	 1	 17	 Keifli.bmp	 2.132005e+03	 24	 999000	 240	 999000	 999	 2.133022e+03	 816.67	 833.33	 57.00	 59	 1.60	 
BMI_bs_40_119	 1	 17	 BambaSweet.bmp	 2.138996e+03	 24	 999000	 240	 999000	 999	 2.140014e+03	 816.67	 833.33	 41.00	 4	 3.80	 
BMI_bs_40_119	 1	 17	 Snickers.bmp	 2.140998e+03	 12	 999000	 120	 999000	 999	 2.142016e+03	 816.67	 833.33	 16.00	 15	 5.93	 
BMI_bs_40_119	 1	 17	 Hit.bmp	 2.144001e+03	 24	 999000	 240	 999000	 999	 2.145019e+03	 816.67	 833.33	 43.00	 44	 3.76	 
BMI_bs_40_119	 1	 17	 Apropo.bmp	 2.147005e+03	 12	 999000	 120	 999000	 999	 2.148022e+03	 816.67	 833.33	 3.00	 29	 7.07	 
BMI_bs_40_119	 1	 17	 BambaNugat.bmp	 2.150992e+03	 12	 999000	 120	 999000	 999	 2.152010e+03	 816.67	 833.33	 11.00	 6	 6.96	 
BMI_bs_40_119	 1	 17	 Mekupelet.bmp	 2.154997e+03	 12	 999000	 120	 999000	 999	 2.156015e+03	 816.67	 833.33	 22.00	 19	 4.91	 
BMI_bs_40_119	 1	 17	 DoritosNatural.bmp	 2.159002e+03	 24	 999000	 240	 999000	 999	 2.160019e+03	 816.67	 833.33	 40.00	 2	 3.82	 
BMI_bs_40_119	 1	 17	 BisliPizza3.bmp	 2.162005e+03	 22	 8.653025e+02	 220	 8.333817e+02	 98	 2.163040e+03	 816.67	 850.00	 44.00	 1	 2.78	 
BMI_bs_40_119	 1	 17	 ClickXLwhite4.bmp	 2.167995e+03	 12	 999000	 120	 999000	 999	 2.169013e+03	 816.67	 850.00	 6.00	 45	 7.04	 
BMI_bs_40_119	 1	 17	 CrunchBisquitBrown3.bmp	 2.169997e+03	 12	 999000	 120	 999000	 999	 2.171015e+03	 816.67	 850.00	 19.00	 27	 5.91	 
BMI_bs_40_119	 1	 17	 CrunchBisquitWhite2.bmp	 2.173001e+03	 11	 8.452256e+02	 110	 8.167353e+02	 98	 2.174037e+03	 833.33	 850.00	 10.00	 36	 6.98	 
BMI_bs_40_119	 1	 17	 Mentos.bmp	 2.175003e+03	 24	 999000	 240	 999000	 999	 2.176021e+03	 833.33	 850.00	 54.00	 47	 1.69	 
BMI_bs_40_119	 1	 17	 BisliOnion.bmp	 2.177005e+03	 11	 9.909876e+02	 110	 8.333846e+02	 98	 2.178040e+03	 850.00	 850.00	 18.00	 25	 5.91	 
BMI_bs_40_119	 1	 17	 SkittlesSour4.bmp	 2.179007e+03	 24	 999000	 240	 999000	 999	 2.180025e+03	 850.00	 850.00	 39.00	 48	 3.84	 
BMI_bs_40_119	 1	 17	 Loacker.bmp	 2.181994e+03	 11	 9.023001e+02	 110	 8.500783e+02	 98	 2.183030e+03	 866.67	 850.00	 7.00	 23	 7.02	 
BMI_bs_40_119	 1	 17	 ChocolateParaSucariotKoftzot2.bmp	 2.185999e+03	 12	 999000	 120	 999000	 999	 2.187016e+03	 866.67	 850.00	 21.00	 5	 4.93	 
BMI_bs_40_119	 1	 17	 KinderBuenoBrown3.bmp	 2.188001e+03	 12	 999000	 120	 999000	 999	 2.189019e+03	 866.67	 850.00	 9.00	 33	 6.98	 
BMI_bs_40_119	 1	 17	 DoritosSourSpicy.bmp	 2.190003e+03	 11	 8.059595e+02	 11	 8.667178e+02	 98	 2.191040e+03	 883.33	 850.00	 15.00	 8	 5.93	 
BMI_bs_40_119	 1	 17	 Taami.bmp	 2.192005e+03	 11	 9.415312e+02	 110	 8.833767e+02	 98	 2.193040e+03	 900.00	 850.00	 12.00	 20	 5.98	 
BMI_bs_40_119	 1	 17	 Shugi.bmp	 2.194007e+03	 24	 999000	 240	 999000	 999	 2.195025e+03	 900.00	 850.00	 49.00	 26	 2.71	 
BMI_bs_40_119	 1	 17	 Mars.bmp	 2.195993e+03	 12	 999000	 120	 999000	 999	 2.197011e+03	 900.00	 850.00	 4.00	 12	 7.04	 
BMI_bs_40_119	 1	 17	 BabyDoll.bmp	 2.199998e+03	 22	 9.745571e+02	 220	 8.500545e+02	 98	 2.201034e+03	 900.00	 866.67	 52.00	 53	 2.67	 
BMI_bs_40_119	 1	 17	 Egozi.bmp	 2.204002e+03	 12	 999000	 120	 999000	 999	 2.205020e+03	 900.00	 866.67	 20.00	 60	 5.91	 
BMI_bs_40_119	 1	 17	 Popco.bmp	 2.206004e+03	 12	 999000	 120	 999000	 999	 2.207022e+03	 900.00	 866.67	 5.00	 18	 7.04	 
BMI_bs_40_119	 1	 17	 ChocolateParaMilk3.bmp	 2.208007e+03	 22	 1.053438e+03	 2200	 8.667277e+02	 98	 2.209042e+03	 900.00	 816.67	 45.00	 50	 2.78	 
BMI_bs_40_119	 1	 17	 Twist.bmp	 2.209992e+03	 24	 999000	 240	 999000	 999	 2.211012e+03	 900.00	 816.67	 51.00	 11	 2.69	 
BMI_bs_40_119	 1	 17	 KinderJoy.bmp	 2.211994e+03	 22	 5.408480e+02	 22	 8.167226e+02	 98	 2.213031e+03	 900.00	 833.33	 50.00	 40	 2.71	 
BMI_bs_40_119	 1	 17	 CrunchShokoVanil.bmp	 2.218001e+03	 24	 999000	 240	 999000	 999	 2.219019e+03	 900.00	 833.33	 46.00	 28	 2.76	 
BMI_bs_40_119	 1	 17	 HappyHippo.bmp	 2.220003e+03	 22	 9.821851e+02	 220	 8.333791e+02	 98	 2.221040e+03	 900.00	 850.00	 47.00	 42	 2.76	 
