subjectID	order	runNum	itemName	onsetTime	shuff_trialType	RT	respInTime	AudioTime	response	fixationTime	ladder1	ladder2	bidIndex	BDMtrialIndex	bidValue
BMI_bs_40_116	 2	 12	 ClickXLbrown4.bmp	 1.425094e+03	 12	 999000	 120	 999000	 999	 1.426111e+03	 650.00	 583.33	 6.00	 15	 8.11	 
BMI_bs_40_116	 2	 12	 CrunchBisquitBrown3.bmp	 1.427096e+03	 11	 1.002444e+03	 1100	 6.500609e+02	 98	 1.428130e+03	 600.00	 583.33	 11.00	 16	 7.71	 
BMI_bs_40_116	 2	 12	 Shugi.bmp	 1.431084e+03	 12	 999000	 120	 999000	 999	 1.432101e+03	 600.00	 583.33	 19.00	 28	 6.62	 
BMI_bs_40_116	 2	 12	 DoritosSourSpicy.bmp	 1.434087e+03	 22	 8.865291e+02	 220	 5.833900e+02	 98	 1.435122e+03	 600.00	 600.00	 49.00	 57	 2.82	 
BMI_bs_40_116	 2	 12	 KinderBuenoBrown3.bmp	 1.436089e+03	 12	 999000	 120	 999000	 999	 1.437107e+03	 600.00	 600.00	 4.00	 59	 8.31	 
BMI_bs_40_116	 2	 12	 BisliGrill.bmp	 1.439093e+03	 24	 999000	 240	 999000	 999	 1.440110e+03	 600.00	 600.00	 45.00	 8	 3.29	 
BMI_bs_40_116	 2	 12	 ChocolateParaMarir2.bmp	 1.443097e+03	 22	 9.266821e+02	 220	 6.000429e+02	 98	 1.444134e+03	 600.00	 616.67	 43.00	 53	 3.62	 
BMI_bs_40_116	 2	 12	 TapuchipsCrunch.bmp	 1.447085e+03	 22	 9.641715e+02	 220	 6.167200e+02	 98	 1.448119e+03	 600.00	 633.33	 51.00	 19	 2.76	 
BMI_bs_40_116	 2	 12	 ChocolateParaCookies5.bmp	 1.449087e+03	 12	 999000	 120	 999000	 999	 1.450105e+03	 600.00	 633.33	 5.00	 33	 8.27	 
BMI_bs_40_116	 2	 12	 GumiSnakes3.bmp	 1.454093e+03	 24	 999000	 240	 999000	 999	 1.455110e+03	 600.00	 633.33	 55.00	 14	 2.33	 
BMI_bs_40_116	 2	 12	 Keifli.bmp	 1.456095e+03	 24	 999000	 240	 999000	 999	 1.457113e+03	 600.00	 633.33	 57.00	 21	 2.29	 
BMI_bs_40_116	 2	 12	 Popco.bmp	 1.458097e+03	 12	 999000	 120	 999000	 999	 1.459115e+03	 600.00	 633.33	 18.00	 9	 6.96	 
BMI_bs_40_116	 2	 12	 Tictac.bmp	 1.464087e+03	 24	 999000	 240	 999000	 999	 1.465105e+03	 600.00	 633.33	 53.00	 6	 2.69	 
BMI_bs_40_116	 2	 12	 CrunchShokoVanil.bmp	 1.466089e+03	 12	 999000	 120	 999000	 999	 1.467107e+03	 600.00	 633.33	 3.00	 32	 9.07	 
BMI_bs_40_116	 2	 12	 SkittlesSour4.bmp	 1.468092e+03	 22	 1.033274e+03	 2200	 6.333769e+02	 98	 1.469128e+03	 600.00	 583.33	 48.00	 40	 3.18	 
BMI_bs_40_116	 2	 12	 ClickXLwhite4.bmp	 1.470094e+03	 11	 8.687168e+02	 110	 6.000464e+02	 98	 1.471129e+03	 616.67	 583.33	 16.00	 13	 7.09	 
BMI_bs_40_116	 2	 12	 BabyDoll.bmp	 1.474098e+03	 24	 999000	 240	 999000	 999	 1.475116e+03	 616.67	 583.33	 40.00	 24	 3.89	 
BMI_bs_40_116	 2	 12	 BambaNugat.bmp	 1.478086e+03	 12	 999000	 120	 999000	 999	 1.479104e+03	 616.67	 583.33	 20.00	 17	 6.31	 
BMI_bs_40_116	 2	 12	 ClickBisquit2.bmp	 1.481090e+03	 12	 999000	 120	 999000	 999	 1.482107e+03	 616.67	 583.33	 12.00	 38	 7.60	 
BMI_bs_40_116	 2	 12	 Kitkat.bmp	 1.485094e+03	 12	 999000	 120	 999000	 999	 1.486112e+03	 616.67	 583.33	 7.00	 29	 8.09	 
BMI_bs_40_116	 2	 12	 DoritosNatural.bmp	 1.488097e+03	 24	 999000	 240	 999000	 999	 1.489115e+03	 616.67	 583.33	 44.00	 27	 3.53	 
BMI_bs_40_116	 2	 12	 KinderBuenoWhite2.bmp	 1.490083e+03	 11	 1.055852e+03	 1100	 6.167206e+02	 98	 1.491119e+03	 566.67	 583.33	 9.00	 36	 8.02	 
BMI_bs_40_116	 2	 12	 Cheetos.bmp	 1.494087e+03	 24	 999000	 240	 999000	 999	 1.495105e+03	 566.67	 583.33	 47.00	 39	 3.22	 
BMI_bs_40_116	 2	 12	 Twix.bmp	 1.496090e+03	 11	 8.615882e+02	 110	 5.667109e+02	 98	 1.497127e+03	 583.33	 583.33	 8.00	 12	 8.04	 
BMI_bs_40_116	 2	 12	 Tortit.bmp	 1.498092e+03	 11	 8.719785e+02	 110	 5.833853e+02	 98	 1.499128e+03	 600.00	 583.33	 14.00	 26	 7.33	 
BMI_bs_40_116	 2	 12	 CrunchBisquitWhite2.bmp	 1.502096e+03	 12	 999000	 120	 999000	 999	 1.503114e+03	 600.00	 583.33	 10.00	 46	 7.87	 
BMI_bs_40_116	 2	 12	 PesekZman.bmp	 1.504082e+03	 12	 999000	 120	 999000	 999	 1.505100e+03	 600.00	 583.33	 22.00	 20	 5.96	 
BMI_bs_40_116	 2	 12	 Loacker.bmp	 1.508086e+03	 12	 999000	 120	 999000	 999	 1.509104e+03	 600.00	 583.33	 13.00	 11	 7.53	 
BMI_bs_40_116	 2	 12	 ChocolateParaMilk3.bmp	 1.512091e+03	 24	 999000	 240	 999000	 999	 1.513109e+03	 600.00	 583.33	 41.00	 3	 3.87	 
BMI_bs_40_116	 2	 12	 BagaleShtuhim.bmp	 1.515094e+03	 22	 8.329744e+02	 220	 5.833772e+02	 98	 1.516130e+03	 600.00	 600.00	 54.00	 37	 2.62	 
BMI_bs_40_116	 2	 12	 Bamba.bmp	 1.521084e+03	 22	 1.005672e+03	 2200	 6.000543e+02	 98	 1.522119e+03	 600.00	 550.00	 46.00	 35	 3.29	 
BMI_bs_40_116	 2	 12	 Tapuchips.bmp	 1.523087e+03	 24	 999000	 240	 999000	 999	 1.524104e+03	 600.00	 550.00	 50.00	 48	 2.78	 
BMI_bs_40_116	 2	 12	 BisliOnion.bmp	 1.527091e+03	 24	 999000	 240	 999000	 999	 1.528109e+03	 600.00	 550.00	 42.00	 43	 3.78	 
BMI_bs_40_116	 2	 12	 Apropo.bmp	 1.529093e+03	 24	 999000	 240	 999000	 999	 1.530111e+03	 600.00	 550.00	 58.00	 58	 2.24	 
BMI_bs_40_116	 2	 12	 BambaSweet.bmp	 1.531095e+03	 12	 999000	 120	 999000	 999	 1.532113e+03	 600.00	 550.00	 21.00	 55	 6.27	 
BMI_bs_40_116	 2	 12	 ClickBalls5.bmp	 1.533098e+03	 11	 8.927293e+02	 110	 6.000451e+02	 98	 1.534133e+03	 616.67	 550.00	 17.00	 22	 7.02	 
BMI_bs_40_116	 2	 12	 Twist.bmp	 1.538087e+03	 12	 999000	 120	 999000	 999	 1.539104e+03	 616.67	 550.00	 15.00	 47	 7.31	 
BMI_bs_40_116	 2	 12	 WerthersOriginal.bmp	 1.540089e+03	 24	 999000	 240	 999000	 999	 1.541107e+03	 616.67	 550.00	 52.00	 34	 2.73	 
BMI_bs_40_116	 2	 12	 DoritosGrill.bmp	 1.542091e+03	 24	 999000	 240	 999000	 999	 1.543109e+03	 616.67	 550.00	 56.00	 41	 2.31	 
BMI_bs_40_116	 2	 12	 HappyHippo.bmp	 1.545095e+03	 24	 999000	 240	 999000	 999	 1.546112e+03	 616.67	 550.00	 39.00	 7	 4.22	 
