subjectID	order	runNum	itemName	onsetTime	shuff_trialType	RT	respInTime	AudioTime	response	fixationTime	ladder1	ladder2	bidIndex	BDMtrialIndex	bidValue
BMI_bs_40_121	 1	 11	 Dubonim.bmp	 1.334631e+03	 22	 9.134850e+02	 220	 6.834006e+02	 98	 1.335666e+03	 683.33	 700.00	 44.00	 5	 2.58	 
BMI_bs_40_121	 1	 11	 Bamba.bmp	 1.339637e+03	 24	 999000	 240	 999000	 999	 1.340655e+03	 683.33	 700.00	 46.00	 14	 2.27	 
BMI_bs_40_121	 1	 11	 ChocolateParaMilk3.bmp	 1.341639e+03	 11	 9.306862e+02	 110	 6.834164e+02	 98	 1.342674e+03	 700.00	 700.00	 15.00	 47	 5.22	 
BMI_bs_40_121	 1	 11	 Taami.bmp	 1.343641e+03	 24	 999000	 240	 999000	 999	 1.344660e+03	 700.00	 700.00	 49.00	 41	 2.11	 
BMI_bs_40_121	 1	 11	 Bounty.bmp	 1.349631e+03	 12	 999000	 120	 999000	 999	 1.350650e+03	 700.00	 700.00	 11.00	 10	 5.82	 
BMI_bs_40_121	 1	 11	 Twix.bmp	 1.351634e+03	 11	 9.116712e+02	 110	 7.000457e+02	 98	 1.352669e+03	 716.67	 700.00	 7.00	 2	 5.93	 
BMI_bs_40_121	 1	 11	 Mentos.bmp	 1.354637e+03	 24	 999000	 240	 999000	 999	 1.355655e+03	 716.67	 700.00	 39.00	 57	 2.71	 
BMI_bs_40_121	 1	 11	 BagaleShtuhim.bmp	 1.356639e+03	 12	 999000	 120	 999000	 999	 1.357658e+03	 716.67	 700.00	 22.00	 60	 3.91	 
BMI_bs_40_121	 1	 11	 BambaSweet.bmp	 1.360627e+03	 24	 999000	 240	 999000	 999	 1.361645e+03	 716.67	 700.00	 56.00	 7	 0.78	 
BMI_bs_40_121	 1	 11	 Tortit.bmp	 1.362629e+03	 22	 9.915254e+02	 220	 7.000477e+02	 98	 1.363666e+03	 716.67	 716.67	 50.00	 43	 2.09	 
BMI_bs_40_121	 1	 11	 HappyHippo.bmp	 1.367635e+03	 22	 9.236295e+02	 220	 7.167177e+02	 98	 1.368671e+03	 716.67	 733.33	 52.00	 33	 1.40	 
BMI_bs_40_121	 1	 11	 BabyDoll.bmp	 1.374626e+03	 24	 999000	 240	 999000	 999	 1.375645e+03	 716.67	 733.33	 55.00	 29	 0.98	 
BMI_bs_40_121	 1	 11	 Tictac.bmp	 1.376628e+03	 24	 999000	 240	 999000	 999	 1.377646e+03	 716.67	 733.33	 51.00	 51	 2.02	 
BMI_bs_40_121	 1	 11	 Mars.bmp	 1.379632e+03	 12	 999000	 120	 999000	 999	 1.380650e+03	 716.67	 733.33	 6.00	 48	 5.96	 
BMI_bs_40_121	 1	 11	 PesekZman.bmp	 1.382635e+03	 11	 9.991130e+02	 110	 7.167108e+02	 98	 1.383670e+03	 733.33	 733.33	 13.00	 17	 5.40	 
BMI_bs_40_121	 1	 11	 ChocolateParaMarir2.bmp	 1.386640e+03	 11	 1.032236e+03	 1100	 7.333812e+02	 98	 1.387676e+03	 683.33	 733.33	 18.00	 40	 4.84	 
BMI_bs_40_121	 1	 11	 GumiWine2.bmp	 1.390628e+03	 24	 999000	 240	 999000	 999	 1.391647e+03	 683.33	 733.33	 48.00	 21	 2.11	 
BMI_bs_40_121	 1	 11	 ClickBalls5.bmp	 1.394632e+03	 12	 999000	 120	 999000	 999	 1.395650e+03	 683.33	 733.33	 9.00	 27	 5.91	 
BMI_bs_40_121	 1	 11	 ClickBisquit2.bmp	 1.397635e+03	 12	 999000	 120	 999000	 999	 1.398653e+03	 683.33	 733.33	 14.00	 52	 5.27	 
BMI_bs_40_121	 1	 11	 HispusimShatiah.bmp	 1.403642e+03	 24	 999000	 240	 999000	 999	 1.404660e+03	 683.33	 733.33	 54.00	 25	 1.31	 
BMI_bs_40_121	 1	 11	 KinderBuenoBrown3.bmp	 1.405628e+03	 12	 999000	 120	 999000	 999	 1.406646e+03	 683.33	 733.33	 16.00	 8	 4.87	 
BMI_bs_40_121	 1	 11	 BisliPizza3.bmp	 1.408631e+03	 12	 999000	 120	 999000	 999	 1.409649e+03	 683.33	 733.33	 21.00	 31	 4.27	 
BMI_bs_40_121	 1	 11	 ClickBlackWhite3.bmp	 1.410633e+03	 12	 999000	 120	 999000	 999	 1.411651e+03	 683.33	 733.33	 3.00	 23	 6.58	 
BMI_bs_40_121	 1	 11	 Popco.bmp	 1.412635e+03	 24	 999000	 240	 999000	 999	 1.413654e+03	 683.33	 733.33	 58.00	 32	 0.73	 
BMI_bs_40_121	 1	 11	 ClickXLwhite4.bmp	 1.414638e+03	 12	 999000	 120	 999000	 999	 1.415656e+03	 683.33	 733.33	 8.00	 20	 5.93	 
BMI_bs_40_121	 1	 11	 Tapuchips.bmp	 1.417641e+03	 24	 999000	 240	 999000	 999	 1.418659e+03	 683.33	 733.33	 43.00	 16	 2.67	 
BMI_bs_40_121	 1	 11	 Twist.bmp	 1.421629e+03	 22	 1.057290e+03	 2200	 7.333863e+02	 98	 1.422664e+03	 683.33	 683.33	 53.00	 34	 1.33	 
BMI_bs_40_121	 1	 11	 ChocolateParaCookies5.bmp	 1.423631e+03	 12	 999000	 120	 999000	 999	 1.424650e+03	 683.33	 683.33	 4.00	 24	 6.44	 
BMI_bs_40_121	 1	 11	 ChocolateParaSucariotKoftzot2.bmp	 1.425633e+03	 24	 999000	 240	 999000	 999	 1.426651e+03	 683.33	 683.33	 42.00	 55	 2.69	 
BMI_bs_40_121	 1	 11	 Keifli.bmp	 1.427636e+03	 24	 999000	 240	 999000	 999	 1.428654e+03	 683.33	 683.33	 57.00	 38	 0.76	 
BMI_bs_40_121	 1	 11	 BisliGrill.bmp	 1.429638e+03	 12	 999000	 120	 999000	 999	 1.430656e+03	 683.33	 683.33	 20.00	 50	 4.29	 
BMI_bs_40_121	 1	 11	 KinderJoy.bmp	 1.431640e+03	 22	 8.714154e+02	 220	 6.833904e+02	 98	 1.432675e+03	 683.33	 700.00	 47.00	 26	 2.20	 
BMI_bs_40_121	 1	 11	 CrunchShokoVanil.bmp	 1.435628e+03	 24	 999000	 240	 999000	 999	 1.436646e+03	 683.33	 700.00	 41.00	 49	 2.69	 
BMI_bs_40_121	 1	 11	 CrunchBisquitWhite2.bmp	 1.439633e+03	 11	 8.919916e+02	 110	 6.833819e+02	 98	 1.440667e+03	 700.00	 700.00	 12.00	 59	 5.62	 
BMI_bs_40_121	 1	 11	 Snickers.bmp	 1.441635e+03	 12	 999000	 120	 999000	 999	 1.442653e+03	 700.00	 700.00	 5.00	 45	 5.96	 
BMI_bs_40_121	 1	 11	 Kitkat.bmp	 1.443637e+03	 12	 999000	 120	 999000	 999	 1.444655e+03	 700.00	 700.00	 17.00	 35	 4.84	 
BMI_bs_40_121	 1	 11	 KinderBuenoWhite2.bmp	 1.445639e+03	 11	 9.355528e+02	 110	 7.000533e+02	 98	 1.446674e+03	 716.67	 700.00	 10.00	 30	 5.89	 
BMI_bs_40_121	 1	 11	 SkittlesSour4.bmp	 1.447641e+03	 24	 999000	 240	 999000	 999	 1.448659e+03	 716.67	 700.00	 40.00	 22	 2.69	 
BMI_bs_40_121	 1	 11	 Shugi.bmp	 1.453631e+03	 22	 9.061417e+02	 220	 7.000521e+02	 98	 1.454666e+03	 716.67	 716.67	 45.00	 1	 2.29	 
BMI_bs_40_121	 1	 11	 Hit.bmp	 1.455634e+03	 12	 999000	 120	 999000	 999	 1.456652e+03	 716.67	 716.67	 19.00	 15	 4.36	 
