subjectID	order	runNum	itemName	onsetTime	shuff_trialType	RT	respInTime	AudioTime	response	fixationTime	ladder1	ladder2	bidIndex	BDMtrialIndex	bidValue
BMI_bs_40_101	 1	 10	 Smarties.bmp	 1.127159e+03	 11	 9.700562e+02	 110	 7.834005e+02	 98	 1.128195e+03	 800.00	 716.67	 13.00	 31	 7.56	 
BMI_bs_40_101	 1	 10	 DoritosNatural.bmp	 1.130163e+03	 24	 999000	 240	 999000	 999	 1.131181e+03	 800.00	 716.67	 42.00	 30	 4.82	 
BMI_bs_40_101	 1	 10	 ChocolateParaCookies5.bmp	 1.132165e+03	 12	 999000	 120	 999000	 999	 1.133184e+03	 800.00	 716.67	 11.00	 12	 8.00	 
BMI_bs_40_101	 1	 10	 CrunchBisquitBrown3.bmp	 1.134150e+03	 12	 999000	 120	 999000	 999	 1.135169e+03	 800.00	 716.67	 5.00	 32	 8.07	 
BMI_bs_40_101	 1	 10	 Mentos.bmp	 1.136153e+03	 24	 999000	 240	 999000	 999	 1.137172e+03	 800.00	 716.67	 39.00	 43	 4.87	 
BMI_bs_40_101	 1	 10	 Snickers.bmp	 1.139156e+03	 24	 999000	 240	 999000	 999	 1.140176e+03	 800.00	 716.67	 41.00	 23	 4.84	 
BMI_bs_40_101	 1	 10	 ChocolateParaMarir2.bmp	 1.141158e+03	 11	 9.892390e+02	 110	 8.000468e+02	 98	 1.142194e+03	 816.67	 716.67	 7.00	 10	 8.04	 
BMI_bs_40_101	 1	 10	 Mekupelet.bmp	 1.145163e+03	 22	 9.109925e+02	 220	 7.167455e+02	 98	 1.146197e+03	 816.67	 733.33	 53.00	 7	 3.80	 
BMI_bs_40_101	 1	 10	 HispusimShatiah.bmp	 1.147165e+03	 24	 999000	 240	 999000	 999	 1.148184e+03	 816.67	 733.33	 58.00	 26	 2.73	 
BMI_bs_40_101	 1	 10	 ChocolateParaSucariotKoftzot2.bmp	 1.152154e+03	 12	 999000	 120	 999000	 999	 1.153173e+03	 816.67	 733.33	 9.00	 11	 8.02	 
BMI_bs_40_101	 1	 10	 KifkefMaklot2.bmp	 1.154156e+03	 11	 9.969098e+02	 110	 8.167136e+02	 98	 1.155191e+03	 833.33	 733.33	 12.00	 50	 7.58	 
BMI_bs_40_101	 1	 10	 KinderBuenoBrown3.bmp	 1.158161e+03	 12	 999000	 120	 999000	 999	 1.159178e+03	 833.33	 733.33	 3.00	 52	 8.60	 
BMI_bs_40_101	 1	 10	 BambaSweet.bmp	 1.160163e+03	 24	 999000	 240	 999000	 999	 1.161182e+03	 833.33	 733.33	 48.00	 18	 3.93	 
BMI_bs_40_101	 1	 10	 Taami.bmp	 1.163149e+03	 22	 9.817478e+02	 220	 7.333804e+02	 98	 1.164184e+03	 833.33	 750.00	 50.00	 5	 3.84	 
BMI_bs_40_101	 1	 10	 SkittlesFruits2.bmp	 1.168155e+03	 12	 999000	 120	 999000	 999	 1.169174e+03	 833.33	 750.00	 17.00	 27	 7.02	 
BMI_bs_40_101	 1	 10	 Shugi.bmp	 1.170157e+03	 22	 9.375398e+02	 220	 7.500432e+02	 98	 1.171192e+03	 833.33	 766.67	 44.00	 56	 4.80	 
BMI_bs_40_101	 1	 10	 KashitSour.bmp	 1.172160e+03	 22	 1.027866e+03	 2200	 7.667164e+02	 98	 1.173194e+03	 833.33	 716.67	 45.00	 22	 4.38	 
BMI_bs_40_101	 1	 10	 BisliOnion.bmp	 1.176164e+03	 24	 999000	 240	 999000	 999	 1.177183e+03	 833.33	 716.67	 56.00	 3	 3.76	 
BMI_bs_40_101	 1	 10	 Bounty.bmp	 1.180152e+03	 12	 999000	 120	 999000	 999	 1.181171e+03	 833.33	 716.67	 16.00	 45	 7.09	 
BMI_bs_40_101	 1	 10	 SkittlesSour4.bmp	 1.184156e+03	 12	 999000	 120	 999000	 999	 1.185175e+03	 833.33	 716.67	 14.00	 54	 7.51	 
BMI_bs_40_101	 1	 10	 KinderJoy.bmp	 1.186159e+03	 24	 999000	 240	 999000	 999	 1.187178e+03	 833.33	 716.67	 55.00	 57	 3.80	 
BMI_bs_40_101	 1	 10	 Dubonim.bmp	 1.188161e+03	 24	 999000	 240	 999000	 999	 1.189180e+03	 833.33	 716.67	 43.00	 44	 4.82	 
BMI_bs_40_101	 1	 10	 CrunchBisquitWhite2.bmp	 1.190163e+03	 12	 999000	 120	 999000	 999	 1.191182e+03	 833.33	 716.67	 4.00	 46	 8.09	 
BMI_bs_40_101	 1	 10	 Keifli.bmp	 1.192165e+03	 24	 999000	 240	 999000	 999	 1.193184e+03	 833.33	 716.67	 54.00	 37	 3.80	 
BMI_bs_40_101	 1	 10	 ChocolateParaMilk3.bmp	 1.198155e+03	 12	 999000	 120	 999000	 999	 1.199174e+03	 833.33	 716.67	 21.00	 20	 7.00	 
BMI_bs_40_101	 1	 10	 Kitkat.bmp	 1.201159e+03	 11	 1.077681e+03	 1100	 8.333786e+02	 98	 1.202194e+03	 783.33	 716.67	 18.00	 38	 7.02	 
BMI_bs_40_101	 1	 10	 Tortit.bmp	 1.203161e+03	 12	 999000	 120	 999000	 999	 1.204181e+03	 783.33	 716.67	 19.00	 41	 7.02	 
BMI_bs_40_101	 1	 10	 Mars.bmp	 1.205163e+03	 24	 999000	 240	 999000	 999	 1.206182e+03	 783.33	 716.67	 46.00	 15	 4.31	 
BMI_bs_40_101	 1	 10	 BisliGrill.bmp	 1.208150e+03	 24	 999000	 240	 999000	 999	 1.209169e+03	 783.33	 716.67	 49.00	 1	 3.84	 
BMI_bs_40_101	 1	 10	 PesekZman.bmp	 1.210152e+03	 12	 999000	 120	 999000	 999	 1.211171e+03	 783.33	 716.67	 20.00	 55	 7.02	 
BMI_bs_40_101	 1	 10	 ClickBisquit2.bmp	 1.212154e+03	 11	 7.700496e+02	 11	 7.833853e+02	 98	 1.213191e+03	 800.00	 716.67	 15.00	 40	 7.44	 
BMI_bs_40_101	 1	 10	 CrunchShokoVanil.bmp	 1.214157e+03	 24	 999000	 240	 999000	 999	 1.215176e+03	 800.00	 716.67	 40.00	 59	 4.87	 
BMI_bs_40_101	 1	 10	 Loacker.bmp	 1.217160e+03	 12	 999000	 120	 999000	 999	 1.218179e+03	 800.00	 716.67	 6.00	 4	 8.04	 
BMI_bs_40_101	 1	 10	 ClickXLbrown4.bmp	 1.219162e+03	 11	 9.849928e+02	 110	 8.000567e+02	 98	 1.220199e+03	 816.67	 716.67	 10.00	 39	 8.02	 
BMI_bs_40_101	 1	 10	 Egozi.bmp	 1.221165e+03	 22	 9.402818e+02	 220	 7.167156e+02	 98	 1.222200e+03	 816.67	 733.33	 47.00	 58	 4.20	 
BMI_bs_40_101	 1	 10	 BisliPizza3.bmp	 1.223150e+03	 22	 1.002477e+03	 2200	 7.334133e+02	 98	 1.224187e+03	 816.67	 683.33	 52.00	 2	 3.80	 
BMI_bs_40_101	 1	 10	 Bamba.bmp	 1.225152e+03	 24	 999000	 240	 999000	 999	 1.226172e+03	 816.67	 683.33	 51.00	 25	 3.84	 
BMI_bs_40_101	 1	 10	 Halva2.bmp	 1.231159e+03	 24	 999000	 240	 999000	 999	 1.232177e+03	 816.67	 683.33	 57.00	 24	 3.73	 
BMI_bs_40_101	 1	 10	 ClickXLwhite4.bmp	 1.234162e+03	 12	 999000	 120	 999000	 999	 1.235181e+03	 816.67	 683.33	 8.00	 33	 8.04	 
BMI_bs_40_101	 1	 10	 Twist.bmp	 1.238150e+03	 12	 999000	 120	 999000	 999	 1.239168e+03	 816.67	 683.33	 22.00	 49	 6.98	 
