subjectID	order	runNum	itemName	onsetTime	shuff_trialType	RT	respInTime	AudioTime	response	fixationTime	ladder1	ladder2	bidIndex	BDMtrialIndex	bidValue
BMI_bs_40_121	 1	 3	 Mars.bmp	 2.684186e+02	 12	 999000	 120	 999000	 999	 2.694371e+02	 683.33	 683.33	 6.00	 48	 5.96	 
BMI_bs_40_121	 1	 3	 Popco.bmp	 2.704211e+02	 24	 999000	 240	 999000	 999	 2.714408e+02	 683.33	 683.33	 58.00	 32	 0.73	 
BMI_bs_40_121	 1	 3	 ClickBlackWhite3.bmp	 2.744256e+02	 12	 999000	 120	 999000	 999	 2.754450e+02	 683.33	 683.33	 3.00	 23	 6.58	 
BMI_bs_40_121	 1	 3	 SkittlesSour4.bmp	 2.774120e+02	 24	 999000	 240	 999000	 999	 2.784303e+02	 683.33	 683.33	 40.00	 22	 2.69	 
BMI_bs_40_121	 1	 3	 KinderJoy.bmp	 2.794145e+02	 22	 9.559142e+02	 220	 6.833889e+02	 98	 2.804491e+02	 683.33	 700.00	 47.00	 26	 2.20	 
BMI_bs_40_121	 1	 3	 ChocolateParaSucariotKoftzot2.bmp	 2.824179e+02	 24	 999000	 240	 999000	 999	 2.834374e+02	 683.33	 700.00	 42.00	 55	 2.69	 
BMI_bs_40_121	 1	 3	 KinderBuenoWhite2.bmp	 2.864224e+02	 11	 9.109149e+02	 110	 6.833922e+02	 98	 2.874572e+02	 700.00	 700.00	 10.00	 30	 5.89	 
BMI_bs_40_121	 1	 3	 BisliGrill.bmp	 2.904268e+02	 12	 999000	 120	 999000	 999	 2.914453e+02	 700.00	 700.00	 20.00	 50	 4.29	 
BMI_bs_40_121	 1	 3	 Twist.bmp	 2.924121e+02	 22	 9.588685e+02	 220	 7.000464e+02	 98	 2.934472e+02	 700.00	 716.67	 53.00	 34	 1.33	 
BMI_bs_40_121	 1	 3	 Taami.bmp	 2.974181e+02	 24	 999000	 240	 999000	 999	 2.984372e+02	 700.00	 716.67	 49.00	 41	 2.11	 
BMI_bs_40_121	 1	 3	 Tapuchips.bmp	 2.994202e+02	 24	 999000	 240	 999000	 999	 3.004390e+02	 700.00	 716.67	 43.00	 16	 2.67	 
BMI_bs_40_121	 1	 3	 Keifli.bmp	 3.014225e+02	 24	 999000	 240	 999000	 999	 3.024418e+02	 700.00	 716.67	 57.00	 38	 0.76	 
BMI_bs_40_121	 1	 3	 HispusimShatiah.bmp	 3.074125e+02	 24	 999000	 240	 999000	 999	 3.084321e+02	 700.00	 716.67	 54.00	 25	 1.31	 
BMI_bs_40_121	 1	 3	 Kitkat.bmp	 3.094149e+02	 12	 999000	 120	 999000	 999	 3.104335e+02	 700.00	 716.67	 17.00	 35	 4.84	 
BMI_bs_40_121	 1	 3	 HappyHippo.bmp	 3.114171e+02	 22	 9.548210e+02	 220	 7.167087e+02	 98	 3.124516e+02	 700.00	 733.33	 52.00	 33	 1.40	 
BMI_bs_40_121	 1	 3	 PesekZman.bmp	 3.134194e+02	 11	 9.526478e+02	 110	 7.000536e+02	 98	 3.144548e+02	 716.67	 733.33	 13.00	 17	 5.40	 
BMI_bs_40_121	 1	 3	 Snickers.bmp	 3.174238e+02	 12	 999000	 120	 999000	 999	 3.184426e+02	 716.67	 733.33	 5.00	 45	 5.96	 
BMI_bs_40_121	 1	 3	 CrunchShokoVanil.bmp	 3.214284e+02	 24	 999000	 240	 999000	 999	 3.224471e+02	 716.67	 733.33	 41.00	 49	 2.69	 
BMI_bs_40_121	 1	 3	 Hit.bmp	 3.244150e+02	 12	 999000	 120	 999000	 999	 3.254333e+02	 716.67	 733.33	 19.00	 15	 4.36	 
BMI_bs_40_121	 1	 3	 GumiWine2.bmp	 3.284194e+02	 24	 999000	 240	 999000	 999	 3.294390e+02	 716.67	 733.33	 48.00	 21	 2.11	 
BMI_bs_40_121	 1	 3	 Dubonim.bmp	 3.314230e+02	 22	 9.748658e+02	 220	 7.333815e+02	 98	 3.324594e+02	 716.67	 750.00	 44.00	 5	 2.58	 
BMI_bs_40_121	 1	 3	 BagaleShtuhim.bmp	 3.334250e+02	 12	 999000	 120	 999000	 999	 3.344445e+02	 716.67	 750.00	 22.00	 60	 3.91	 
BMI_bs_40_121	 1	 3	 Tortit.bmp	 3.374126e+02	 22	 9.980779e+02	 220	 7.500623e+02	 98	 3.384483e+02	 716.67	 766.67	 50.00	 43	 2.09	 
BMI_bs_40_121	 1	 3	 BisliPizza3.bmp	 3.394152e+02	 12	 999000	 120	 999000	 999	 3.404339e+02	 716.67	 766.67	 21.00	 31	 4.27	 
BMI_bs_40_121	 1	 3	 Mentos.bmp	 3.414175e+02	 24	 999000	 240	 999000	 999	 3.424364e+02	 716.67	 766.67	 39.00	 57	 2.71	 
BMI_bs_40_121	 1	 3	 BabyDoll.bmp	 3.454219e+02	 24	 999000	 240	 999000	 999	 3.464406e+02	 716.67	 766.67	 55.00	 29	 0.98	 
BMI_bs_40_121	 1	 3	 ClickXLwhite4.bmp	 3.474241e+02	 12	 999000	 120	 999000	 999	 3.484433e+02	 716.67	 766.67	 8.00	 20	 5.93	 
BMI_bs_40_121	 1	 3	 CrunchBisquitWhite2.bmp	 3.514288e+02	 11	 9.950574e+02	 110	 7.167251e+02	 98	 3.524651e+02	 733.33	 766.67	 12.00	 59	 5.62	 
BMI_bs_40_121	 1	 3	 ChocolateParaMilk3.bmp	 3.554164e+02	 11	 9.950893e+02	 110	 7.333812e+02	 98	 3.564526e+02	 750.00	 766.67	 15.00	 47	 5.22	 
BMI_bs_40_121	 1	 3	 ChocolateParaMarir2.bmp	 3.584198e+02	 11	 1.029292e+03	 1100	 7.500548e+02	 98	 3.594542e+02	 700.00	 766.67	 18.00	 40	 4.84	 
BMI_bs_40_121	 1	 3	 Twix.bmp	 3.644265e+02	 11	 9.478219e+02	 110	 7.000383e+02	 98	 3.654614e+02	 716.67	 766.67	 7.00	 2	 5.93	 
BMI_bs_40_121	 1	 3	 ClickBisquit2.bmp	 3.664287e+02	 12	 999000	 120	 999000	 999	 3.674474e+02	 716.67	 766.67	 14.00	 52	 5.27	 
BMI_bs_40_121	 1	 3	 KinderBuenoBrown3.bmp	 3.704166e+02	 12	 999000	 120	 999000	 999	 3.714358e+02	 716.67	 766.67	 16.00	 8	 4.87	 
BMI_bs_40_121	 1	 3	 Bamba.bmp	 3.724188e+02	 24	 999000	 240	 999000	 999	 3.734373e+02	 716.67	 766.67	 46.00	 14	 2.27	 
BMI_bs_40_121	 1	 3	 Tictac.bmp	 3.744211e+02	 24	 999000	 240	 999000	 999	 3.754396e+02	 716.67	 766.67	 51.00	 51	 2.02	 
BMI_bs_40_121	 1	 3	 Bounty.bmp	 3.764234e+02	 12	 999000	 120	 999000	 999	 3.774427e+02	 716.67	 766.67	 11.00	 10	 5.82	 
BMI_bs_40_121	 1	 3	 ChocolateParaCookies5.bmp	 3.814119e+02	 12	 999000	 120	 999000	 999	 3.824313e+02	 716.67	 766.67	 4.00	 24	 6.44	 
BMI_bs_40_121	 1	 3	 BambaSweet.bmp	 3.834145e+02	 24	 999000	 240	 999000	 999	 3.844340e+02	 716.67	 766.67	 56.00	 7	 0.78	 
BMI_bs_40_121	 1	 3	 ClickBalls5.bmp	 3.854168e+02	 12	 999000	 120	 999000	 999	 3.864352e+02	 716.67	 766.67	 9.00	 27	 5.91	 
BMI_bs_40_121	 1	 3	 Shugi.bmp	 3.884200e+02	 22	 1.055500e+03	 2200	 7.667090e+02	 98	 3.894566e+02	 716.67	 716.67	 45.00	 1	 2.29	 
