subjectID	order	runNum	itemName	onsetTime	shuff_trialType	RT	respInTime	AudioTime	response	fixationTime	ladder1	ladder2	bidIndex	BDMtrialIndex	bidValue
BMI_bs_40_118	 2	 2	 BisliOnion.bmp	 1.260014e+02	 22	 1.036652e+03	 2200	 7.167302e+02	 98	 1.270377e+02	 716.67	 666.67	 43.00	 2	 1.73	 
BMI_bs_40_118	 2	 2	 DoritosGrill.bmp	 1.280037e+02	 24	 999000	 240	 999000	 999	 1.290233e+02	 716.67	 666.67	 53.00	 53	 1.67	 
BMI_bs_40_118	 2	 2	 Twist.bmp	 1.320082e+02	 24	 999000	 240	 999000	 999	 1.330260e+02	 716.67	 666.67	 41.00	 5	 2.67	 
BMI_bs_40_118	 2	 2	 ClickBisquit2.bmp	 1.350116e+02	 12	 999000	 120	 999000	 999	 1.360293e+02	 716.67	 666.67	 7.00	 30	 4.91	 
BMI_bs_40_118	 2	 2	 ClickXLwhite4.bmp	 1.369972e+02	 12	 999000	 120	 999000	 999	 1.380149e+02	 716.67	 666.67	 6.00	 29	 4.91	 
BMI_bs_40_118	 2	 2	 BambaSweet.bmp	 1.400004e+02	 24	 999000	 240	 999000	 999	 1.410183e+02	 716.67	 666.67	 39.00	 56	 2.71	 
BMI_bs_40_118	 2	 2	 Popco.bmp	 1.440050e+02	 22	 1.071441e+03	 2200	 6.667185e+02	 98	 1.450422e+02	 716.67	 616.67	 49.00	 4	 1.69	 
BMI_bs_40_118	 2	 2	 Tictac.bmp	 1.480094e+02	 22	 8.922144e+02	 220	 6.167148e+02	 98	 1.490460e+02	 716.67	 633.33	 54.00	 16	 1.64	 
BMI_bs_40_118	 2	 2	 Tortit.bmp	 1.499947e+02	 24	 999000	 240	 999000	 999	 1.510128e+02	 716.67	 633.33	 55.00	 22	 1.64	 
BMI_bs_40_118	 2	 2	 Shugi.bmp	 1.550006e+02	 24	 999000	 240	 999000	 999	 1.560185e+02	 716.67	 633.33	 58.00	 47	 1.62	 
BMI_bs_40_118	 2	 2	 TapuchipsCrunch.bmp	 1.570028e+02	 12	 999000	 120	 999000	 999	 1.580206e+02	 716.67	 633.33	 4.00	 51	 4.93	 
BMI_bs_40_118	 2	 2	 BagaleShtuhim.bmp	 1.590051e+02	 24	 999000	 240	 999000	 999	 1.600227e+02	 716.67	 633.33	 45.00	 1	 1.71	 
BMI_bs_40_118	 2	 2	 DoritosNatural.bmp	 1.649949e+02	 12	 999000	 120	 999000	 999	 1.660128e+02	 716.67	 633.33	 19.00	 40	 3.89	 
BMI_bs_40_118	 2	 2	 ClickBalls5.bmp	 1.669975e+02	 11	 1.005115e+03	 1100	 7.167218e+02	 98	 1.680318e+02	 666.67	 633.33	 16.00	 13	 4.84	 
BMI_bs_40_118	 2	 2	 KinderJoy.bmp	 1.689996e+02	 12	 999000	 120	 999000	 999	 1.700175e+02	 666.67	 633.33	 20.00	 3	 3.87	 
BMI_bs_40_118	 2	 2	 ChocolateParaMilk3.bmp	 1.710019e+02	 11	 9.883094e+02	 110	 6.667232e+02	 98	 1.720383e+02	 683.33	 633.33	 17.00	 26	 4.80	 
BMI_bs_40_118	 2	 2	 Dubonim.bmp	 1.750064e+02	 22	 8.715620e+02	 220	 6.333829e+02	 98	 1.760410e+02	 683.33	 650.00	 51.00	 17	 1.67	 
BMI_bs_40_118	 2	 2	 ClickBlackWhite3.bmp	 1.790109e+02	 12	 999000	 120	 999000	 999	 1.800286e+02	 683.33	 650.00	 10.00	 9	 4.89	 
BMI_bs_40_118	 2	 2	 ClickXLbrown4.bmp	 1.819975e+02	 12	 999000	 120	 999000	 999	 1.830152e+02	 683.33	 650.00	 15.00	 7	 4.84	 
BMI_bs_40_118	 2	 2	 ChocolateParaSucariotKoftzot2.bmp	 1.860020e+02	 12	 999000	 120	 999000	 999	 1.870200e+02	 683.33	 650.00	 13.00	 54	 4.87	 
BMI_bs_40_118	 2	 2	 BabyDoll.bmp	 1.890053e+02	 22	 9.731812e+02	 220	 6.500416e+02	 98	 1.900416e+02	 683.33	 666.67	 48.00	 46	 1.71	 
BMI_bs_40_118	 2	 2	 KashitSour.bmp	 1.910077e+02	 11	 9.709584e+02	 110	 6.833889e+02	 98	 1.920431e+02	 700.00	 666.67	 9.00	 37	 4.91	 
BMI_bs_40_118	 2	 2	 ChocolateParaMarir2.bmp	 1.949952e+02	 24	 999000	 240	 999000	 999	 1.960131e+02	 700.00	 666.67	 40.00	 58	 2.71	 
BMI_bs_40_118	 2	 2	 Loacker.bmp	 1.969977e+02	 12	 999000	 120	 999000	 999	 1.980157e+02	 700.00	 666.67	 21.00	 18	 3.84	 
BMI_bs_40_118	 2	 2	 CrunchShokoVanil.bmp	 1.990001e+02	 24	 999000	 240	 999000	 999	 2.000185e+02	 700.00	 666.67	 57.00	 36	 1.62	 
BMI_bs_40_118	 2	 2	 Tapuchips.bmp	 2.030044e+02	 22	 1.149739e+03	 2200	 6.667122e+02	 98	 2.040413e+02	 700.00	 616.67	 46.00	 14	 1.71	 
BMI_bs_40_118	 2	 2	 GumiWine2.bmp	 2.050067e+02	 24	 999000	 240	 999000	 999	 2.060245e+02	 700.00	 616.67	 44.00	 57	 1.73	 
BMI_bs_40_118	 2	 2	 Bounty.bmp	 2.090112e+02	 11	 1.030709e+03	 1100	 7.000565e+02	 98	 2.100484e+02	 650.00	 616.67	 14.00	 55	 4.87	 
BMI_bs_40_118	 2	 2	 GumiSnakes3.bmp	 2.129990e+02	 24	 999000	 240	 999000	 999	 2.140180e+02	 650.00	 616.67	 47.00	 21	 1.71	 
BMI_bs_40_118	 2	 2	 HispusimShatiah.bmp	 2.160023e+02	 12	 999000	 120	 999000	 999	 2.170201e+02	 650.00	 616.67	 5.00	 60	 4.93	 
BMI_bs_40_118	 2	 2	 WerthersOriginal.bmp	 2.220091e+02	 24	 999000	 240	 999000	 999	 2.230267e+02	 650.00	 616.67	 42.00	 8	 2.67	 
BMI_bs_40_118	 2	 2	 Apropo.bmp	 2.239945e+02	 12	 999000	 120	 999000	 999	 2.250123e+02	 650.00	 616.67	 12.00	 34	 4.89	 
BMI_bs_40_118	 2	 2	 Taami.bmp	 2.279991e+02	 12	 999000	 120	 999000	 999	 2.290168e+02	 650.00	 616.67	 18.00	 28	 3.89	 
BMI_bs_40_118	 2	 2	 ChocolateParaCookies5.bmp	 2.300014e+02	 12	 999000	 120	 999000	 999	 2.310191e+02	 650.00	 616.67	 3.00	 59	 4.96	 
BMI_bs_40_118	 2	 2	 SkittlesFruits2.bmp	 2.320036e+02	 11	 9.019153e+02	 110	 6.500524e+02	 98	 2.330399e+02	 666.67	 616.67	 11.00	 15	 4.89	 
BMI_bs_40_118	 2	 2	 Keifli.bmp	 2.340059e+02	 24	 999000	 240	 999000	 999	 2.350239e+02	 666.67	 616.67	 50.00	 49	 1.69	 
BMI_bs_40_118	 2	 2	 BisliGrill.bmp	 2.390115e+02	 24	 999000	 240	 999000	 999	 2.400302e+02	 666.67	 616.67	 56.00	 6	 1.62	 
BMI_bs_40_118	 2	 2	 Mentos.bmp	 2.409970e+02	 24	 999000	 240	 999000	 999	 2.420147e+02	 666.67	 616.67	 52.00	 48	 1.67	 
BMI_bs_40_118	 2	 2	 KinderBuenoWhite2.bmp	 2.429993e+02	 12	 999000	 120	 999000	 999	 2.440170e+02	 666.67	 616.67	 22.00	 23	 3.84	 
BMI_bs_40_118	 2	 2	 Hit.bmp	 2.460027e+02	 11	 9.034388e+02	 110	 6.667162e+02	 98	 2.470387e+02	 683.33	 616.67	 8.00	 35	 4.91	 
