subjectID	order	runNum	itemName	onsetTime	shuff_trialType	RT	respInTime	AudioTime	response	fixationTime	ladder1	ladder2	bidIndex	BDMtrialIndex	bidValue
BMI_bs_40_120	 2	 18	 Cheetos.bmp	 2.139564e+03	 24	 999000	 240	 999000	 999	 2.140582e+03	 716.67	 716.67	 41.00	 28	 0.18	 
BMI_bs_40_120	 2	 18	 Twist.bmp	 2.141566e+03	 24	 999000	 240	 999000	 999	 2.142584e+03	 716.67	 716.67	 45.00	 9	 0.16	 
BMI_bs_40_120	 2	 18	 CrunchBisquitBrown3.bmp	 2.145554e+03	 12	 999000	 120	 999000	 999	 2.146572e+03	 716.67	 716.67	 12.00	 24	 4.78	 
BMI_bs_40_120	 2	 18	 KashitSour.bmp	 2.148557e+03	 22	 5.746481e+02	 22	 7.167479e+02	 98	 2.149593e+03	 716.67	 733.33	 49.00	 58	 0.16	 
BMI_bs_40_120	 2	 18	 SkittlesFruits2.bmp	 2.150560e+03	 24	 999000	 240	 999000	 999	 2.151578e+03	 716.67	 733.33	 44.00	 57	 0.18	 
BMI_bs_40_120	 2	 18	 KifkefMaklot2.bmp	 2.153563e+03	 12	 999000	 120	 999000	 999	 2.154581e+03	 716.67	 733.33	 22.00	 4	 3.73	 
BMI_bs_40_120	 2	 18	 SkittlesSour4.bmp	 2.157551e+03	 22	 4.942963e+02	 22	 7.333898e+02	 98	 2.158586e+03	 716.67	 750.00	 48.00	 50	 0.16	 
BMI_bs_40_120	 2	 18	 ClickBlackWhite3.bmp	 2.161555e+03	 12	 999000	 120	 999000	 999	 2.162573e+03	 716.67	 750.00	 7.00	 55	 4.96	 
BMI_bs_40_120	 2	 18	 ClickBalls5.bmp	 2.163558e+03	 12	 999000	 120	 999000	 999	 2.164576e+03	 716.67	 750.00	 19.00	 56	 3.89	 
BMI_bs_40_120	 2	 18	 ClickBisquit2.bmp	 2.168563e+03	 11	 1.032302e+03	 1100	 7.167320e+02	 98	 2.169599e+03	 666.67	 750.00	 16.00	 26	 4.27	 
BMI_bs_40_120	 2	 18	 Popco.bmp	 2.170566e+03	 24	 999000	 240	 999000	 999	 2.171583e+03	 666.67	 750.00	 53.00	 41	 0.13	 
BMI_bs_40_120	 2	 18	 Bounty.bmp	 2.172551e+03	 24	 999000	 240	 999000	 999	 2.173569e+03	 666.67	 750.00	 58.00	 49	 0.09	 
BMI_bs_40_120	 2	 18	 KinderBuenoWhite2.bmp	 2.178558e+03	 24	 999000	 240	 999000	 999	 2.179576e+03	 666.67	 750.00	 39.00	 36	 0.20	 
BMI_bs_40_120	 2	 18	 Snickers.bmp	 2.180560e+03	 11	 1.023701e+03	 1100	 6.667124e+02	 98	 2.181597e+03	 616.67	 750.00	 9.00	 6	 4.91	 
BMI_bs_40_120	 2	 18	 ChocolateParaSucariotKoftzot2.bmp	 2.182562e+03	 12	 999000	 120	 999000	 999	 2.183580e+03	 616.67	 750.00	 4.00	 21	 5.42	 
BMI_bs_40_120	 2	 18	 Apropo.bmp	 2.184565e+03	 12	 999000	 120	 999000	 999	 2.185582e+03	 616.67	 750.00	 15.00	 31	 4.31	 
BMI_bs_40_120	 2	 18	 Tictac.bmp	 2.188552e+03	 24	 999000	 240	 999000	 999	 2.189570e+03	 616.67	 750.00	 56.00	 53	 0.11	 
BMI_bs_40_120	 2	 18	 BambaSweet.bmp	 2.192557e+03	 24	 999000	 240	 999000	 999	 2.193575e+03	 616.67	 750.00	 50.00	 60	 0.16	 
BMI_bs_40_120	 2	 18	 HispusimShatiah.bmp	 2.195560e+03	 24	 999000	 240	 999000	 999	 2.196578e+03	 616.67	 750.00	 40.00	 44	 0.20	 
BMI_bs_40_120	 2	 18	 BisliPizza3.bmp	 2.199565e+03	 22	 7.323399e+02	 22	 7.500501e+02	 98	 2.200600e+03	 616.67	 766.67	 46.00	 29	 0.16	 
BMI_bs_40_120	 2	 18	 KinderBuenoBrown3.bmp	 2.202551e+03	 12	 999000	 120	 999000	 999	 2.203569e+03	 616.67	 766.67	 13.00	 16	 4.64	 
BMI_bs_40_120	 2	 18	 Kitkat.bmp	 2.204554e+03	 12	 999000	 120	 999000	 999	 2.205571e+03	 616.67	 766.67	 21.00	 52	 3.80	 
BMI_bs_40_120	 2	 18	 Tapuchips.bmp	 2.208558e+03	 12	 999000	 120	 999000	 999	 2.209576e+03	 616.67	 766.67	 10.00	 17	 4.91	 
BMI_bs_40_120	 2	 18	 PesekZman.bmp	 2.210560e+03	 12	 999000	 120	 999000	 999	 2.211578e+03	 616.67	 766.67	 3.00	 15	 5.42	 
BMI_bs_40_120	 2	 18	 DoritosNatural.bmp	 2.212563e+03	 24	 999000	 240	 999000	 999	 2.213580e+03	 616.67	 766.67	 55.00	 46	 0.11	 
BMI_bs_40_120	 2	 18	 CrunchBisquitWhite2.bmp	 2.216550e+03	 22	 1.047668e+03	 2200	 7.667168e+02	 98	 2.217587e+03	 616.67	 716.67	 43.00	 33	 0.18	 
BMI_bs_40_120	 2	 18	 BagaleShtuhim.bmp	 2.218553e+03	 12	 999000	 120	 999000	 999	 2.219570e+03	 616.67	 716.67	 18.00	 22	 3.89	 
BMI_bs_40_120	 2	 18	 ClickXLbrown4.bmp	 2.222557e+03	 11	 6.659263e+02	 110	 6.167188e+02	 98	 2.223592e+03	 633.33	 716.67	 11.00	 51	 4.89	 
BMI_bs_40_120	 2	 18	 GumiWine2.bmp	 2.226562e+03	 22	 5.866188e+02	 22	 7.167134e+02	 98	 2.227598e+03	 633.33	 733.33	 54.00	 47	 0.13	 
BMI_bs_40_120	 2	 18	 Smarties.bmp	 2.229565e+03	 12	 999000	 120	 999000	 999	 2.230583e+03	 633.33	 733.33	 5.00	 14	 5.36	 
BMI_bs_40_120	 2	 18	 Egozi.bmp	 2.235555e+03	 24	 999000	 240	 999000	 999	 2.236573e+03	 633.33	 733.33	 42.00	 32	 0.18	 
BMI_bs_40_120	 2	 18	 Loacker.bmp	 2.237557e+03	 11	 9.790111e+02	 110	 6.333856e+02	 98	 2.238593e+03	 650.00	 733.33	 8.00	 37	 4.93	 
BMI_bs_40_120	 2	 18	 WerthersOriginal.bmp	 2.241562e+03	 11	 7.247529e+02	 110	 6.500517e+02	 98	 2.242597e+03	 666.67	 733.33	 14.00	 19	 4.33	 
BMI_bs_40_120	 2	 18	 Keifli.bmp	 2.243564e+03	 24	 999000	 240	 999000	 999	 2.244582e+03	 666.67	 733.33	 47.00	 40	 0.16	 
BMI_bs_40_120	 2	 18	 Mars.bmp	 2.245566e+03	 12	 999000	 120	 999000	 999	 2.246584e+03	 666.67	 733.33	 20.00	 18	 3.80	 
BMI_bs_40_120	 2	 18	 Hit.bmp	 2.247552e+03	 11	 6.597380e+02	 11	 6.667198e+02	 98	 2.248586e+03	 683.33	 733.33	 17.00	 5	 4.22	 
BMI_bs_40_120	 2	 18	 BisliOnion.bmp	 2.252557e+03	 24	 999000	 240	 999000	 999	 2.253575e+03	 683.33	 733.33	 52.00	 13	 0.13	 
BMI_bs_40_120	 2	 18	 BisliGrill.bmp	 2.254560e+03	 24	 999000	 240	 999000	 999	 2.255578e+03	 683.33	 733.33	 57.00	 54	 0.11	 
BMI_bs_40_120	 2	 18	 Halva2.bmp	 2.256562e+03	 22	 6.752434e+02	 22	 7.333845e+02	 98	 2.257597e+03	 683.33	 750.00	 51.00	 3	 0.13	 
BMI_bs_40_120	 2	 18	 ChocolateParaMilk3.bmp	 2.259565e+03	 12	 999000	 120	 999000	 999	 2.260583e+03	 683.33	 750.00	 6.00	 10	 4.96	 
