subjectID	order	runNum	itemName	onsetTime	shuff_trialType	RT	respInTime	AudioTime	response	fixationTime	ladder1	ladder2	bidIndex	BDMtrialIndex	bidValue
BMI_bs_40_109	 1	 10	 BabyDoll.bmp	 1.179405e+03	 11	 1.027647e+03	 1100	 7.167365e+02	 98	 1.180440e+03	 666.67	 650.00	 13.00	 47	 6.00	 
BMI_bs_40_109	 1	 10	 CrunchShokoVanil.bmp	 1.182409e+03	 24	 999000	 240	 999000	 999	 1.183428e+03	 666.67	 650.00	 42.00	 15	 3.71	 
BMI_bs_40_109	 1	 10	 Apropo.bmp	 1.184411e+03	 12	 999000	 120	 999000	 999	 1.185429e+03	 666.67	 650.00	 11.00	 4	 6.38	 
BMI_bs_40_109	 1	 10	 ClickXLbrown4.bmp	 1.186413e+03	 12	 999000	 120	 999000	 999	 1.187431e+03	 666.67	 650.00	 5.00	 31	 6.93	 
BMI_bs_40_109	 1	 10	 Bamba.bmp	 1.188398e+03	 24	 999000	 240	 999000	 999	 1.189416e+03	 666.67	 650.00	 39.00	 1	 3.96	 
BMI_bs_40_109	 1	 10	 Tictac.bmp	 1.191402e+03	 24	 999000	 240	 999000	 999	 1.192420e+03	 666.67	 650.00	 41.00	 8	 3.76	 
BMI_bs_40_109	 1	 10	 KifkefMaklot2.bmp	 1.193404e+03	 11	 1.001932e+03	 1100	 6.667219e+02	 98	 1.194441e+03	 616.67	 650.00	 7.00	 9	 6.91	 
BMI_bs_40_109	 1	 10	 SkittlesSour4.bmp	 1.197409e+03	 22	 9.463182e+02	 220	 6.500765e+02	 98	 1.198446e+03	 616.67	 666.67	 53.00	 43	 2.60	 
BMI_bs_40_109	 1	 10	 Bounty.bmp	 1.199411e+03	 24	 999000	 240	 999000	 999	 1.200430e+03	 616.67	 666.67	 58.00	 56	 1.78	 
BMI_bs_40_109	 1	 10	 BisliOnion.bmp	 1.204400e+03	 12	 999000	 120	 999000	 999	 1.205418e+03	 616.67	 666.67	 9.00	 59	 6.62	 
BMI_bs_40_109	 1	 10	 KinderBuenoWhite2.bmp	 1.206402e+03	 11	 8.970499e+02	 110	 6.167293e+02	 98	 1.207439e+03	 633.33	 666.67	 12.00	 36	 6.36	 
BMI_bs_40_109	 1	 10	 Taami.bmp	 1.210407e+03	 12	 999000	 120	 999000	 999	 1.211425e+03	 633.33	 666.67	 3.00	 12	 6.98	 
BMI_bs_40_109	 1	 10	 Smarties.bmp	 1.212409e+03	 24	 999000	 240	 999000	 999	 1.213428e+03	 633.33	 666.67	 48.00	 2	 2.78	 
BMI_bs_40_109	 1	 10	 Mars.bmp	 1.215412e+03	 22	 9.773862e+02	 220	 6.667297e+02	 98	 1.216449e+03	 633.33	 683.33	 50.00	 7	 2.76	 
BMI_bs_40_109	 1	 10	 Dubonim.bmp	 1.220401e+03	 12	 999000	 120	 999000	 999	 1.221419e+03	 633.33	 683.33	 17.00	 11	 5.96	 
BMI_bs_40_109	 1	 10	 DoritosNatural.bmp	 1.222403e+03	 22	 9.503112e+02	 220	 6.833788e+02	 98	 1.223440e+03	 633.33	 700.00	 44.00	 13	 3.29	 
BMI_bs_40_109	 1	 10	 DoritosGrill.bmp	 1.224406e+03	 22	 9.168889e+02	 220	 7.000503e+02	 98	 1.225442e+03	 633.33	 716.67	 45.00	 23	 3.29	 
BMI_bs_40_109	 1	 10	 Loacker.bmp	 1.228410e+03	 24	 999000	 240	 999000	 999	 1.229428e+03	 633.33	 716.67	 56.00	 51	 2.04	 
BMI_bs_40_109	 1	 10	 GumiWine2.bmp	 1.232415e+03	 12	 999000	 120	 999000	 999	 1.233433e+03	 633.33	 716.67	 16.00	 25	 5.98	 
BMI_bs_40_109	 1	 10	 ClickBalls5.bmp	 1.236402e+03	 12	 999000	 120	 999000	 999	 1.237420e+03	 633.33	 716.67	 14.00	 16	 5.98	 
BMI_bs_40_109	 1	 10	 Shugi.bmp	 1.238405e+03	 24	 999000	 240	 999000	 999	 1.239423e+03	 633.33	 716.67	 55.00	 48	 2.13	 
BMI_bs_40_109	 1	 10	 BambaNugat.bmp	 1.240407e+03	 24	 999000	 240	 999000	 999	 1.241425e+03	 633.33	 716.67	 43.00	 53	 3.33	 
BMI_bs_40_109	 1	 10	 Twix.bmp	 1.242409e+03	 12	 999000	 120	 999000	 999	 1.243427e+03	 633.33	 716.67	 4.00	 21	 6.98	 
BMI_bs_40_109	 1	 10	 BambaSweet.bmp	 1.244411e+03	 24	 999000	 240	 999000	 999	 1.245429e+03	 633.33	 716.67	 54.00	 40	 2.13	 
BMI_bs_40_109	 1	 10	 HappyHippo.bmp	 1.250401e+03	 12	 4.147673e+02	 12	 999000	 98	 1.251420e+03	 633.33	 716.67	 21.00	 58	 5.89	 
BMI_bs_40_109	 1	 10	 ClickBisquit2.bmp	 1.253405e+03	 11	 8.877485e+02	 110	 6.333914e+02	 98	 1.254441e+03	 650.00	 716.67	 18.00	 20	 5.93	 
BMI_bs_40_109	 1	 10	 TapuchipsCrunch.bmp	 1.255407e+03	 12	 999000	 120	 999000	 999	 1.256425e+03	 650.00	 716.67	 19.00	 30	 5.91	 
BMI_bs_40_109	 1	 10	 BagaleShtuhim.bmp	 1.257409e+03	 24	 999000	 240	 999000	 999	 1.258427e+03	 650.00	 716.67	 46.00	 42	 3.11	 
BMI_bs_40_109	 1	 10	 Mentos.bmp	 1.260413e+03	 24	 999000	 240	 999000	 999	 1.261431e+03	 650.00	 716.67	 49.00	 26	 2.78	 
BMI_bs_40_109	 1	 10	 Mekupelet.bmp	 1.262398e+03	 12	 999000	 120	 999000	 999	 1.263416e+03	 650.00	 716.67	 20.00	 50	 5.89	 
BMI_bs_40_109	 1	 10	 BisliPizza3.bmp	 1.264400e+03	 11	 9.288685e+02	 110	 6.500455e+02	 98	 1.265435e+03	 666.67	 716.67	 15.00	 17	 5.98	 
BMI_bs_40_109	 1	 10	 Snickers.bmp	 1.266403e+03	 24	 999000	 240	 999000	 999	 1.267420e+03	 666.67	 716.67	 40.00	 10	 3.78	 
BMI_bs_40_109	 1	 10	 CrunchBisquitWhite2.bmp	 1.269406e+03	 12	 999000	 120	 999000	 999	 1.270424e+03	 666.67	 716.67	 6.00	 32	 6.93	 
BMI_bs_40_109	 1	 10	 ClickBlackWhite3.bmp	 1.271408e+03	 11	 9.075671e+02	 110	 6.667166e+02	 98	 1.272443e+03	 683.33	 716.67	 10.00	 37	 6.60	 
BMI_bs_40_109	 1	 10	 DoritosSourSpicy.bmp	 1.273411e+03	 22	 9.642676e+02	 220	 7.167206e+02	 98	 1.274446e+03	 683.33	 733.33	 47.00	 52	 3.11	 
BMI_bs_40_109	 1	 10	 Egozi.bmp	 1.275413e+03	 22	 1.020803e+03	 2200	 7.333755e+02	 98	 1.276450e+03	 683.33	 683.33	 52.00	 22	 2.60	 
BMI_bs_40_109	 1	 10	 Tortit.bmp	 1.277398e+03	 24	 999000	 240	 999000	 999	 1.278416e+03	 683.33	 683.33	 51.00	 6	 2.64	 
BMI_bs_40_109	 1	 10	 Popco.bmp	 1.283405e+03	 24	 999000	 240	 999000	 999	 1.284423e+03	 683.33	 683.33	 57.00	 39	 1.96	 
BMI_bs_40_109	 1	 10	 ChocolateParaCookies5.bmp	 1.286408e+03	 12	 999000	 120	 999000	 999	 1.287426e+03	 683.33	 683.33	 8.00	 34	 6.67	 
BMI_bs_40_109	 1	 10	 GumiSnakes3.bmp	 1.290413e+03	 12	 999000	 120	 999000	 999	 1.291431e+03	 683.33	 683.33	 22.00	 29	 5.87	 
