subjectID	order	runNum	itemName	onsetTime	shuff_trialType	RT	respInTime	AudioTime	response	fixationTime	ladder1	ladder2	bidIndex	BDMtrialIndex	bidValue
BMI_bs_40_121	 1	 10	 CrunchBisquitWhite2.bmp	 1.184546e+03	 11	 8.787779e+02	 110	 7.167285e+02	 98	 1.185581e+03	 733.33	 716.67	 12.00	 59	 5.62	 
BMI_bs_40_121	 1	 10	 Popco.bmp	 1.186549e+03	 24	 999000	 240	 999000	 999	 1.187567e+03	 733.33	 716.67	 58.00	 32	 0.73	 
BMI_bs_40_121	 1	 10	 BambaSweet.bmp	 1.190536e+03	 24	 999000	 240	 999000	 999	 1.191554e+03	 733.33	 716.67	 56.00	 7	 0.78	 
BMI_bs_40_121	 1	 10	 ClickBisquit2.bmp	 1.193540e+03	 12	 999000	 120	 999000	 999	 1.194559e+03	 733.33	 716.67	 14.00	 52	 5.27	 
BMI_bs_40_121	 1	 10	 Tortit.bmp	 1.195542e+03	 22	 9.710768e+02	 220	 7.167337e+02	 98	 1.196577e+03	 733.33	 733.33	 50.00	 43	 2.09	 
BMI_bs_40_121	 1	 10	 Twist.bmp	 1.198545e+03	 22	 9.678705e+02	 220	 7.333785e+02	 98	 1.199582e+03	 733.33	 750.00	 53.00	 34	 1.33	 
BMI_bs_40_121	 1	 10	 SkittlesSour4.bmp	 1.202550e+03	 24	 3.635379e+02	 24	 999000	 98	 1.203569e+03	 733.33	 750.00	 40.00	 22	 2.69	 
BMI_bs_40_121	 1	 10	 Twix.bmp	 1.206538e+03	 11	 9.635258e+02	 110	 7.334550e+02	 98	 1.207574e+03	 750.00	 750.00	 7.00	 2	 5.93	 
BMI_bs_40_121	 1	 10	 KinderJoy.bmp	 1.208540e+03	 22	 9.988100e+02	 220	 7.500450e+02	 98	 1.209574e+03	 750.00	 766.67	 47.00	 26	 2.20	 
BMI_bs_40_121	 1	 10	 BisliPizza3.bmp	 1.213546e+03	 12	 999000	 120	 999000	 999	 1.214564e+03	 750.00	 766.67	 21.00	 31	 4.27	 
BMI_bs_40_121	 1	 10	 ClickBlackWhite3.bmp	 1.215548e+03	 12	 999000	 120	 999000	 999	 1.216566e+03	 750.00	 766.67	 3.00	 23	 6.58	 
BMI_bs_40_121	 1	 10	 BagaleShtuhim.bmp	 1.217550e+03	 12	 999000	 120	 999000	 999	 1.218568e+03	 750.00	 766.67	 22.00	 60	 3.91	 
BMI_bs_40_121	 1	 10	 ChocolateParaMilk3.bmp	 1.223540e+03	 11	 9.867855e+02	 110	 7.500430e+02	 98	 1.224575e+03	 766.67	 766.67	 15.00	 47	 5.22	 
BMI_bs_40_121	 1	 10	 ChocolateParaCookies5.bmp	 1.225542e+03	 12	 999000	 120	 999000	 999	 1.226561e+03	 766.67	 766.67	 4.00	 24	 6.44	 
BMI_bs_40_121	 1	 10	 HappyHippo.bmp	 1.227545e+03	 22	 1.007688e+03	 2200	 7.667288e+02	 98	 1.228581e+03	 766.67	 716.67	 52.00	 33	 1.40	 
BMI_bs_40_121	 1	 10	 ChocolateParaSucariotKoftzot2.bmp	 1.229547e+03	 24	 999000	 240	 999000	 999	 1.230565e+03	 766.67	 716.67	 42.00	 55	 2.69	 
BMI_bs_40_121	 1	 10	 HispusimShatiah.bmp	 1.233551e+03	 24	 999000	 240	 999000	 999	 1.234569e+03	 766.67	 716.67	 54.00	 25	 1.31	 
BMI_bs_40_121	 1	 10	 ChocolateParaMarir2.bmp	 1.237539e+03	 11	 9.634340e+02	 110	 7.667125e+02	 98	 1.238576e+03	 783.33	 716.67	 18.00	 40	 4.84	 
BMI_bs_40_121	 1	 10	 Snickers.bmp	 1.240542e+03	 12	 999000	 120	 999000	 999	 1.241561e+03	 783.33	 716.67	 5.00	 45	 5.96	 
BMI_bs_40_121	 1	 10	 KinderBuenoBrown3.bmp	 1.244547e+03	 12	 999000	 120	 999000	 999	 1.245565e+03	 783.33	 716.67	 16.00	 8	 4.87	 
BMI_bs_40_121	 1	 10	 KinderBuenoWhite2.bmp	 1.247550e+03	 11	 1.002671e+03	 1100	 7.833845e+02	 98	 1.248585e+03	 733.33	 716.67	 10.00	 30	 5.89	 
BMI_bs_40_121	 1	 10	 Dubonim.bmp	 1.249536e+03	 22	 9.549246e+02	 220	 7.167135e+02	 98	 1.250572e+03	 733.33	 733.33	 44.00	 5	 2.58	 
BMI_bs_40_121	 1	 10	 Tictac.bmp	 1.253540e+03	 24	 999000	 240	 999000	 999	 1.254559e+03	 733.33	 733.33	 51.00	 51	 2.02	 
BMI_bs_40_121	 1	 10	 Mentos.bmp	 1.255543e+03	 24	 999000	 240	 999000	 999	 1.256561e+03	 733.33	 733.33	 39.00	 57	 2.71	 
BMI_bs_40_121	 1	 10	 PesekZman.bmp	 1.257545e+03	 11	 1.033592e+03	 1100	 7.333851e+02	 98	 1.258581e+03	 683.33	 733.33	 13.00	 17	 5.40	 
BMI_bs_40_121	 1	 10	 Bounty.bmp	 1.261549e+03	 12	 999000	 120	 999000	 999	 1.262569e+03	 683.33	 733.33	 11.00	 10	 5.82	 
BMI_bs_40_121	 1	 10	 CrunchShokoVanil.bmp	 1.263552e+03	 24	 999000	 240	 999000	 999	 1.264570e+03	 683.33	 733.33	 41.00	 49	 2.69	 
BMI_bs_40_121	 1	 10	 BabyDoll.bmp	 1.267539e+03	 24	 999000	 240	 999000	 999	 1.268557e+03	 683.33	 733.33	 55.00	 29	 0.98	 
BMI_bs_40_121	 1	 10	 Mars.bmp	 1.271544e+03	 12	 999000	 120	 999000	 999	 1.272562e+03	 683.33	 733.33	 6.00	 48	 5.96	 
BMI_bs_40_121	 1	 10	 Keifli.bmp	 1.274547e+03	 24	 999000	 240	 999000	 999	 1.275565e+03	 683.33	 733.33	 57.00	 38	 0.76	 
BMI_bs_40_121	 1	 10	 Shugi.bmp	 1.280537e+03	 22	 1.017303e+03	 2200	 7.333815e+02	 98	 1.281572e+03	 683.33	 683.33	 45.00	 1	 2.29	 
BMI_bs_40_121	 1	 10	 Bamba.bmp	 1.282540e+03	 24	 999000	 240	 999000	 999	 1.283558e+03	 683.33	 683.33	 46.00	 14	 2.27	 
BMI_bs_40_121	 1	 10	 ClickBalls5.bmp	 1.286544e+03	 12	 999000	 120	 999000	 999	 1.287562e+03	 683.33	 683.33	 9.00	 27	 5.91	 
BMI_bs_40_121	 1	 10	 Tapuchips.bmp	 1.288546e+03	 24	 999000	 240	 999000	 999	 1.289565e+03	 683.33	 683.33	 43.00	 16	 2.67	 
BMI_bs_40_121	 1	 10	 BisliGrill.bmp	 1.290549e+03	 12	 999000	 120	 999000	 999	 1.291567e+03	 683.33	 683.33	 20.00	 50	 4.29	 
BMI_bs_40_121	 1	 10	 Taami.bmp	 1.292551e+03	 24	 999000	 240	 999000	 999	 1.293569e+03	 683.33	 683.33	 49.00	 41	 2.11	 
BMI_bs_40_121	 1	 10	 Kitkat.bmp	 1.297540e+03	 12	 999000	 120	 999000	 999	 1.298558e+03	 683.33	 683.33	 17.00	 35	 4.84	 
BMI_bs_40_121	 1	 10	 Hit.bmp	 1.299542e+03	 12	 999000	 120	 999000	 999	 1.300560e+03	 683.33	 683.33	 19.00	 15	 4.36	 
BMI_bs_40_121	 1	 10	 GumiWine2.bmp	 1.301544e+03	 24	 999000	 240	 999000	 999	 1.302563e+03	 683.33	 683.33	 48.00	 21	 2.11	 
BMI_bs_40_121	 1	 10	 ClickXLwhite4.bmp	 1.304548e+03	 12	 999000	 120	 999000	 999	 1.305566e+03	 683.33	 683.33	 8.00	 20	 5.93	 
