subjectID	order	runNum	itemName	onsetTime	shuff_trialType	RT	respInTime	AudioTime	response	fixationTime	ladder1	ladder2	bidIndex	BDMtrialIndex	bidValue
BMI_bs_40_107	 1	 12	 KinderBuenoWhite2.bmp	 1.478376e+03	 12	 999000	 120	 999000	 999	 1.479394e+03	 783.33	 783.33	 6.00	 36	 5.80	 
BMI_bs_40_107	 1	 12	 Tortit.bmp	 1.480361e+03	 24	 999000	 240	 999000	 999	 1.481379e+03	 783.33	 783.33	 58.00	 30	 0.16	 
BMI_bs_40_107	 1	 12	 Shugi.bmp	 1.484366e+03	 22	 9.677520e+02	 220	 7.834006e+02	 98	 1.485403e+03	 783.33	 800.00	 50.00	 40	 0.36	 
BMI_bs_40_107	 1	 12	 BisliOnion.bmp	 1.487369e+03	 22	 1.103297e+03	 2200	 8.000456e+02	 98	 1.488404e+03	 783.33	 750.00	 44.00	 54	 0.60	 
BMI_bs_40_107	 1	 12	 Twix.bmp	 1.489371e+03	 11	 9.573702e+02	 110	 7.834085e+02	 98	 1.490408e+03	 800.00	 750.00	 10.00	 8	 4.93	 
BMI_bs_40_107	 1	 12	 BisliPizza3.bmp	 1.492358e+03	 24	 999000	 240	 999000	 999	 1.493376e+03	 800.00	 750.00	 51.00	 1	 0.27	 
BMI_bs_40_107	 1	 12	 Apropo.bmp	 1.496363e+03	 12	 999000	 120	 999000	 999	 1.497380e+03	 800.00	 750.00	 20.00	 6	 3.84	 
BMI_bs_40_107	 1	 12	 CrunchBisquitBrown3.bmp	 1.500367e+03	 12	 999000	 120	 999000	 999	 1.501385e+03	 800.00	 750.00	 9.00	 47	 5.33	 
BMI_bs_40_107	 1	 12	 Tictac.bmp	 1.502369e+03	 24	 999000	 240	 999000	 999	 1.503387e+03	 800.00	 750.00	 56.00	 50	 0.18	 
BMI_bs_40_107	 1	 12	 KifkefMaklot2.bmp	 1.507358e+03	 24	 999000	 240	 999000	 999	 1.508376e+03	 800.00	 750.00	 39.00	 21	 0.64	 
BMI_bs_40_107	 1	 12	 Mars.bmp	 1.509361e+03	 11	 1.005539e+03	 1100	 8.000455e+02	 98	 1.510395e+03	 750.00	 750.00	 7.00	 39	 5.44	 
BMI_bs_40_107	 1	 12	 Keifli.bmp	 1.511363e+03	 12	 999000	 120	 999000	 999	 1.512381e+03	 750.00	 750.00	 19.00	 46	 3.87	 
BMI_bs_40_107	 1	 12	 Mekupelet.bmp	 1.517369e+03	 12	 999000	 120	 999000	 999	 1.518387e+03	 750.00	 750.00	 14.00	 3	 4.82	 
BMI_bs_40_107	 1	 12	 KinderJoy.bmp	 1.519372e+03	 12	 999000	 120	 999000	 999	 1.520390e+03	 750.00	 750.00	 16.00	 5	 4.80	 
BMI_bs_40_107	 1	 12	 ChocolateParaMilk3.bmp	 1.521357e+03	 22	 9.794819e+02	 220	 7.500487e+02	 98	 1.522393e+03	 750.00	 766.67	 52.00	 10	 0.27	 
BMI_bs_40_107	 1	 12	 Smarties.bmp	 1.523360e+03	 12	 999000	 120	 999000	 999	 1.524378e+03	 750.00	 766.67	 8.00	 51	 5.44	 
BMI_bs_40_107	 1	 12	 BisliGrill.bmp	 1.527364e+03	 11	 9.691315e+02	 110	 7.500470e+02	 98	 1.528399e+03	 766.67	 766.67	 12.00	 19	 4.89	 
BMI_bs_40_107	 1	 12	 BambaSweet.bmp	 1.531369e+03	 24	 999000	 240	 999000	 999	 1.532386e+03	 766.67	 766.67	 41.00	 57	 0.62	 
BMI_bs_40_107	 1	 12	 CrunchBisquitWhite2.bmp	 1.534372e+03	 12	 999000	 120	 999000	 999	 1.535390e+03	 766.67	 766.67	 5.00	 38	 5.89	 
BMI_bs_40_107	 1	 12	 Dubonim.bmp	 1.538360e+03	 22	 9.876187e+02	 220	 7.667145e+02	 98	 1.539396e+03	 766.67	 783.33	 47.00	 31	 0.40	 
BMI_bs_40_107	 1	 12	 Twist.bmp	 1.541363e+03	 24	 999000	 240	 999000	 999	 1.542381e+03	 766.67	 783.33	 57.00	 17	 0.16	 
BMI_bs_40_107	 1	 12	 BabyDoll.bmp	 1.543365e+03	 24	 999000	 240	 999000	 999	 1.544383e+03	 766.67	 783.33	 49.00	 34	 0.36	 
BMI_bs_40_107	 1	 12	 ClickXLwhite4.bmp	 1.547370e+03	 24	 999000	 240	 999000	 999	 1.548388e+03	 766.67	 783.33	 40.00	 23	 0.62	 
BMI_bs_40_107	 1	 12	 ClickBlackWhite3.bmp	 1.549372e+03	 12	 999000	 120	 999000	 999	 1.550390e+03	 766.67	 783.33	 3.00	 53	 6.98	 
BMI_bs_40_107	 1	 12	 KinderBuenoBrown3.bmp	 1.551358e+03	 12	 999000	 120	 999000	 999	 1.552376e+03	 766.67	 783.33	 4.00	 12	 5.91	 
BMI_bs_40_107	 1	 12	 DoritosNatural.bmp	 1.555362e+03	 22	 9.622512e+02	 220	 7.833717e+02	 98	 1.556397e+03	 766.67	 800.00	 53.00	 49	 0.27	 
BMI_bs_40_107	 1	 12	 TapuchipsCrunch.bmp	 1.557364e+03	 11	 9.514205e+02	 110	 7.667233e+02	 98	 1.558401e+03	 783.33	 800.00	 18.00	 42	 3.91	 
BMI_bs_40_107	 1	 12	 SkittlesFruits2.bmp	 1.561369e+03	 24	 999000	 240	 999000	 999	 1.562387e+03	 783.33	 800.00	 43.00	 25	 0.60	 
BMI_bs_40_107	 1	 12	 DoritosGrill.bmp	 1.565357e+03	 11	 9.693095e+02	 110	 7.833763e+02	 98	 1.566391e+03	 800.00	 800.00	 15.00	 29	 4.82	 
BMI_bs_40_107	 1	 12	 ChocolateParaMarir2.bmp	 1.568360e+03	 24	 999000	 240	 999000	 999	 1.569378e+03	 800.00	 800.00	 55.00	 45	 0.24	 
BMI_bs_40_107	 1	 12	 Tapuchips.bmp	 1.574367e+03	 12	 999000	 120	 999000	 999	 1.575384e+03	 800.00	 800.00	 21.00	 16	 3.84	 
BMI_bs_40_107	 1	 12	 ClickBalls5.bmp	 1.576369e+03	 12	 999000	 120	 999000	 999	 1.577387e+03	 800.00	 800.00	 17.00	 22	 4.22	 
BMI_bs_40_107	 1	 12	 PesekZman.bmp	 1.580356e+03	 12	 999000	 120	 999000	 999	 1.581374e+03	 800.00	 800.00	 11.00	 18	 4.89	 
BMI_bs_40_107	 1	 12	 BagaleShtuhim.bmp	 1.582359e+03	 24	 999000	 240	 999000	 999	 1.583377e+03	 800.00	 800.00	 54.00	 13	 0.24	 
BMI_bs_40_107	 1	 12	 Egozi.bmp	 1.584361e+03	 24	 999000	 240	 999000	 999	 1.585379e+03	 800.00	 800.00	 42.00	 11	 0.60	 
BMI_bs_40_107	 1	 12	 Hit.bmp	 1.586363e+03	 22	 9.673618e+02	 220	 8.000569e+02	 98	 1.587398e+03	 800.00	 816.67	 45.00	 44	 0.58	 
BMI_bs_40_107	 1	 12	 SkittlesSour4.bmp	 1.591369e+03	 24	 999000	 240	 999000	 999	 1.592387e+03	 800.00	 816.67	 48.00	 32	 0.38	 
BMI_bs_40_107	 1	 12	 Kitkat.bmp	 1.593371e+03	 11	 9.909615e+02	 110	 8.000502e+02	 98	 1.594407e+03	 816.67	 816.67	 13.00	 33	 4.89	 
BMI_bs_40_107	 1	 12	 GumiWine2.bmp	 1.595357e+03	 12	 999000	 120	 999000	 999	 1.596375e+03	 816.67	 816.67	 22.00	 24	 3.84	 
BMI_bs_40_107	 1	 12	 ChocolateParaCookies5.bmp	 1.598360e+03	 24	 999000	 240	 999000	 999	 1.599378e+03	 816.67	 816.67	 46.00	 55	 0.56	 
