subjectID	order	runNum	itemName	onsetTime	shuff_trialType	RT	respInTime	AudioTime	response	fixationTime	ladder1	ladder2	bidIndex	BDMtrialIndex	bidValue
BMI_bs_40_120	 2	 1	 SkittlesSour4.bmp	 1.249543e+00	 22	 1.082860e+03	 2200	 7.500547e+02	 98	 2.283415e+00	 750.00	 700.00	 48.00	 50	 0.16	 
BMI_bs_40_120	 2	 1	 Cheetos.bmp	 4.235823e+00	 24	 999000	 240	 999000	 999	 5.253671e+00	 750.00	 700.00	 41.00	 28	 0.18	 
BMI_bs_40_120	 2	 1	 WerthersOriginal.bmp	 6.238072e+00	 11	 1.119567e+03	 1100	 7.500728e+02	 98	 7.272479e+00	 700.00	 700.00	 14.00	 19	 4.33	 
BMI_bs_40_120	 2	 1	 Snickers.bmp	 8.240253e+00	 11	 1.042484e+03	 1100	 7.000463e+02	 98	 9.276468e+00	 650.00	 700.00	 9.00	 6	 4.91	 
BMI_bs_40_120	 2	 1	 DoritosNatural.bmp	 1.024250e+01	 24	 999000	 240	 999000	 999	 1.126041e+01	 650.00	 700.00	 55.00	 46	 0.11	 
BMI_bs_40_120	 2	 1	 Loacker.bmp	 1.324593e+01	 11	 8.245471e+02	 110	 6.500476e+02	 98	 1.428067e+01	 666.67	 700.00	 8.00	 37	 4.93	 
BMI_bs_40_120	 2	 1	 KashitSour.bmp	 1.524817e+01	 22	 9.723722e+02	 220	 7.000487e+02	 98	 1.628398e+01	 666.67	 716.67	 49.00	 58	 0.16	 
BMI_bs_40_120	 2	 1	 BisliOnion.bmp	 1.923597e+01	 24	 999000	 240	 999000	 999	 2.025372e+01	 666.67	 716.67	 52.00	 13	 0.13	 
BMI_bs_40_120	 2	 1	 Tictac.bmp	 2.123819e+01	 24	 999000	 240	 999000	 999	 2.225596e+01	 666.67	 716.67	 56.00	 53	 0.11	 
BMI_bs_40_120	 2	 1	 KinderBuenoWhite2.bmp	 2.624380e+01	 24	 999000	 240	 999000	 999	 2.726162e+01	 666.67	 716.67	 39.00	 36	 0.20	 
BMI_bs_40_120	 2	 1	 ClickXLbrown4.bmp	 2.824605e+01	 11	 8.500771e+02	 110	 6.667233e+02	 98	 2.928106e+01	 683.33	 716.67	 11.00	 51	 4.89	 
BMI_bs_40_120	 2	 1	 ChocolateParaMilk3.bmp	 3.223399e+01	 12	 999000	 120	 999000	 999	 3.325174e+01	 683.33	 716.67	 6.00	 10	 4.96	 
BMI_bs_40_120	 2	 1	 PesekZman.bmp	 3.423612e+01	 12	 999000	 120	 999000	 999	 3.525398e+01	 683.33	 716.67	 3.00	 15	 5.42	 
BMI_bs_40_120	 2	 1	 Popco.bmp	 3.723953e+01	 24	 999000	 240	 999000	 999	 3.825732e+01	 683.33	 716.67	 53.00	 41	 0.13	 
BMI_bs_40_120	 2	 1	 KifkefMaklot2.bmp	 4.224503e+01	 12	 999000	 120	 999000	 999	 4.326292e+01	 683.33	 716.67	 22.00	 4	 3.73	 
BMI_bs_40_120	 2	 1	 Keifli.bmp	 4.424739e+01	 24	 999000	 240	 999000	 999	 4.526513e+01	 683.33	 716.67	 47.00	 40	 0.16	 
BMI_bs_40_120	 2	 1	 Egozi.bmp	 4.624960e+01	 24	 999000	 240	 999000	 999	 4.726734e+01	 683.33	 716.67	 42.00	 32	 0.18	 
BMI_bs_40_120	 2	 1	 GumiWine2.bmp	 5.023742e+01	 22	 1.034716e+03	 2200	 7.167196e+02	 98	 5.127336e+01	 683.33	 666.67	 54.00	 47	 0.13	 
BMI_bs_40_120	 2	 1	 KinderBuenoBrown3.bmp	 5.424193e+01	 12	 999000	 120	 999000	 999	 5.525969e+01	 683.33	 666.67	 13.00	 16	 4.64	 
BMI_bs_40_120	 2	 1	 Smarties.bmp	 5.824633e+01	 12	 999000	 120	 999000	 999	 5.926425e+01	 683.33	 666.67	 5.00	 14	 5.36	 
BMI_bs_40_120	 2	 1	 BambaSweet.bmp	 6.024873e+01	 24	 999000	 240	 999000	 999	 6.126645e+01	 683.33	 666.67	 50.00	 60	 0.16	 
BMI_bs_40_120	 2	 1	 HispusimShatiah.bmp	 6.223389e+01	 24	 999000	 240	 999000	 999	 6.325204e+01	 683.33	 666.67	 40.00	 44	 0.20	 
BMI_bs_40_120	 2	 1	 BagaleShtuhim.bmp	 6.423651e+01	 12	 999000	 120	 999000	 999	 6.525425e+01	 683.33	 666.67	 18.00	 22	 3.89	 
BMI_bs_40_120	 2	 1	 BisliGrill.bmp	 6.623874e+01	 24	 999000	 240	 999000	 999	 6.725645e+01	 683.33	 666.67	 57.00	 54	 0.11	 
BMI_bs_40_120	 2	 1	 Apropo.bmp	 7.224543e+01	 12	 999000	 120	 999000	 999	 7.326326e+01	 683.33	 666.67	 15.00	 31	 4.31	 
BMI_bs_40_120	 2	 1	 Hit.bmp	 7.524885e+01	 11	 9.744625e+02	 110	 6.833776e+02	 98	 7.628499e+01	 700.00	 666.67	 17.00	 5	 4.22	 
BMI_bs_40_120	 2	 1	 BisliPizza3.bmp	 7.723410e+01	 22	 1.064312e+03	 2200	 6.667140e+02	 98	 7.826879e+01	 700.00	 616.67	 46.00	 29	 0.16	 
BMI_bs_40_120	 2	 1	 CrunchBisquitBrown3.bmp	 7.923667e+01	 12	 999000	 120	 999000	 999	 8.025449e+01	 700.00	 616.67	 12.00	 24	 4.78	 
BMI_bs_40_120	 2	 1	 CrunchBisquitWhite2.bmp	 8.224005e+01	 22	 8.460681e+02	 220	 6.167200e+02	 98	 8.327569e+01	 700.00	 633.33	 43.00	 33	 0.18	 
BMI_bs_40_120	 2	 1	 ClickBlackWhite3.bmp	 8.424223e+01	 12	 999000	 120	 999000	 999	 8.525998e+01	 700.00	 633.33	 7.00	 55	 4.96	 
BMI_bs_40_120	 2	 1	 SkittlesFruits2.bmp	 8.624441e+01	 24	 999000	 240	 999000	 999	 8.726223e+01	 700.00	 633.33	 44.00	 57	 0.18	 
BMI_bs_40_120	 2	 1	 ChocolateParaSucariotKoftzot2.bmp	 8.824667e+01	 12	 999000	 120	 999000	 999	 8.926450e+01	 700.00	 633.33	 4.00	 21	 5.42	 
BMI_bs_40_120	 2	 1	 Mars.bmp	 9.123346e+01	 12	 999000	 120	 999000	 999	 9.225113e+01	 700.00	 633.33	 20.00	 18	 3.80	 
BMI_bs_40_120	 2	 1	 Tapuchips.bmp	 9.323565e+01	 12	 999000	 120	 999000	 999	 9.425345e+01	 700.00	 633.33	 10.00	 17	 4.91	 
BMI_bs_40_120	 2	 1	 Kitkat.bmp	 9.523783e+01	 12	 999000	 120	 999000	 999	 9.625573e+01	 700.00	 633.33	 21.00	 52	 3.80	 
BMI_bs_40_120	 2	 1	 ClickBisquit2.bmp	 9.724010e+01	 11	 1.021875e+03	 1100	 7.000444e+02	 98	 9.827467e+01	 650.00	 633.33	 16.00	 26	 4.27	 
BMI_bs_40_120	 2	 1	 Halva2.bmp	 9.924232e+01	 22	 8.571719e+02	 220	 6.333901e+02	 98	 1.002767e+02	 650.00	 650.00	 51.00	 3	 0.13	 
BMI_bs_40_120	 2	 1	 Twist.bmp	 1.052491e+02	 24	 999000	 240	 999000	 999	 1.062669e+02	 650.00	 650.00	 45.00	 9	 0.16	 
BMI_bs_40_120	 2	 1	 ClickBalls5.bmp	 1.082359e+02	 12	 999000	 120	 999000	 999	 1.092537e+02	 650.00	 650.00	 19.00	 56	 3.89	 
BMI_bs_40_120	 2	 1	 Bounty.bmp	 1.122403e+02	 24	 999000	 240	 999000	 999	 1.132581e+02	 650.00	 650.00	 58.00	 49	 0.09	 
