subjectID	order	runNum	itemName	onsetTime	shuff_trialType	RT	respInTime	AudioTime	response	fixationTime	ladder1	ladder2	bidIndex	BDMtrialIndex	bidValue
bmem_snacks2_133	 1	 13	 ChocolateParaSucariotKoftzot2.bmp	 4.953606e+02	 12	 999000	 120	 999000	 999	 4.963783e+02	 550.00	 550.00	 3.00	 41	 8.07	 
bmem_snacks2_133	 1	 13	 DoritosSourSpicy.bmp	 5.003496e+02	 12	 999000	 120	 999000	 999	 5.013674e+02	 550.00	 550.00	 11.00	 45	 6.04	 
bmem_snacks2_133	 1	 13	 Taami.bmp	 5.023517e+02	 24	 999000	 240	 999000	 999	 5.033696e+02	 550.00	 550.00	 51.00	 1	 2.73	 
bmem_snacks2_133	 1	 13	 Bounty.bmp	 5.043540e+02	 12	 999000	 120	 999000	 999	 5.053718e+02	 550.00	 550.00	 9.00	 39	 6.76	 
bmem_snacks2_133	 1	 13	 KashitSour.bmp	 5.103437e+02	 24	 999000	 240	 999000	 999	 5.113618e+02	 550.00	 550.00	 49.00	 6	 2.82	 
bmem_snacks2_133	 1	 13	 ClickBalls5.bmp	 5.123463e+02	 12	 999000	 120	 999000	 999	 5.133641e+02	 550.00	 550.00	 20.00	 53	 5.84	 
bmem_snacks2_133	 1	 13	 TapuchipsCrunch.bmp	 5.153497e+02	 12	 999000	 120	 999000	 999	 5.163675e+02	 550.00	 550.00	 17.00	 22	 5.91	 
bmem_snacks2_133	 1	 13	 Smarties.bmp	 5.173519e+02	 24	 999000	 240	 999000	 999	 5.183697e+02	 550.00	 550.00	 55.00	 33	 2.67	 
bmem_snacks2_133	 1	 13	 Mentos.bmp	 5.213564e+02	 24	 999000	 240	 999000	 999	 5.223742e+02	 550.00	 550.00	 42.00	 11	 3.78	 
bmem_snacks2_133	 1	 13	 ChocolateParaMilk3.bmp	 5.233417e+02	 12	 999000	 120	 999000	 999	 5.243597e+02	 550.00	 550.00	 4.00	 23	 8.02	 
bmem_snacks2_133	 1	 13	 Popco.bmp	 5.283477e+02	 12	 999000	 120	 999000	 999	 5.293654e+02	 550.00	 550.00	 21.00	 29	 5.82	 
bmem_snacks2_133	 1	 13	 CrunchShokoVanil.bmp	 5.353555e+02	 24	 999000	 240	 999000	 999	 5.363732e+02	 550.00	 550.00	 43.00	 28	 3.73	 
bmem_snacks2_133	 1	 13	 ClickBlackWhite3.bmp	 5.373577e+02	 12	 999000	 120	 999000	 999	 5.383754e+02	 550.00	 550.00	 14.00	 14	 5.96	 
bmem_snacks2_133	 1	 13	 HispusimShatiah.bmp	 5.403444e+02	 24	 999000	 240	 999000	 999	 5.413622e+02	 550.00	 550.00	 58.00	 25	 2.49	 
bmem_snacks2_133	 1	 13	 BambaNugat.bmp	 5.433479e+02	 11	 9.055675e+02	 110	 5.500636e+02	 98	 5.443841e+02	 566.67	 550.00	 10.00	 60	 6.16	 
bmem_snacks2_133	 1	 13	 BabyDoll.bmp	 5.473522e+02	 24	 999000	 240	 999000	 999	 5.483701e+02	 566.67	 550.00	 57.00	 35	 2.60	 
bmem_snacks2_133	 1	 13	 KinderBuenoWhite2.bmp	 5.513567e+02	 12	 999000	 120	 999000	 999	 5.523745e+02	 566.67	 550.00	 8.00	 16	 6.89	 
bmem_snacks2_133	 1	 13	 Twist.bmp	 5.553445e+02	 22	 7.969881e+02	 220	 5.500925e+02	 98	 5.563792e+02	 566.67	 566.67	 47.00	 57	 2.96	 
bmem_snacks2_133	 1	 13	 Kitkat.bmp	 5.583479e+02	 12	 999000	 120	 999000	 999	 5.593657e+02	 566.67	 566.67	 16.00	 9	 5.91	 
bmem_snacks2_133	 1	 13	 Mars.bmp	 5.643547e+02	 24	 999000	 240	 999000	 999	 5.653724e+02	 566.67	 566.67	 41.00	 2	 3.80	 
bmem_snacks2_133	 1	 13	 Tortit.bmp	 5.663569e+02	 24	 999000	 240	 999000	 999	 5.673746e+02	 566.67	 566.67	 54.00	 3	 2.67	 
bmem_snacks2_133	 1	 13	 Loacker.bmp	 5.693435e+02	 11	 1.126008e+03	 1100	 5.667365e+02	 98	 5.703783e+02	 516.67	 566.67	 18.00	 32	 5.91	 
bmem_snacks2_133	 1	 13	 ClickXLwhite4.bmp	 5.713458e+02	 22	 1.035681e+03	 2200	 5.667078e+02	 98	 5.723805e+02	 516.67	 516.67	 44.00	 34	 3.67	 
bmem_snacks2_133	 1	 13	 Shugi.bmp	 5.733481e+02	 24	 999000	 240	 999000	 999	 5.743658e+02	 516.67	 516.67	 56.00	 18	 2.64	 
bmem_snacks2_133	 1	 13	 Egozi.bmp	 5.753503e+02	 22	 8.071633e+02	 220	 5.167307e+02	 98	 5.763868e+02	 516.67	 533.33	 50.00	 38	 2.76	 
bmem_snacks2_133	 1	 13	 CrunchBisquitBrown3.bmp	 5.783536e+02	 12	 999000	 120	 999000	 999	 5.793714e+02	 516.67	 533.33	 5.00	 20	 7.93	 
bmem_snacks2_133	 1	 13	 ClickXLbrown4.bmp	 5.823581e+02	 11	 8.073728e+02	 110	 5.167395e+02	 98	 5.833945e+02	 533.33	 533.33	 15.00	 30	 5.93	 
bmem_snacks2_133	 1	 13	 SkittlesSour4.bmp	 5.843436e+02	 24	 999000	 240	 999000	 999	 5.853615e+02	 533.33	 533.33	 39.00	 54	 4.31	 
bmem_snacks2_133	 1	 13	 GumiWine2.bmp	 5.863459e+02	 22	 8.195246e+02	 220	 5.333769e+02	 98	 5.873804e+02	 533.33	 550.00	 53.00	 58	 2.69	 
bmem_snacks2_133	 1	 13	 HappyHippo.bmp	 5.883481e+02	 22	 8.253848e+02	 220	 5.500674e+02	 98	 5.893838e+02	 533.33	 566.67	 45.00	 51	 3.60	 
bmem_snacks2_133	 1	 13	 BambaSweet.bmp	 5.903504e+02	 24	 999000	 240	 999000	 999	 5.913682e+02	 533.33	 566.67	 48.00	 44	 2.93	 
bmem_snacks2_133	 1	 13	 WerthersOriginal.bmp	 5.923528e+02	 11	 7.486670e+02	 110	 5.334026e+02	 98	 5.933874e+02	 550.00	 566.67	 7.00	 31	 6.98	 
bmem_snacks2_133	 1	 13	 KinderJoy.bmp	 5.963572e+02	 24	 999000	 240	 999000	 999	 5.973750e+02	 550.00	 566.67	 40.00	 56	 4.02	 
bmem_snacks2_133	 1	 13	 Twix.bmp	 6.003449e+02	 11	 8.845685e+02	 110	 5.500735e+02	 98	 6.013795e+02	 566.67	 566.67	 13.00	 10	 6.00	 
bmem_snacks2_133	 1	 13	 KifkefMaklot2.bmp	 6.023472e+02	 11	 8.102750e+02	 110	 5.667609e+02	 98	 6.033818e+02	 583.33	 566.67	 12.00	 17	 6.02	 
bmem_snacks2_133	 1	 13	 Keifli.bmp	 6.043494e+02	 22	 8.480775e+02	 220	 5.667548e+02	 98	 6.053853e+02	 583.33	 583.33	 52.00	 42	 2.69	 
bmem_snacks2_133	 1	 13	 DoritosGrill.bmp	 6.063517e+02	 12	 999000	 120	 999000	 999	 6.073694e+02	 583.33	 583.33	 19.00	 26	 5.87	 
bmem_snacks2_133	 1	 13	 ChocolateParaCookies5.bmp	 6.083539e+02	 12	 999000	 120	 999000	 999	 6.093717e+02	 583.33	 583.33	 6.00	 21	 7.67	 
bmem_snacks2_133	 1	 13	 Mekupelet.bmp	 6.143440e+02	 12	 999000	 120	 999000	 999	 6.153618e+02	 583.33	 583.33	 22.00	 36	 5.71	 
bmem_snacks2_133	 1	 13	 SkittlesFruits2.bmp	 6.163463e+02	 24	 999000	 240	 999000	 999	 6.173640e+02	 583.33	 583.33	 46.00	 48	 3.49	 
