subjectID	order	runNum	itemName	onsetTime	shuff_trialType	RT	respInTime	AudioTime	response	fixationTime	ladder1	ladder2	bidIndex	BDMtrialIndex	bidValue
bmem_snacks2_132	 2	 11	 ChocolateParaMarir2.bmp	 4.917256e+02	 24	 999000	 240	 999000	 999	 4.927434e+02	 683.33	 616.67	 58.00	 55	 1.64	 
bmem_snacks2_132	 2	 11	 KinderJoy.bmp	 4.937279e+02	 12	 999000	 120	 999000	 999	 4.947457e+02	 683.33	 616.67	 21.00	 24	 4.91	 
bmem_snacks2_132	 2	 11	 Bounty.bmp	 4.977323e+02	 22	 8.417694e+02	 220	 6.167722e+02	 98	 4.987692e+02	 683.33	 633.33	 48.00	 47	 2.78	 
bmem_snacks2_132	 2	 11	 ChocolateParaSucariotKoftzot2.bmp	 5.007187e+02	 11	 1.023413e+03	 1100	 6.833968e+02	 98	 5.017556e+02	 633.33	 633.33	 9.00	 57	 8.93	 
bmem_snacks2_132	 2	 11	 Twix.bmp	 5.027212e+02	 11	 8.688533e+02	 110	 6.333817e+02	 98	 5.037575e+02	 650.00	 633.33	 16.00	 39	 6.00	 
bmem_snacks2_132	 2	 11	 HispusimShatiah.bmp	 5.057247e+02	 22	 8.814033e+02	 220	 6.334163e+02	 98	 5.067615e+02	 650.00	 650.00	 51.00	 51	 2.76	 
bmem_snacks2_132	 2	 11	 PesekZman.bmp	 5.097291e+02	 12	 999000	 120	 999000	 999	 5.107469e+02	 650.00	 650.00	 20.00	 36	 5.87	 
bmem_snacks2_132	 2	 11	 ClickXLbrown4.bmp	 5.137336e+02	 11	 8.964471e+02	 110	 6.500772e+02	 98	 5.147682e+02	 666.67	 650.00	 8.00	 38	 9.04	 
bmem_snacks2_132	 2	 11	 BisliPizza3.bmp	 5.157189e+02	 12	 999000	 120	 999000	 999	 5.167370e+02	 666.67	 650.00	 7.00	 5	 9.11	 
bmem_snacks2_132	 2	 11	 SkittlesSour4.bmp	 5.207247e+02	 24	 999000	 240	 999000	 999	 5.217426e+02	 666.67	 650.00	 53.00	 23	 2.73	 
bmem_snacks2_132	 2	 11	 ClickBalls5.bmp	 5.227270e+02	 11	 1.063040e+03	 1100	 6.667134e+02	 98	 5.237629e+02	 616.67	 650.00	 11.00	 59	 7.07	 
bmem_snacks2_132	 2	 11	 BisliGrill.bmp	 5.247292e+02	 12	 999000	 120	 999000	 999	 5.257482e+02	 616.67	 650.00	 3.00	 30	 9.20	 
bmem_snacks2_132	 2	 11	 KashitSour.bmp	 5.307191e+02	 24	 999000	 240	 999000	 999	 5.317372e+02	 616.67	 650.00	 41.00	 3	 3.11	 
bmem_snacks2_132	 2	 11	 ClickBlackWhite3.bmp	 5.327216e+02	 12	 999000	 120	 999000	 999	 5.337393e+02	 616.67	 650.00	 19.00	 41	 5.89	 
bmem_snacks2_132	 2	 11	 CrunchBisquitBrown3.bmp	 5.347238e+02	 11	 8.262736e+02	 110	 6.167422e+02	 98	 5.357605e+02	 633.33	 650.00	 14.00	 19	 7.02	 
bmem_snacks2_132	 2	 11	 Smarties.bmp	 5.367260e+02	 24	 999000	 240	 999000	 999	 5.377439e+02	 633.33	 650.00	 42.00	 33	 2.84	 
bmem_snacks2_132	 2	 11	 Shugi.bmp	 5.407306e+02	 24	 999000	 240	 999000	 999	 5.417483e+02	 633.33	 650.00	 47.00	 22	 2.78	 
bmem_snacks2_132	 2	 11	 DoritosNatural.bmp	 5.447181e+02	 24	 999000	 240	 999000	 999	 5.457361e+02	 633.33	 650.00	 52.00	 14	 2.73	 
bmem_snacks2_132	 2	 11	 ClickBisquit2.bmp	 5.477218e+02	 12	 999000	 120	 999000	 999	 5.487396e+02	 633.33	 650.00	 12.00	 4	 7.04	 
bmem_snacks2_132	 2	 11	 ClickXLwhite4.bmp	 5.517263e+02	 12	 999000	 120	 999000	 999	 5.527441e+02	 633.33	 650.00	 6.00	 28	 9.16	 
bmem_snacks2_132	 2	 11	 TapuchipsCrunch.bmp	 5.547296e+02	 12	 999000	 120	 999000	 999	 5.557474e+02	 633.33	 650.00	 4.00	 54	 9.20	 
bmem_snacks2_132	 2	 11	 BagaleShtuhim.bmp	 5.567319e+02	 11	 8.742168e+02	 110	 6.333695e+02	 98	 5.577686e+02	 650.00	 650.00	 17.00	 60	 6.00	 
bmem_snacks2_132	 2	 11	 BabyDoll.bmp	 5.607196e+02	 24	 999000	 240	 999000	 999	 5.617375e+02	 650.00	 650.00	 57.00	 48	 1.67	 
bmem_snacks2_132	 2	 11	 Snickers.bmp	 5.627220e+02	 24	 999000	 240	 999000	 999	 5.637398e+02	 650.00	 650.00	 45.00	 46	 2.80	 
bmem_snacks2_132	 2	 11	 KinderBuenoWhite2.bmp	 5.647241e+02	 24	 999000	 240	 999000	 999	 5.657419e+02	 650.00	 650.00	 39.00	 12	 3.73	 
bmem_snacks2_132	 2	 11	 Cheetos.bmp	 5.687286e+02	 22	 8.694903e+02	 220	 6.500799e+02	 98	 5.697636e+02	 650.00	 666.67	 54.00	 25	 2.69	 
bmem_snacks2_132	 2	 11	 Mekupelet.bmp	 5.707308e+02	 24	 999000	 240	 999000	 999	 5.717486e+02	 650.00	 666.67	 44.00	 42	 2.82	 
bmem_snacks2_132	 2	 11	 Kitkat.bmp	 5.747184e+02	 12	 999000	 120	 999000	 999	 5.757366e+02	 650.00	 666.67	 13.00	 35	 7.04	 
bmem_snacks2_132	 2	 11	 GumiWine2.bmp	 5.787231e+02	 24	 999000	 240	 999000	 999	 5.797411e+02	 650.00	 666.67	 55.00	 58	 2.67	 
bmem_snacks2_132	 2	 11	 Taami.bmp	 5.817266e+02	 12	 999000	 120	 999000	 999	 5.827443e+02	 650.00	 666.67	 10.00	 13	 7.07	 
bmem_snacks2_132	 2	 11	 Mentos.bmp	 5.877333e+02	 24	 999000	 240	 999000	 999	 5.887511e+02	 650.00	 666.67	 50.00	 2	 2.76	 
bmem_snacks2_132	 2	 11	 BisliOnion.bmp	 5.897185e+02	 12	 999000	 120	 999000	 999	 5.907366e+02	 650.00	 666.67	 5.00	 7	 9.18	 
bmem_snacks2_132	 2	 11	 Egozi.bmp	 5.937233e+02	 22	 9.067960e+02	 220	 6.667038e+02	 98	 5.947597e+02	 650.00	 683.33	 43.00	 15	 2.82	 
bmem_snacks2_132	 2	 11	 KifkefMaklot2.bmp	 5.957256e+02	 12	 999000	 120	 999000	 999	 5.967434e+02	 650.00	 683.33	 18.00	 18	 5.96	 
bmem_snacks2_132	 2	 11	 CrunchShokoVanil.bmp	 5.977278e+02	 24	 999000	 240	 999000	 999	 5.987456e+02	 650.00	 683.33	 40.00	 43	 3.31	 
bmem_snacks2_132	 2	 11	 Tortit.bmp	 5.997301e+02	 12	 999000	 120	 999000	 999	 6.007478e+02	 650.00	 683.33	 15.00	 27	 6.98	 
bmem_snacks2_132	 2	 11	 Bamba.bmp	 6.047187e+02	 22	 9.433480e+02	 220	 6.834182e+02	 98	 6.057554e+02	 650.00	 700.00	 49.00	 52	 2.78	 
bmem_snacks2_132	 2	 11	 Apropo.bmp	 6.067213e+02	 12	 999000	 120	 999000	 999	 6.077390e+02	 650.00	 700.00	 22.00	 45	 4.91	 
bmem_snacks2_132	 2	 11	 HappyHippo.bmp	 6.087235e+02	 22	 9.706211e+02	 220	 7.000705e+02	 98	 6.097580e+02	 650.00	 716.67	 46.00	 20	 2.78	 
bmem_snacks2_132	 2	 11	 SkittlesFruits2.bmp	 6.117269e+02	 24	 999000	 240	 999000	 999	 6.127447e+02	 650.00	 716.67	 56.00	 16	 2.62	 
