subjectID	order	runNum	itemName	onsetTime	shuff_trialType	RT	respInTime	AudioTime	response	fixationTime	ladder1	ladder2	bidIndex	BDMtrialIndex	bidValue
bmem_snacks2_128	 2	 13	 Keifli.bmp	 5.080885e+02	 22	 6.455474e+02	 22	 6.834315e+02	 98	 5.091235e+02	 683.33	 700.00	 51.00	 52	 1.16	 
bmem_snacks2_128	 2	 13	 DoritosNatural.bmp	 5.110751e+02	 12	 999000	 120	 999000	 999	 5.120929e+02	 683.33	 700.00	 20.00	 37	 3.80	 
bmem_snacks2_128	 2	 13	 ClickBalls5.bmp	 5.150795e+02	 11	 9.424732e+02	 110	 6.834228e+02	 98	 5.161141e+02	 700.00	 700.00	 17.00	 1	 3.87	 
bmem_snacks2_128	 2	 13	 GumiSnakes3.bmp	 5.170818e+02	 24	 999000	 240	 999000	 999	 5.180997e+02	 700.00	 700.00	 44.00	 51	 1.56	 
bmem_snacks2_128	 2	 13	 BisliOnion.bmp	 5.190841e+02	 22	 9.618618e+02	 220	 7.000344e+02	 98	 5.201189e+02	 700.00	 716.67	 54.00	 21	 0.82	 
bmem_snacks2_128	 2	 13	 KinderBuenoBrown3.bmp	 5.230719e+02	 11	 1.166116e+03	 1100	 7.000810e+02	 98	 5.241089e+02	 650.00	 716.67	 9.00	 42	 4.89	 
bmem_snacks2_128	 2	 13	 DoritosGrill.bmp	 5.250741e+02	 12	 999000	 120	 999000	 999	 5.260920e+02	 650.00	 716.67	 7.00	 19	 5.07	 
bmem_snacks2_128	 2	 13	 Smarties.bmp	 5.300798e+02	 22	 9.182080e+02	 220	 7.167424e+02	 98	 5.311167e+02	 650.00	 733.33	 48.00	 22	 1.47	 
bmem_snacks2_128	 2	 13	 Mekupelet.bmp	 5.320820e+02	 11	 8.359566e+02	 110	 6.500696e+02	 98	 5.331167e+02	 666.67	 733.33	 16.00	 13	 4.22	 
bmem_snacks2_128	 2	 13	 Egozi.bmp	 5.350685e+02	 12	 999000	 120	 999000	 999	 5.360866e+02	 666.67	 733.33	 15.00	 18	 4.53	 
bmem_snacks2_128	 2	 13	 Taami.bmp	 5.380720e+02	 24	 999000	 240	 999000	 999	 5.390899e+02	 666.67	 733.33	 55.00	 4	 0.76	 
bmem_snacks2_128	 2	 13	 BambaNugat.bmp	 5.420765e+02	 24	 999000	 240	 999000	 999	 5.430945e+02	 666.67	 733.33	 42.00	 11	 1.67	 
bmem_snacks2_128	 2	 13	 ClickXLbrown4.bmp	 5.450799e+02	 12	 999000	 120	 999000	 999	 5.460977e+02	 666.67	 733.33	 10.00	 49	 4.87	 
bmem_snacks2_128	 2	 13	 WerthersOriginal.bmp	 5.470822e+02	 12	 999000	 120	 999000	 999	 5.481000e+02	 666.67	 733.33	 4.00	 45	 5.91	 
bmem_snacks2_128	 2	 13	 SkittlesFruits2.bmp	 5.500686e+02	 22	 1.049378e+03	 2200	 7.333699e+02	 98	 5.511062e+02	 666.67	 683.33	 43.00	 34	 1.58	 
bmem_snacks2_128	 2	 13	 ChocolateParaSucariotKoftzot2.bmp	 5.540733e+02	 12	 999000	 120	 999000	 999	 5.550912e+02	 666.67	 683.33	 18.00	 36	 3.82	 
bmem_snacks2_128	 2	 13	 HappyHippo.bmp	 5.570767e+02	 24	 999000	 240	 999000	 999	 5.580946e+02	 666.67	 683.33	 41.00	 58	 1.69	 
bmem_snacks2_128	 2	 13	 Kitkat.bmp	 5.590790e+02	 11	 8.549908e+02	 110	 6.667190e+02	 98	 5.601146e+02	 683.33	 683.33	 11.00	 60	 4.84	 
bmem_snacks2_128	 2	 13	 Twix.bmp	 5.610813e+02	 24	 999000	 240	 999000	 999	 5.620990e+02	 683.33	 683.33	 47.00	 7	 1.51	 
bmem_snacks2_128	 2	 13	 KinderBuenoWhite2.bmp	 5.660702e+02	 12	 999000	 120	 999000	 999	 5.670880e+02	 683.33	 683.33	 21.00	 28	 3.78	 
bmem_snacks2_128	 2	 13	 Hit.bmp	 5.700747e+02	 24	 999000	 240	 999000	 999	 5.710925e+02	 683.33	 683.33	 39.00	 44	 1.69	 
bmem_snacks2_128	 2	 13	 Snickers.bmp	 5.740791e+02	 12	 999000	 120	 999000	 999	 5.750970e+02	 683.33	 683.33	 3.00	 54	 5.98	 
bmem_snacks2_128	 2	 13	 Twist.bmp	 5.800693e+02	 24	 999000	 240	 999000	 999	 5.810871e+02	 683.33	 683.33	 45.00	 27	 1.53	 
bmem_snacks2_128	 2	 13	 BisliPizza3.bmp	 5.820715e+02	 24	 999000	 240	 999000	 999	 5.830892e+02	 683.33	 683.33	 52.00	 17	 0.89	 
bmem_snacks2_128	 2	 13	 ClickXLwhite4.bmp	 5.840737e+02	 11	 9.002796e+02	 110	 6.833735e+02	 98	 5.851101e+02	 700.00	 683.33	 14.00	 31	 4.76	 
bmem_snacks2_128	 2	 13	 KifkefMaklot2.bmp	 5.860760e+02	 24	 999000	 240	 999000	 999	 5.870938e+02	 700.00	 683.33	 40.00	 57	 1.69	 
bmem_snacks2_128	 2	 13	 DoritosSourSpicy.bmp	 5.880784e+02	 12	 999000	 120	 999000	 999	 5.890960e+02	 700.00	 683.33	 12.00	 33	 4.82	 
bmem_snacks2_128	 2	 13	 BambaSweet.bmp	 5.920828e+02	 22	 9.792081e+02	 220	 6.833871e+02	 98	 5.931172e+02	 700.00	 700.00	 46.00	 32	 1.53	 
bmem_snacks2_128	 2	 13	 CrunchBisquitWhite2.bmp	 5.940680e+02	 12	 999000	 120	 999000	 999	 5.950861e+02	 700.00	 700.00	 19.00	 47	 3.82	 
bmem_snacks2_128	 2	 13	 BagaleShtuhim.bmp	 5.980729e+02	 24	 999000	 240	 999000	 999	 5.990906e+02	 700.00	 700.00	 57.00	 25	 0.73	 
bmem_snacks2_128	 2	 13	 CrunchBisquitBrown3.bmp	 6.000751e+02	 12	 999000	 120	 999000	 999	 6.010928e+02	 700.00	 700.00	 22.00	 46	 3.73	 
bmem_snacks2_128	 2	 13	 KashitSour.bmp	 6.020775e+02	 24	 999000	 240	 999000	 999	 6.030951e+02	 700.00	 700.00	 56.00	 24	 0.76	 
bmem_snacks2_128	 2	 13	 Loacker.bmp	 6.040795e+02	 24	 999000	 240	 999000	 999	 6.050985e+02	 700.00	 700.00	 50.00	 5	 1.40	 
bmem_snacks2_128	 2	 13	 ClickBlackWhite3.bmp	 6.090684e+02	 12	 999000	 120	 999000	 999	 6.100864e+02	 700.00	 700.00	 13.00	 35	 4.78	 
bmem_snacks2_128	 2	 13	 BabyDoll.bmp	 6.110707e+02	 24	 999000	 240	 999000	 999	 6.120886e+02	 700.00	 700.00	 58.00	 16	 0.67	 
bmem_snacks2_128	 2	 13	 Apropo.bmp	 6.130730e+02	 12	 999000	 120	 999000	 999	 6.140907e+02	 700.00	 700.00	 5.00	 53	 5.91	 
bmem_snacks2_128	 2	 13	 Shugi.bmp	 6.160763e+02	 11	 8.416803e+02	 110	 7.000386e+02	 98	 6.171132e+02	 716.67	 700.00	 8.00	 41	 4.96	 
bmem_snacks2_128	 2	 13	 BisliGrill.bmp	 6.230673e+02	 22	 9.067149e+02	 220	 7.000821e+02	 98	 6.241036e+02	 716.67	 716.67	 49.00	 6	 1.44	 
bmem_snacks2_128	 2	 13	 HispusimShatiah.bmp	 6.270720e+02	 24	 999000	 240	 999000	 999	 6.280899e+02	 716.67	 716.67	 53.00	 3	 0.84	 
bmem_snacks2_128	 2	 13	 ChocolateParaMarir2.bmp	 6.340799e+02	 12	 999000	 120	 999000	 999	 6.350976e+02	 716.67	 716.67	 6.00	 43	 5.78	 
