subjectID	order	runNum	itemName	onsetTime	shuff_trialType	RT	respInTime	AudioTime	response	fixationTime	ladder1	ladder2	bidIndex	BDMtrialIndex	bidValue
bmem_snacks2_138	 2	 13	 ClickBisquit2.bmp	 5.138857e+02	 12	 999000	 120	 999000	 999	 5.149035e+02	 750.00	 750.00	 4.00	 15	 5.93	 
bmem_snacks2_138	 2	 13	 Mekupelet.bmp	 5.168724e+02	 24	 999000	 240	 999000	 999	 5.178902e+02	 750.00	 750.00	 41.00	 46	 3.82	 
bmem_snacks2_138	 2	 13	 BambaSweet.bmp	 5.188746e+02	 22	 9.393048e+02	 220	 7.501370e+02	 98	 5.199094e+02	 750.00	 766.67	 48.00	 37	 3.76	 
bmem_snacks2_138	 2	 13	 ChocolateParaMarir2.bmp	 5.208769e+02	 24	 999000	 240	 999000	 999	 5.218947e+02	 750.00	 766.67	 56.00	 26	 2.73	 
bmem_snacks2_138	 2	 13	 Smarties.bmp	 5.228791e+02	 24	 999000	 240	 999000	 999	 5.238969e+02	 750.00	 766.67	 58.00	 3	 2.67	 
bmem_snacks2_138	 2	 13	 Taami.bmp	 5.258825e+02	 12	 999000	 120	 999000	 999	 5.269002e+02	 750.00	 766.67	 13.00	 23	 4.96	 
bmem_snacks2_138	 2	 13	 ChocolateParaCookies5.bmp	 5.278678e+02	 12	 999000	 120	 999000	 999	 5.288859e+02	 750.00	 766.67	 22.00	 49	 4.82	 
bmem_snacks2_138	 2	 13	 KinderBuenoBrown3.bmp	 5.318726e+02	 12	 999000	 120	 999000	 999	 5.328904e+02	 750.00	 766.67	 18.00	 50	 4.84	 
bmem_snacks2_138	 2	 13	 BabyDoll.bmp	 5.338748e+02	 22	 9.791077e+02	 220	 7.667292e+02	 98	 5.349095e+02	 750.00	 783.33	 51.00	 45	 3.71	 
bmem_snacks2_138	 2	 13	 ClickBlackWhite3.bmp	 5.388804e+02	 12	 999000	 120	 999000	 999	 5.398982e+02	 750.00	 783.33	 5.00	 9	 5.91	 
bmem_snacks2_138	 2	 13	 KinderBuenoWhite2.bmp	 5.408827e+02	 12	 999000	 120	 999000	 999	 5.419005e+02	 750.00	 783.33	 21.00	 40	 4.82	 
bmem_snacks2_138	 2	 13	 ClickXLwhite4.bmp	 5.448705e+02	 12	 999000	 120	 999000	 999	 5.458885e+02	 750.00	 783.33	 7.00	 1	 5.89	 
bmem_snacks2_138	 2	 13	 Bamba.bmp	 5.468728e+02	 24	 999000	 240	 999000	 999	 5.478905e+02	 750.00	 783.33	 53.00	 8	 2.80	 
bmem_snacks2_138	 2	 13	 ChocolateParaSucariotKoftzot2.bmp	 5.498761e+02	 24	 999000	 240	 999000	 999	 5.508939e+02	 750.00	 783.33	 50.00	 54	 3.73	 
bmem_snacks2_138	 2	 13	 ClickBalls5.bmp	 5.548817e+02	 24	 999000	 240	 999000	 999	 5.558995e+02	 750.00	 783.33	 42.00	 52	 3.82	 
bmem_snacks2_138	 2	 13	 Shugi.bmp	 5.568670e+02	 24	 999000	 240	 999000	 999	 5.578850e+02	 750.00	 783.33	 52.00	 25	 3.64	 
bmem_snacks2_138	 2	 13	 WerthersOriginal.bmp	 5.588696e+02	 24	 999000	 240	 999000	 999	 5.598873e+02	 750.00	 783.33	 40.00	 60	 3.84	 
bmem_snacks2_138	 2	 13	 DoritosGrill.bmp	 5.628740e+02	 22	 1.020019e+03	 2200	 7.833859e+02	 98	 5.639084e+02	 750.00	 733.33	 49.00	 4	 3.73	 
bmem_snacks2_138	 2	 13	 BagaleShtuhim.bmp	 5.668786e+02	 11	 9.513110e+02	 110	 7.500867e+02	 98	 5.679144e+02	 766.67	 733.33	 11.00	 36	 5.02	 
bmem_snacks2_138	 2	 13	 Snickers.bmp	 5.708830e+02	 22	 9.549702e+02	 220	 7.334131e+02	 98	 5.719178e+02	 766.67	 750.00	 46.00	 20	 3.80	 
bmem_snacks2_138	 2	 13	 BisliOnion.bmp	 5.728687e+02	 22	 9.691857e+02	 220	 7.500409e+02	 98	 5.739034e+02	 766.67	 766.67	 43.00	 58	 3.82	 
bmem_snacks2_138	 2	 13	 Bounty.bmp	 5.748708e+02	 12	 999000	 120	 999000	 999	 5.758887e+02	 766.67	 766.67	 12.00	 41	 5.02	 
bmem_snacks2_138	 2	 13	 GumiWine2.bmp	 5.768730e+02	 24	 999000	 240	 999000	 999	 5.778909e+02	 766.67	 766.67	 47.00	 48	 3.80	 
bmem_snacks2_138	 2	 13	 Twix.bmp	 5.788753e+02	 24	 999000	 240	 999000	 999	 5.798932e+02	 766.67	 766.67	 39.00	 6	 3.84	 
bmem_snacks2_138	 2	 13	 Twist.bmp	 5.848821e+02	 24	 999000	 240	 999000	 999	 5.858999e+02	 766.67	 766.67	 55.00	 53	 2.80	 
bmem_snacks2_138	 2	 13	 CrunchBisquitWhite2.bmp	 5.878688e+02	 11	 8.091135e+02	 110	 7.667442e+02	 98	 5.889031e+02	 783.33	 766.67	 8.00	 18	 5.84	 
bmem_snacks2_138	 2	 13	 TapuchipsCrunch.bmp	 5.898710e+02	 11	 9.829224e+02	 110	 7.833830e+02	 98	 5.909057e+02	 800.00	 766.67	 16.00	 35	 4.89	 
bmem_snacks2_138	 2	 13	 Mars.bmp	 5.918733e+02	 12	 999000	 120	 999000	 999	 5.928910e+02	 800.00	 766.67	 19.00	 24	 4.82	 
bmem_snacks2_138	 2	 13	 SkittlesFruits2.bmp	 5.948767e+02	 12	 999000	 120	 999000	 999	 5.958944e+02	 800.00	 766.67	 15.00	 12	 4.89	 
bmem_snacks2_138	 2	 13	 Apropo.bmp	 5.968788e+02	 24	 999000	 240	 999000	 999	 5.978966e+02	 800.00	 766.67	 45.00	 19	 3.80	 
bmem_snacks2_138	 2	 13	 BambaNugat.bmp	 5.988812e+02	 11	 1.028731e+03	 1100	 8.000550e+02	 98	 5.999171e+02	 750.00	 766.67	 17.00	 44	 4.87	 
bmem_snacks2_138	 2	 13	 HispusimShatiah.bmp	 6.008665e+02	 24	 999000	 240	 999000	 999	 6.018845e+02	 750.00	 766.67	 44.00	 7	 3.80	 
bmem_snacks2_138	 2	 13	 Keifli.bmp	 6.038701e+02	 11	 7.919237e+02	 110	 7.500404e+02	 98	 6.049057e+02	 766.67	 766.67	 9.00	 22	 5.82	 
bmem_snacks2_138	 2	 13	 BisliPizza3.bmp	 6.058724e+02	 12	 999000	 120	 999000	 999	 6.068901e+02	 766.67	 766.67	 20.00	 33	 4.82	 
bmem_snacks2_138	 2	 13	 Loacker.bmp	 6.078745e+02	 12	 999000	 120	 999000	 999	 6.088924e+02	 766.67	 766.67	 3.00	 14	 5.96	 
bmem_snacks2_138	 2	 13	 GumiSnakes3.bmp	 6.098768e+02	 11	 1.041181e+03	 1100	 7.667165e+02	 98	 6.109125e+02	 716.67	 766.67	 14.00	 13	 4.91	 
bmem_snacks2_138	 2	 13	 CrunchShokoVanil.bmp	 6.118790e+02	 22	 9.749396e+02	 220	 7.667381e+02	 98	 6.129136e+02	 716.67	 783.33	 54.00	 10	 2.80	 
bmem_snacks2_138	 2	 13	 CrunchBisquitBrown3.bmp	 6.178691e+02	 12	 999000	 120	 999000	 999	 6.188868e+02	 716.67	 783.33	 6.00	 16	 5.91	 
bmem_snacks2_138	 2	 13	 ClickXLbrown4.bmp	 6.208725e+02	 12	 999000	 120	 999000	 999	 6.218903e+02	 716.67	 783.33	 10.00	 59	 5.82	 
bmem_snacks2_138	 2	 13	 Tictac.bmp	 6.248770e+02	 24	 999000	 240	 999000	 999	 6.258947e+02	 716.67	 783.33	 57.00	 32	 2.69	 
