subjectID	order	runNum	itemName	onsetTime	shuff_trialType	RT	respInTime	AudioTime	response	fixationTime	ladder1	ladder2	bidIndex	BDMtrialIndex	bidValue
bmem_snacks2_147	 1	 4	 DoritosSourSpicy.bmp	 3.809752e+02	 12	 999000	 120	 999000	 999	 3.819930e+02	 650.00	 783.33	 4.00	 38	 5.93	 
bmem_snacks2_147	 1	 4	 Mentos.bmp	 3.859641e+02	 24	 999000	 240	 999000	 999	 3.869819e+02	 650.00	 783.33	 58.00	 54	 0.56	 
bmem_snacks2_147	 1	 4	 HispusimShatiah.bmp	 3.879663e+02	 11	 8.709596e+02	 110	 6.500922e+02	 98	 3.890024e+02	 666.67	 783.33	 10.00	 6	 4.87	 
bmem_snacks2_147	 1	 4	 DoritosNatural.bmp	 3.899686e+02	 11	 9.166454e+02	 110	 6.667282e+02	 98	 3.910200e+02	 683.33	 783.33	 15.00	 46	 4.87	 
bmem_snacks2_147	 1	 4	 SkittlesFruits2.bmp	 3.959587e+02	 24	 999000	 240	 999000	 999	 3.969765e+02	 683.33	 783.33	 40.00	 45	 3.24	 
bmem_snacks2_147	 1	 4	 Snickers.bmp	 3.979609e+02	 22	 1.100371e+03	 2200	 7.834220e+02	 98	 3.989968e+02	 683.33	 733.33	 44.00	 26	 2.80	 
bmem_snacks2_147	 1	 4	 BisliGrill.bmp	 4.009643e+02	 12	 999000	 120	 999000	 999	 4.019821e+02	 683.33	 733.33	 3.00	 14	 5.98	 
bmem_snacks2_147	 1	 4	 KinderBuenoWhite2.bmp	 4.029666e+02	 11	 8.946734e+02	 110	 6.833744e+02	 98	 4.040029e+02	 700.00	 733.33	 7.00	 20	 4.91	 
bmem_snacks2_147	 1	 4	 ChocolateParaMilk3.bmp	 4.069710e+02	 12	 999000	 120	 999000	 999	 4.079888e+02	 700.00	 733.33	 22.00	 59	 4.82	 
bmem_snacks2_147	 1	 4	 BabyDoll.bmp	 4.089732e+02	 22	 1.000068e+03	 2200	 7.334209e+02	 98	 4.100076e+02	 700.00	 683.33	 52.00	 35	 1.71	 
bmem_snacks2_147	 1	 4	 BambaNugat.bmp	 4.139622e+02	 24	 999000	 240	 999000	 999	 4.149800e+02	 700.00	 683.33	 41.00	 21	 2.82	 
bmem_snacks2_147	 1	 4	 Hit.bmp	 4.209701e+02	 24	 999000	 240	 999000	 999	 4.219878e+02	 700.00	 683.33	 57.00	 44	 0.62	 
bmem_snacks2_147	 1	 4	 TapuchipsCrunch.bmp	 4.229723e+02	 12	 999000	 120	 999000	 999	 4.239901e+02	 700.00	 683.33	 19.00	 60	 4.84	 
bmem_snacks2_147	 1	 4	 Popco.bmp	 4.259591e+02	 11	 1.030184e+03	 1100	 7.000437e+02	 98	 4.269948e+02	 650.00	 683.33	 12.00	 24	 4.87	 
bmem_snacks2_147	 1	 4	 Mars.bmp	 4.289623e+02	 22	 9.229553e+02	 220	 6.833837e+02	 98	 4.299968e+02	 650.00	 700.00	 53.00	 41	 1.64	 
bmem_snacks2_147	 1	 4	 KashitSour.bmp	 4.329668e+02	 22	 9.424756e+02	 220	 7.000461e+02	 98	 4.340027e+02	 650.00	 716.67	 50.00	 36	 2.71	 
bmem_snacks2_147	 1	 4	 Apropo.bmp	 4.369714e+02	 12	 999000	 120	 999000	 999	 4.379891e+02	 650.00	 716.67	 9.00	 11	 4.89	 
bmem_snacks2_147	 1	 4	 ChocolateParaMarir2.bmp	 4.409592e+02	 24	 999000	 240	 999000	 999	 4.419769e+02	 650.00	 716.67	 55.00	 25	 0.64	 
bmem_snacks2_147	 1	 4	 WerthersOriginal.bmp	 4.439625e+02	 22	 1.010874e+03	 2200	 7.167419e+02	 98	 4.449980e+02	 650.00	 666.67	 47.00	 15	 2.76	 
bmem_snacks2_147	 1	 4	 KinderJoy.bmp	 4.499692e+02	 12	 999000	 120	 999000	 999	 4.509871e+02	 650.00	 666.67	 16.00	 12	 4.84	 
bmem_snacks2_147	 1	 4	 ChocolateParaSucariotKoftzot2.bmp	 4.519714e+02	 12	 999000	 120	 999000	 999	 4.529892e+02	 650.00	 666.67	 17.00	 43	 4.84	 
bmem_snacks2_147	 1	 4	 BagaleShtuhim.bmp	 4.549580e+02	 24	 999000	 240	 999000	 999	 4.559759e+02	 650.00	 666.67	 48.00	 42	 2.76	 
bmem_snacks2_147	 1	 4	 DoritosGrill.bmp	 4.569604e+02	 12	 999000	 120	 999000	 999	 4.579782e+02	 650.00	 666.67	 14.00	 39	 4.87	 
bmem_snacks2_147	 1	 4	 PesekZman.bmp	 4.589626e+02	 24	 999000	 240	 999000	 999	 4.599806e+02	 650.00	 666.67	 56.00	 58	 0.64	 
bmem_snacks2_147	 1	 4	 Smarties.bmp	 4.609649e+02	 24	 999000	 240	 999000	 999	 4.619829e+02	 650.00	 666.67	 42.00	 4	 2.80	 
bmem_snacks2_147	 1	 4	 GumiWine2.bmp	 4.639682e+02	 24	 999000	 240	 999000	 999	 4.649861e+02	 650.00	 666.67	 43.00	 18	 2.80	 
bmem_snacks2_147	 1	 4	 Cheetos.bmp	 4.679728e+02	 22	 9.445098e+02	 220	 6.667488e+02	 98	 4.690090e+02	 650.00	 683.33	 45.00	 52	 2.80	 
bmem_snacks2_147	 1	 4	 Kitkat.bmp	 4.699580e+02	 12	 999000	 120	 999000	 999	 4.709761e+02	 650.00	 683.33	 11.00	 17	 4.87	 
bmem_snacks2_147	 1	 4	 KifkefMaklot2.bmp	 4.719606e+02	 12	 999000	 120	 999000	 999	 4.729784e+02	 650.00	 683.33	 20.00	 22	 4.82	 
bmem_snacks2_147	 1	 4	 GumiSnakes3.bmp	 4.739628e+02	 12	 999000	 120	 999000	 999	 4.749807e+02	 650.00	 683.33	 8.00	 1	 4.89	 
bmem_snacks2_147	 1	 4	 ChocolateParaCookies5.bmp	 4.759650e+02	 11	 9.362859e+02	 110	 6.500373e+02	 98	 4.770011e+02	 666.67	 683.33	 18.00	 47	 4.84	 
bmem_snacks2_147	 1	 4	 ClickXLbrown4.bmp	 4.779673e+02	 12	 999000	 120	 999000	 999	 4.789850e+02	 666.67	 683.33	 6.00	 50	 5.82	 
bmem_snacks2_147	 1	 4	 Tictac.bmp	 4.819718e+02	 24	 999000	 240	 999000	 999	 4.829896e+02	 666.67	 683.33	 51.00	 23	 2.69	 
bmem_snacks2_147	 1	 4	 Bounty.bmp	 4.859596e+02	 24	 999000	 240	 999000	 999	 4.869773e+02	 666.67	 683.33	 46.00	 3	 2.76	 
bmem_snacks2_147	 1	 4	 CrunchShokoVanil.bmp	 4.879618e+02	 24	 999000	 240	 999000	 999	 4.889797e+02	 666.67	 683.33	 49.00	 30	 2.73	 
bmem_snacks2_147	 1	 4	 Tapuchips.bmp	 4.899640e+02	 11	 1.009382e+03	 1100	 6.667331e+02	 98	 4.909999e+02	 616.67	 683.33	 13.00	 31	 4.87	 
bmem_snacks2_147	 1	 4	 Shugi.bmp	 4.919663e+02	 24	 999000	 240	 999000	 999	 4.929842e+02	 616.67	 683.33	 54.00	 40	 0.67	 
bmem_snacks2_147	 1	 4	 BisliPizza3.bmp	 4.939685e+02	 12	 999000	 120	 999000	 999	 4.949863e+02	 616.67	 683.33	 5.00	 13	 5.89	 
bmem_snacks2_147	 1	 4	 BisliOnion.bmp	 4.999586e+02	 12	 999000	 120	 999000	 999	 5.009765e+02	 616.67	 683.33	 21.00	 51	 4.82	 
bmem_snacks2_147	 1	 4	 SkittlesSour4.bmp	 5.019609e+02	 24	 999000	 240	 999000	 999	 5.029786e+02	 616.67	 683.33	 39.00	 37	 3.27	 
