subjectID	order	runNum	itemName	onsetTime	shuff_trialType	RT	respInTime	AudioTime	response	fixationTime	ladder1	ladder2	bidIndex	BDMtrialIndex	bidValue
bmem_snacks2_144	 2	 5	 BambaNugat.bmp	 5.269004e+02	 24	 999000	 240	 999000	 999	 5.279183e+02	 683.33	 683.33	 56.00	 12	 0.07	 
bmem_snacks2_144	 2	 5	 ClickBisquit2.bmp	 5.288860e+02	 12	 999000	 120	 999000	 999	 5.299038e+02	 683.33	 683.33	 5.00	 57	 4.91	 
bmem_snacks2_144	 2	 5	 ChocolateParaCookies5.bmp	 5.328905e+02	 12	 999000	 120	 999000	 999	 5.339083e+02	 683.33	 683.33	 6.00	 44	 4.89	 
bmem_snacks2_144	 2	 5	 Mekupelet.bmp	 5.358938e+02	 12	 999000	 120	 999000	 999	 5.369116e+02	 683.33	 683.33	 12.00	 10	 3.82	 
bmem_snacks2_144	 2	 5	 Bamba.bmp	 5.378961e+02	 12	 999000	 120	 999000	 999	 5.389139e+02	 683.33	 683.33	 10.00	 14	 4.80	 
bmem_snacks2_144	 2	 5	 Keifli.bmp	 5.408824e+02	 24	 999000	 240	 999000	 999	 5.419007e+02	 683.33	 683.33	 52.00	 59	 0.13	 
bmem_snacks2_144	 2	 5	 BisliOnion.bmp	 5.448873e+02	 22	 9.818916e+02	 220	 6.834194e+02	 98	 5.459218e+02	 683.33	 700.00	 43.00	 21	 0.67	 
bmem_snacks2_144	 2	 5	 SkittlesFruits2.bmp	 5.488918e+02	 12	 999000	 120	 999000	 999	 5.499096e+02	 683.33	 700.00	 13.00	 6	 3.80	 
bmem_snacks2_144	 2	 5	 KifkefMaklot2.bmp	 5.508940e+02	 12	 999000	 120	 999000	 999	 5.519117e+02	 683.33	 700.00	 21.00	 16	 2.71	 
bmem_snacks2_144	 2	 5	 CrunchShokoVanil.bmp	 5.558830e+02	 12	 999000	 120	 999000	 999	 5.569007e+02	 683.33	 700.00	 15.00	 19	 3.78	 
bmem_snacks2_144	 2	 5	 SkittlesSour4.bmp	 5.578851e+02	 11	 9.600941e+02	 110	 6.834002e+02	 98	 5.589213e+02	 700.00	 700.00	 17.00	 32	 3.73	 
bmem_snacks2_144	 2	 5	 PesekZman.bmp	 5.598875e+02	 12	 999000	 120	 999000	 999	 5.609052e+02	 700.00	 700.00	 20.00	 17	 2.76	 
bmem_snacks2_144	 2	 5	 ClickXLwhite4.bmp	 5.658942e+02	 24	 999000	 240	 999000	 999	 5.669120e+02	 700.00	 700.00	 42.00	 45	 0.69	 
bmem_snacks2_144	 2	 5	 Tortit.bmp	 5.678964e+02	 12	 999000	 120	 999000	 999	 5.689143e+02	 700.00	 700.00	 18.00	 54	 3.71	 
bmem_snacks2_144	 2	 5	 CrunchBisquitWhite2.bmp	 5.698820e+02	 24	 999000	 240	 999000	 999	 5.708998e+02	 700.00	 700.00	 39.00	 58	 1.60	 
bmem_snacks2_144	 2	 5	 Smarties.bmp	 5.718842e+02	 24	 999000	 240	 999000	 999	 5.729020e+02	 700.00	 700.00	 57.00	 40	 0.07	 
bmem_snacks2_144	 2	 5	 BisliGrill.bmp	 5.758887e+02	 22	 1.028536e+03	 2200	 7.000388e+02	 98	 5.769242e+02	 700.00	 650.00	 49.00	 55	 0.20	 
bmem_snacks2_144	 2	 5	 WerthersOriginal.bmp	 5.798932e+02	 24	 999000	 240	 999000	 999	 5.809110e+02	 700.00	 650.00	 53.00	 22	 0.09	 
bmem_snacks2_144	 2	 5	 Popco.bmp	 5.828966e+02	 24	 999000	 240	 999000	 999	 5.839144e+02	 700.00	 650.00	 58.00	 43	 0.07	 
bmem_snacks2_144	 2	 5	 ClickBalls5.bmp	 5.868844e+02	 11	 9.528516e+02	 110	 7.000940e+02	 98	 5.879205e+02	 716.67	 650.00	 14.00	 4	 3.78	 
bmem_snacks2_144	 2	 5	 KinderBuenoWhite2.bmp	 5.898878e+02	 12	 999000	 120	 999000	 999	 5.909056e+02	 716.67	 650.00	 22.00	 18	 2.71	 
bmem_snacks2_144	 2	 5	 Mars.bmp	 5.918900e+02	 11	 9.631968e+02	 110	 7.167095e+02	 98	 5.929247e+02	 733.33	 650.00	 11.00	 1	 3.82	 
bmem_snacks2_144	 2	 5	 Hit.bmp	 5.958945e+02	 24	 999000	 240	 999000	 999	 5.969123e+02	 733.33	 650.00	 45.00	 30	 0.58	 
bmem_snacks2_144	 2	 5	 Tapuchips.bmp	 5.978968e+02	 12	 999000	 120	 999000	 999	 5.989146e+02	 733.33	 650.00	 4.00	 3	 5.82	 
bmem_snacks2_144	 2	 5	 Taami.bmp	 5.998824e+02	 11	 1.002906e+03	 1100	 7.333920e+02	 98	 6.009171e+02	 683.33	 650.00	 16.00	 26	 3.78	 
bmem_snacks2_144	 2	 5	 Twix.bmp	 6.038868e+02	 12	 999000	 120	 999000	 999	 6.049046e+02	 683.33	 650.00	 19.00	 50	 2.80	 
bmem_snacks2_144	 2	 5	 TapuchipsCrunch.bmp	 6.058891e+02	 11	 9.001276e+02	 110	 6.834158e+02	 98	 6.069256e+02	 700.00	 650.00	 9.00	 27	 4.87	 
bmem_snacks2_144	 2	 5	 HispusimShatiah.bmp	 6.098936e+02	 11	 9.036640e+02	 110	 7.000550e+02	 98	 6.109279e+02	 716.67	 650.00	 8.00	 25	 4.87	 
bmem_snacks2_144	 2	 5	 BagaleShtuhim.bmp	 6.138812e+02	 22	 8.761024e+02	 220	 6.500997e+02	 98	 6.149175e+02	 716.67	 666.67	 48.00	 28	 0.20	 
bmem_snacks2_144	 2	 5	 KashitSour.bmp	 6.168847e+02	 12	 999000	 120	 999000	 999	 6.179025e+02	 716.67	 666.67	 3.00	 53	 5.91	 
bmem_snacks2_144	 2	 5	 Bounty.bmp	 6.228915e+02	 22	 8.897031e+02	 220	 6.667377e+02	 98	 6.239261e+02	 716.67	 683.33	 54.00	 33	 0.09	 
bmem_snacks2_144	 2	 5	 Twist.bmp	 6.248937e+02	 24	 999000	 240	 999000	 999	 6.259117e+02	 716.67	 683.33	 41.00	 60	 0.78	 
bmem_snacks2_144	 2	 5	 HappyHippo.bmp	 6.288813e+02	 12	 999000	 120	 999000	 999	 6.298993e+02	 716.67	 683.33	 7.00	 2	 4.87	 
bmem_snacks2_144	 2	 5	 BambaSweet.bmp	 6.308838e+02	 24	 999000	 240	 999000	 999	 6.319016e+02	 716.67	 683.33	 55.00	 9	 0.07	 
bmem_snacks2_144	 2	 5	 BabyDoll.bmp	 6.328860e+02	 24	 999000	 240	 999000	 999	 6.339040e+02	 716.67	 683.33	 50.00	 41	 0.16	 
bmem_snacks2_144	 2	 5	 Egozi.bmp	 6.348883e+02	 22	 9.809380e+02	 220	 6.834058e+02	 98	 6.359245e+02	 716.67	 700.00	 46.00	 36	 0.56	 
bmem_snacks2_144	 2	 5	 Mentos.bmp	 6.398939e+02	 24	 999000	 240	 999000	 999	 6.409117e+02	 716.67	 700.00	 47.00	 37	 0.56	 
bmem_snacks2_144	 2	 5	 Snickers.bmp	 6.418961e+02	 24	 999000	 240	 999000	 999	 6.429139e+02	 716.67	 700.00	 44.00	 42	 0.60	 
bmem_snacks2_144	 2	 5	 BisliPizza3.bmp	 6.438814e+02	 22	 9.238613e+02	 220	 7.000675e+02	 98	 6.449339e+02	 716.67	 716.67	 51.00	 23	 0.13	 
bmem_snacks2_144	 2	 5	 Dubonim.bmp	 6.468851e+02	 24	 999000	 240	 999000	 999	 6.479029e+02	 716.67	 716.67	 40.00	 38	 1.58	 
