subjectID	order	runNum	itemName	onsetTime	shuff_trialType	RT	respInTime	AudioTime	response	fixationTime	ladder1	ladder2	bidIndex	BDMtrialIndex	bidValue
bmem_snacks2_128	 2	 8	 KinderBuenoWhite2.bmp	 9.515632e+02	 12	 999000	 120	 999000	 999	 9.525810e+02	 716.67	 716.67	 21.00	 28	 3.78	 
bmem_snacks2_128	 2	 8	 Twist.bmp	 9.535486e+02	 24	 999000	 240	 999000	 999	 9.545666e+02	 716.67	 716.67	 45.00	 27	 1.53	 
bmem_snacks2_128	 2	 8	 ChocolateParaSucariotKoftzot2.bmp	 9.575533e+02	 12	 999000	 120	 999000	 999	 9.585712e+02	 716.67	 716.67	 18.00	 36	 3.82	 
bmem_snacks2_128	 2	 8	 ClickBalls5.bmp	 9.605567e+02	 11	 9.043703e+02	 110	 7.167702e+02	 98	 9.615923e+02	 733.33	 716.67	 17.00	 1	 3.87	 
bmem_snacks2_128	 2	 8	 GumiSnakes3.bmp	 9.625589e+02	 24	 999000	 240	 999000	 999	 9.635768e+02	 733.33	 716.67	 44.00	 51	 1.56	 
bmem_snacks2_128	 2	 8	 CrunchBisquitBrown3.bmp	 9.655623e+02	 12	 999000	 120	 999000	 999	 9.665801e+02	 733.33	 716.67	 22.00	 46	 3.73	 
bmem_snacks2_128	 2	 8	 DoritosGrill.bmp	 9.695502e+02	 12	 999000	 120	 999000	 999	 9.705679e+02	 733.33	 716.67	 7.00	 19	 5.07	 
bmem_snacks2_128	 2	 8	 Loacker.bmp	 9.735545e+02	 24	 999000	 240	 999000	 999	 9.745724e+02	 733.33	 716.67	 50.00	 5	 1.40	 
bmem_snacks2_128	 2	 8	 Egozi.bmp	 9.755569e+02	 12	 999000	 120	 999000	 999	 9.765746e+02	 733.33	 716.67	 15.00	 18	 4.53	 
bmem_snacks2_128	 2	 8	 Twix.bmp	 9.805625e+02	 24	 999000	 240	 999000	 999	 9.815803e+02	 733.33	 716.67	 47.00	 7	 1.51	 
bmem_snacks2_128	 2	 8	 KifkefMaklot2.bmp	 9.825647e+02	 24	 999000	 240	 999000	 999	 9.835825e+02	 733.33	 716.67	 40.00	 57	 1.69	 
bmem_snacks2_128	 2	 8	 Smarties.bmp	 9.845502e+02	 22	 9.508821e+02	 220	 7.167774e+02	 98	 9.855865e+02	 733.33	 733.33	 48.00	 22	 1.47	 
bmem_snacks2_128	 2	 8	 Hit.bmp	 9.905570e+02	 24	 999000	 240	 999000	 999	 9.915748e+02	 733.33	 733.33	 39.00	 44	 1.69	 
bmem_snacks2_128	 2	 8	 BisliGrill.bmp	 9.925592e+02	 22	 9.978975e+02	 220	 7.333664e+02	 98	 9.935949e+02	 733.33	 750.00	 49.00	 6	 1.44	 
bmem_snacks2_128	 2	 8	 Taami.bmp	 9.945615e+02	 24	 999000	 240	 999000	 999	 9.955793e+02	 733.33	 750.00	 55.00	 4	 0.76	 
bmem_snacks2_128	 2	 8	 BambaSweet.bmp	 9.965638e+02	 22	 1.073364e+03	 2200	 7.500604e+02	 98	 9.976001e+02	 733.33	 700.00	 46.00	 32	 1.53	 
bmem_snacks2_128	 2	 8	 Apropo.bmp	 1.000552e+03	 12	 999000	 120	 999000	 999	 1.001569e+03	 733.33	 700.00	 5.00	 53	 5.91	 
bmem_snacks2_128	 2	 8	 SkittlesFruits2.bmp	 1.004556e+03	 22	 1.009177e+03	 2200	 7.000516e+02	 98	 1.005591e+03	 733.33	 650.00	 43.00	 34	 1.58	 
bmem_snacks2_128	 2	 8	 Mekupelet.bmp	 1.007560e+03	 11	 8.935915e+02	 110	 7.333853e+02	 98	 1.008596e+03	 750.00	 650.00	 16.00	 13	 4.22	 
bmem_snacks2_128	 2	 8	 BambaNugat.bmp	 1.011564e+03	 24	 999000	 240	 999000	 999	 1.012582e+03	 750.00	 650.00	 42.00	 11	 1.67	 
bmem_snacks2_128	 2	 8	 HispusimShatiah.bmp	 1.014551e+03	 24	 999000	 240	 999000	 999	 1.015568e+03	 750.00	 650.00	 53.00	 3	 0.84	 
bmem_snacks2_128	 2	 8	 BisliPizza3.bmp	 1.016553e+03	 24	 999000	 240	 999000	 999	 1.017571e+03	 750.00	 650.00	 52.00	 17	 0.89	 
bmem_snacks2_128	 2	 8	 Snickers.bmp	 1.020557e+03	 12	 999000	 120	 999000	 999	 1.021575e+03	 750.00	 650.00	 3.00	 54	 5.98	 
bmem_snacks2_128	 2	 8	 Shugi.bmp	 1.022560e+03	 11	 9.255240e+02	 110	 7.500526e+02	 98	 1.023612e+03	 766.67	 650.00	 8.00	 41	 4.96	 
bmem_snacks2_128	 2	 8	 BagaleShtuhim.bmp	 1.024562e+03	 24	 999000	 240	 999000	 999	 1.025580e+03	 766.67	 650.00	 57.00	 25	 0.73	 
bmem_snacks2_128	 2	 8	 WerthersOriginal.bmp	 1.028550e+03	 12	 999000	 120	 999000	 999	 1.029568e+03	 766.67	 650.00	 4.00	 45	 5.91	 
bmem_snacks2_128	 2	 8	 ChocolateParaMarir2.bmp	 1.030552e+03	 12	 999000	 120	 999000	 999	 1.031570e+03	 766.67	 650.00	 6.00	 43	 5.78	 
bmem_snacks2_128	 2	 8	 DoritosNatural.bmp	 1.034556e+03	 12	 999000	 120	 999000	 999	 1.035574e+03	 766.67	 650.00	 20.00	 37	 3.80	 
bmem_snacks2_128	 2	 8	 KinderBuenoBrown3.bmp	 1.038561e+03	 11	 1.060199e+03	 1100	 7.667160e+02	 98	 1.039596e+03	 716.67	 650.00	 9.00	 42	 4.89	 
bmem_snacks2_128	 2	 8	 DoritosSourSpicy.bmp	 1.041564e+03	 12	 999000	 120	 999000	 999	 1.042582e+03	 716.67	 650.00	 12.00	 33	 4.82	 
bmem_snacks2_128	 2	 8	 ClickXLbrown4.bmp	 1.047554e+03	 12	 999000	 120	 999000	 999	 1.048572e+03	 716.67	 650.00	 10.00	 49	 4.87	 
bmem_snacks2_128	 2	 8	 CrunchBisquitWhite2.bmp	 1.049557e+03	 12	 999000	 120	 999000	 999	 1.050574e+03	 716.67	 650.00	 19.00	 47	 3.82	 
bmem_snacks2_128	 2	 8	 ClickBlackWhite3.bmp	 1.053561e+03	 12	 999000	 120	 999000	 999	 1.054579e+03	 716.67	 650.00	 13.00	 35	 4.78	 
bmem_snacks2_128	 2	 8	 BisliOnion.bmp	 1.055563e+03	 22	 8.177317e+02	 220	 6.500805e+02	 98	 1.056598e+03	 716.67	 666.67	 54.00	 21	 0.82	 
bmem_snacks2_128	 2	 8	 Kitkat.bmp	 1.057549e+03	 11	 8.964341e+02	 110	 7.167406e+02	 98	 1.058583e+03	 733.33	 666.67	 11.00	 60	 4.84	 
bmem_snacks2_128	 2	 8	 ClickXLwhite4.bmp	 1.059551e+03	 11	 9.259804e+02	 110	 7.333918e+02	 98	 1.060586e+03	 750.00	 666.67	 14.00	 31	 4.76	 
bmem_snacks2_128	 2	 8	 KashitSour.bmp	 1.064557e+03	 24	 999000	 240	 999000	 999	 1.065575e+03	 750.00	 666.67	 56.00	 24	 0.76	 
bmem_snacks2_128	 2	 8	 Keifli.bmp	 1.066559e+03	 22	 1.118138e+03	 2200	 6.667335e+02	 98	 1.067595e+03	 750.00	 616.67	 51.00	 52	 1.16	 
bmem_snacks2_128	 2	 8	 BabyDoll.bmp	 1.068561e+03	 24	 999000	 240	 999000	 999	 1.069579e+03	 750.00	 616.67	 58.00	 16	 0.67	 
bmem_snacks2_128	 2	 8	 HappyHippo.bmp	 1.071565e+03	 24	 999000	 240	 999000	 999	 1.072583e+03	 750.00	 616.67	 41.00	 58	 1.69	 
