subjectID	order	runNum	itemName	onsetTime	shuff_trialType	RT	respInTime	AudioTime	response	fixationTime	ladder1	ladder2	bidIndex	BDMtrialIndex	bidValue
bmem_snacks2_137	 1	 8	 Smarties.bmp	 9.061639e+02	 22	 9.293876e+02	 220	 7.167240e+02	 98	 9.071987e+02	 716.67	 733.33	 53.00	 24	 0.56	 
bmem_snacks2_137	 1	 8	 Mekupelet.bmp	 9.111698e+02	 12	 999000	 120	 999000	 999	 9.121877e+02	 716.67	 733.33	 22.00	 21	 4.82	 
bmem_snacks2_137	 1	 8	 HispusimShatiah.bmp	 9.131721e+02	 24	 999000	 240	 999000	 999	 9.141899e+02	 716.67	 733.33	 42.00	 58	 1.60	 
bmem_snacks2_137	 1	 8	 BambaSweet.bmp	 9.151742e+02	 24	 999000	 240	 999000	 999	 9.161921e+02	 716.67	 733.33	 56.00	 44	 0.38	 
bmem_snacks2_137	 1	 8	 ClickBlackWhite3.bmp	 9.211643e+02	 11	 9.690096e+02	 110	 7.167517e+02	 98	 9.222003e+02	 733.33	 733.33	 10.00	 12	 5.87	 
bmem_snacks2_137	 1	 8	 Dubonim.bmp	 9.231666e+02	 11	 9.667199e+02	 110	 7.333668e+02	 98	 9.242011e+02	 750.00	 733.33	 7.00	 39	 6.49	 
bmem_snacks2_137	 1	 8	 Taami.bmp	 9.261700e+02	 22	 9.953083e+02	 220	 7.333692e+02	 98	 9.272058e+02	 750.00	 750.00	 45.00	 53	 0.84	 
bmem_snacks2_137	 1	 8	 Bounty.bmp	 9.281722e+02	 12	 999000	 120	 999000	 999	 9.291901e+02	 750.00	 750.00	 5.00	 57	 6.91	 
bmem_snacks2_137	 1	 8	 BisliGrill.bmp	 9.321598e+02	 11	 1.029454e+03	 1100	 7.500449e+02	 98	 9.331954e+02	 700.00	 750.00	 13.00	 41	 5.67	 
bmem_snacks2_137	 1	 8	 Halva2.bmp	 9.341623e+02	 24	 999000	 240	 999000	 999	 9.351801e+02	 700.00	 750.00	 58.00	 51	 0.18	 
bmem_snacks2_137	 1	 8	 Twist.bmp	 9.391679e+02	 24	 999000	 240	 999000	 999	 9.401857e+02	 700.00	 750.00	 54.00	 43	 0.47	 
bmem_snacks2_137	 1	 8	 ClickXLwhite4.bmp	 9.461758e+02	 12	 999000	 120	 999000	 999	 9.471935e+02	 700.00	 750.00	 19.00	 11	 4.91	 
bmem_snacks2_137	 1	 8	 TapuchipsCrunch.bmp	 9.481614e+02	 24	 999000	 240	 999000	 999	 9.491791e+02	 700.00	 750.00	 43.00	 50	 1.47	 
bmem_snacks2_137	 1	 8	 ChocolateParaMarir2.bmp	 9.511647e+02	 12	 999000	 120	 999000	 999	 9.521825e+02	 700.00	 750.00	 17.00	 23	 4.98	 
bmem_snacks2_137	 1	 8	 Tortit.bmp	 9.541680e+02	 24	 999000	 240	 999000	 999	 9.551860e+02	 700.00	 750.00	 39.00	 28	 1.64	 
bmem_snacks2_137	 1	 8	 PesekZman.bmp	 9.581725e+02	 12	 999000	 120	 999000	 999	 9.591905e+02	 700.00	 750.00	 16.00	 40	 5.11	 
bmem_snacks2_137	 1	 8	 CrunchBisquitBrown3.bmp	 9.621605e+02	 11	 9.807409e+02	 110	 7.000828e+02	 98	 9.631962e+02	 716.67	 750.00	 12.00	 4	 5.78	 
bmem_snacks2_137	 1	 8	 KifkefMaklot2.bmp	 9.661649e+02	 22	 9.684288e+02	 220	 7.500759e+02	 98	 9.672000e+02	 716.67	 766.67	 52.00	 17	 0.58	 
bmem_snacks2_137	 1	 8	 Tictac.bmp	 9.691682e+02	 22	 9.891017e+02	 220	 7.667136e+02	 98	 9.702030e+02	 716.67	 783.33	 44.00	 26	 1.09	 
bmem_snacks2_137	 1	 8	 Twix.bmp	 9.751750e+02	 24	 999000	 240	 999000	 999	 9.761929e+02	 716.67	 783.33	 40.00	 13	 1.62	 
bmem_snacks2_137	 1	 8	 WerthersOriginal.bmp	 9.771607e+02	 24	 999000	 240	 999000	 999	 9.781783e+02	 716.67	 783.33	 51.00	 18	 0.62	 
bmem_snacks2_137	 1	 8	 BisliOnion.bmp	 9.801638e+02	 11	 9.374353e+02	 110	 7.167098e+02	 98	 9.811985e+02	 733.33	 783.33	 15.00	 29	 5.27	 
bmem_snacks2_137	 1	 8	 ChocolateParaSucariotKoftzot2.bmp	 9.821662e+02	 22	 9.991048e+02	 220	 7.833797e+02	 98	 9.832015e+02	 733.33	 800.00	 50.00	 54	 0.64	 
bmem_snacks2_137	 1	 8	 Snickers.bmp	 9.841685e+02	 12	 999000	 120	 999000	 999	 9.851862e+02	 733.33	 800.00	 4.00	 31	 6.98	 
bmem_snacks2_137	 1	 8	 KashitSour.bmp	 9.861708e+02	 24	 999000	 240	 999000	 999	 9.871884e+02	 733.33	 800.00	 48.00	 52	 0.69	 
bmem_snacks2_137	 1	 8	 Keifli.bmp	 9.891740e+02	 22	 1.071276e+03	 2200	 8.000829e+02	 98	 9.902093e+02	 733.33	 750.00	 47.00	 27	 0.73	 
bmem_snacks2_137	 1	 8	 CrunchShokoVanil.bmp	 9.931619e+02	 24	 999000	 240	 999000	 999	 9.941797e+02	 733.33	 750.00	 49.00	 33	 0.67	 
bmem_snacks2_137	 1	 8	 ClickBisquit2.bmp	 9.951641e+02	 12	 999000	 120	 999000	 999	 9.961818e+02	 733.33	 750.00	 14.00	 48	 5.29	 
bmem_snacks2_137	 1	 8	 SkittlesFruits2.bmp	 9.971663e+02	 12	 999000	 120	 999000	 999	 9.981842e+02	 733.33	 750.00	 3.00	 55	 7.04	 
bmem_snacks2_137	 1	 8	 KinderBuenoWhite2.bmp	 9.991686e+02	 11	 9.727255e+02	 110	 7.334120e+02	 98	 1.000203e+03	 750.00	 750.00	 18.00	 16	 4.93	 
bmem_snacks2_137	 1	 8	 Kitkat.bmp	 1.001171e+03	 12	 999000	 120	 999000	 999	 1.002189e+03	 750.00	 750.00	 11.00	 22	 5.84	 
bmem_snacks2_137	 1	 8	 KinderBuenoBrown3.bmp	 1.003173e+03	 12	 999000	 120	 999000	 999	 1.004191e+03	 750.00	 750.00	 20.00	 59	 4.91	 
bmem_snacks2_137	 1	 8	 CrunchBisquitWhite2.bmp	 1.007161e+03	 12	 999000	 120	 999000	 999	 1.008179e+03	 750.00	 750.00	 8.00	 1	 6.27	 
bmem_snacks2_137	 1	 8	 BambaNugat.bmp	 1.011165e+03	 24	 999000	 240	 999000	 999	 1.012183e+03	 750.00	 750.00	 57.00	 47	 0.33	 
bmem_snacks2_137	 1	 8	 BisliPizza3.bmp	 1.013168e+03	 12	 999000	 120	 999000	 999	 1.014185e+03	 750.00	 750.00	 6.00	 49	 6.73	 
bmem_snacks2_137	 1	 8	 Bamba.bmp	 1.015170e+03	 12	 999000	 120	 999000	 999	 1.016188e+03	 750.00	 750.00	 21.00	 10	 4.84	 
bmem_snacks2_137	 1	 8	 Egozi.bmp	 1.017172e+03	 24	 999000	 240	 999000	 999	 1.018190e+03	 750.00	 750.00	 55.00	 6	 0.42	 
bmem_snacks2_137	 1	 8	 ClickXLbrown4.bmp	 1.019174e+03	 12	 999000	 120	 999000	 999	 1.020192e+03	 750.00	 750.00	 9.00	 56	 5.96	 
bmem_snacks2_137	 1	 8	 Mars.bmp	 1.025165e+03	 24	 999000	 240	 999000	 999	 1.026182e+03	 750.00	 750.00	 41.00	 32	 1.62	 
bmem_snacks2_137	 1	 8	 DoritosSourSpicy.bmp	 1.027167e+03	 24	 999000	 240	 999000	 999	 1.028184e+03	 750.00	 750.00	 46.00	 34	 0.76	 
