subjectID	order	runNum	itemName	onsetTime	shuff_trialType	RT	respInTime	AudioTime	response	fixationTime	ladder1	ladder2	bidIndex	BDMtrialIndex	bidValue
bmem_snacks2_129	 1	 5	 Kitkat.bmp	 5.805078e+02	 22	 9.778377e+02	 220	 7.500773e+02	 98	 5.815443e+02	 683.33	 766.67	 47.00	 46	 1.56	 
bmem_snacks2_129	 1	 5	 DoritosSourSpicy.bmp	 5.834945e+02	 24	 999000	 240	 999000	 999	 5.845124e+02	 683.33	 766.67	 43.00	 4	 1.62	 
bmem_snacks2_129	 1	 5	 KashitSour.bmp	 5.854966e+02	 24	 999000	 240	 999000	 999	 5.865145e+02	 683.33	 766.67	 48.00	 45	 1.09	 
bmem_snacks2_129	 1	 5	 Twist.bmp	 5.874990e+02	 22	 9.946699e+02	 220	 7.667334e+02	 98	 5.885354e+02	 683.33	 783.33	 53.00	 57	 0.38	 
bmem_snacks2_129	 1	 5	 Tortit.bmp	 5.895013e+02	 22	 9.603284e+02	 220	 7.834149e+02	 98	 5.905372e+02	 683.33	 800.00	 52.00	 12	 0.51	 
bmem_snacks2_129	 1	 5	 Twix.bmp	 5.924876e+02	 12	 999000	 120	 999000	 999	 5.935057e+02	 683.33	 800.00	 11.00	 29	 3.78	 
bmem_snacks2_129	 1	 5	 ChocolateParaSucariotKoftzot2.bmp	 5.944901e+02	 12	 999000	 120	 999000	 999	 5.955080e+02	 683.33	 800.00	 5.00	 55	 4.84	 
bmem_snacks2_129	 1	 5	 Bamba.bmp	 5.984946e+02	 11	 8.310124e+02	 110	 6.834147e+02	 98	 5.995300e+02	 700.00	 800.00	 10.00	 22	 3.80	 
bmem_snacks2_129	 1	 5	 ChocolateParaMarir2.bmp	 6.004968e+02	 12	 999000	 120	 999000	 999	 6.015147e+02	 700.00	 800.00	 16.00	 24	 3.76	 
bmem_snacks2_129	 1	 5	 HispusimShatiah.bmp	 6.055025e+02	 24	 999000	 240	 999000	 999	 6.065202e+02	 700.00	 800.00	 46.00	 36	 1.60	 
bmem_snacks2_129	 1	 5	 Mentos.bmp	 6.074881e+02	 24	 999000	 240	 999000	 999	 6.085059e+02	 700.00	 800.00	 54.00	 28	 0.36	 
bmem_snacks2_129	 1	 5	 ChocolateParaMilk3.bmp	 6.114926e+02	 12	 999000	 120	 999000	 999	 6.125103e+02	 700.00	 800.00	 22.00	 43	 3.71	 
bmem_snacks2_129	 1	 5	 BabyDoll.bmp	 6.134948e+02	 22	 1.070789e+03	 2200	 8.000439e+02	 98	 6.145307e+02	 700.00	 750.00	 50.00	 41	 0.64	 
bmem_snacks2_129	 1	 5	 ClickBisquit2.bmp	 6.164982e+02	 11	 8.914529e+02	 110	 7.000600e+02	 98	 6.175348e+02	 716.67	 750.00	 13.00	 53	 3.78	 
bmem_snacks2_129	 1	 5	 GumiWine2.bmp	 6.214868e+02	 24	 999000	 240	 999000	 999	 6.225051e+02	 716.67	 750.00	 51.00	 2	 0.60	 
bmem_snacks2_129	 1	 5	 BambaSweet.bmp	 6.234894e+02	 24	 999000	 240	 999000	 999	 6.245073e+02	 716.67	 750.00	 57.00	 48	 0.20	 
bmem_snacks2_129	 1	 5	 Apropo.bmp	 6.254916e+02	 24	 999000	 240	 999000	 999	 6.265094e+02	 716.67	 750.00	 40.00	 60	 1.69	 
bmem_snacks2_129	 1	 5	 Snickers.bmp	 6.294961e+02	 24	 999000	 240	 999000	 999	 6.305139e+02	 716.67	 750.00	 42.00	 10	 1.67	 
bmem_snacks2_129	 1	 5	 CrunchBisquitBrown3.bmp	 6.335006e+02	 12	 999000	 120	 999000	 999	 6.345185e+02	 716.67	 750.00	 20.00	 58	 3.73	 
bmem_snacks2_129	 1	 5	 ClickXLbrown4.bmp	 6.374884e+02	 12	 999000	 120	 999000	 999	 6.385062e+02	 716.67	 750.00	 17.00	 27	 3.76	 
bmem_snacks2_129	 1	 5	 HappyHippo.bmp	 6.394908e+02	 12	 999000	 120	 999000	 999	 6.405085e+02	 716.67	 750.00	 14.00	 19	 3.76	 
bmem_snacks2_129	 1	 5	 Tapuchips.bmp	 6.414930e+02	 12	 999000	 120	 999000	 999	 6.425108e+02	 716.67	 750.00	 4.00	 5	 4.84	 
bmem_snacks2_129	 1	 5	 PesekZman.bmp	 6.434952e+02	 12	 999000	 120	 999000	 999	 6.445129e+02	 716.67	 750.00	 3.00	 6	 5.87	 
bmem_snacks2_129	 1	 5	 Shugi.bmp	 6.454974e+02	 12	 999000	 120	 999000	 999	 6.465153e+02	 716.67	 750.00	 21.00	 59	 3.73	 
bmem_snacks2_129	 1	 5	 KinderBuenoBrown3.bmp	 6.514872e+02	 11	 9.103828e+02	 110	 7.167255e+02	 98	 6.525220e+02	 733.33	 750.00	 15.00	 21	 3.76	 
bmem_snacks2_129	 1	 5	 BisliPizza3.bmp	 6.544909e+02	 24	 999000	 240	 999000	 999	 6.555086e+02	 733.33	 750.00	 56.00	 31	 0.33	 
bmem_snacks2_129	 1	 5	 Bounty.bmp	 6.564931e+02	 24	 999000	 240	 999000	 999	 6.575109e+02	 733.33	 750.00	 49.00	 11	 0.64	 
bmem_snacks2_129	 1	 5	 ChocolateParaCookies5.bmp	 6.584954e+02	 11	 8.942143e+02	 110	 7.333767e+02	 98	 6.595299e+02	 750.00	 750.00	 12.00	 44	 3.78	 
bmem_snacks2_129	 1	 5	 BisliGrill.bmp	 6.614987e+02	 24	 999000	 240	 999000	 999	 6.625165e+02	 750.00	 750.00	 41.00	 3	 1.67	 
bmem_snacks2_129	 1	 5	 WerthersOriginal.bmp	 6.635010e+02	 11	 9.446728e+02	 110	 7.501146e+02	 98	 6.645376e+02	 766.67	 750.00	 18.00	 34	 3.76	 
bmem_snacks2_129	 1	 5	 Smarties.bmp	 6.655032e+02	 24	 999000	 240	 999000	 999	 6.665211e+02	 766.67	 750.00	 39.00	 37	 1.78	 
bmem_snacks2_129	 1	 5	 DoritosGrill.bmp	 6.674888e+02	 24	 999000	 240	 999000	 999	 6.685066e+02	 766.67	 750.00	 58.00	 51	 0.20	 
bmem_snacks2_129	 1	 5	 ClickBlackWhite3.bmp	 6.704921e+02	 12	 999000	 120	 999000	 999	 6.715100e+02	 766.67	 750.00	 9.00	 15	 3.80	 
bmem_snacks2_129	 1	 5	 ClickXLwhite4.bmp	 6.724944e+02	 22	 9.032521e+02	 220	 7.500988e+02	 98	 6.735313e+02	 766.67	 766.67	 44.00	 35	 1.62	 
bmem_snacks2_129	 1	 5	 Tictac.bmp	 6.744968e+02	 22	 7.328562e+02	 22	 7.667090e+02	 98	 6.755313e+02	 766.67	 783.33	 45.00	 13	 1.60	 
bmem_snacks2_129	 1	 5	 CrunchBisquitWhite2.bmp	 6.764989e+02	 11	 9.787326e+02	 110	 7.667345e+02	 98	 6.775351e+02	 783.33	 783.33	 7.00	 18	 3.84	 
bmem_snacks2_129	 1	 5	 KifkefMaklot2.bmp	 6.785012e+02	 12	 999000	 120	 999000	 999	 6.795190e+02	 783.33	 783.33	 19.00	 39	 3.73	 
bmem_snacks2_129	 1	 5	 Egozi.bmp	 6.844912e+02	 24	 999000	 240	 999000	 999	 6.855091e+02	 783.33	 783.33	 55.00	 42	 0.36	 
bmem_snacks2_129	 1	 5	 Cheetos.bmp	 6.874946e+02	 12	 999000	 120	 999000	 999	 6.885124e+02	 783.33	 783.33	 8.00	 9	 3.82	 
bmem_snacks2_129	 1	 5	 ClickBalls5.bmp	 6.914990e+02	 12	 999000	 120	 999000	 999	 6.925169e+02	 783.33	 783.33	 6.00	 54	 3.91	 
