subjectID	order	runNum	itemName	onsetTime	shuff_trialType	RT	respInTime	AudioTime	response	fixationTime	ladder1	ladder2	bidIndex	BDMtrialIndex	bidValue
bmem_snacks2_126	 2	 4	 Hit.bmp	 4.069737e+02	 12	 999000	 120	 999000	 999	 4.079914e+02	 716.67	 716.67	 10.00	 14	 5.69	 
bmem_snacks2_126	 2	 4	 PesekZman.bmp	 4.099604e+02	 24	 999000	 240	 999000	 999	 4.109782e+02	 716.67	 716.67	 55.00	 56	 2.67	 
bmem_snacks2_126	 2	 4	 KinderBuenoWhite2.bmp	 4.119626e+02	 12	 999000	 120	 999000	 999	 4.129805e+02	 716.67	 716.67	 6.00	 11	 5.98	 
bmem_snacks2_126	 2	 4	 BisliPizza3.bmp	 4.139649e+02	 22	 1.000925e+03	 2200	 7.167943e+02	 98	 4.149993e+02	 716.67	 666.67	 51.00	 53	 2.76	 
bmem_snacks2_126	 2	 4	 ChocolateParaMarir2.bmp	 4.159671e+02	 11	 9.905959e+02	 110	 7.167171e+02	 98	 4.170028e+02	 733.33	 666.67	 11.00	 47	 5.49	 
bmem_snacks2_126	 2	 4	 Tortit.bmp	 4.189705e+02	 12	 999000	 120	 999000	 999	 4.199883e+02	 733.33	 666.67	 7.00	 20	 5.96	 
bmem_snacks2_126	 2	 4	 Twix.bmp	 4.209727e+02	 11	 9.769741e+02	 110	 7.333700e+02	 98	 4.220072e+02	 750.00	 666.67	 14.00	 2	 5.00	 
bmem_snacks2_126	 2	 4	 Snickers.bmp	 4.249605e+02	 12	 999000	 120	 999000	 999	 4.259783e+02	 750.00	 666.67	 3.00	 5	 6.02	 
bmem_snacks2_126	 2	 4	 HappyHippo.bmp	 4.269628e+02	 24	 999000	 240	 999000	 999	 4.279805e+02	 750.00	 666.67	 45.00	 42	 3.20	 
bmem_snacks2_126	 2	 4	 HispusimShatiah.bmp	 4.319684e+02	 24	 999000	 240	 999000	 999	 4.329862e+02	 750.00	 666.67	 56.00	 60	 2.64	 
bmem_snacks2_126	 2	 4	 Cheetos.bmp	 4.339706e+02	 11	 1.027041e+03	 1100	 7.500412e+02	 98	 4.350059e+02	 700.00	 666.67	 8.00	 23	 5.96	 
bmem_snacks2_126	 2	 4	 BabyDoll.bmp	 4.379582e+02	 24	 999000	 240	 999000	 999	 4.389763e+02	 700.00	 666.67	 58.00	 52	 2.22	 
bmem_snacks2_126	 2	 4	 Loacker.bmp	 4.399607e+02	 12	 999000	 120	 999000	 999	 4.409784e+02	 700.00	 666.67	 12.00	 30	 5.44	 
bmem_snacks2_126	 2	 4	 Mekupelet.bmp	 4.429640e+02	 24	 999000	 240	 999000	 999	 4.439818e+02	 700.00	 666.67	 42.00	 9	 3.24	 
bmem_snacks2_126	 2	 4	 CrunchShokoVanil.bmp	 4.479696e+02	 22	 9.640534e+02	 220	 6.667421e+02	 98	 4.490052e+02	 700.00	 683.33	 54.00	 19	 2.69	 
bmem_snacks2_126	 2	 4	 Twist.bmp	 4.499720e+02	 24	 999000	 240	 999000	 999	 4.509897e+02	 700.00	 683.33	 52.00	 33	 2.73	 
bmem_snacks2_126	 2	 4	 KifkefMaklot2.bmp	 4.519573e+02	 24	 999000	 240	 999000	 999	 4.529753e+02	 700.00	 683.33	 53.00	 43	 2.71	 
bmem_snacks2_126	 2	 4	 ChocolateParaSucariotKoftzot2.bmp	 4.559620e+02	 12	 999000	 120	 999000	 999	 4.569799e+02	 700.00	 683.33	 4.00	 1	 6.00	 
bmem_snacks2_126	 2	 4	 DoritosNatural.bmp	 4.599665e+02	 12	 999000	 120	 999000	 999	 4.609843e+02	 700.00	 683.33	 22.00	 24	 4.64	 
bmem_snacks2_126	 2	 4	 Kitkat.bmp	 4.639710e+02	 12	 999000	 120	 999000	 999	 4.649888e+02	 700.00	 683.33	 18.00	 16	 4.89	 
bmem_snacks2_126	 2	 4	 Shugi.bmp	 4.659733e+02	 24	 999000	 240	 999000	 999	 4.669910e+02	 700.00	 683.33	 41.00	 31	 3.31	 
bmem_snacks2_126	 2	 4	 KashitSour.bmp	 4.679585e+02	 11	 9.752126e+02	 110	 7.000341e+02	 98	 4.689951e+02	 716.67	 683.33	 17.00	 41	 4.91	 
bmem_snacks2_126	 2	 4	 Popco.bmp	 4.699611e+02	 12	 999000	 120	 999000	 999	 4.709788e+02	 716.67	 683.33	 20.00	 15	 4.84	 
bmem_snacks2_126	 2	 4	 Egozi.bmp	 4.719633e+02	 24	 999000	 240	 999000	 999	 4.729811e+02	 716.67	 683.33	 57.00	 26	 2.62	 
bmem_snacks2_126	 2	 4	 SkittlesFruits2.bmp	 4.779700e+02	 24	 999000	 240	 999000	 999	 4.789880e+02	 716.67	 683.33	 39.00	 57	 3.67	 
bmem_snacks2_126	 2	 4	 ClickXLwhite4.bmp	 4.809734e+02	 12	 999000	 120	 999000	 999	 4.819912e+02	 716.67	 683.33	 15.00	 22	 4.98	 
bmem_snacks2_126	 2	 4	 BambaSweet.bmp	 4.829590e+02	 22	 9.346474e+02	 220	 6.833684e+02	 98	 4.839953e+02	 716.67	 700.00	 49.00	 49	 2.80	 
bmem_snacks2_126	 2	 4	 GumiSnakes3.bmp	 4.849612e+02	 24	 999000	 240	 999000	 999	 4.859791e+02	 716.67	 700.00	 40.00	 44	 3.33	 
bmem_snacks2_126	 2	 4	 BambaNugat.bmp	 4.879645e+02	 24	 999000	 240	 999000	 999	 4.889823e+02	 716.67	 700.00	 47.00	 36	 2.91	 
bmem_snacks2_126	 2	 4	 ChocolateParaMilk3.bmp	 4.899668e+02	 12	 999000	 120	 999000	 999	 4.909846e+02	 716.67	 700.00	 13.00	 46	 5.20	 
bmem_snacks2_126	 2	 4	 BisliGrill.bmp	 4.919690e+02	 24	 999000	 240	 999000	 999	 4.929869e+02	 716.67	 700.00	 44.00	 59	 3.22	 
bmem_snacks2_126	 2	 4	 Keifli.bmp	 4.939713e+02	 22	 9.623276e+02	 220	 7.000392e+02	 98	 4.950075e+02	 716.67	 716.67	 46.00	 17	 3.09	 
bmem_snacks2_126	 2	 4	 DoritosGrill.bmp	 4.969578e+02	 12	 999000	 120	 999000	 999	 4.979758e+02	 716.67	 716.67	 5.00	 13	 6.00	 
bmem_snacks2_126	 2	 4	 Mentos.bmp	 4.989603e+02	 22	 9.653908e+02	 220	 7.167520e+02	 98	 4.999966e+02	 716.67	 733.33	 43.00	 51	 3.22	 
bmem_snacks2_126	 2	 4	 ClickBisquit2.bmp	 5.009625e+02	 12	 999000	 120	 999000	 999	 5.019803e+02	 716.67	 733.33	 21.00	 21	 4.71	 
bmem_snacks2_126	 2	 4	 Bamba.bmp	 5.029647e+02	 22	 1.025050e+03	 2200	 7.333746e+02	 98	 5.039995e+02	 716.67	 683.33	 48.00	 54	 2.84	 
bmem_snacks2_126	 2	 4	 KinderJoy.bmp	 5.049670e+02	 11	 9.586594e+02	 110	 7.167271e+02	 98	 5.060033e+02	 733.33	 683.33	 9.00	 4	 5.84	 
bmem_snacks2_126	 2	 4	 Tapuchips.bmp	 5.109738e+02	 12	 999000	 120	 999000	 999	 5.119916e+02	 733.33	 683.33	 19.00	 39	 4.89	 
bmem_snacks2_126	 2	 4	 Halva2.bmp	 5.139605e+02	 11	 1.021169e+03	 1100	 7.334058e+02	 98	 5.149961e+02	 683.33	 683.33	 16.00	 25	 4.91	 
bmem_snacks2_126	 2	 4	 Tictac.bmp	 5.179649e+02	 24	 999000	 240	 999000	 999	 5.189827e+02	 683.33	 683.33	 50.00	 28	 2.78	 
