subjectID	order	runNum	itemName	onsetTime	shuff_trialType	RT	respInTime	AudioTime	response	fixationTime	ladder1	ladder2	bidIndex	BDMtrialIndex	bidValue
bmem_snacks2_146	 2	 11	 Bounty.bmp	 2.559349e+02	 11	 9.589018e+02	 110	 6.834259e+02	 98	 2.569698e+02	 700.00	 683.33	 9.00	 24	 4.58	 
bmem_snacks2_146	 2	 11	 BisliPizza3.bmp	 2.589382e+02	 24	 999000	 240	 999000	 999	 2.599561e+02	 700.00	 683.33	 55.00	 1	 0.11	 
bmem_snacks2_146	 2	 11	 Shugi.bmp	 2.609405e+02	 24	 999000	 240	 999000	 999	 2.619584e+02	 700.00	 683.33	 41.00	 41	 0.51	 
bmem_snacks2_146	 2	 11	 ChocolateParaMilk3.bmp	 2.629258e+02	 12	 999000	 120	 999000	 999	 2.639438e+02	 700.00	 683.33	 7.00	 18	 5.04	 
bmem_snacks2_146	 2	 11	 PesekZman.bmp	 2.649285e+02	 11	 1.013402e+03	 1100	 7.000506e+02	 98	 2.659650e+02	 650.00	 683.33	 8.00	 3	 4.87	 
bmem_snacks2_146	 2	 11	 ClickBlackWhite3.bmp	 2.679316e+02	 12	 999000	 120	 999000	 999	 2.689495e+02	 650.00	 683.33	 6.00	 38	 5.78	 
bmem_snacks2_146	 2	 11	 DoritosSourSpicy.bmp	 2.699339e+02	 24	 999000	 240	 999000	 999	 2.709518e+02	 650.00	 683.33	 40.00	 31	 0.53	 
bmem_snacks2_146	 2	 11	 WerthersOriginal.bmp	 2.739385e+02	 24	 999000	 240	 999000	 999	 2.749564e+02	 650.00	 683.33	 50.00	 60	 0.16	 
bmem_snacks2_146	 2	 11	 GumiWine2.bmp	 2.759408e+02	 22	 9.690675e+02	 220	 6.834007e+02	 98	 2.769750e+02	 650.00	 700.00	 46.00	 16	 0.27	 
bmem_snacks2_146	 2	 11	 Smarties.bmp	 2.809296e+02	 24	 999000	 240	 999000	 999	 2.819475e+02	 650.00	 700.00	 39.00	 19	 0.69	 
bmem_snacks2_146	 2	 11	 Mars.bmp	 2.829319e+02	 11	 9.299595e+02	 110	 6.500466e+02	 98	 2.839750e+02	 666.67	 700.00	 17.00	 30	 3.62	 
bmem_snacks2_146	 2	 11	 ClickBisquit2.bmp	 2.869364e+02	 12	 999000	 120	 999000	 999	 2.879542e+02	 666.67	 700.00	 20.00	 46	 3.47	 
bmem_snacks2_146	 2	 11	 Tortit.bmp	 2.889387e+02	 12	 999000	 120	 999000	 999	 2.899564e+02	 666.67	 700.00	 10.00	 47	 4.22	 
bmem_snacks2_146	 2	 11	 ChocolateParaCookies5.bmp	 2.919420e+02	 12	 999000	 120	 999000	 999	 2.929598e+02	 666.67	 700.00	 13.00	 44	 3.91	 
bmem_snacks2_146	 2	 11	 DoritosGrill.bmp	 2.969310e+02	 24	 999000	 240	 999000	 999	 2.979488e+02	 666.67	 700.00	 47.00	 48	 0.20	 
bmem_snacks2_146	 2	 11	 Bamba.bmp	 2.989334e+02	 24	 999000	 240	 999000	 999	 2.999510e+02	 666.67	 700.00	 44.00	 49	 0.31	 
bmem_snacks2_146	 2	 11	 CrunchBisquitBrown3.bmp	 3.009354e+02	 12	 999000	 120	 999000	 999	 3.019532e+02	 666.67	 700.00	 3.00	 10	 6.78	 
bmem_snacks2_146	 2	 11	 Popco.bmp	 3.049399e+02	 24	 999000	 240	 999000	 999	 3.059577e+02	 666.67	 700.00	 52.00	 11	 0.13	 
bmem_snacks2_146	 2	 11	 Snickers.bmp	 3.089278e+02	 12	 999000	 120	 999000	 999	 3.099455e+02	 666.67	 700.00	 5.00	 37	 5.80	 
bmem_snacks2_146	 2	 11	 HispusimShatiah.bmp	 3.129323e+02	 24	 999000	 240	 999000	 999	 3.139500e+02	 666.67	 700.00	 45.00	 36	 0.29	 
bmem_snacks2_146	 2	 11	 Dubonim.bmp	 3.149346e+02	 22	 9.832700e+02	 220	 7.000354e+02	 98	 3.159702e+02	 666.67	 716.67	 43.00	 23	 0.44	 
bmem_snacks2_146	 2	 11	 ChocolateParaSucariotKoftzot2.bmp	 3.169367e+02	 12	 999000	 120	 999000	 999	 3.179545e+02	 666.67	 716.67	 12.00	 26	 4.00	 
bmem_snacks2_146	 2	 11	 TapuchipsCrunch.bmp	 3.189390e+02	 24	 999000	 240	 999000	 999	 3.199568e+02	 666.67	 716.67	 53.00	 54	 0.13	 
bmem_snacks2_146	 2	 11	 ChocolateParaMarir2.bmp	 3.209412e+02	 11	 9.366579e+02	 110	 6.667135e+02	 98	 3.219763e+02	 683.33	 716.67	 16.00	 2	 3.73	 
bmem_snacks2_146	 2	 11	 Loacker.bmp	 3.269313e+02	 11	 9.145601e+02	 110	 6.834115e+02	 98	 3.279657e+02	 700.00	 716.67	 11.00	 52	 4.09	 
bmem_snacks2_146	 2	 11	 BisliOnion.bmp	 3.299347e+02	 24	 999000	 240	 999000	 999	 3.309525e+02	 700.00	 716.67	 57.00	 59	 0.11	 
bmem_snacks2_146	 2	 11	 Mentos.bmp	 3.319369e+02	 12	 999000	 120	 999000	 999	 3.329547e+02	 700.00	 716.67	 18.00	 29	 3.49	 
bmem_snacks2_146	 2	 11	 KashitSour.bmp	 3.339391e+02	 22	 9.867001e+02	 220	 7.167210e+02	 98	 3.349736e+02	 700.00	 733.33	 48.00	 51	 0.20	 
bmem_snacks2_146	 2	 11	 GumiSnakes3.bmp	 3.369426e+02	 22	 1.103266e+03	 2200	 7.334018e+02	 98	 3.379784e+02	 700.00	 683.33	 49.00	 40	 0.16	 
bmem_snacks2_146	 2	 11	 CrunchBisquitWhite2.bmp	 3.389281e+02	 12	 999000	 120	 999000	 999	 3.399459e+02	 700.00	 683.33	 4.00	 28	 6.76	 
bmem_snacks2_146	 2	 11	 Mekupelet.bmp	 3.409303e+02	 12	 999000	 120	 999000	 999	 3.419481e+02	 700.00	 683.33	 21.00	 22	 3.38	 
bmem_snacks2_146	 2	 11	 Keifli.bmp	 3.429326e+02	 22	 9.932919e+02	 220	 6.834074e+02	 98	 3.439673e+02	 700.00	 700.00	 54.00	 55	 0.13	 
bmem_snacks2_146	 2	 11	 Halva2.bmp	 3.459361e+02	 24	 999000	 240	 999000	 999	 3.469538e+02	 700.00	 700.00	 56.00	 42	 0.11	 
bmem_snacks2_146	 2	 11	 Tictac.bmp	 3.479382e+02	 24	 999000	 240	 999000	 999	 3.489560e+02	 700.00	 700.00	 58.00	 50	 0.04	 
bmem_snacks2_146	 2	 11	 Twist.bmp	 3.499405e+02	 12	 999000	 120	 999000	 999	 3.509583e+02	 700.00	 700.00	 22.00	 34	 3.22	 
bmem_snacks2_146	 2	 11	 ClickXLbrown4.bmp	 3.519427e+02	 12	 999000	 120	 999000	 999	 3.529605e+02	 700.00	 700.00	 19.00	 58	 3.49	 
bmem_snacks2_146	 2	 11	 ClickBalls5.bmp	 3.539282e+02	 11	 9.176113e+02	 110	 7.000372e+02	 98	 3.549643e+02	 716.67	 700.00	 14.00	 15	 3.89	 
bmem_snacks2_146	 2	 11	 KinderJoy.bmp	 3.599350e+02	 24	 999000	 240	 999000	 999	 3.609528e+02	 716.67	 700.00	 42.00	 39	 0.49	 
bmem_snacks2_146	 2	 11	 Cheetos.bmp	 3.629384e+02	 22	 1.003515e+03	 2200	 7.000469e+02	 98	 3.639729e+02	 716.67	 650.00	 51.00	 8	 0.13	 
bmem_snacks2_146	 2	 11	 Twix.bmp	 3.669260e+02	 12	 999000	 120	 999000	 999	 3.679440e+02	 716.67	 650.00	 15.00	 5	 3.82	 
