subjectID	order	itemIndABC	stimName	bidInd	runtrial	isOld?	subjectAnswerIsOld	onsettime_isOld	resp_isOld	RT_isOld	isGo?	subjectAnswerIsGo	onsettime_isGo	resp_isGo	RT_isGo
bmem_snacks2_112	2	21	KinderJoy.bmp	16	1	1	1	1.162011e+00	1	1.626842e+00	1	3	3.331241e+00	3	1.169613e+00	
bmem_snacks2_112	2	4	Bamba.bmp	7	2	1	1	6.067632e+00	1	1.609221e+00	0	3	8.219985e+00	3	8.008672e-01	
bmem_snacks2_112	2	13	ClickBlackWhite3.bmp	15	3	1	1	1.057261e+01	1	2.344242e+00	0	3	1.345916e+01	3	8.337029e-01	
bmem_snacks2_112	2	3	BagaleShtuhim.bmp	43	4	1	2	1.584515e+01	2	2.087708e+00	1	3	1.848143e+01	3	4.274295e-01	
bmem_snacks2_112	2	10	ChocolateParaCookies5.bmp	9	5	1	1	2.046710e+01	1	2.809773e+00	1	3	2.382085e+01	3	1.336009e+00	
bmem_snacks2_112	2	38	CookiesSmile.bmp	0	6	0	4	2.670749e+01	4	2.137390e+00	0	3	2.937705e+01	3	9.877952e-01	
bmem_snacks2_112	2	46	KinderFingers.bmp	0	7	0	2	3.191327e+01	2	2.203590e+00	0	3	3.464967e+01	3	1.427199e+00	
bmem_snacks2_112	2	42	DoritusMexicanNacho.bmp	0	8	0	5	3.763638e+01	5	2.096491e+00	0	3	4.027260e+01	3	1.948258e+00	
bmem_snacks2_112	2	18	HappyHippo.bmp	18	9	1	999	4.377653e+01	999	999	0	2	4.731386e+01	2	2.107004e+00	
bmem_snacks2_112	2	9	Cheetos.bmp	49	10	1	2	5.098470e+01	2	2.324166e+00	1	3	5.385453e+01	3	4.463323e-01	
bmem_snacks2_112	2	17	Halva2.bmp	53	11	1	2	5.585676e+01	2	2.756107e+00	0	3	5.916056e+01	3	5.403083e-01	
bmem_snacks2_112	2	53	Pringles.bmp	0	12	0	4	6.126284e+01	4	1.837995e+00	0	4	6.363218e+01	4	1.196687e+00	
bmem_snacks2_112	2	43	Hispusim.bmp	0	13	0	5	6.638534e+01	5	2.187523e+00	0	5	6.910511e+01	5	4.117464e-01	
bmem_snacks2_112	2	25	SkittlesSour4.bmp	55	14	1	1	7.107395e+01	1	1.914911e+00	0	3	7.352666e+01	3	3.581957e-01	
bmem_snacks2_112	2	47	Lotus.bmp	0	15	0	5	7.544543e+01	5	2.143439e+00	0	5	7.813191e+01	5	2.809609e-01	
bmem_snacks2_112	2	49	MilkeyWay.bmp	0	16	0	4	7.996714e+01	4	2.509728e+00	0	4	8.302058e+01	4	7.522830e-01	
bmem_snacks2_112	2	40	Crunch4.bmp	0	17	0	4	8.532317e+01	4	2.009693e+00	0	3	8.787614e+01	3	1.728732e+00	
bmem_snacks2_112	2	1	Apropo.bmp	12	18	1	999	9.116310e+01	999	999	0	3	9.468372e+01	3	1.217150e+00	
bmem_snacks2_112	2	54	TapuchipsCrunch2.bmp	0	19	0	1	9.745354e+01	1	1.919309e+00	0	3	9.990632e+01	3	7.625539e-01	
bmem_snacks2_112	2	51	Oreo.bmp	0	20	0	2	1.022256e+02	2	1.931299e+00	0	3	1.046949e+02	3	8.859176e-01	
bmem_snacks2_112	2	11	ChocolateParaMarir2.bmp	14	21	1	1	1.071311e+02	1	2.049807e+00	1	3	1.097173e+02	3	3.115329e-01	
bmem_snacks2_112	2	56	bagaleShminiot.bmp	0	22	0	4	1.115860e+02	4	2.218814e+00	0	4	1.143391e+02	4	6.817523e-01	
bmem_snacks2_112	2	24	Mars.bmp	54	23	1	4	1.165749e+02	4	2.093924e+00	1	4	1.192113e+02	4	2.976147e-01	
bmem_snacks2_112	2	52	PitaCrunch.bmp	0	24	0	5	1.210633e+02	5	2.165513e+00	0	5	1.237664e+02	5	2.464023e-01	
bmem_snacks2_112	2	45	KifkefMaklotChocolate.bmp	0	25	0	3	1.255684e+02	3	2.004464e+00	0	3	1.281045e+02	3	6.123209e-01	
bmem_snacks2_112	2	2	BabyDoll.bmp	52	26	1	3	1.302737e+02	3	1.939211e+00	0	4	1.327598e+02	4	1.509111e+00	
bmem_snacks2_112	2	44	Kifkef.bmp	0	27	0	999	1.358300e+02	999	999	0	3	1.393505e+02	3	9.263725e-01	
bmem_snacks2_112	2	37	ClickCornflakes.bmp	0	28	0	3	1.418366e+02	3	1.816217e+00	0	4	1.441895e+02	4	8.713883e-01	
bmem_snacks2_112	2	15	DoritosGrill.bmp	5	29	1	4	1.466254e+02	4	1.979473e+00	0	4	1.491449e+02	4	1.483925e+00	
bmem_snacks2_112	2	39	Corny.bmp	0	30	0	4	1.521816e+02	4	2.175218e+00	0	4	1.549014e+02	4	2.874962e-01	
bmem_snacks2_112	2	41	DoritosMenupahBbq.bmp	0	31	0	3	1.567367e+02	3	2.156172e+00	0	3	1.594398e+02	3	3.810703e-01	
bmem_snacks2_112	2	8	BisliOnion.bmp	56	32	1	2	1.613753e+02	2	1.957533e+00	0	3	1.638781e+02	3	4.467704e-01	
bmem_snacks2_112	2	33	CheetosSpicey.bmp	0	33	0	3	1.658804e+02	3	2.748513e+00	0	3	1.691673e+02	3	3.415391e-01	
bmem_snacks2_112	2	12	ClickBisquit2.bmp	13	34	1	1	1.710697e+02	1	1.287213e+00	0	1	1.728882e+02	1	1.772698e+00	
bmem_snacks2_112	2	31	BisliBbq.bmp	0	35	0	3	1.762253e+02	3	1.659568e+00	0	3	1.784277e+02	3	2.811702e-01	
bmem_snacks2_112	2	50	MnM2.bmp	0	36	0	4	1.802632e+02	4	2.789625e+00	0	4	1.835835e+02	4	4.453340e-01	
bmem_snacks2_112	2	5	BambaNugat.bmp	51	37	1	3	1.855857e+02	3	2.963123e+00	1	3	1.890897e+02	3	5.631823e-01	
bmem_snacks2_112	2	22	Kitkat.bmp	17	38	1	1	1.912088e+02	1	1.372092e+00	1	3	1.931276e+02	3	2.372720e-01	
bmem_snacks2_112	2	35	ChocolateParaNuts2.bmp	0	39	0	4	1.949129e+02	4	2.203934e+00	0	3	1.976495e+02	3	9.713470e-01	
bmem_snacks2_112	2	32	BisliFalafel.bmp	0	40	0	5	2.001855e+02	5	1.771351e+00	0	5	2.025048e+02	5	2.840784e-01	
bmem_snacks2_112	2	19	Hit.bmp	11	41	1	1	2.043402e+02	1	1.704674e+00	1	3	2.065761e+02	3	6.607195e-01	
bmem_snacks2_112	2	34	ChocolateChipsCookies.bmp	0	42	0	3	2.087951e+02	3	2.017719e+00	0	3	2.113481e+02	3	2.407625e-01	
bmem_snacks2_112	2	30	Argaliyot.bmp	0	43	0	3	2.131500e+02	3	2.590805e+00	0	3	2.162869e+02	3	2.859439e-01	
bmem_snacks2_112	2	23	Loacker.bmp	8	44	1	3	2.181223e+02	3	2.290534e+00	1	3	2.209589e+02	3	2.539818e-01	
bmem_snacks2_112	2	48	MikeAndIke.bmp	0	45	0	2	2.227609e+02	2	2.227922e+00	0	3	2.255307e+02	3	8.502099e-01	
bmem_snacks2_112	2	29	Abadi2.bmp	0	46	0	5	2.279334e+02	5	1.975511e+00	0	5	2.304529e+02	5	2.399768e-01	
bmem_snacks2_112	2	14	CrunchBisquitBrown3.bmp	6	47	1	1	2.322550e+02	1	1.309884e+00	0	3	2.341069e+02	3	1.577925e+00	
bmem_snacks2_112	2	20	Keifli.bmp	48	48	1	3	2.372438e+02	3	2.289043e+00	1	3	2.400637e+02	3	2.931550e-01	
bmem_snacks2_112	2	7	BisliGrill.bmp	10	49	1	2	2.419157e+02	2	1.497139e+00	0	3	2.439514e+02	3	4.614759e-01	
bmem_snacks2_112	2	6	BambaSweet.bmp	44	50	1	1	2.459703e+02	1	1.514520e+00	0	3	2.480227e+02	3	2.134186e+00	
bmem_snacks2_112	2	28	WerthersOriginal.bmp	46	51	1	1	2.517101e+02	1	1.270807e+00	1	4	2.535123e+02	4	2.124582e+00	
bmem_snacks2_112	2	16	Dubonim.bmp	47	52	1	2	2.571995e+02	2	2.397318e+00	0	3	2.601362e+02	3	2.046256e-01	
bmem_snacks2_112	2	36	ChocolateWhite.bmp	0	53	0	5	2.619049e+02	5	1.723952e+00	0	5	2.641741e+02	5	1.747525e-01	
bmem_snacks2_112	2	55	Toblerone.bmp	0	54	0	4	2.659094e+02	4	1.887476e+00	0	4	2.683288e+02	4	2.360350e-01	
bmem_snacks2_112	2	27	Snickers.bmp	45	55	1	1	2.701141e+02	1	1.194799e+00	0	3	2.718495e+02	3	1.953891e-01	
bmem_snacks2_112	2	26	Smarties.bmp	50	56	1	1	2.736013e+02	1	1.051528e+00	0	3	2.751866e+02	3	2.102924e-01	
