subjectID	order	runNum	itemName	onsetTime	shuff_trialType	RT	respInTime	AudioTime	response	fixationTime	ladder1	ladder2	bidIndex	BDMtrialIndex	bidValue
bmem_snacks2_127	 1	 13	 BambaSweet.bmp	 5.137862e+02	 22	 8.755516e+02	 220	 5.500552e+02	 98	 5.148226e+02	 550.00	 566.67	 50.00	 8	 2.73	 
bmem_snacks2_127	 1	 13	 SkittlesFruits2.bmp	 5.187751e+02	 24	 999000	 240	 999000	 999	 5.197929e+02	 550.00	 566.67	 58.00	 45	 0.51	 
bmem_snacks2_127	 1	 13	 Kitkat.bmp	 5.207773e+02	 12	 999000	 120	 999000	 999	 5.217952e+02	 550.00	 566.67	 11.00	 27	 6.29	 
bmem_snacks2_127	 1	 13	 Twist.bmp	 5.227796e+02	 22	 9.141642e+02	 220	 5.667283e+02	 98	 5.238308e+02	 550.00	 583.33	 44.00	 11	 2.78	 
bmem_snacks2_127	 1	 13	 Tortit.bmp	 5.287695e+02	 24	 999000	 240	 999000	 999	 5.297876e+02	 550.00	 583.33	 56.00	 31	 1.47	 
bmem_snacks2_127	 1	 13	 ClickBlackWhite3.bmp	 5.307720e+02	 12	 999000	 120	 999000	 999	 5.317898e+02	 550.00	 583.33	 16.00	 20	 5.98	 
bmem_snacks2_127	 1	 13	 KifkefMaklot2.bmp	 5.337752e+02	 22	 9.584714e+02	 220	 5.834099e+02	 98	 5.348113e+02	 550.00	 600.00	 47.00	 35	 2.76	 
bmem_snacks2_127	 1	 13	 Twix.bmp	 5.357775e+02	 24	 999000	 240	 999000	 999	 5.367953e+02	 550.00	 600.00	 42.00	 56	 3.22	 
bmem_snacks2_127	 1	 13	 ChocolateParaSucariotKoftzot2.bmp	 5.397819e+02	 12	 999000	 120	 999000	 999	 5.407998e+02	 550.00	 600.00	 20.00	 14	 5.89	 
bmem_snacks2_127	 1	 13	 Apropo.bmp	 5.417843e+02	 12	 999000	 120	 999000	 999	 5.428020e+02	 550.00	 600.00	 22.00	 48	 5.84	 
bmem_snacks2_127	 1	 13	 ChocolateParaCookies5.bmp	 5.467731e+02	 12	 999000	 120	 999000	 999	 5.477910e+02	 550.00	 600.00	 6.00	 28	 7.24	 
bmem_snacks2_127	 1	 13	 KinderBuenoWhite2.bmp	 5.537811e+02	 11	 1.080655e+03	 1100	 5.500803e+02	 98	 5.548158e+02	 500.00	 600.00	 7.00	 7	 6.98	 
bmem_snacks2_127	 1	 13	 CrunchBisquitWhite2.bmp	 5.557832e+02	 12	 999000	 120	 999000	 999	 5.568011e+02	 500.00	 600.00	 4.00	 49	 7.40	 
bmem_snacks2_127	 1	 13	 ClickBalls5.bmp	 5.587702e+02	 11	 9.074799e+02	 110	 5.000646e+02	 98	 5.598065e+02	 516.67	 600.00	 15.00	 19	 5.98	 
bmem_snacks2_127	 1	 13	 BagaleShtuhim.bmp	 5.617733e+02	 24	 999000	 240	 999000	 999	 5.627911e+02	 516.67	 600.00	 39.00	 21	 3.78	 
bmem_snacks2_127	 1	 13	 DoritosNatural.bmp	 5.657778e+02	 22	 1.107911e+03	 2200	 6.000649e+02	 98	 5.668154e+02	 516.67	 550.00	 53.00	 51	 1.73	 
bmem_snacks2_127	 1	 13	 TapuchipsCrunch.bmp	 5.697823e+02	 11	 9.513829e+02	 110	 5.167506e+02	 98	 5.708173e+02	 533.33	 550.00	 13.00	 12	 6.09	 
bmem_snacks2_127	 1	 13	 Mentos.bmp	 5.737702e+02	 24	 999000	 240	 999000	 999	 5.747879e+02	 533.33	 550.00	 48.00	 40	 2.76	 
bmem_snacks2_127	 1	 13	 CrunchShokoVanil.bmp	 5.767735e+02	 24	 999000	 240	 999000	 999	 5.777913e+02	 533.33	 550.00	 43.00	 29	 2.87	 
bmem_snacks2_127	 1	 13	 Hit.bmp	 5.827802e+02	 12	 999000	 120	 999000	 999	 5.837980e+02	 533.33	 550.00	 8.00	 6	 6.87	 
bmem_snacks2_127	 1	 13	 ChocolateParaMilk3.bmp	 5.847825e+02	 24	 999000	 240	 999000	 999	 5.858003e+02	 533.33	 550.00	 41.00	 55	 3.40	 
bmem_snacks2_127	 1	 13	 DoritosSourSpicy.bmp	 5.877688e+02	 24	 999000	 240	 999000	 999	 5.887869e+02	 533.33	 550.00	 49.00	 44	 2.76	 
bmem_snacks2_127	 1	 13	 HispusimShatiah.bmp	 5.897713e+02	 24	 999000	 240	 999000	 999	 5.907892e+02	 533.33	 550.00	 54.00	 17	 1.67	 
bmem_snacks2_127	 1	 13	 BisliPizza3.bmp	 5.917736e+02	 24	 999000	 240	 999000	 999	 5.927914e+02	 533.33	 550.00	 55.00	 16	 1.62	 
bmem_snacks2_127	 1	 13	 CrunchBisquitBrown3.bmp	 5.937759e+02	 11	 9.418683e+02	 110	 5.333710e+02	 98	 5.948104e+02	 550.00	 550.00	 12.00	 32	 6.27	 
bmem_snacks2_127	 1	 13	 Smarties.bmp	 5.967792e+02	 12	 999000	 120	 999000	 999	 5.977970e+02	 550.00	 550.00	 19.00	 54	 5.91	 
bmem_snacks2_127	 1	 13	 KinderBuenoBrown3.bmp	 6.007838e+02	 12	 999000	 120	 999000	 999	 6.018016e+02	 550.00	 550.00	 9.00	 38	 6.84	 
bmem_snacks2_127	 1	 13	 ClickXLwhite4.bmp	 6.027693e+02	 12	 999000	 120	 999000	 999	 6.037871e+02	 550.00	 550.00	 5.00	 50	 7.27	 
bmem_snacks2_127	 1	 13	 KashitSour.bmp	 6.047717e+02	 24	 999000	 240	 999000	 999	 6.057893e+02	 550.00	 550.00	 57.00	 36	 0.62	 
bmem_snacks2_127	 1	 13	 GumiWine2.bmp	 6.067738e+02	 24	 999000	 240	 999000	 999	 6.077916e+02	 550.00	 550.00	 51.00	 15	 2.69	 
bmem_snacks2_127	 1	 13	 ClickXLbrown4.bmp	 6.087760e+02	 12	 999000	 120	 999000	 999	 6.097938e+02	 550.00	 550.00	 17.00	 60	 5.93	 
bmem_snacks2_127	 1	 13	 Cheetos.bmp	 6.107782e+02	 12	 999000	 120	 999000	 999	 6.117961e+02	 550.00	 550.00	 3.00	 10	 7.76	 
bmem_snacks2_127	 1	 13	 Snickers.bmp	 6.147827e+02	 11	 8.949861e+02	 110	 5.500697e+02	 98	 6.158188e+02	 566.67	 550.00	 18.00	 5	 5.91	 
bmem_snacks2_127	 1	 13	 ClickBisquit2.bmp	 6.187705e+02	 12	 999000	 120	 999000	 999	 6.197883e+02	 566.67	 550.00	 21.00	 2	 5.84	 
bmem_snacks2_127	 1	 13	 BisliOnion.bmp	 6.207728e+02	 22	 8.969655e+02	 220	 5.500715e+02	 98	 6.218073e+02	 566.67	 566.67	 45.00	 37	 2.78	 
bmem_snacks2_127	 1	 13	 Popco.bmp	 6.227751e+02	 24	 999000	 240	 999000	 999	 6.237928e+02	 566.67	 566.67	 46.00	 1	 2.76	 
bmem_snacks2_127	 1	 13	 Mekupelet.bmp	 6.247773e+02	 12	 999000	 120	 999000	 999	 6.257951e+02	 566.67	 566.67	 14.00	 18	 6.04	 
bmem_snacks2_127	 1	 13	 DoritosGrill.bmp	 6.267795e+02	 22	 9.382225e+02	 220	 5.667536e+02	 98	 6.278142e+02	 566.67	 583.33	 52.00	 58	 1.76	 
bmem_snacks2_127	 1	 13	 Loacker.bmp	 6.327697e+02	 11	 9.240696e+02	 110	 5.667259e+02	 98	 6.338057e+02	 583.33	 583.33	 10.00	 23	 6.53	 
bmem_snacks2_127	 1	 13	 BabyDoll.bmp	 6.347718e+02	 24	 999000	 240	 999000	 999	 6.357896e+02	 583.33	 583.33	 40.00	 22	 3.78	 
