subjectID	order	runNum	itemName	onsetTime	shuff_trialType	RT	respInTime	AudioTime	response	fixationTime	ladder1	ladder2	bidIndex	BDMtrialIndex	bidValue
bmem_snacks2_113	 1	 15	 SkittlesSour4.bmp	 7.401034e+02	 11	 8.536890e+02	 110	 6.167414e+02	 98	 7.411395e+02	 633.33	 616.67	 7.00	 6	 4.64	 
bmem_snacks2_113	 1	 15	 Shugi.bmp	 7.431071e+02	 12	 999000	 120	 999000	 999	 7.441267e+02	 633.33	 616.67	 16.00	 2	 2.38	 
bmem_snacks2_113	 1	 15	 ClickBalls5.bmp	 7.451094e+02	 11	 6.557153e+02	 110	 6.333779e+02	 98	 7.461450e+02	 650.00	 616.67	 15.00	 28	 2.51	 
bmem_snacks2_113	 1	 15	 GumiSnakes3.bmp	 7.470950e+02	 24	 999000	 240	 999000	 999	 7.481146e+02	 650.00	 616.67	 56.00	 50	 0.67	 
bmem_snacks2_113	 1	 15	 Dubonim.bmp	 7.490972e+02	 12	 999000	 120	 999000	 999	 7.501171e+02	 650.00	 616.67	 22.00	 26	 2.11	 
bmem_snacks2_113	 1	 15	 BambaNugat.bmp	 7.521006e+02	 22	 9.444968e+02	 220	 6.167597e+02	 98	 7.531373e+02	 650.00	 633.33	 50.00	 51	 0.78	 
bmem_snacks2_113	 1	 15	 Tortit.bmp	 7.541028e+02	 22	 8.382828e+02	 220	 6.334215e+02	 98	 7.551386e+02	 650.00	 650.00	 52.00	 9	 0.71	 
bmem_snacks2_113	 1	 15	 CrunchShokoVanil.bmp	 7.581073e+02	 24	 999000	 240	 999000	 999	 7.591269e+02	 650.00	 650.00	 41.00	 11	 1.16	 
bmem_snacks2_113	 1	 15	 GumiWine2.bmp	 7.601096e+02	 24	 999000	 240	 999000	 999	 7.611291e+02	 650.00	 650.00	 49.00	 10	 0.78	 
bmem_snacks2_113	 1	 15	 ChocolateParaMilk3.bmp	 7.650985e+02	 12	 999000	 120	 999000	 999	 7.661180e+02	 650.00	 650.00	 21.00	 25	 2.16	 
bmem_snacks2_113	 1	 15	 Apropo.bmp	 7.671008e+02	 12	 999000	 120	 999000	 999	 7.681204e+02	 650.00	 650.00	 11.00	 14	 3.13	 
bmem_snacks2_113	 1	 15	 Cheetos.bmp	 7.711052e+02	 12	 999000	 120	 999000	 999	 7.721247e+02	 650.00	 650.00	 4.00	 30	 5.24	 
bmem_snacks2_113	 1	 15	 PesekZman.bmp	 7.731075e+02	 12	 999000	 120	 999000	 999	 7.741270e+02	 650.00	 650.00	 6.00	 15	 4.87	 
bmem_snacks2_113	 1	 15	 BisliPizza3.bmp	 7.760939e+02	 24	 999000	 240	 999000	 999	 7.771122e+02	 650.00	 650.00	 43.00	 16	 1.00	 
bmem_snacks2_113	 1	 15	 KashitSour.bmp	 7.810998e+02	 11	 7.053215e+02	 110	 6.500405e+02	 98	 7.821352e+02	 666.67	 650.00	 18.00	 23	 2.33	 
bmem_snacks2_113	 1	 15	 Snickers.bmp	 7.831021e+02	 12	 999000	 120	 999000	 999	 7.841226e+02	 666.67	 650.00	 17.00	 22	 2.33	 
bmem_snacks2_113	 1	 15	 BisliOnion.bmp	 7.851042e+02	 24	 999000	 240	 999000	 999	 7.861239e+02	 666.67	 650.00	 57.00	 53	 0.67	 
bmem_snacks2_113	 1	 15	 Egozi.bmp	 7.891088e+02	 12	 999000	 120	 999000	 999	 7.901269e+02	 666.67	 650.00	 20.00	 20	 2.20	 
bmem_snacks2_113	 1	 15	 SkittlesFruits2.bmp	 7.930966e+02	 12	 999000	 120	 999000	 999	 7.941155e+02	 666.67	 650.00	 3.00	 18	 5.36	 
bmem_snacks2_113	 1	 15	 KinderBuenoBrown3.bmp	 7.971011e+02	 24	 999000	 240	 999000	 999	 7.981201e+02	 666.67	 650.00	 58.00	 17	 0.64	 
bmem_snacks2_113	 1	 15	 KinderJoy.bmp	 7.991033e+02	 24	 999000	 240	 999000	 999	 8.001219e+02	 666.67	 650.00	 46.00	 35	 0.93	 
bmem_snacks2_113	 1	 15	 ClickBlackWhite3.bmp	 8.011056e+02	 11	 9.555046e+02	 110	 6.667407e+02	 98	 8.021406e+02	 683.33	 650.00	 10.00	 13	 3.18	 
bmem_snacks2_113	 1	 15	 Mentos.bmp	 8.031079e+02	 11	 8.171707e+02	 110	 6.833820e+02	 98	 8.041441e+02	 700.00	 650.00	 12.00	 31	 2.87	 
bmem_snacks2_113	 1	 15	 DoritosGrill.bmp	 8.051100e+02	 24	 999000	 240	 999000	 999	 8.061284e+02	 700.00	 650.00	 39.00	 60	 1.20	 
bmem_snacks2_113	 1	 15	 BagaleShtuhim.bmp	 8.111001e+02	 22	 1.009029e+03	 2200	 6.500516e+02	 98	 8.121363e+02	 700.00	 600.00	 45.00	 54	 0.96	 
bmem_snacks2_113	 1	 15	 BisliGrill.bmp	 8.141035e+02	 24	 999000	 240	 999000	 999	 8.151223e+02	 700.00	 600.00	 48.00	 56	 0.80	 
bmem_snacks2_113	 1	 15	 Twix.bmp	 8.161058e+02	 22	 8.752751e+02	 220	 6.000825e+02	 98	 8.171408e+02	 700.00	 616.67	 53.00	 24	 0.69	 
bmem_snacks2_113	 1	 15	 WerthersOriginal.bmp	 8.181082e+02	 24	 999000	 240	 999000	 999	 8.191270e+02	 700.00	 616.67	 51.00	 19	 0.76	 
bmem_snacks2_113	 1	 15	 Mekupelet.bmp	 8.210945e+02	 11	 6.385834e+02	 11	 7.000435e+02	 98	 8.221309e+02	 716.67	 616.67	 13.00	 49	 2.69	 
bmem_snacks2_113	 1	 15	 Mars.bmp	 8.230969e+02	 24	 999000	 240	 999000	 999	 8.241160e+02	 716.67	 616.67	 40.00	 47	 1.18	 
bmem_snacks2_113	 1	 15	 Bounty.bmp	 8.250992e+02	 24	 999000	 240	 999000	 999	 8.261176e+02	 716.67	 616.67	 42.00	 3	 1.00	 
bmem_snacks2_113	 1	 15	 Keifli.bmp	 8.271015e+02	 12	 999000	 120	 999000	 999	 8.281209e+02	 716.67	 616.67	 14.00	 34	 2.64	 
bmem_snacks2_113	 1	 15	 TapuchipsCrunch.bmp	 8.301048e+02	 24	 999000	 240	 999000	 999	 8.311241e+02	 716.67	 616.67	 54.00	 5	 0.67	 
bmem_snacks2_113	 1	 15	 Popco.bmp	 8.321071e+02	 22	 7.700020e+02	 220	 6.167349e+02	 98	 8.331422e+02	 716.67	 633.33	 44.00	 55	 1.00	 
bmem_snacks2_113	 1	 15	 ClickXLwhite4.bmp	 8.341093e+02	 12	 999000	 120	 999000	 999	 8.351273e+02	 716.67	 633.33	 5.00	 7	 5.22	 
bmem_snacks2_113	 1	 15	 Loacker.bmp	 8.360947e+02	 12	 999000	 120	 999000	 999	 8.371129e+02	 716.67	 633.33	 19.00	 32	 2.29	 
bmem_snacks2_113	 1	 15	 ChocolateParaCookies5.bmp	 8.380973e+02	 22	 8.117675e+02	 220	 6.333696e+02	 98	 8.391336e+02	 716.67	 650.00	 47.00	 4	 0.87	 
bmem_snacks2_113	 1	 15	 Smarties.bmp	 8.441039e+02	 24	 6.771479e+02	 24	 999000	 98	 8.451255e+02	 716.67	 650.00	 55.00	 12	 0.67	 
bmem_snacks2_113	 1	 15	 KifkefMaklot2.bmp	 8.471073e+02	 12	 999000	 120	 999000	 999	 8.481290e+02	 716.67	 650.00	 8.00	 8	 3.56	 
bmem_snacks2_113	 1	 15	 BambaSweet.bmp	 8.510950e+02	 12	 999000	 120	 999000	 999	 8.521132e+02	 716.67	 650.00	 9.00	 39	 3.42	 
