subjectID	order	runNum	itemName	onsetTime	shuff_trialType	RT	respInTime	AudioTime	response	fixationTime	ladder1	ladder2	bidIndex	BDMtrialIndex	bidValue
bmem_snacks2_127	 1	 9	 Snickers.bmp	 1.295008e+00	 11	 9.347103e+02	 110	 5.500672e+02	 98	 2.330766e+00	 566.67	 550.00	 18.00	 5	 5.91	 
bmem_snacks2_127	 1	 9	 Smarties.bmp	 3.280527e+00	 12	 999000	 120	 999000	 999	 4.298363e+00	 566.67	 550.00	 19.00	 54	 5.91	 
bmem_snacks2_127	 1	 9	 BambaSweet.bmp	 7.285115e+00	 22	 8.726019e+02	 220	 5.500729e+02	 98	 8.321549e+00	 566.67	 566.67	 50.00	 8	 2.73	 
bmem_snacks2_127	 1	 9	 DoritosSourSpicy.bmp	 1.028840e+01	 24	 999000	 240	 999000	 999	 1.130629e+01	 566.67	 566.67	 49.00	 44	 2.76	 
bmem_snacks2_127	 1	 9	 ClickBisquit2.bmp	 1.229069e+01	 12	 999000	 120	 999000	 999	 1.330842e+01	 566.67	 566.67	 21.00	 2	 5.84	 
bmem_snacks2_127	 1	 9	 ClickXLwhite4.bmp	 1.527736e+01	 12	 999000	 120	 999000	 999	 1.629517e+01	 566.67	 566.67	 5.00	 50	 7.27	 
bmem_snacks2_127	 1	 9	 Mentos.bmp	 1.928188e+01	 24	 999000	 240	 999000	 999	 2.029960e+01	 566.67	 566.67	 48.00	 40	 2.76	 
bmem_snacks2_127	 1	 9	 KinderBuenoBrown3.bmp	 2.328634e+01	 12	 999000	 120	 999000	 999	 2.430416e+01	 566.67	 566.67	 9.00	 38	 6.84	 
bmem_snacks2_127	 1	 9	 DoritosGrill.bmp	 2.528855e+01	 22	 9.651728e+02	 220	 5.667481e+02	 98	 2.632410e+01	 566.67	 583.33	 52.00	 58	 1.76	 
bmem_snacks2_127	 1	 9	 Loacker.bmp	 3.027748e+01	 11	 9.522387e+02	 110	 5.666995e+02	 98	 3.131380e+01	 583.33	 583.33	 10.00	 23	 6.53	 
bmem_snacks2_127	 1	 9	 ClickBlackWhite3.bmp	 3.227974e+01	 12	 999000	 120	 999000	 999	 3.329753e+01	 583.33	 583.33	 16.00	 20	 5.98	 
bmem_snacks2_127	 1	 9	 CrunchBisquitBrown3.bmp	 3.428205e+01	 11	 9.396718e+02	 110	 5.834071e+02	 98	 3.531737e+01	 600.00	 583.33	 12.00	 32	 6.27	 
bmem_snacks2_127	 1	 9	 DoritosNatural.bmp	 4.028872e+01	 22	 9.329969e+02	 220	 5.833667e+02	 98	 4.132410e+01	 600.00	 600.00	 53.00	 51	 1.73	 
bmem_snacks2_127	 1	 9	 Tortit.bmp	 4.227403e+01	 24	 999000	 240	 999000	 999	 4.329215e+01	 600.00	 600.00	 56.00	 31	 1.47	 
bmem_snacks2_127	 1	 9	 Twix.bmp	 4.427665e+01	 24	 999000	 240	 999000	 999	 4.529444e+01	 600.00	 600.00	 42.00	 56	 3.22	 
bmem_snacks2_127	 1	 9	 KashitSour.bmp	 4.627884e+01	 24	 999000	 240	 999000	 999	 4.729664e+01	 600.00	 600.00	 57.00	 36	 0.62	 
bmem_snacks2_127	 1	 9	 ClickXLbrown4.bmp	 5.028326e+01	 12	 999000	 120	 999000	 999	 5.130111e+01	 600.00	 600.00	 17.00	 60	 5.93	 
bmem_snacks2_127	 1	 9	 SkittlesFruits2.bmp	 5.428776e+01	 24	 999000	 240	 999000	 999	 5.530555e+01	 600.00	 600.00	 58.00	 45	 0.51	 
bmem_snacks2_127	 1	 9	 GumiWine2.bmp	 5.727413e+01	 24	 999000	 240	 999000	 999	 5.829221e+01	 600.00	 600.00	 51.00	 15	 2.69	 
bmem_snacks2_127	 1	 9	 BabyDoll.bmp	 6.127892e+01	 24	 999000	 240	 999000	 999	 6.229671e+01	 600.00	 600.00	 40.00	 22	 3.78	 
bmem_snacks2_127	 1	 9	 Hit.bmp	 6.428230e+01	 12	 999000	 120	 999000	 999	 6.530002e+01	 600.00	 600.00	 8.00	 6	 6.87	 
bmem_snacks2_127	 1	 9	 ClickBalls5.bmp	 6.628453e+01	 11	 9.691885e+02	 110	 6.000652e+02	 98	 6.732032e+01	 616.67	 600.00	 15.00	 19	 5.98	 
bmem_snacks2_127	 1	 9	 HispusimShatiah.bmp	 7.028904e+01	 24	 999000	 240	 999000	 999	 7.130687e+01	 616.67	 600.00	 54.00	 17	 1.67	 
bmem_snacks2_127	 1	 9	 BisliOnion.bmp	 7.227423e+01	 22	 9.314867e+02	 220	 6.000508e+02	 98	 7.330917e+01	 616.67	 616.67	 45.00	 37	 2.78	 
bmem_snacks2_127	 1	 9	 Kitkat.bmp	 7.427683e+01	 12	 999000	 120	 999000	 999	 7.529466e+01	 616.67	 616.67	 11.00	 27	 6.29	 
bmem_snacks2_127	 1	 9	 CrunchBisquitWhite2.bmp	 7.828137e+01	 12	 999000	 120	 999000	 999	 7.929913e+01	 616.67	 616.67	 4.00	 49	 7.40	 
bmem_snacks2_127	 1	 9	 Apropo.bmp	 8.028362e+01	 12	 999000	 120	 999000	 999	 8.130133e+01	 616.67	 616.67	 22.00	 48	 5.84	 
bmem_snacks2_127	 1	 9	 KinderBuenoWhite2.bmp	 8.428809e+01	 11	 9.656277e+02	 110	 6.167374e+02	 98	 8.532365e+01	 633.33	 616.67	 7.00	 7	 6.98	 
bmem_snacks2_127	 1	 9	 ChocolateParaCookies5.bmp	 8.827551e+01	 12	 999000	 120	 999000	 999	 8.929362e+01	 633.33	 616.67	 6.00	 28	 7.24	 
bmem_snacks2_127	 1	 9	 BagaleShtuhim.bmp	 9.127916e+01	 24	 999000	 240	 999000	 999	 9.229706e+01	 633.33	 616.67	 39.00	 21	 3.78	 
bmem_snacks2_127	 1	 9	 Popco.bmp	 9.728591e+01	 24	 999000	 240	 999000	 999	 9.830373e+01	 633.33	 616.67	 46.00	 1	 2.76	 
bmem_snacks2_127	 1	 9	 Cheetos.bmp	 9.928817e+01	 12	 999000	 120	 999000	 999	 1.003060e+02	 633.33	 616.67	 3.00	 10	 7.76	 
bmem_snacks2_127	 1	 9	 Mekupelet.bmp	 1.032760e+02	 12	 999000	 120	 999000	 999	 1.042939e+02	 633.33	 616.67	 14.00	 18	 6.04	 
bmem_snacks2_127	 1	 9	 ChocolateParaSucariotKoftzot2.bmp	 1.052782e+02	 12	 999000	 120	 999000	 999	 1.062962e+02	 633.33	 616.67	 20.00	 14	 5.89	 
bmem_snacks2_127	 1	 9	 KifkefMaklot2.bmp	 1.072805e+02	 22	 1.013300e+03	 2200	 6.167380e+02	 98	 1.083153e+02	 633.33	 566.67	 47.00	 35	 2.76	 
bmem_snacks2_127	 1	 9	 CrunchShokoVanil.bmp	 1.092827e+02	 24	 999000	 240	 999000	 999	 1.103006e+02	 633.33	 566.67	 43.00	 29	 2.87	 
bmem_snacks2_127	 1	 9	 ChocolateParaMilk3.bmp	 1.142884e+02	 24	 999000	 240	 999000	 999	 1.153062e+02	 633.33	 566.67	 41.00	 55	 3.40	 
bmem_snacks2_127	 1	 9	 TapuchipsCrunch.bmp	 1.162736e+02	 11	 9.880901e+02	 110	 6.334035e+02	 98	 1.173104e+02	 650.00	 566.67	 13.00	 12	 6.09	 
bmem_snacks2_127	 1	 9	 BisliPizza3.bmp	 1.182761e+02	 24	 999000	 240	 999000	 999	 1.192940e+02	 650.00	 566.67	 55.00	 16	 1.62	 
bmem_snacks2_127	 1	 9	 Twist.bmp	 1.212795e+02	 22	 9.181924e+02	 220	 5.667365e+02	 98	 1.223157e+02	 650.00	 583.33	 44.00	 11	 2.78	 
