subjectID	order	runNum	itemName	onsetTime	shuff_trialType	RT	respInTime	AudioTime	response	fixationTime	ladder1	ladder2	bidIndex	BDMtrialIndex	bidValue
BOA_123	 1	 10	 Smarties.bmp	 1.159973e+03	 24	 999000	 240	 999000	 999	 1.160991e+03	 583.33	 650.00	 46.00	 40	 1.60	 
BOA_123	 1	 10	 Bamba.bmp	 1.161976e+03	 22	 9.382551e+02	 220	 6.500658e+02	 98	 1.163012e+03	 583.33	 666.67	 47.00	 29	 1.58	 
BOA_123	 1	 10	 Egozi.bmp	 1.165980e+03	 12	 999000	 120	 999000	 999	 1.166998e+03	 583.33	 666.67	 20.00	 38	 4.78	 
BOA_123	 1	 10	 KinderJoy.bmp	 1.168984e+03	 11	 8.343348e+02	 110	 5.834046e+02	 98	 1.170018e+03	 600.00	 666.67	 7.00	 42	 5.84	 
BOA_123	 1	 10	 ChocolateParaCookies5.bmp	 1.170969e+03	 12	 999000	 120	 999000	 999	 1.171987e+03	 600.00	 666.67	 21.00	 9	 3.91	 
BOA_123	 1	 10	 BisliOnion.bmp	 1.173973e+03	 12	 999000	 120	 999000	 999	 1.174991e+03	 600.00	 666.67	 11.00	 34	 4.93	 
BOA_123	 1	 10	 Twix.bmp	 1.177977e+03	 12	 999000	 120	 999000	 999	 1.178995e+03	 600.00	 666.67	 3.00	 39	 5.93	 
BOA_123	 1	 10	 Halva2.bmp	 1.181982e+03	 24	 999000	 240	 999000	 999	 1.183000e+03	 600.00	 666.67	 41.00	 25	 1.67	 
BOA_123	 1	 10	 HappyHippo.bmp	 1.183984e+03	 11	 9.142059e+02	 110	 6.000465e+02	 98	 1.185019e+03	 616.67	 666.67	 10.00	 33	 4.93	 
BOA_123	 1	 10	 CrunchBisquitBrown3.bmp	 1.188973e+03	 12	 999000	 120	 999000	 999	 1.189991e+03	 616.67	 666.67	 9.00	 23	 4.96	 
BOA_123	 1	 10	 Loacker.bmp	 1.190975e+03	 24	 999000	 240	 999000	 999	 1.191993e+03	 616.67	 666.67	 48.00	 26	 1.56	 
BOA_123	 1	 10	 Twist.bmp	 1.192977e+03	 24	 999000	 240	 999000	 999	 1.193995e+03	 616.67	 666.67	 49.00	 43	 1.53	 
BOA_123	 1	 10	 BabyDoll.bmp	 1.198984e+03	 22	 1.010245e+03	 2200	 6.667156e+02	 98	 1.200019e+03	 616.67	 616.67	 50.00	 49	 1.53	 
BOA_123	 1	 10	 Tictac.bmp	 1.200970e+03	 24	 999000	 240	 999000	 999	 1.201987e+03	 616.67	 616.67	 51.00	 15	 1.47	 
BOA_123	 1	 10	 Hit.bmp	 1.202972e+03	 24	 999000	 240	 999000	 999	 1.203990e+03	 616.67	 616.67	 54.00	 28	 0.67	 
BOA_123	 1	 10	 KashitSour.bmp	 1.204974e+03	 11	 9.639808e+02	 110	 6.167132e+02	 98	 1.206009e+03	 633.33	 616.67	 15.00	 45	 4.89	 
BOA_123	 1	 10	 CrunchShokoVanil.bmp	 1.208979e+03	 12	 999000	 120	 999000	 999	 1.209996e+03	 633.33	 616.67	 22.00	 31	 3.84	 
BOA_123	 1	 10	 BisliGrill.bmp	 1.212983e+03	 24	 999000	 240	 999000	 999	 1.214001e+03	 633.33	 616.67	 43.00	 4	 1.64	 
BOA_123	 1	 10	 KinderBuenoBrown3.bmp	 1.215970e+03	 12	 999000	 120	 999000	 999	 1.216988e+03	 633.33	 616.67	 6.00	 21	 5.89	 
BOA_123	 1	 10	 ClickBlackWhite3.bmp	 1.219974e+03	 11	 1.003898e+03	 1100	 6.333739e+02	 98	 1.221009e+03	 583.33	 616.67	 13.00	 35	 4.91	 
BOA_123	 1	 10	 ChocolateParaMarir2.bmp	 1.222978e+03	 24	 999000	 240	 999000	 999	 1.223995e+03	 583.33	 616.67	 56.00	 3	 0.62	 
BOA_123	 1	 10	 Popco.bmp	 1.224980e+03	 22	 1.030226e+03	 2200	 6.167106e+02	 98	 1.226015e+03	 583.33	 566.67	 45.00	 1	 1.60	 
BOA_123	 1	 10	 WerthersOriginal.bmp	 1.228967e+03	 22	 9.387312e+02	 220	 5.667203e+02	 98	 1.230002e+03	 583.33	 583.33	 53.00	 27	 0.67	 
BOA_123	 1	 10	 Keifli.bmp	 1.230970e+03	 24	 999000	 240	 999000	 999	 1.231988e+03	 583.33	 583.33	 57.00	 54	 0.62	 
BOA_123	 1	 10	 TapuchipsCrunch.bmp	 1.232972e+03	 22	 9.579524e+02	 220	 5.833777e+02	 98	 1.234008e+03	 583.33	 600.00	 44.00	 16	 1.64	 
BOA_123	 1	 10	 ClickXLbrown4.bmp	 1.236977e+03	 12	 999000	 120	 999000	 999	 1.237994e+03	 583.33	 600.00	 19.00	 41	 4.80	 
BOA_123	 1	 10	 GumiWine2.bmp	 1.238979e+03	 22	 8.871466e+02	 220	 6.000527e+02	 98	 1.240014e+03	 583.33	 616.67	 52.00	 55	 0.73	 
BOA_123	 1	 10	 BambaSweet.bmp	 1.242983e+03	 24	 999000	 240	 999000	 999	 1.244001e+03	 583.33	 616.67	 55.00	 52	 0.64	 
BOA_123	 1	 10	 Mars.bmp	 1.246971e+03	 11	 9.668168e+02	 110	 5.833824e+02	 98	 1.248006e+03	 600.00	 616.67	 18.00	 47	 4.82	 
BOA_123	 1	 10	 Kitkat.bmp	 1.249975e+03	 24	 999000	 240	 999000	 999	 1.250992e+03	 600.00	 616.67	 42.00	 37	 1.67	 
BOA_123	 1	 10	 KifkefMaklot2.bmp	 1.255981e+03	 12	 999000	 120	 999000	 999	 1.256999e+03	 600.00	 616.67	 4.00	 56	 5.93	 
BOA_123	 1	 10	 Cheetos.bmp	 1.257984e+03	 12	 999000	 120	 999000	 999	 1.259001e+03	 600.00	 616.67	 5.00	 51	 5.91	 
BOA_123	 1	 10	 Mekupelet.bmp	 1.261971e+03	 24	 999000	 240	 999000	 999	 1.262989e+03	 600.00	 616.67	 40.00	 13	 1.67	 
BOA_123	 1	 10	 ClickXLwhite4.bmp	 1.263974e+03	 11	 8.924932e+02	 110	 6.000465e+02	 98	 1.265008e+03	 616.67	 616.67	 12.00	 59	 4.93	 
BOA_123	 1	 10	 BisliPizza3.bmp	 1.265976e+03	 12	 999000	 120	 999000	 999	 1.266994e+03	 616.67	 616.67	 14.00	 11	 4.89	 
BOA_123	 1	 10	 Dubonim.bmp	 1.267978e+03	 12	 999000	 120	 999000	 999	 1.268996e+03	 616.67	 616.67	 17.00	 19	 4.84	 
BOA_123	 1	 10	 Tapuchips.bmp	 1.272984e+03	 12	 999000	 120	 999000	 999	 1.274002e+03	 616.67	 616.67	 8.00	 50	 5.82	 
BOA_123	 1	 10	 ChocolateParaMilk3.bmp	 1.274969e+03	 24	 999000	 240	 999000	 999	 1.275987e+03	 616.67	 616.67	 39.00	 8	 1.67	 
BOA_123	 1	 10	 ClickBisquit2.bmp	 1.276972e+03	 12	 999000	 120	 999000	 999	 1.277989e+03	 616.67	 616.67	 16.00	 12	 4.87	 
BOA_123	 1	 10	 GumiSnakes3.bmp	 1.279975e+03	 24	 999000	 240	 999000	 999	 1.280993e+03	 616.67	 616.67	 58.00	 58	 0.60	 
