subjectID	order	runNum	itemName	onsetTime	shuff_trialType	RT	respInTime	AudioTime	response	fixationTime	ladder1	ladder2	bidIndex	BDMtrialIndex	bidValue
BOA_105	 1	 1	 KinderBuenoWhite2.bmp	 1.229344e+00	 12	 999000	 120	 999000	 999	 2.248085e+00	 750.00	 750.00	 6.00	 12	 5.93	 
BOA_105	 1	 1	 ClickXLbrown4.bmp	 3.214502e+00	 12	 999000	 120	 999000	 999	 4.232295e+00	 750.00	 750.00	 21.00	 48	 4.42	 
BOA_105	 1	 1	 DoritosSourSpicy.bmp	 7.202068e+00	 24	 999000	 240	 999000	 999	 8.220102e+00	 750.00	 750.00	 58.00	 44	 0.16	 
BOA_105	 1	 1	 KinderJoy.bmp	 1.020574e+01	 12	 999000	 120	 999000	 999	 1.122355e+01	 750.00	 750.00	 19.00	 54	 4.73	 
BOA_105	 1	 1	 BabyDoll.bmp	 1.220788e+01	 11	 9.387588e+02	 110	 7.500651e+02	 98	 1.324244e+01	 766.67	 750.00	 7.00	 33	 5.93	 
BOA_105	 1	 1	 HappyHippo.bmp	 1.521134e+01	 22	 1.023354e+03	 2200	 7.500672e+02	 98	 1.624626e+01	 766.67	 700.00	 47.00	 37	 2.18	 
BOA_105	 1	 1	 Twist.bmp	 1.921581e+01	 24	 999000	 240	 999000	 999	 2.023359e+01	 766.67	 700.00	 55.00	 13	 0.53	 
BOA_105	 1	 1	 Tictac.bmp	 2.320356e+01	 22	 9.350798e+02	 220	 7.000551e+02	 98	 2.423914e+01	 766.67	 716.67	 53.00	 52	 0.62	 
BOA_105	 1	 1	 Keifli.bmp	 2.520581e+01	 12	 999000	 120	 999000	 999	 2.622361e+01	 766.67	 716.67	 20.00	 22	 4.51	 
BOA_105	 1	 1	 KifkefMaklot2.bmp	 3.021149e+01	 24	 999000	 240	 999000	 999	 3.122907e+01	 766.67	 716.67	 41.00	 5	 2.69	 
BOA_105	 1	 1	 ChocolateParaMilk3.bmp	 3.221369e+01	 24	 999000	 240	 999000	 999	 3.323149e+01	 766.67	 716.67	 40.00	 1	 2.69	 
BOA_105	 1	 1	 GumiWine2.bmp	 3.421589e+01	 11	 1.026731e+03	 1100	 7.667217e+02	 98	 3.525209e+01	 716.67	 716.67	 12.00	 30	 4.98	 
BOA_105	 1	 1	 Snickers.bmp	 4.020598e+01	 24	 999000	 240	 999000	 999	 4.122374e+01	 716.67	 716.67	 51.00	 19	 1.02	 
BOA_105	 1	 1	 SkittlesFruits2.bmp	 4.220815e+01	 22	 1.010602e+03	 2200	 7.167396e+02	 98	 4.324405e+01	 716.67	 666.67	 50.00	 26	 1.62	 
BOA_105	 1	 1	 Twix.bmp	 4.421039e+01	 24	 999000	 240	 999000	 999	 4.522845e+01	 716.67	 666.67	 57.00	 41	 0.49	 
BOA_105	 1	 1	 KinderBuenoBrown3.bmp	 4.621272e+01	 12	 999000	 120	 999000	 999	 4.723046e+01	 716.67	 666.67	 8.00	 46	 5.89	 
BOA_105	 1	 1	 Shugi.bmp	 5.021712e+01	 12	 999000	 120	 999000	 999	 5.123496e+01	 716.67	 666.67	 17.00	 28	 4.82	 
BOA_105	 1	 1	 BambaNugat.bmp	 5.420504e+01	 24	 999000	 240	 999000	 999	 5.522284e+01	 716.67	 666.67	 48.00	 51	 1.64	 
BOA_105	 1	 1	 Egozi.bmp	 5.720834e+01	 24	 999000	 240	 999000	 999	 5.822610e+01	 716.67	 666.67	 42.00	 7	 2.69	 
BOA_105	 1	 1	 WerthersOriginal.bmp	 6.121281e+01	 24	 999000	 240	 999000	 999	 6.223068e+01	 716.67	 666.67	 56.00	 3	 0.49	 
BOA_105	 1	 1	 Hit.bmp	 6.421631e+01	 12	 999000	 120	 999000	 999	 6.523405e+01	 716.67	 666.67	 3.00	 50	 6.00	 
BOA_105	 1	 1	 ClickBlackWhite3.bmp	 6.620144e+01	 12	 999000	 120	 999000	 999	 6.721955e+01	 716.67	 666.67	 16.00	 59	 4.84	 
BOA_105	 1	 1	 DoritosGrill.bmp	 7.020631e+01	 12	 999000	 120	 999000	 999	 7.122407e+01	 716.67	 666.67	 14.00	 6	 4.84	 
BOA_105	 1	 1	 Bounty.bmp	 7.220848e+01	 22	 8.581646e+02	 220	 6.667099e+02	 98	 7.324490e+01	 716.67	 683.33	 52.00	 57	 1.02	 
BOA_105	 1	 1	 ClickBisquit2.bmp	 7.421069e+01	 11	 1.016039e+03	 1100	 7.167153e+02	 98	 7.524531e+01	 666.67	 683.33	 15.00	 14	 4.84	 
BOA_105	 1	 1	 CrunchShokoVanil.bmp	 7.821519e+01	 11	 8.514474e+02	 110	 6.667214e+02	 98	 7.925075e+01	 683.33	 683.33	 18.00	 24	 4.80	 
BOA_105	 1	 1	 Halva2.bmp	 8.021744e+01	 12	 999000	 120	 999000	 999	 8.123527e+01	 683.33	 683.33	 11.00	 25	 5.27	 
BOA_105	 1	 1	 Tortit.bmp	 8.420522e+01	 22	 9.174209e+02	 220	 6.833736e+02	 98	 8.524131e+01	 683.33	 700.00	 45.00	 43	 2.42	 
BOA_105	 1	 1	 Loacker.bmp	 8.820973e+01	 12	 999000	 120	 999000	 999	 8.922753e+01	 683.33	 700.00	 4.00	 20	 5.96	 
BOA_105	 1	 1	 GumiSnakes3.bmp	 9.121318e+01	 11	 8.614586e+02	 110	 6.833783e+02	 98	 9.224941e+01	 700.00	 700.00	 13.00	 2	 4.87	 
BOA_105	 1	 1	 ChocolateParaSucariotKoftzot2.bmp	 9.720313e+01	 22	 8.635058e+02	 220	 7.000494e+02	 98	 9.823962e+01	 700.00	 716.67	 44.00	 42	 2.64	 
BOA_105	 1	 1	 ClickXLwhite4.bmp	 9.920542e+01	 12	 999000	 120	 999000	 999	 1.002251e+02	 700.00	 716.67	 9.00	 31	 5.84	 
BOA_105	 1	 1	 CrunchBisquitBrown3.bmp	 1.032099e+02	 12	 999000	 120	 999000	 999	 1.042277e+02	 700.00	 716.67	 5.00	 9	 5.93	 
BOA_105	 1	 1	 Taami.bmp	 1.052121e+02	 12	 999000	 120	 999000	 999	 1.062300e+02	 700.00	 716.67	 22.00	 27	 4.40	 
BOA_105	 1	 1	 Kitkat.bmp	 1.072144e+02	 11	 9.002237e+02	 110	 7.000519e+02	 98	 1.082491e+02	 716.67	 716.67	 10.00	 47	 5.40	 
BOA_105	 1	 1	 Mekupelet.bmp	 1.092167e+02	 24	 999000	 240	 999000	 999	 1.102345e+02	 716.67	 716.67	 39.00	 56	 2.73	 
BOA_105	 1	 1	 BisliOnion.bmp	 1.142056e+02	 24	 999000	 240	 999000	 999	 1.152234e+02	 716.67	 716.67	 43.00	 34	 2.67	 
BOA_105	 1	 1	 DoritosNatural.bmp	 1.162079e+02	 24	 999000	 240	 999000	 999	 1.172256e+02	 716.67	 716.67	 49.00	 58	 1.64	 
BOA_105	 1	 1	 SkittlesSour4.bmp	 1.182100e+02	 24	 999000	 240	 999000	 999	 1.192278e+02	 716.67	 716.67	 46.00	 60	 2.24	 
BOA_105	 1	 1	 Mentos.bmp	 1.212134e+02	 24	 999000	 240	 999000	 999	 1.222312e+02	 716.67	 716.67	 54.00	 40	 0.58	 
