subjectID	order	runNum	itemName	onsetTime	shuff_trialType	RT	respInTime	AudioTime	response	fixationTime	ladder1	ladder2	bidIndex	BDMtrialIndex	bidValue
BOA_110	 2	 10	 BabyDoll.bmp	 1.167508e+03	 22	 9.182497e+02	 220	 6.500588e+02	 98	 1.168544e+03	 716.67	 666.67	 49.00	 31	 3.69	 
BOA_110	 2	 10	 TapuchipsCrunch.bmp	 1.170495e+03	 11	 9.555421e+02	 110	 7.167346e+02	 98	 1.171530e+03	 733.33	 666.67	 14.00	 25	 5.93	 
BOA_110	 2	 10	 DoritosNatural.bmp	 1.174500e+03	 24	 999000	 240	 999000	 999	 1.175517e+03	 733.33	 666.67	 41.00	 44	 3.76	 
BOA_110	 2	 10	 KinderBuenoWhite2.bmp	 1.176502e+03	 11	 9.968016e+02	 110	 7.333874e+02	 98	 1.177536e+03	 750.00	 666.67	 9.00	 33	 6.96	 
BOA_110	 2	 10	 Twist.bmp	 1.178504e+03	 24	 999000	 240	 999000	 999	 1.179522e+03	 750.00	 666.67	 39.00	 3	 3.78	 
BOA_110	 2	 10	 HappyHippo.bmp	 1.182492e+03	 12	 999000	 120	 999000	 999	 1.183510e+03	 750.00	 666.67	 12.00	 23	 6.00	 
BOA_110	 2	 10	 DoritosGrill.bmp	 1.184494e+03	 11	 1.036500e+03	 1100	 7.500465e+02	 98	 1.185530e+03	 700.00	 666.67	 17.00	 36	 5.91	 
BOA_110	 2	 10	 Keifli.bmp	 1.189500e+03	 24	 999000	 240	 999000	 999	 1.190517e+03	 700.00	 666.67	 56.00	 18	 1.56	 
BOA_110	 2	 10	 Kitkat.bmp	 1.191502e+03	 12	 999000	 120	 999000	 999	 1.192520e+03	 700.00	 666.67	 10.00	 35	 6.96	 
BOA_110	 2	 10	 Smarties.bmp	 1.194505e+03	 24	 999000	 240	 999000	 999	 1.195523e+03	 700.00	 666.67	 57.00	 49	 1.53	 
BOA_110	 2	 10	 Taami.bmp	 1.197492e+03	 24	 999000	 240	 999000	 999	 1.198510e+03	 700.00	 666.67	 40.00	 14	 3.78	 
BOA_110	 2	 10	 ChocolateParaMilk3.bmp	 1.201496e+03	 12	 999000	 120	 999000	 999	 1.202514e+03	 700.00	 666.67	 22.00	 13	 5.87	 
BOA_110	 2	 10	 KashitSour.bmp	 1.204500e+03	 24	 999000	 240	 999000	 999	 1.205517e+03	 700.00	 666.67	 53.00	 12	 2.67	 
BOA_110	 2	 10	 BisliOnion.bmp	 1.206502e+03	 11	 1.036622e+03	 1100	 7.000521e+02	 98	 1.207538e+03	 650.00	 666.67	 16.00	 41	 5.93	 
BOA_110	 2	 10	 BambaNugat.bmp	 1.209505e+03	 12	 999000	 120	 999000	 999	 1.210523e+03	 650.00	 666.67	 18.00	 57	 5.91	 
BOA_110	 2	 10	 Egozi.bmp	 1.213493e+03	 22	 1.037430e+03	 2200	 6.667199e+02	 98	 1.214530e+03	 650.00	 616.67	 48.00	 29	 3.69	 
BOA_110	 2	 10	 BisliPizza3.bmp	 1.216497e+03	 11	 8.500068e+02	 110	 6.500492e+02	 98	 1.217531e+03	 666.67	 616.67	 11.00	 1	 6.00	 
BOA_110	 2	 10	 SkittlesSour4.bmp	 1.218499e+03	 24	 999000	 240	 999000	 999	 1.219517e+03	 666.67	 616.67	 42.00	 45	 3.76	 
BOA_110	 2	 10	 Halva2.bmp	 1.220501e+03	 24	 999000	 240	 999000	 999	 1.221519e+03	 666.67	 616.67	 55.00	 46	 1.58	 
BOA_110	 2	 10	 Mentos.bmp	 1.225507e+03	 22	 9.119494e+02	 220	 6.167179e+02	 98	 1.226543e+03	 666.67	 633.33	 51.00	 32	 2.69	 
BOA_110	 2	 10	 ClickXLbrown4.bmp	 1.229494e+03	 12	 999000	 120	 999000	 999	 1.230512e+03	 666.67	 633.33	 6.00	 4	 7.00	 
BOA_110	 2	 10	 Cheetos.bmp	 1.233499e+03	 22	 9.516906e+02	 220	 6.333839e+02	 98	 1.234533e+03	 666.67	 650.00	 43.00	 52	 3.76	 
BOA_110	 2	 10	 CrunchShokoVanil.bmp	 1.239506e+03	 12	 999000	 120	 999000	 999	 1.240523e+03	 666.67	 650.00	 13.00	 7	 5.98	 
BOA_110	 2	 10	 CrunchBisquitWhite2.bmp	 1.241491e+03	 12	 999000	 120	 999000	 999	 1.242509e+03	 666.67	 650.00	 15.00	 39	 5.93	 
BOA_110	 2	 10	 ClickBisquit2.bmp	 1.243493e+03	 12	 999000	 120	 999000	 999	 1.244511e+03	 666.67	 650.00	 21.00	 56	 5.89	 
BOA_110	 2	 10	 Tortit.bmp	 1.245496e+03	 24	 999000	 240	 999000	 999	 1.246514e+03	 666.67	 650.00	 50.00	 20	 2.71	 
BOA_110	 2	 10	 Dubonim.bmp	 1.247498e+03	 24	 999000	 240	 999000	 999	 1.248516e+03	 666.67	 650.00	 47.00	 58	 3.71	 
BOA_110	 2	 10	 Mars.bmp	 1.251502e+03	 22	 8.681975e+02	 220	 6.500499e+02	 98	 1.252537e+03	 666.67	 666.67	 46.00	 42	 3.71	 
BOA_110	 2	 10	 DoritosSourSpicy.bmp	 1.253505e+03	 12	 999000	 120	 999000	 999	 1.254522e+03	 666.67	 666.67	 19.00	 2	 5.89	 
BOA_110	 2	 10	 ClickXLwhite4.bmp	 1.257493e+03	 12	 999000	 120	 999000	 999	 1.258510e+03	 666.67	 666.67	 20.00	 26	 5.89	 
BOA_110	 2	 10	 Tictac.bmp	 1.259495e+03	 22	 1.083879e+03	 2200	 6.667199e+02	 98	 1.260530e+03	 666.67	 616.67	 54.00	 11	 2.56	 
BOA_110	 2	 10	 KinderBuenoBrown3.bmp	 1.261497e+03	 12	 999000	 120	 999000	 999	 1.262515e+03	 666.67	 616.67	 5.00	 28	 7.02	 
BOA_110	 2	 10	 ClickBlackWhite3.bmp	 1.263499e+03	 12	 999000	 120	 999000	 999	 1.264517e+03	 666.67	 616.67	 4.00	 22	 7.98	 
BOA_110	 2	 10	 ChocolateParaSucariotKoftzot2.bmp	 1.268505e+03	 12	 999000	 120	 999000	 999	 1.269523e+03	 666.67	 616.67	 7.00	 60	 7.00	 
BOA_110	 2	 10	 Popco.bmp	 1.270507e+03	 24	 999000	 240	 999000	 999	 1.271525e+03	 666.67	 616.67	 45.00	 40	 3.73	 
BOA_110	 2	 10	 BambaSweet.bmp	 1.272493e+03	 24	 999000	 240	 999000	 999	 1.273510e+03	 666.67	 616.67	 58.00	 15	 1.51	 
BOA_110	 2	 10	 BisliGrill.bmp	 1.275496e+03	 11	 9.146526e+02	 110	 6.667234e+02	 98	 1.276532e+03	 683.33	 616.67	 8.00	 48	 6.98	 
BOA_110	 2	 10	 SkittlesFruits2.bmp	 1.282504e+03	 24	 999000	 240	 999000	 999	 1.283522e+03	 683.33	 616.67	 44.00	 34	 3.73	 
BOA_110	 2	 10	 HispusimShatiah.bmp	 1.286491e+03	 24	 999000	 240	 999000	 999	 1.287510e+03	 683.33	 616.67	 52.00	 53	 2.69	 
BOA_110	 2	 10	 Loacker.bmp	 1.293499e+03	 12	 999000	 120	 999000	 999	 1.294517e+03	 683.33	 616.67	 3.00	 47	 8.02	 
