subjectID	order	runNum	itemName	onsetTime	shuff_trialType	RT	respInTime	AudioTime	response	fixationTime	ladder1	ladder2	bidIndex	BDMtrialIndex	bidValue
BOA_103	 1	 15	 BisliPizza3.bmp	 1.828008e+03	 12	 999000	 120	 999000	 999	 1.829026e+03	 483.33	 550.00	 6.00	 12	 5.96	 
BOA_103	 1	 15	 Twist.bmp	 1.830995e+03	 24	 999000	 240	 999000	 999	 1.832013e+03	 483.33	 550.00	 51.00	 59	 2.82	 
BOA_103	 1	 15	 HappyHippo.bmp	 1.832997e+03	 11	 9.411327e+02	 110	 4.833941e+02	 98	 1.834032e+03	 500.00	 550.00	 7.00	 34	 5.91	 
BOA_103	 1	 15	 KashitSour.bmp	 1.834999e+03	 12	 999000	 120	 999000	 999	 1.836017e+03	 500.00	 550.00	 4.00	 5	 6.04	 
BOA_103	 1	 15	 ChocolateParaMarir2.bmp	 1.837002e+03	 24	 999000	 240	 999000	 999	 1.838019e+03	 500.00	 550.00	 57.00	 41	 2.51	 
BOA_103	 1	 15	 Keifli.bmp	 1.840005e+03	 12	 999000	 120	 999000	 999	 1.841023e+03	 500.00	 550.00	 19.00	 27	 4.91	 
BOA_103	 1	 15	 CrunchShokoVanil.bmp	 1.842007e+03	 24	 999000	 240	 999000	 999	 1.843025e+03	 500.00	 550.00	 39.00	 13	 3.67	 
BOA_103	 1	 15	 ClickXLbrown4.bmp	 1.845995e+03	 24	 999000	 240	 999000	 999	 1.847013e+03	 500.00	 550.00	 48.00	 50	 3.00	 
BOA_103	 1	 15	 Popco.bmp	 1.847997e+03	 22	 8.793729e+02	 220	 5.500670e+02	 98	 1.849032e+03	 500.00	 566.67	 53.00	 19	 2.73	 
BOA_103	 1	 15	 DoritosSourSpicy.bmp	 1.853003e+03	 24	 999000	 240	 999000	 999	 1.854021e+03	 500.00	 566.67	 43.00	 52	 3.49	 
BOA_103	 1	 15	 BambaNugat.bmp	 1.855005e+03	 12	 999000	 120	 999000	 999	 1.856023e+03	 500.00	 566.67	 16.00	 46	 5.49	 
BOA_103	 1	 15	 KinderJoy.bmp	 1.859010e+03	 12	 999000	 120	 999000	 999	 1.860028e+03	 500.00	 566.67	 3.00	 43	 6.76	 
BOA_103	 1	 15	 ClickBalls5.bmp	 1.860995e+03	 24	 999000	 240	 999000	 999	 1.862013e+03	 500.00	 566.67	 41.00	 32	 3.62	 
BOA_103	 1	 15	 Halva2.bmp	 1.863999e+03	 24	 999000	 240	 999000	 999	 1.865016e+03	 500.00	 566.67	 56.00	 48	 2.56	 
BOA_103	 1	 15	 Mars.bmp	 1.869004e+03	 12	 999000	 120	 999000	 999	 1.870022e+03	 500.00	 566.67	 20.00	 15	 4.87	 
BOA_103	 1	 15	 Bamba.bmp	 1.871006e+03	 11	 1.051840e+03	 1100	 5.000420e+02	 98	 1.872041e+03	 450.00	 566.67	 18.00	 25	 4.91	 
BOA_103	 1	 15	 Cheetos.bmp	 1.873009e+03	 12	 999000	 120	 999000	 999	 1.874027e+03	 450.00	 566.67	 21.00	 6	 4.84	 
BOA_103	 1	 15	 Mentos.bmp	 1.876996e+03	 24	 999000	 240	 999000	 999	 1.878014e+03	 450.00	 566.67	 49.00	 47	 2.93	 
BOA_103	 1	 15	 DoritosGrill.bmp	 1.881001e+03	 24	 999000	 240	 999000	 999	 1.882018e+03	 450.00	 566.67	 40.00	 17	 3.62	 
BOA_103	 1	 15	 BagaleShtuhim.bmp	 1.885005e+03	 24	 999000	 240	 999000	 999	 1.886023e+03	 450.00	 566.67	 55.00	 4	 2.58	 
BOA_103	 1	 15	 KinderBuenoWhite2.bmp	 1.887008e+03	 12	 999000	 120	 999000	 999	 1.888025e+03	 450.00	 566.67	 8.00	 40	 5.91	 
BOA_103	 1	 15	 Tapuchips.bmp	 1.889010e+03	 12	 999000	 120	 999000	 999	 1.890028e+03	 450.00	 566.67	 14.00	 39	 5.80	 
BOA_103	 1	 15	 ChocolateParaSucariotKoftzot2.bmp	 1.890995e+03	 22	 8.948227e+02	 220	 5.667086e+02	 98	 1.892030e+03	 450.00	 583.33	 44.00	 53	 3.36	 
BOA_103	 1	 15	 Twix.bmp	 1.892998e+03	 12	 999000	 120	 999000	 999	 1.894016e+03	 450.00	 583.33	 17.00	 23	 4.93	 
BOA_103	 1	 15	 BabyDoll.bmp	 1.899004e+03	 22	 8.858825e+02	 220	 5.833841e+02	 98	 1.900039e+03	 450.00	 600.00	 45.00	 14	 3.24	 
BOA_103	 1	 15	 WerthersOriginal.bmp	 1.902008e+03	 22	 8.585592e+02	 220	 6.000539e+02	 98	 1.903044e+03	 450.00	 616.67	 50.00	 56	 2.91	 
BOA_103	 1	 15	 BisliGrill.bmp	 1.904010e+03	 11	 7.122835e+02	 110	 4.500471e+02	 98	 1.905044e+03	 466.67	 616.67	 12.00	 21	 5.82	 
BOA_103	 1	 15	 ChocolateParaMilk3.bmp	 1.905996e+03	 12	 999000	 120	 999000	 999	 1.907013e+03	 466.67	 616.67	 5.00	 10	 5.98	 
BOA_103	 1	 15	 SkittlesFruits2.bmp	 1.908999e+03	 24	 999000	 240	 999000	 999	 1.910017e+03	 466.67	 616.67	 42.00	 3	 3.60	 
BOA_103	 1	 15	 TapuchipsCrunch.bmp	 1.911001e+03	 11	 7.773074e+02	 110	 4.667212e+02	 98	 1.912035e+03	 483.33	 616.67	 13.00	 26	 5.82	 
BOA_103	 1	 15	 Kitkat.bmp	 1.913003e+03	 22	 9.188105e+02	 220	 6.167327e+02	 98	 1.914055e+03	 483.33	 633.33	 47.00	 51	 3.18	 
BOA_103	 1	 15	 Shugi.bmp	 1.915006e+03	 24	 999000	 240	 999000	 999	 1.916024e+03	 483.33	 633.33	 58.00	 1	 2.49	 
BOA_103	 1	 15	 Smarties.bmp	 1.918009e+03	 24	 999000	 240	 999000	 999	 1.919027e+03	 483.33	 633.33	 54.00	 35	 2.69	 
BOA_103	 1	 15	 CrunchBisquitWhite2.bmp	 1.919995e+03	 12	 999000	 120	 999000	 999	 1.921012e+03	 483.33	 633.33	 11.00	 20	 5.82	 
BOA_103	 1	 15	 SkittlesSour4.bmp	 1.921997e+03	 24	 999000	 240	 999000	 999	 1.923015e+03	 483.33	 633.33	 46.00	 33	 3.24	 
BOA_103	 1	 15	 Taami.bmp	 1.923999e+03	 11	 8.192203e+02	 110	 4.833872e+02	 98	 1.925035e+03	 500.00	 633.33	 15.00	 37	 5.64	 
BOA_103	 1	 15	 GumiSnakes3.bmp	 1.926001e+03	 22	 9.129218e+02	 220	 6.333877e+02	 98	 1.927055e+03	 500.00	 650.00	 52.00	 8	 2.76	 
BOA_103	 1	 15	 Bounty.bmp	 1.932008e+03	 12	 999000	 120	 999000	 999	 1.933026e+03	 500.00	 650.00	 22.00	 38	 4.78	 
BOA_103	 1	 15	 Dubonim.bmp	 1.934995e+03	 12	 999000	 120	 999000	 999	 1.936012e+03	 500.00	 650.00	 9.00	 55	 5.87	 
BOA_103	 1	 15	 BisliOnion.bmp	 1.938999e+03	 11	 8.830282e+02	 110	 5.000413e+02	 98	 1.940035e+03	 516.67	 650.00	 10.00	 44	 5.84	 
