subjectID	order	runNum	itemName	onsetTime	shuff_trialType	RT	respInTime	AudioTime	response	fixationTime	ladder1	ladder2	bidIndex	BDMtrialIndex	bidValue
BOA_118	 2	 5	 Tortit.bmp	 5.530428e+02	 24	 999000	 240	 999000	 999	 5.540606e+02	 816.67	 816.67	 58.00	 2	 2.20	 
BOA_118	 2	 5	 Tictac.bmp	 5.560295e+02	 24	 999000	 240	 999000	 999	 5.570472e+02	 816.67	 816.67	 52.00	 20	 3.76	 
BOA_118	 2	 5	 Cheetos.bmp	 5.600340e+02	 12	 999000	 120	 999000	 999	 5.610518e+02	 816.67	 816.67	 18.00	 21	 6.96	 
BOA_118	 2	 5	 GumiWine2.bmp	 5.620361e+02	 22	 9.823098e+02	 220	 8.167276e+02	 98	 5.630720e+02	 816.67	 833.33	 46.00	 39	 3.84	 
BOA_118	 2	 5	 Bamba.bmp	 5.640383e+02	 24	 999000	 240	 999000	 999	 5.650562e+02	 816.67	 833.33	 47.00	 55	 3.84	 
BOA_118	 2	 5	 KinderBuenoBrown3.bmp	 5.680429e+02	 11	 9.835218e+02	 110	 8.167366e+02	 98	 5.690792e+02	 833.33	 833.33	 16.00	 36	 7.02	 
BOA_118	 2	 5	 Mars.bmp	 5.700282e+02	 12	 999000	 120	 999000	 999	 5.710463e+02	 833.33	 833.33	 7.00	 47	 8.09	 
BOA_118	 2	 5	 HispusimShatiah.bmp	 5.750340e+02	 24	 999000	 240	 999000	 999	 5.760518e+02	 833.33	 833.33	 44.00	 34	 4.84	 
BOA_118	 2	 5	 ChocolateParaMarir2.bmp	 5.770363e+02	 22	 9.900888e+02	 220	 8.333874e+02	 98	 5.780715e+02	 833.33	 850.00	 51.00	 4	 3.76	 
BOA_118	 2	 5	 SkittlesSour4.bmp	 5.800396e+02	 24	 999000	 240	 999000	 999	 5.810574e+02	 833.33	 850.00	 56.00	 12	 2.71	 
BOA_118	 2	 5	 Apropo.bmp	 5.830430e+02	 11	 9.833859e+02	 110	 8.333875e+02	 98	 5.840787e+02	 850.00	 850.00	 17.00	 44	 6.98	 
BOA_118	 2	 5	 KashitSour.bmp	 5.870308e+02	 24	 999000	 240	 999000	 999	 5.880487e+02	 850.00	 850.00	 55.00	 26	 2.78	 
BOA_118	 2	 5	 Shugi.bmp	 5.900342e+02	 24	 999000	 240	 999000	 999	 5.910521e+02	 850.00	 850.00	 42.00	 11	 4.87	 
BOA_118	 2	 5	 ClickXLbrown4.bmp	 5.920364e+02	 11	 9.980094e+02	 110	 8.500419e+02	 98	 5.930725e+02	 866.67	 850.00	 14.00	 59	 7.49	 
BOA_118	 2	 5	 Twix.bmp	 5.950398e+02	 12	 999000	 120	 999000	 999	 5.960576e+02	 866.67	 850.00	 3.00	 54	 8.60	 
BOA_118	 2	 5	 WerthersOriginal.bmp	 5.990443e+02	 24	 999000	 240	 999000	 999	 6.000621e+02	 866.67	 850.00	 40.00	 22	 4.89	 
BOA_118	 2	 5	 ClickBisquit2.bmp	 6.020310e+02	 12	 999000	 120	 999000	 999	 6.030488e+02	 866.67	 850.00	 4.00	 15	 8.58	 
BOA_118	 2	 5	 Dubonim.bmp	 6.040332e+02	 12	 999000	 120	 999000	 999	 6.050510e+02	 866.67	 850.00	 20.00	 25	 6.51	 
BOA_118	 2	 5	 CrunchShokoVanil.bmp	 6.060354e+02	 22	 1.478995e+03	 2200	 8.500496e+02	 98	 6.070725e+02	 866.67	 800.00	 43.00	 31	 4.87	 
BOA_118	 2	 5	 Hit.bmp	 6.110411e+02	 11	 1.281364e+03	 1100	 8.667191e+02	 98	 6.120754e+02	 816.67	 800.00	 8.00	 28	 8.07	 
BOA_118	 2	 5	 ChocolateParaSucariotKoftzot2.bmp	 6.150285e+02	 12	 999000	 120	 999000	 999	 6.160467e+02	 816.67	 800.00	 10.00	 33	 8.00	 
BOA_118	 2	 5	 PesekZman.bmp	 6.190333e+02	 12	 999000	 120	 999000	 999	 6.200512e+02	 816.67	 800.00	 6.00	 10	 8.09	 
BOA_118	 2	 5	 ClickBlackWhite3.bmp	 6.250401e+02	 12	 999000	 120	 999000	 999	 6.260579e+02	 816.67	 800.00	 12.00	 9	 7.62	 
BOA_118	 2	 5	 CrunchBisquitBrown3.bmp	 6.270423e+02	 11	 9.600836e+02	 110	 8.167181e+02	 98	 6.280774e+02	 833.33	 800.00	 9.00	 43	 8.04	 
BOA_118	 2	 5	 HappyHippo.bmp	 6.290276e+02	 22	 9.668052e+02	 220	 8.000509e+02	 98	 6.300626e+02	 833.33	 816.67	 49.00	 35	 3.78	 
BOA_118	 2	 5	 Keifli.bmp	 6.310300e+02	 12	 999000	 120	 999000	 999	 6.320479e+02	 833.33	 816.67	 19.00	 52	 6.60	 
BOA_118	 2	 5	 GumiSnakes3.bmp	 6.330323e+02	 24	 999000	 240	 999000	 999	 6.340501e+02	 833.33	 816.67	 57.00	 40	 2.69	 
BOA_118	 2	 5	 ClickXLwhite4.bmp	 6.370368e+02	 11	 9.655725e+02	 110	 8.333831e+02	 98	 6.380720e+02	 850.00	 816.67	 11.00	 58	 7.67	 
BOA_118	 2	 5	 Kitkat.bmp	 6.390391e+02	 12	 999000	 120	 999000	 999	 6.400569e+02	 850.00	 816.67	 15.00	 8	 7.09	 
BOA_118	 2	 5	 BabyDoll.bmp	 6.430436e+02	 24	 999000	 240	 999000	 999	 6.440613e+02	 850.00	 816.67	 50.00	 49	 3.78	 
BOA_118	 2	 5	 BisliGrill.bmp	 6.450292e+02	 24	 999000	 240	 999000	 999	 6.460471e+02	 850.00	 816.67	 41.00	 6	 4.87	 
BOA_118	 2	 5	 BisliPizza3.bmp	 6.470315e+02	 24	 999000	 240	 999000	 999	 6.480492e+02	 850.00	 816.67	 53.00	 38	 3.73	 
BOA_118	 2	 5	 BagaleShtuhim.bmp	 6.490337e+02	 12	 999000	 120	 999000	 999	 6.500515e+02	 850.00	 816.67	 22.00	 13	 6.44	 
BOA_118	 2	 5	 Taami.bmp	 6.540392e+02	 12	 999000	 120	 999000	 999	 6.550570e+02	 850.00	 816.67	 13.00	 42	 7.60	 
BOA_118	 2	 5	 Popco.bmp	 6.560414e+02	 12	 999000	 120	 999000	 999	 6.570593e+02	 850.00	 816.67	 21.00	 50	 6.49	 
BOA_118	 2	 5	 KinderBuenoWhite2.bmp	 6.580268e+02	 12	 999000	 120	 999000	 999	 6.590448e+02	 850.00	 816.67	 5.00	 48	 8.11	 
BOA_118	 2	 5	 Bounty.bmp	 6.610304e+02	 22	 9.640135e+02	 220	 8.167308e+02	 98	 6.620667e+02	 850.00	 833.33	 48.00	 30	 3.82	 
BOA_118	 2	 5	 DoritosNatural.bmp	 6.680382e+02	 24	 999000	 240	 999000	 999	 6.690560e+02	 850.00	 833.33	 39.00	 41	 4.91	 
BOA_118	 2	 5	 KinderJoy.bmp	 6.720426e+02	 24	 999000	 240	 999000	 999	 6.730605e+02	 850.00	 833.33	 45.00	 53	 4.84	 
BOA_118	 2	 5	 Twist.bmp	 6.790338e+02	 22	 1.000682e+03	 2200	 8.333778e+02	 98	 6.800683e+02	 850.00	 783.33	 54.00	 1	 3.31	 
