subjectID	order	runNum	itemName	onsetTime	shuff_trialType	RT	respInTime	AudioTime	response	fixationTime	ladder1	ladder2	bidIndex	BDMtrialIndex	bidValue
BOA_115	 1	 1	 PesekZman.bmp	 1.248395e+00	 11	 9.773571e+02	 110	 7.500596e+02	 98	 2.284415e+00	 766.67	 750.00	 18.00	 3	 4.24	 
BOA_115	 1	 1	 CrunchShokoVanil.bmp	 3.233488e+00	 24	 999000	 240	 999000	 999	 4.251198e+00	 766.67	 750.00	 56.00	 43	 0.07	 
BOA_115	 1	 1	 BisliOnion.bmp	 7.238040e+00	 24	 999000	 240	 999000	 999	 8.255827e+00	 766.67	 750.00	 48.00	 22	 0.09	 
BOA_115	 1	 1	 Twix.bmp	 1.022478e+01	 11	 9.849626e+02	 110	 7.667174e+02	 98	 1.125910e+01	 783.33	 750.00	 13.00	 39	 4.82	 
BOA_115	 1	 1	 Snickers.bmp	 1.222690e+01	 12	 999000	 120	 999000	 999	 1.324469e+01	 783.33	 750.00	 16.00	 57	 4.33	 
BOA_115	 1	 1	 ChocolateParaSucariotKoftzot2.bmp	 1.523036e+01	 11	 1.035361e+03	 1100	 7.833797e+02	 98	 1.626649e+01	 733.33	 750.00	 10.00	 30	 4.87	 
BOA_115	 1	 1	 ClickBisquit2.bmp	 1.923481e+01	 11	 9.589428e+02	 110	 7.333842e+02	 98	 2.027333e+01	 750.00	 750.00	 12.00	 15	 4.84	 
BOA_115	 1	 1	 DoritosGrill.bmp	 2.323932e+01	 24	 999000	 240	 999000	 999	 2.425696e+01	 750.00	 750.00	 54.00	 21	 0.07	 
BOA_115	 1	 1	 Bounty.bmp	 2.522463e+01	 22	 9.691179e+02	 220	 7.500623e+02	 98	 2.626046e+01	 750.00	 766.67	 53.00	 4	 0.07	 
BOA_115	 1	 1	 Twist.bmp	 3.023041e+01	 22	 9.553359e+02	 220	 7.667172e+02	 98	 3.126871e+01	 750.00	 783.33	 47.00	 10	 0.09	 
BOA_115	 1	 1	 CrunchBisquitBrown3.bmp	 3.223265e+01	 12	 999000	 120	 999000	 999	 3.325066e+01	 750.00	 783.33	 8.00	 60	 5.33	 
BOA_115	 1	 1	 Apropo.bmp	 3.423492e+01	 22	 9.988287e+02	 220	 7.833781e+02	 98	 3.527127e+01	 750.00	 800.00	 45.00	 27	 0.13	 
BOA_115	 1	 1	 BambaNugat.bmp	 4.022505e+01	 12	 3.126976e+02	 12	 999000	 98	 4.124381e+01	 750.00	 800.00	 19.00	 20	 4.20	 
BOA_115	 1	 1	 ChocolateParaCookies5.bmp	 4.222727e+01	 12	 999000	 120	 999000	 999	 4.324607e+01	 750.00	 800.00	 22.00	 29	 3.78	 
BOA_115	 1	 1	 Smarties.bmp	 4.422951e+01	 24	 999000	 240	 999000	 999	 4.524799e+01	 750.00	 800.00	 58.00	 11	 0.04	 
BOA_115	 1	 1	 GumiSnakes3.bmp	 4.623174e+01	 24	 999000	 240	 999000	 999	 4.724965e+01	 750.00	 800.00	 40.00	 24	 0.42	 
BOA_115	 1	 1	 Tortit.bmp	 5.023615e+01	 24	 999000	 240	 999000	 999	 5.125418e+01	 750.00	 800.00	 55.00	 42	 0.07	 
BOA_115	 1	 1	 Dubonim.bmp	 5.422379e+01	 12	 999000	 120	 999000	 999	 5.524171e+01	 750.00	 800.00	 21.00	 16	 3.78	 
BOA_115	 1	 1	 ClickXLwhite4.bmp	 5.722730e+01	 12	 999000	 120	 999000	 999	 5.824543e+01	 750.00	 800.00	 5.00	 37	 5.56	 
BOA_115	 1	 1	 ChocolateParaMarir2.bmp	 6.123185e+01	 22	 1.073905e+03	 2200	 8.000510e+02	 98	 6.226832e+01	 750.00	 750.00	 44.00	 55	 0.16	 
BOA_115	 1	 1	 DoritosSourSpicy.bmp	 6.423519e+01	 24	 999000	 240	 999000	 999	 6.525406e+01	 750.00	 750.00	 43.00	 52	 0.16	 
BOA_115	 1	 1	 ChocolateParaMilk3.bmp	 6.623754e+01	 12	 999000	 120	 999000	 999	 6.725544e+01	 750.00	 750.00	 17.00	 14	 4.29	 
BOA_115	 1	 1	 Mars.bmp	 7.022536e+01	 12	 999000	 120	 999000	 999	 7.124339e+01	 750.00	 750.00	 14.00	 17	 4.80	 
BOA_115	 1	 1	 CrunchBisquitWhite2.bmp	 7.222745e+01	 12	 999000	 120	 999000	 999	 7.324515e+01	 750.00	 750.00	 9.00	 8	 4.87	 
BOA_115	 1	 1	 Shugi.bmp	 7.422978e+01	 24	 999000	 240	 999000	 999	 7.524738e+01	 750.00	 750.00	 57.00	 5	 0.04	 
BOA_115	 1	 1	 HappyHippo.bmp	 7.823417e+01	 11	 9.595850e+02	 110	 7.500504e+02	 98	 7.926939e+01	 766.67	 750.00	 15.00	 19	 4.80	 
BOA_115	 1	 1	 ClickXLbrown4.bmp	 8.023644e+01	 12	 999000	 120	 999000	 999	 8.125446e+01	 766.67	 750.00	 6.00	 34	 5.44	 
BOA_115	 1	 1	 Popco.bmp	 8.422392e+01	 24	 999000	 240	 999000	 999	 8.524205e+01	 766.67	 750.00	 42.00	 56	 0.18	 
BOA_115	 1	 1	 Cheetos.bmp	 8.822878e+01	 22	 9.489602e+02	 220	 7.500478e+02	 98	 8.926713e+01	 766.67	 766.67	 52.00	 2	 0.07	 
BOA_115	 1	 1	 DoritosNatural.bmp	 9.123211e+01	 24	 999000	 240	 999000	 999	 9.224996e+01	 766.67	 766.67	 46.00	 35	 0.13	 
BOA_115	 1	 1	 KinderBuenoWhite2.bmp	 9.723889e+01	 12	 999000	 120	 999000	 999	 9.825649e+01	 766.67	 766.67	 4.00	 13	 5.89	 
BOA_115	 1	 1	 ClickBalls5.bmp	 9.922406e+01	 11	 9.696858e+02	 110	 7.667185e+02	 98	 1.002606e+02	 783.33	 766.67	 7.00	 51	 5.38	 
BOA_115	 1	 1	 Keifli.bmp	 1.032289e+02	 24	 999000	 240	 999000	 999	 1.042467e+02	 783.33	 766.67	 51.00	 53	 0.09	 
BOA_115	 1	 1	 WerthersOriginal.bmp	 1.052311e+02	 22	 9.946698e+02	 220	 7.667226e+02	 98	 1.062655e+02	 783.33	 783.33	 50.00	 44	 0.09	 
BOA_115	 1	 1	 Bamba.bmp	 1.072334e+02	 12	 999000	 120	 999000	 999	 1.082512e+02	 783.33	 783.33	 20.00	 50	 3.80	 
BOA_115	 1	 1	 KinderBuenoBrown3.bmp	 1.092356e+02	 12	 999000	 120	 999000	 999	 1.102533e+02	 783.33	 783.33	 3.00	 31	 6.49	 
BOA_115	 1	 1	 Hit.bmp	 1.142246e+02	 24	 999000	 240	 999000	 999	 1.152426e+02	 783.33	 783.33	 41.00	 25	 0.24	 
BOA_115	 1	 1	 KifkefMaklot2.bmp	 1.162268e+02	 24	 999000	 240	 999000	 999	 1.172447e+02	 783.33	 783.33	 39.00	 23	 0.53	 
BOA_115	 1	 1	 Halva2.bmp	 1.182291e+02	 24	 999000	 240	 999000	 999	 1.192468e+02	 783.33	 783.33	 49.00	 38	 0.09	 
BOA_115	 1	 1	 ClickBlackWhite3.bmp	 1.212324e+02	 12	 999000	 120	 999000	 999	 1.222502e+02	 783.33	 783.33	 11.00	 49	 4.87	 
