subjectID	order	runNum	itemName	onsetTime	shuff_trialType	RT	respInTime	AudioTime	response	fixationTime	ladder1	ladder2	bidIndex	BDMtrialIndex	bidValue
BOA_132	 2	 7	 Egozi.bmp	 7.684594e+02	 24	 999000	 240	 999000	 999	 7.694772e+02	 816.67	 883.33	 41.00	 10	 2.71	 
BOA_132	 2	 7	 Keifli.bmp	 7.714627e+02	 24	 999000	 240	 999000	 999	 7.724805e+02	 816.67	 883.33	 55.00	 59	 1.60	 
BOA_132	 2	 7	 ChocolateParaSucariotKoftzot2.bmp	 7.754505e+02	 12	 999000	 120	 999000	 999	 7.764685e+02	 816.67	 883.33	 7.00	 33	 5.96	 
BOA_132	 2	 7	 DoritosNatural.bmp	 7.774528e+02	 24	 999000	 240	 999000	 999	 7.784706e+02	 816.67	 883.33	 40.00	 8	 2.71	 
BOA_132	 2	 7	 DoritosSourSpicy.bmp	 7.794550e+02	 22	 1.083047e+03	 2200	 8.834040e+02	 98	 7.804925e+02	 816.67	 833.33	 43.00	 34	 2.71	 
BOA_132	 2	 7	 BagaleShtuhim.bmp	 7.834595e+02	 24	 999000	 240	 999000	 999	 7.844773e+02	 816.67	 833.33	 42.00	 18	 2.71	 
BOA_132	 2	 7	 Taami.bmp	 7.854618e+02	 12	 999000	 120	 999000	 999	 7.864796e+02	 816.67	 833.33	 15.00	 49	 4.91	 
BOA_132	 2	 7	 KifkefMaklot2.bmp	 7.904507e+02	 12	 999000	 120	 999000	 999	 7.914684e+02	 816.67	 833.33	 12.00	 23	 4.93	 
BOA_132	 2	 7	 Twix.bmp	 7.924529e+02	 12	 999000	 120	 999000	 999	 7.934708e+02	 816.67	 833.33	 20.00	 50	 4.87	 
BOA_132	 2	 7	 Shugi.bmp	 7.954563e+02	 24	 999000	 240	 999000	 999	 7.964741e+02	 816.67	 833.33	 52.00	 35	 1.67	 
BOA_132	 2	 7	 ClickBalls5.bmp	 7.984597e+02	 12	 999000	 120	 999000	 999	 7.994774e+02	 816.67	 833.33	 10.00	 55	 5.93	 
BOA_132	 2	 7	 Snickers.bmp	 8.024473e+02	 11	 9.787596e+02	 110	 8.167343e+02	 98	 8.034827e+02	 833.33	 833.33	 17.00	 13	 4.87	 
BOA_132	 2	 7	 GumiWine2.bmp	 8.054508e+02	 24	 999000	 240	 999000	 999	 8.064686e+02	 833.33	 833.33	 57.00	 17	 0.60	 
BOA_132	 2	 7	 KinderBuenoWhite2.bmp	 8.074531e+02	 11	 9.649659e+02	 110	 8.333864e+02	 98	 8.084878e+02	 850.00	 833.33	 11.00	 54	 5.38	 
BOA_132	 2	 7	 ChocolateParaMilk3.bmp	 8.104564e+02	 12	 999000	 120	 999000	 999	 8.114742e+02	 850.00	 833.33	 21.00	 4	 4.80	 
BOA_132	 2	 7	 Bamba.bmp	 8.144610e+02	 24	 999000	 240	 999000	 999	 8.154787e+02	 850.00	 833.33	 44.00	 37	 2.71	 
BOA_132	 2	 7	 HispusimShatiah.bmp	 8.174474e+02	 11	 6.107106e+02	 11	 8.500505e+02	 98	 8.184826e+02	 866.67	 833.33	 8.00	 36	 5.96	 
BOA_132	 2	 7	 Smarties.bmp	 8.194498e+02	 24	 999000	 240	 999000	 999	 8.204676e+02	 866.67	 833.33	 50.00	 7	 1.67	 
BOA_132	 2	 7	 Mars.bmp	 8.214521e+02	 11	 8.780035e+02	 110	 8.667198e+02	 98	 8.224873e+02	 883.33	 833.33	 16.00	 53	 4.89	 
BOA_132	 2	 7	 CrunchBisquitBrown3.bmp	 8.264577e+02	 12	 999000	 120	 999000	 999	 8.274756e+02	 883.33	 833.33	 5.00	 43	 6.02	 
BOA_132	 2	 7	 ClickBlackWhite3.bmp	 8.304622e+02	 12	 999000	 120	 999000	 999	 8.314800e+02	 883.33	 833.33	 3.00	 45	 6.89	 
BOA_132	 2	 7	 Bounty.bmp	 8.344500e+02	 24	 999000	 240	 999000	 999	 8.354678e+02	 883.33	 833.33	 53.00	 19	 1.64	 
BOA_132	 2	 7	 BisliGrill.bmp	 8.404568e+02	 22	 9.932298e+02	 220	 8.334066e+02	 98	 8.414933e+02	 883.33	 850.00	 49.00	 40	 1.71	 
BOA_132	 2	 7	 CrunchBisquitWhite2.bmp	 8.424590e+02	 12	 999000	 120	 999000	 999	 8.434768e+02	 883.33	 850.00	 6.00	 47	 6.00	 
BOA_132	 2	 7	 Tortit.bmp	 8.444611e+02	 22	 6.129348e+02	 22	 8.500460e+02	 98	 8.454957e+02	 883.33	 866.67	 46.00	 15	 2.69	 
BOA_132	 2	 7	 CrunchShokoVanil.bmp	 8.464468e+02	 24	 999000	 240	 999000	 999	 8.474646e+02	 883.33	 866.67	 47.00	 38	 1.73	 
BOA_132	 2	 7	 Apropo.bmp	 8.484490e+02	 24	 999000	 240	 999000	 999	 8.494668e+02	 883.33	 866.67	 39.00	 6	 2.71	 
BOA_132	 2	 7	 Twist.bmp	 8.524535e+02	 12	 999000	 120	 999000	 999	 8.534713e+02	 883.33	 866.67	 19.00	 42	 4.87	 
BOA_132	 2	 7	 BabyDoll.bmp	 8.544558e+02	 24	 999000	 240	 999000	 999	 8.554735e+02	 883.33	 866.67	 56.00	 21	 0.62	 
BOA_132	 2	 7	 BambaSweet.bmp	 8.584602e+02	 24	 999000	 240	 999000	 999	 8.594779e+02	 883.33	 866.67	 58.00	 60	 0.33	 
BOA_132	 2	 7	 ClickXLwhite4.bmp	 8.604625e+02	 12	 999000	 120	 999000	 999	 8.614802e+02	 883.33	 866.67	 4.00	 56	 6.53	 
BOA_132	 2	 7	 ChocolateParaMarir2.bmp	 8.624477e+02	 12	 999000	 120	 999000	 999	 8.634659e+02	 883.33	 866.67	 22.00	 26	 3.91	 
BOA_132	 2	 7	 ChocolateParaCookies5.bmp	 8.644502e+02	 11	 1.087861e+03	 1100	 8.833824e+02	 98	 8.654849e+02	 833.33	 866.67	 9.00	 1	 5.93	 
BOA_132	 2	 7	 Cheetos.bmp	 8.694559e+02	 12	 999000	 120	 999000	 999	 8.704738e+02	 833.33	 866.67	 18.00	 24	 4.87	 
BOA_132	 2	 7	 KashitSour.bmp	 8.714581e+02	 11	 6.479777e+02	 11	 8.333890e+02	 98	 8.724946e+02	 850.00	 866.67	 14.00	 3	 4.91	 
BOA_132	 2	 7	 Halva2.bmp	 8.734604e+02	 22	 6.376651e+02	 22	 8.667220e+02	 98	 8.744964e+02	 850.00	 883.33	 51.00	 12	 1.67	 
BOA_132	 2	 7	 Dubonim.bmp	 8.764637e+02	 24	 999000	 240	 999000	 999	 8.774815e+02	 850.00	 883.33	 45.00	 48	 2.71	 
BOA_132	 2	 7	 GumiSnakes3.bmp	 8.834549e+02	 22	 9.952147e+02	 220	 8.833810e+02	 98	 8.844912e+02	 850.00	 900.00	 48.00	 2	 1.71	 
BOA_132	 2	 7	 BisliPizza3.bmp	 8.874594e+02	 22	 7.907117e+02	 22	 9.000509e+02	 98	 8.884958e+02	 850.00	 916.67	 54.00	 52	 1.64	 
BOA_132	 2	 7	 Kitkat.bmp	 8.944505e+02	 12	 999000	 120	 999000	 999	 8.954683e+02	 850.00	 916.67	 13.00	 32	 4.93	 
