subjectID	order	runNum	itemName	onsetTime	shuff_trialType	RT	respInTime	AudioTime	response	fixationTime	ladder1	ladder2	bidIndex	BDMtrialIndex	bidValue
BOA_104	 2	 12	 ClickBisquit2.bmp	 1.421385e+03	 11	 7.933070e+02	 11	 9.167409e+02	 98	 1.422420e+03	 916.67	 916.67	 16.00	 59	 5.84	 
BOA_104	 2	 12	 WerthersOriginal.bmp	 1.423371e+03	 11	 9.678400e+02	 110	 9.167215e+02	 98	 1.424405e+03	 916.67	 916.67	 8.00	 40	 6.98	 
BOA_104	 2	 12	 ChocolateParaMarir2.bmp	 1.427375e+03	 22	 8.753037e+02	 22	 9.167311e+02	 98	 1.428411e+03	 916.67	 916.67	 43.00	 2	 1.76	 
BOA_104	 2	 12	 BabyDoll.bmp	 1.430379e+03	 24	 999000	 240	 999000	 999	 1.431396e+03	 916.67	 916.67	 56.00	 32	 0.56	 
BOA_104	 2	 12	 Taami.bmp	 1.432381e+03	 11	 8.696366e+02	 11	 9.167128e+02	 98	 1.433417e+03	 916.67	 916.67	 17.00	 38	 5.78	 
BOA_104	 2	 12	 ClickXLbrown4.bmp	 1.435367e+03	 12	 999000	 120	 999000	 999	 1.436385e+03	 916.67	 916.67	 13.00	 21	 6.82	 
BOA_104	 2	 12	 CrunchBisquitWhite2.bmp	 1.439372e+03	 11	 8.704455e+02	 11	 9.167189e+02	 98	 1.440408e+03	 916.67	 916.67	 11.00	 25	 6.89	 
BOA_104	 2	 12	 Bounty.bmp	 1.443376e+03	 24	 999000	 240	 999000	 999	 1.444394e+03	 916.67	 916.67	 45.00	 11	 1.69	 
BOA_104	 2	 12	 Tortit.bmp	 1.445379e+03	 24	 999000	 240	 999000	 999	 1.446396e+03	 916.67	 916.67	 42.00	 53	 1.78	 
BOA_104	 2	 12	 Apropo.bmp	 1.450368e+03	 22	 8.828442e+02	 22	 9.167189e+02	 98	 1.451404e+03	 916.67	 916.67	 51.00	 54	 0.69	 
BOA_104	 2	 12	 Loacker.bmp	 1.452370e+03	 12	 999000	 120	 999000	 999	 1.453388e+03	 916.67	 916.67	 4.00	 20	 8.11	 
BOA_104	 2	 12	 KinderBuenoWhite2.bmp	 1.454372e+03	 12	 999000	 120	 999000	 999	 1.455390e+03	 916.67	 916.67	 7.00	 26	 6.98	 
BOA_104	 2	 12	 KinderBuenoBrown3.bmp	 1.460379e+03	 12	 999000	 120	 999000	 999	 1.461397e+03	 916.67	 916.67	 10.00	 37	 6.93	 
BOA_104	 2	 12	 Tapuchips.bmp	 1.462381e+03	 24	 999000	 240	 999000	 999	 1.463399e+03	 916.67	 916.67	 47.00	 41	 1.67	 
BOA_104	 2	 12	 Egozi.bmp	 1.464383e+03	 24	 999000	 240	 999000	 999	 1.465401e+03	 916.67	 916.67	 40.00	 56	 2.71	 
BOA_104	 2	 12	 BisliGrill.bmp	 1.466369e+03	 22	 8.255636e+02	 22	 9.167123e+02	 98	 1.467403e+03	 916.67	 916.67	 46.00	 58	 1.69	 
BOA_104	 2	 12	 GumiSnakes3.bmp	 1.470373e+03	 24	 999000	 240	 999000	 999	 1.471391e+03	 916.67	 916.67	 44.00	 29	 1.76	 
BOA_104	 2	 12	 ClickBalls5.bmp	 1.474378e+03	 12	 999000	 120	 999000	 999	 1.475396e+03	 916.67	 916.67	 21.00	 19	 4.80	 
BOA_104	 2	 12	 Cheetos.bmp	 1.477381e+03	 12	 999000	 120	 999000	 999	 1.478399e+03	 916.67	 916.67	 3.00	 45	 8.16	 
BOA_104	 2	 12	 BagaleShtuhim.bmp	 1.481369e+03	 12	 999000	 120	 999000	 999	 1.482387e+03	 916.67	 916.67	 20.00	 8	 4.82	 
BOA_104	 2	 12	 Hit.bmp	 1.484372e+03	 12	 999000	 120	 999000	 999	 1.485390e+03	 916.67	 916.67	 6.00	 51	 7.00	 
BOA_104	 2	 12	 ClickBlackWhite3.bmp	 1.486375e+03	 11	 8.038845e+02	 11	 9.167232e+02	 98	 1.487410e+03	 916.67	 916.67	 14.00	 4	 5.98	 
BOA_104	 2	 12	 Mentos.bmp	 1.490379e+03	 24	 999000	 240	 999000	 999	 1.491397e+03	 916.67	 916.67	 41.00	 57	 2.67	 
BOA_104	 2	 12	 CrunchShokoVanil.bmp	 1.492381e+03	 22	 1.029117e+03	 2200	 9.167175e+02	 98	 1.493417e+03	 916.67	 866.67	 49.00	 10	 1.62	 
BOA_104	 2	 12	 Halva2.bmp	 1.494384e+03	 22	 9.628525e+02	 220	 8.667121e+02	 98	 1.495420e+03	 916.67	 883.33	 48.00	 36	 1.64	 
BOA_104	 2	 12	 DoritosGrill.bmp	 1.498371e+03	 24	 999000	 240	 999000	 999	 1.499389e+03	 916.67	 883.33	 52.00	 23	 0.67	 
BOA_104	 2	 12	 PesekZman.bmp	 1.500374e+03	 12	 999000	 120	 999000	 999	 1.501391e+03	 916.67	 883.33	 19.00	 9	 4.84	 
BOA_104	 2	 12	 Twist.bmp	 1.504378e+03	 22	 8.243511e+02	 22	 8.833799e+02	 98	 1.505412e+03	 916.67	 900.00	 54.00	 48	 0.64	 
BOA_104	 2	 12	 Twix.bmp	 1.508383e+03	 12	 999000	 120	 999000	 999	 1.509400e+03	 916.67	 900.00	 5.00	 3	 7.00	 
BOA_104	 2	 12	 Smarties.bmp	 1.511369e+03	 24	 999000	 240	 999000	 999	 1.512387e+03	 916.67	 900.00	 50.00	 44	 0.69	 
BOA_104	 2	 12	 Shugi.bmp	 1.517376e+03	 24	 999000	 240	 999000	 999	 1.518394e+03	 916.67	 900.00	 57.00	 17	 0.51	 
BOA_104	 2	 12	 BambaNugat.bmp	 1.519378e+03	 12	 999000	 120	 999000	 999	 1.520396e+03	 916.67	 900.00	 12.00	 52	 6.87	 
BOA_104	 2	 12	 CrunchBisquitBrown3.bmp	 1.523383e+03	 11	 6.757537e+02	 11	 9.167235e+02	 98	 1.524417e+03	 916.67	 900.00	 9.00	 13	 6.93	 
BOA_104	 2	 12	 GumiWine2.bmp	 1.525368e+03	 24	 999000	 240	 999000	 999	 1.526386e+03	 916.67	 900.00	 53.00	 28	 0.67	 
BOA_104	 2	 12	 Mars.bmp	 1.527371e+03	 12	 999000	 120	 999000	 999	 1.528388e+03	 916.67	 900.00	 15.00	 31	 5.91	 
BOA_104	 2	 12	 Snickers.bmp	 1.529373e+03	 12	 999000	 120	 999000	 999	 1.530391e+03	 916.67	 900.00	 18.00	 5	 4.87	 
BOA_104	 2	 12	 DoritosNatural.bmp	 1.534378e+03	 24	 999000	 240	 999000	 999	 1.535396e+03	 916.67	 900.00	 58.00	 46	 0.49	 
BOA_104	 2	 12	 BambaSweet.bmp	 1.536381e+03	 24	 999000	 240	 999000	 999	 1.537398e+03	 916.67	 900.00	 55.00	 22	 0.56	 
BOA_104	 2	 12	 BisliPizza3.bmp	 1.538383e+03	 24	 999000	 240	 999000	 999	 1.539401e+03	 916.67	 900.00	 39.00	 7	 2.71	 
BOA_104	 2	 12	 Bamba.bmp	 1.541370e+03	 12	 999000	 120	 999000	 999	 1.542387e+03	 916.67	 900.00	 22.00	 15	 4.78	 
