subjectID	order	runNum	itemName	onsetTime	shuff_trialType	RT	respInTime	AudioTime	response	fixationTime	ladder1	ladder2	bidIndex	BDMtrialIndex	bidValue
BOA_114	 2	 8	 Hit.bmp	 9.808263e+02	 22	 8.558869e+02	 220	 6.500577e+02	 98	 9.818608e+02	 783.33	 666.67	 43.00	 36	 3.73	 
BOA_114	 2	 8	 BabyDoll.bmp	 9.838130e+02	 24	 999000	 240	 999000	 999	 9.848307e+02	 783.33	 666.67	 57.00	 6	 0.53	 
BOA_114	 2	 8	 Bamba.bmp	 9.858151e+02	 22	 8.350078e+02	 220	 6.667126e+02	 98	 9.868501e+02	 783.33	 683.33	 46.00	 21	 2.69	 
BOA_114	 2	 8	 Shugi.bmp	 9.878174e+02	 12	 999000	 120	 999000	 999	 9.888352e+02	 783.33	 683.33	 15.00	 56	 5.93	 
BOA_114	 2	 8	 Cheetos.bmp	 9.898196e+02	 12	 999000	 120	 999000	 999	 9.908374e+02	 783.33	 683.33	 7.00	 43	 7.00	 
BOA_114	 2	 8	 KinderJoy.bmp	 9.928231e+02	 22	 8.590790e+02	 220	 6.833747e+02	 98	 9.938576e+02	 783.33	 700.00	 49.00	 8	 2.62	 
BOA_114	 2	 8	 ClickBalls5.bmp	 9.948084e+02	 12	 999000	 120	 999000	 999	 9.958265e+02	 783.33	 700.00	 10.00	 19	 6.02	 
BOA_114	 2	 8	 BambaSweet.bmp	 9.988131e+02	 22	 8.850609e+02	 220	 7.000442e+02	 98	 9.998487e+02	 783.33	 716.67	 48.00	 10	 2.64	 
BOA_114	 2	 8	 Tortit.bmp	 1.000815e+03	 24	 999000	 240	 999000	 999	 1.001833e+03	 783.33	 716.67	 55.00	 31	 1.60	 
BOA_114	 2	 8	 KinderBuenoWhite2.bmp	 1.005821e+03	 11	 9.572263e+02	 110	 7.833994e+02	 98	 1.006857e+03	 800.00	 716.67	 11.00	 5	 5.96	 
BOA_114	 2	 8	 ClickBisquit2.bmp	 1.007823e+03	 12	 999000	 120	 999000	 999	 1.008841e+03	 800.00	 716.67	 12.00	 20	 5.96	 
BOA_114	 2	 8	 ClickXLbrown4.bmp	 1.011811e+03	 24	 999000	 240	 999000	 999	 1.012829e+03	 800.00	 716.67	 42.00	 1	 3.73	 
BOA_114	 2	 8	 PesekZman.bmp	 1.013813e+03	 24	 999000	 240	 999000	 999	 1.014831e+03	 800.00	 716.67	 47.00	 25	 2.67	 
BOA_114	 2	 8	 Kitkat.bmp	 1.016817e+03	 24	 999000	 240	 999000	 999	 1.017834e+03	 800.00	 716.67	 39.00	 54	 3.78	 
BOA_114	 2	 8	 Loacker.bmp	 1.021822e+03	 12	 999000	 120	 999000	 999	 1.022840e+03	 800.00	 716.67	 18.00	 18	 5.82	 
BOA_114	 2	 8	 KifkefMaklot2.bmp	 1.023808e+03	 12	 999000	 120	 999000	 999	 1.024826e+03	 800.00	 716.67	 19.00	 32	 5.82	 
BOA_114	 2	 8	 ChocolateParaMarir2.bmp	 1.025810e+03	 24	 999000	 240	 999000	 999	 1.026828e+03	 800.00	 716.67	 44.00	 52	 3.71	 
BOA_114	 2	 8	 HispusimShatiah.bmp	 1.029814e+03	 24	 999000	 240	 999000	 999	 1.030832e+03	 800.00	 716.67	 40.00	 2	 3.76	 
BOA_114	 2	 8	 ChocolateParaCookies5.bmp	 1.033819e+03	 11	 1.031130e+03	 1100	 8.000440e+02	 98	 1.034854e+03	 750.00	 716.67	 8.00	 44	 6.98	 
BOA_114	 2	 8	 Smarties.bmp	 1.037823e+03	 24	 999000	 240	 999000	 999	 1.038841e+03	 750.00	 716.67	 53.00	 12	 1.60	 
BOA_114	 2	 8	 CrunchBisquitBrown3.bmp	 1.039809e+03	 11	 9.771650e+02	 110	 7.500501e+02	 98	 1.040845e+03	 766.67	 716.67	 17.00	 28	 5.89	 
BOA_114	 2	 8	 Snickers.bmp	 1.041811e+03	 12	 999000	 120	 999000	 999	 1.042829e+03	 766.67	 716.67	 3.00	 27	 7.09	 
BOA_114	 2	 8	 DoritosSourSpicy.bmp	 1.043814e+03	 11	 9.726184e+02	 110	 7.667138e+02	 98	 1.044849e+03	 783.33	 716.67	 9.00	 48	 6.98	 
BOA_114	 2	 8	 ChocolateParaSucariotKoftzot2.bmp	 1.045816e+03	 24	 999000	 240	 999000	 999	 1.046834e+03	 783.33	 716.67	 56.00	 45	 1.56	 
BOA_114	 2	 8	 BisliGrill.bmp	 1.051822e+03	 12	 999000	 120	 999000	 999	 1.052840e+03	 783.33	 716.67	 21.00	 59	 5.82	 
BOA_114	 2	 8	 ClickBlackWhite3.bmp	 1.054809e+03	 12	 999000	 120	 999000	 999	 1.055827e+03	 783.33	 716.67	 5.00	 57	 7.09	 
BOA_114	 2	 8	 Egozi.bmp	 1.056811e+03	 22	 8.867905e+02	 220	 7.167088e+02	 98	 1.057847e+03	 783.33	 733.33	 54.00	 14	 1.60	 
BOA_114	 2	 8	 SkittlesSour4.bmp	 1.058814e+03	 11	 9.965629e+02	 110	 7.833746e+02	 98	 1.059848e+03	 800.00	 733.33	 14.00	 40	 5.93	 
BOA_114	 2	 8	 BisliPizza3.bmp	 1.061817e+03	 12	 999000	 120	 999000	 999	 1.062835e+03	 800.00	 733.33	 13.00	 35	 5.93	 
BOA_114	 2	 8	 Halva2.bmp	 1.063819e+03	 24	 999000	 240	 999000	 999	 1.064837e+03	 800.00	 733.33	 58.00	 42	 0.53	 
BOA_114	 2	 8	 BisliOnion.bmp	 1.065821e+03	 24	 999000	 240	 999000	 999	 1.066839e+03	 800.00	 733.33	 41.00	 39	 3.76	 
BOA_114	 2	 8	 HappyHippo.bmp	 1.067824e+03	 12	 999000	 120	 999000	 999	 1.068842e+03	 800.00	 733.33	 22.00	 47	 4.91	 
BOA_114	 2	 8	 DoritosNatural.bmp	 1.070810e+03	 12	 999000	 120	 999000	 999	 1.071828e+03	 800.00	 733.33	 20.00	 49	 5.82	 
BOA_114	 2	 8	 CrunchShokoVanil.bmp	 1.072813e+03	 11	 9.895541e+02	 110	 8.000467e+02	 98	 1.073848e+03	 816.67	 733.33	 16.00	 23	 5.89	 
BOA_114	 2	 8	 KashitSour.bmp	 1.074815e+03	 24	 999000	 240	 999000	 999	 1.075833e+03	 816.67	 733.33	 45.00	 11	 2.69	 
BOA_114	 2	 8	 SkittlesFruits2.bmp	 1.076817e+03	 12	 999000	 120	 999000	 999	 1.077835e+03	 816.67	 733.33	 4.00	 33	 7.09	 
BOA_114	 2	 8	 Dubonim.bmp	 1.078819e+03	 24	 999000	 240	 999000	 999	 1.079837e+03	 816.67	 733.33	 50.00	 16	 2.58	 
BOA_114	 2	 8	 Taami.bmp	 1.084809e+03	 24	 999000	 240	 999000	 999	 1.085827e+03	 816.67	 733.33	 52.00	 37	 1.64	 
BOA_114	 2	 8	 ClickXLwhite4.bmp	 1.087813e+03	 22	 9.253498e+02	 220	 7.333852e+02	 98	 1.088848e+03	 816.67	 750.00	 51.00	 38	 1.76	 
BOA_114	 2	 8	 Mars.bmp	 1.091817e+03	 12	 999000	 120	 999000	 999	 1.092835e+03	 816.67	 750.00	 6.00	 50	 7.02	 
