subjectID	order	runNum	itemName	onsetTime	shuff_trialType	RT	respInTime	AudioTime	response	fixationTime	ladder1	ladder2	bidIndex	BDMtrialIndex	bidValue
BOA_119	 1	 18	 KashitSour.bmp	 2.137096e+03	 24	 999000	 240	 999000	 999	 2.138114e+03	 916.67	 916.67	 55.00	 22	 1.73	 
BOA_119	 1	 18	 KinderJoy.bmp	 2.140099e+03	 22	 5.191429e+02	 22	 9.167415e+02	 98	 2.141135e+03	 916.67	 916.67	 45.00	 35	 2.73	 
BOA_119	 1	 18	 CrunchBisquitWhite2.bmp	 2.142085e+03	 12	 999000	 120	 999000	 999	 2.143103e+03	 916.67	 916.67	 21.00	 28	 4.22	 
BOA_119	 1	 18	 Hit.bmp	 2.144087e+03	 12	 999000	 120	 999000	 999	 2.145105e+03	 916.67	 916.67	 16.00	 24	 4.71	 
BOA_119	 1	 18	 Smarties.bmp	 2.146089e+03	 22	 5.210330e+02	 22	 9.167155e+02	 98	 2.147140e+03	 916.67	 916.67	 50.00	 29	 2.67	 
BOA_119	 1	 18	 Twist.bmp	 2.149092e+03	 24	 999000	 240	 999000	 999	 2.150110e+03	 916.67	 916.67	 41.00	 56	 2.82	 
BOA_119	 1	 18	 Bounty.bmp	 2.151095e+03	 22	 5.954837e+02	 22	 9.167128e+02	 98	 2.152130e+03	 916.67	 916.67	 47.00	 1	 2.67	 
BOA_119	 1	 18	 HispusimShatiah.bmp	 2.155082e+03	 24	 999000	 240	 999000	 999	 2.156100e+03	 916.67	 916.67	 56.00	 38	 1.69	 
BOA_119	 1	 18	 Snickers.bmp	 2.157085e+03	 24	 999000	 240	 999000	 999	 2.158103e+03	 916.67	 916.67	 42.00	 43	 2.80	 
BOA_119	 1	 18	 Tapuchips.bmp	 2.162090e+03	 11	 4.557671e+02	 11	 9.167284e+02	 98	 2.163125e+03	 916.67	 916.67	 12.00	 34	 4.84	 
BOA_119	 1	 18	 BisliGrill.bmp	 2.164093e+03	 12	 999000	 120	 999000	 999	 2.165111e+03	 916.67	 916.67	 11.00	 11	 4.87	 
BOA_119	 1	 18	 ClickBlackWhite3.bmp	 2.168097e+03	 11	 5.051206e+02	 11	 9.167190e+02	 98	 2.169133e+03	 916.67	 916.67	 15.00	 41	 4.73	 
BOA_119	 1	 18	 SkittlesFruits2.bmp	 2.170082e+03	 24	 999000	 240	 999000	 999	 2.171101e+03	 916.67	 916.67	 43.00	 52	 2.76	 
BOA_119	 1	 18	 Mars.bmp	 2.173086e+03	 24	 999000	 240	 999000	 999	 2.174104e+03	 916.67	 916.67	 46.00	 50	 2.73	 
BOA_119	 1	 18	 Mentos.bmp	 2.178092e+03	 24	 999000	 240	 999000	 999	 2.179109e+03	 916.67	 916.67	 49.00	 23	 2.67	 
BOA_119	 1	 18	 BisliOnion.bmp	 2.180094e+03	 11	 5.723197e+02	 11	 9.167222e+02	 98	 2.181131e+03	 916.67	 916.67	 10.00	 57	 4.89	 
BOA_119	 1	 18	 Apropo.bmp	 2.182096e+03	 12	 999000	 120	 999000	 999	 2.183114e+03	 916.67	 916.67	 5.00	 48	 5.51	 
BOA_119	 1	 18	 Shugi.bmp	 2.186084e+03	 22	 5.101844e+02	 22	 9.167180e+02	 98	 2.187121e+03	 916.67	 916.67	 53.00	 16	 2.27	 
BOA_119	 1	 18	 HappyHippo.bmp	 2.190089e+03	 22	 4.097355e+02	 22	 9.167100e+02	 98	 2.191123e+03	 916.67	 916.67	 52.00	 55	 2.29	 
BOA_119	 1	 18	 Popco.bmp	 2.194093e+03	 12	 999000	 120	 999000	 999	 2.195111e+03	 916.67	 916.67	 14.00	 37	 4.82	 
BOA_119	 1	 18	 Twix.bmp	 2.196095e+03	 24	 999000	 240	 999000	 999	 2.197113e+03	 916.67	 916.67	 54.00	 42	 1.76	 
BOA_119	 1	 18	 BambaSweet.bmp	 2.198097e+03	 24	 999000	 240	 999000	 999	 2.199115e+03	 916.67	 916.67	 48.00	 20	 2.67	 
BOA_119	 1	 18	 DoritosGrill.bmp	 2.200083e+03	 12	 999000	 120	 999000	 999	 2.201101e+03	 916.67	 916.67	 9.00	 47	 4.91	 
BOA_119	 1	 18	 Cheetos.bmp	 2.202085e+03	 11	 4.769314e+02	 11	 9.167230e+02	 98	 2.203120e+03	 916.67	 916.67	 13.00	 7	 4.82	 
BOA_119	 1	 18	 Bamba.bmp	 2.208092e+03	 12	 999000	 120	 999000	 999	 2.209110e+03	 916.67	 916.67	 22.00	 40	 4.04	 
BOA_119	 1	 18	 Dubonim.bmp	 2.211095e+03	 12	 999000	 120	 999000	 999	 2.212113e+03	 916.67	 916.67	 20.00	 32	 4.24	 
BOA_119	 1	 18	 Tictac.bmp	 2.213098e+03	 24	 999000	 240	 999000	 999	 2.214115e+03	 916.67	 916.67	 57.00	 53	 1.67	 
BOA_119	 1	 18	 Keifli.bmp	 2.215083e+03	 12	 999000	 120	 999000	 999	 2.216101e+03	 916.67	 916.67	 6.00	 58	 5.47	 
BOA_119	 1	 18	 CrunchShokoVanil.bmp	 2.218087e+03	 24	 999000	 240	 999000	 999	 2.219104e+03	 916.67	 916.67	 58.00	 5	 1.64	 
BOA_119	 1	 18	 ClickXLwhite4.bmp	 2.220089e+03	 12	 999000	 120	 999000	 999	 2.221107e+03	 916.67	 916.67	 17.00	 44	 4.42	 
BOA_119	 1	 18	 Taami.bmp	 2.222091e+03	 24	 999000	 240	 999000	 999	 2.223109e+03	 916.67	 916.67	 39.00	 26	 3.16	 
BOA_119	 1	 18	 ClickBalls5.bmp	 2.224093e+03	 11	 5.489698e+02	 11	 9.167202e+02	 98	 2.225128e+03	 916.67	 916.67	 18.00	 54	 4.40	 
BOA_119	 1	 18	 BisliPizza3.bmp	 2.227097e+03	 12	 999000	 120	 999000	 999	 2.228114e+03	 916.67	 916.67	 3.00	 19	 5.87	 
BOA_119	 1	 18	 ChocolateParaMarir2.bmp	 2.229082e+03	 12	 999000	 120	 999000	 999	 2.230100e+03	 916.67	 916.67	 8.00	 49	 4.98	 
BOA_119	 1	 18	 CrunchBisquitBrown3.bmp	 2.231084e+03	 12	 999000	 120	 999000	 999	 2.232102e+03	 916.67	 916.67	 19.00	 30	 4.38	 
BOA_119	 1	 18	 GumiWine2.bmp	 2.233087e+03	 22	 5.234793e+02	 22	 9.167171e+02	 98	 2.234134e+03	 916.67	 916.67	 44.00	 9	 2.73	 
BOA_119	 1	 18	 GumiSnakes3.bmp	 2.235089e+03	 24	 999000	 240	 999000	 999	 2.236107e+03	 916.67	 916.67	 40.00	 14	 3.13	 
BOA_119	 1	 18	 TapuchipsCrunch.bmp	 2.241096e+03	 11	 4.825918e+02	 11	 9.167138e+02	 98	 2.242130e+03	 916.67	 916.67	 7.00	 15	 5.00	 
BOA_119	 1	 18	 Tortit.bmp	 2.244099e+03	 24	 999000	 240	 999000	 999	 2.245117e+03	 916.67	 916.67	 51.00	 25	 2.62	 
BOA_119	 1	 18	 Loacker.bmp	 2.248087e+03	 12	 999000	 120	 999000	 999	 2.249105e+03	 916.67	 916.67	 4.00	 18	 5.82	 
