subjectID	order	runNum	itemName	onsetTime	shuff_trialType	RT	respInTime	AudioTime	response	fixationTime	ladder1	ladder2	bidIndex	BDMtrialIndex	bidValue
BOA_118	 2	 8	 ClickBlackWhite3.bmp	 9.365556e+02	 12	 3.827630e+02	 12	 999000	 98	 9.375733e+02	 850.00	 783.33	 12.00	 9	 7.62	 
BOA_118	 2	 8	 Twix.bmp	 9.395422e+02	 12	 999000	 120	 999000	 999	 9.405600e+02	 850.00	 783.33	 3.00	 54	 8.60	 
BOA_118	 2	 8	 KinderJoy.bmp	 9.415445e+02	 24	 999000	 240	 999000	 999	 9.425623e+02	 850.00	 783.33	 45.00	 53	 4.84	 
BOA_118	 2	 8	 Cheetos.bmp	 9.435467e+02	 12	 999000	 120	 999000	 999	 9.445646e+02	 850.00	 783.33	 18.00	 21	 6.96	 
BOA_118	 2	 8	 HappyHippo.bmp	 9.455490e+02	 22	 9.413779e+02	 220	 7.833932e+02	 98	 9.465853e+02	 850.00	 800.00	 49.00	 35	 3.78	 
BOA_118	 2	 8	 Tictac.bmp	 9.485524e+02	 24	 999000	 240	 999000	 999	 9.495702e+02	 850.00	 800.00	 52.00	 20	 3.76	 
BOA_118	 2	 8	 ChocolateParaSucariotKoftzot2.bmp	 9.505546e+02	 12	 999000	 120	 999000	 999	 9.515724e+02	 850.00	 800.00	 10.00	 33	 8.00	 
BOA_118	 2	 8	 Twist.bmp	 9.545425e+02	 22	 9.719558e+02	 220	 8.000425e+02	 98	 9.555786e+02	 850.00	 816.67	 54.00	 1	 3.31	 
BOA_118	 2	 8	 HispusimShatiah.bmp	 9.565446e+02	 24	 999000	 240	 999000	 999	 9.575624e+02	 850.00	 816.67	 44.00	 34	 4.84	 
BOA_118	 2	 8	 BisliGrill.bmp	 9.615503e+02	 24	 999000	 240	 999000	 999	 9.625681e+02	 850.00	 816.67	 41.00	 6	 4.87	 
BOA_118	 2	 8	 DoritosNatural.bmp	 9.635525e+02	 24	 999000	 240	 999000	 999	 9.645703e+02	 850.00	 816.67	 39.00	 41	 4.91	 
BOA_118	 2	 8	 Hit.bmp	 9.675400e+02	 11	 9.984228e+02	 110	 8.500666e+02	 98	 9.685752e+02	 866.67	 816.67	 8.00	 28	 8.07	 
BOA_118	 2	 8	 ClickXLwhite4.bmp	 9.695425e+02	 11	 1.011953e+03	 1100	 8.667168e+02	 98	 9.705787e+02	 816.67	 816.67	 11.00	 58	 7.67	 
BOA_118	 2	 8	 CrunchShokoVanil.bmp	 9.725460e+02	 22	 9.684469e+02	 220	 8.167094e+02	 98	 9.735820e+02	 816.67	 833.33	 43.00	 31	 4.87	 
BOA_118	 2	 8	 Taami.bmp	 9.775515e+02	 12	 999000	 120	 999000	 999	 9.785693e+02	 816.67	 833.33	 13.00	 42	 7.60	 
BOA_118	 2	 8	 BagaleShtuhim.bmp	 9.795537e+02	 12	 999000	 120	 999000	 999	 9.805715e+02	 816.67	 833.33	 22.00	 13	 6.44	 
BOA_118	 2	 8	 KinderBuenoWhite2.bmp	 9.815560e+02	 12	 999000	 120	 999000	 999	 9.825738e+02	 816.67	 833.33	 5.00	 48	 8.11	 
BOA_118	 2	 8	 GumiSnakes3.bmp	 9.855438e+02	 24	 999000	 240	 999000	 999	 9.865616e+02	 816.67	 833.33	 57.00	 40	 2.69	 
BOA_118	 2	 8	 Kitkat.bmp	 9.895483e+02	 12	 999000	 120	 999000	 999	 9.905660e+02	 816.67	 833.33	 15.00	 8	 7.09	 
BOA_118	 2	 8	 Shugi.bmp	 9.935527e+02	 24	 999000	 240	 999000	 999	 9.945706e+02	 816.67	 833.33	 42.00	 11	 4.87	 
BOA_118	 2	 8	 BabyDoll.bmp	 9.955549e+02	 24	 999000	 240	 999000	 999	 9.965728e+02	 816.67	 833.33	 50.00	 49	 3.78	 
BOA_118	 2	 8	 Popco.bmp	 9.975406e+02	 12	 999000	 120	 999000	 999	 9.985584e+02	 816.67	 833.33	 21.00	 50	 6.49	 
BOA_118	 2	 8	 ClickXLbrown4.bmp	 9.995428e+02	 11	 9.636260e+02	 110	 8.167104e+02	 98	 1.000578e+03	 833.33	 833.33	 14.00	 59	 7.49	 
BOA_118	 2	 8	 ChocolateParaMarir2.bmp	 1.001545e+03	 22	 1.113408e+03	 2200	 8.334138e+02	 98	 1.002581e+03	 833.33	 783.33	 51.00	 4	 3.76	 
BOA_118	 2	 8	 PesekZman.bmp	 1.007552e+03	 12	 999000	 120	 999000	 999	 1.008570e+03	 833.33	 783.33	 6.00	 10	 8.09	 
BOA_118	 2	 8	 Bounty.bmp	 1.010555e+03	 22	 9.512447e+02	 220	 7.833824e+02	 98	 1.011591e+03	 833.33	 800.00	 48.00	 30	 3.82	 
BOA_118	 2	 8	 Keifli.bmp	 1.012541e+03	 12	 999000	 120	 999000	 999	 1.013558e+03	 833.33	 800.00	 19.00	 52	 6.60	 
BOA_118	 2	 8	 WerthersOriginal.bmp	 1.014543e+03	 24	 999000	 240	 999000	 999	 1.015561e+03	 833.33	 800.00	 40.00	 22	 4.89	 
BOA_118	 2	 8	 GumiWine2.bmp	 1.017546e+03	 22	 8.241445e+02	 220	 8.000471e+02	 98	 1.018581e+03	 833.33	 816.67	 46.00	 39	 3.84	 
BOA_118	 2	 8	 KinderBuenoBrown3.bmp	 1.019549e+03	 11	 9.898366e+02	 110	 8.333787e+02	 98	 1.020585e+03	 850.00	 816.67	 16.00	 36	 7.02	 
BOA_118	 2	 8	 CrunchBisquitBrown3.bmp	 1.021551e+03	 11	 1.003671e+03	 1100	 8.500455e+02	 98	 1.022586e+03	 800.00	 816.67	 9.00	 43	 8.04	 
BOA_118	 2	 8	 KashitSour.bmp	 1.023553e+03	 24	 999000	 240	 999000	 999	 1.024571e+03	 800.00	 816.67	 55.00	 26	 2.78	 
BOA_118	 2	 8	 BisliPizza3.bmp	 1.026539e+03	 24	 999000	 240	 999000	 999	 1.027558e+03	 800.00	 816.67	 53.00	 38	 3.73	 
BOA_118	 2	 8	 Tortit.bmp	 1.028542e+03	 24	 999000	 240	 999000	 999	 1.029560e+03	 800.00	 816.67	 58.00	 2	 2.20	 
BOA_118	 2	 8	 SkittlesSour4.bmp	 1.030544e+03	 24	 999000	 240	 999000	 999	 1.031562e+03	 800.00	 816.67	 56.00	 12	 2.71	 
BOA_118	 2	 8	 Bamba.bmp	 1.032546e+03	 24	 999000	 240	 999000	 999	 1.033564e+03	 800.00	 816.67	 47.00	 55	 3.84	 
BOA_118	 2	 8	 Apropo.bmp	 1.034549e+03	 11	 9.977561e+02	 110	 8.000517e+02	 98	 1.035585e+03	 816.67	 816.67	 17.00	 44	 6.98	 
BOA_118	 2	 8	 Dubonim.bmp	 1.040555e+03	 12	 999000	 120	 999000	 999	 1.041573e+03	 816.67	 816.67	 20.00	 25	 6.51	 
BOA_118	 2	 8	 ClickBisquit2.bmp	 1.043542e+03	 12	 999000	 120	 999000	 999	 1.044560e+03	 816.67	 816.67	 4.00	 15	 8.58	 
BOA_118	 2	 8	 Mars.bmp	 1.047547e+03	 12	 999000	 120	 999000	 999	 1.048564e+03	 816.67	 816.67	 7.00	 47	 8.09	 
