subjectID	order	runNum	itemName	onsetTime	shuff_trialType	RT	respInTime	AudioTime	response	fixationTime	ladder1	ladder2	bidIndex	BDMtrialIndex	bidValue
BOA_107	 1	 15	 CrunchBisquitBrown3.bmp	 1.825791e+03	 11	 1.075567e+03	 1100	 9.167370e+02	 98	 1.826825e+03	 866.67	 883.33	 13.00	 8	 6.84	 
BOA_107	 1	 15	 DoritosNatural.bmp	 1.827776e+03	 22	 5.781213e+02	 22	 8.834017e+02	 98	 1.828812e+03	 866.67	 900.00	 47.00	 43	 1.60	 
BOA_107	 1	 15	 Smarties.bmp	 1.831781e+03	 24	 999000	 240	 999000	 999	 1.832799e+03	 866.67	 900.00	 46.00	 20	 1.60	 
BOA_107	 1	 15	 BambaSweet.bmp	 1.834784e+03	 22	 8.101370e+02	 22	 9.000461e+02	 98	 1.835819e+03	 866.67	 916.67	 44.00	 19	 2.22	 
BOA_107	 1	 15	 Bamba.bmp	 1.836787e+03	 24	 999000	 240	 999000	 999	 1.837804e+03	 866.67	 916.67	 42.00	 23	 2.60	 
BOA_107	 1	 15	 Shugi.bmp	 1.839790e+03	 12	 999000	 120	 999000	 999	 1.840808e+03	 866.67	 916.67	 22.00	 7	 5.82	 
BOA_107	 1	 15	 BisliOnion.bmp	 1.843778e+03	 24	 999000	 240	 999000	 999	 1.844796e+03	 866.67	 916.67	 41.00	 52	 2.73	 
BOA_107	 1	 15	 DoritosGrill.bmp	 1.847782e+03	 11	 6.681714e+02	 11	 8.667198e+02	 98	 1.848817e+03	 883.33	 916.67	 18.00	 49	 5.91	 
BOA_107	 1	 15	 Kitkat.bmp	 1.849784e+03	 12	 999000	 120	 999000	 999	 1.850802e+03	 883.33	 916.67	 17.00	 34	 5.96	 
BOA_107	 1	 15	 HispusimShatiah.bmp	 1.854790e+03	 12	 999000	 120	 999000	 999	 1.855808e+03	 883.33	 916.67	 4.00	 9	 8.04	 
BOA_107	 1	 15	 ClickBisquit2.bmp	 1.856792e+03	 11	 7.141599e+02	 11	 8.833875e+02	 98	 1.857827e+03	 900.00	 916.67	 7.00	 32	 7.11	 
BOA_107	 1	 15	 Apropo.bmp	 1.858778e+03	 12	 999000	 120	 999000	 999	 1.859796e+03	 900.00	 916.67	 16.00	 33	 5.96	 
BOA_107	 1	 15	 ChocolateParaCookies5.bmp	 1.864785e+03	 22	 5.938457e+02	 22	 9.167178e+02	 98	 1.865820e+03	 900.00	 916.67	 52.00	 16	 0.64	 
BOA_107	 1	 15	 Mentos.bmp	 1.866787e+03	 22	 7.116303e+02	 22	 9.167207e+02	 98	 1.867821e+03	 900.00	 916.67	 53.00	 41	 0.64	 
BOA_107	 1	 15	 BambaNugat.bmp	 1.868789e+03	 22	 6.373637e+02	 22	 9.167103e+02	 98	 1.869824e+03	 900.00	 916.67	 50.00	 60	 1.51	 
BOA_107	 1	 15	 SkittlesSour4.bmp	 1.870791e+03	 24	 999000	 240	 999000	 999	 1.871809e+03	 900.00	 916.67	 48.00	 36	 1.56	 
BOA_107	 1	 15	 CrunchShokoVanil.bmp	 1.874779e+03	 11	 6.392759e+02	 11	 9.000433e+02	 98	 1.875814e+03	 916.67	 916.67	 10.00	 57	 7.00	 
BOA_107	 1	 15	 ClickXLbrown4.bmp	 1.878784e+03	 12	 999000	 120	 999000	 999	 1.879801e+03	 916.67	 916.67	 21.00	 53	 5.84	 
BOA_107	 1	 15	 ChocolateParaMarir2.bmp	 1.881787e+03	 12	 999000	 120	 999000	 999	 1.882805e+03	 916.67	 916.67	 6.00	 2	 7.80	 
BOA_107	 1	 15	 Mekupelet.bmp	 1.885791e+03	 12	 999000	 120	 999000	 999	 1.886809e+03	 916.67	 916.67	 19.00	 17	 5.89	 
BOA_107	 1	 15	 Mars.bmp	 1.888778e+03	 12	 999000	 120	 999000	 999	 1.889796e+03	 916.67	 916.67	 5.00	 44	 7.98	 
BOA_107	 1	 15	 Halva2.bmp	 1.890780e+03	 24	 999000	 240	 999000	 999	 1.891798e+03	 916.67	 916.67	 58.00	 51	 0.56	 
BOA_107	 1	 15	 ChocolateParaMilk3.bmp	 1.894785e+03	 24	 999000	 240	 999000	 999	 1.895803e+03	 916.67	 916.67	 39.00	 10	 3.82	 
BOA_107	 1	 15	 TapuchipsCrunch.bmp	 1.896787e+03	 11	 5.832618e+02	 11	 9.167165e+02	 98	 1.897823e+03	 916.67	 916.67	 15.00	 45	 5.98	 
BOA_107	 1	 15	 DoritosSourSpicy.bmp	 1.898789e+03	 11	 6.370621e+02	 11	 9.167123e+02	 98	 1.899824e+03	 916.67	 916.67	 12.00	 59	 6.98	 
BOA_107	 1	 15	 Snickers.bmp	 1.902777e+03	 12	 999000	 120	 999000	 999	 1.903795e+03	 916.67	 916.67	 14.00	 25	 6.00	 
BOA_107	 1	 15	 Bounty.bmp	 1.904779e+03	 12	 999000	 120	 999000	 999	 1.905797e+03	 916.67	 916.67	 20.00	 46	 5.89	 
BOA_107	 1	 15	 Loacker.bmp	 1.908784e+03	 24	 999000	 240	 999000	 999	 1.909802e+03	 916.67	 916.67	 43.00	 11	 2.58	 
BOA_107	 1	 15	 Twist.bmp	 1.912788e+03	 24	 999000	 240	 999000	 999	 1.913806e+03	 916.67	 916.67	 57.00	 47	 0.56	 
BOA_107	 1	 15	 Hit.bmp	 1.915792e+03	 24	 999000	 240	 999000	 999	 1.916809e+03	 916.67	 916.67	 55.00	 40	 0.60	 
BOA_107	 1	 15	 CrunchBisquitWhite2.bmp	 1.921782e+03	 24	 999000	 240	 999000	 999	 1.922800e+03	 916.67	 916.67	 54.00	 35	 0.60	 
BOA_107	 1	 15	 BagaleShtuhim.bmp	 1.923784e+03	 12	 999000	 120	 999000	 999	 1.924802e+03	 916.67	 916.67	 3.00	 30	 8.07	 
BOA_107	 1	 15	 Popco.bmp	 1.927789e+03	 12	 999000	 120	 999000	 999	 1.928806e+03	 916.67	 916.67	 8.00	 48	 7.02	 
BOA_107	 1	 15	 GumiSnakes3.bmp	 1.929791e+03	 12	 999000	 120	 999000	 999	 1.930809e+03	 916.67	 916.67	 9.00	 58	 7.02	 
BOA_107	 1	 15	 Dubonim.bmp	 1.931793e+03	 24	 999000	 240	 999000	 999	 1.932811e+03	 916.67	 916.67	 40.00	 6	 3.76	 
BOA_107	 1	 15	 Tortit.bmp	 1.933779e+03	 22	 9.839106e+02	 220	 9.167170e+02	 98	 1.934815e+03	 916.67	 916.67	 45.00	 18	 1.64	 
BOA_107	 1	 15	 Keifli.bmp	 1.938784e+03	 24	 999000	 240	 999000	 999	 1.939802e+03	 916.67	 916.67	 51.00	 12	 0.64	 
BOA_107	 1	 15	 SkittlesFruits2.bmp	 1.940786e+03	 24	 999000	 240	 999000	 999	 1.941804e+03	 916.67	 916.67	 49.00	 56	 1.53	 
BOA_107	 1	 15	 KinderBuenoWhite2.bmp	 1.942789e+03	 12	 999000	 120	 999000	 999	 1.943807e+03	 916.67	 916.67	 11.00	 1	 6.98	 
BOA_107	 1	 15	 GumiWine2.bmp	 1.945792e+03	 24	 999000	 240	 999000	 999	 1.946810e+03	 916.67	 916.67	 56.00	 39	 0.56	 
