subjectID	order	runNum	itemName	onsetTime	shuff_trialType	RT	respInTime	AudioTime	response	fixationTime	ladder1	ladder2	bidIndex	BDMtrialIndex	bidValue
BOA_106	 2	 2	 ClickBlackWhite3.bmp	 1.309685e+02	 11	 9.938860e+02	 110	 7.834017e+02	 98	 1.320039e+02	 800.00	 716.67	 14.00	 11	 5.42	 
BOA_106	 2	 2	 Taami.bmp	 1.329707e+02	 24	 999000	 240	 999000	 999	 1.339885e+02	 800.00	 716.67	 52.00	 39	 1.69	 
BOA_106	 2	 2	 Loacker.bmp	 1.369582e+02	 11	 1.068167e+03	 1100	 8.000543e+02	 98	 1.379942e+02	 750.00	 716.67	 8.00	 60	 6.36	 
BOA_106	 2	 2	 ClickBisquit2.bmp	 1.399618e+02	 11	 9.845421e+02	 110	 7.500511e+02	 98	 1.409965e+02	 766.67	 716.67	 9.00	 36	 5.96	 
BOA_106	 2	 2	 Tapuchips.bmp	 1.419641e+02	 12	 999000	 120	 999000	 999	 1.429819e+02	 766.67	 716.67	 19.00	 2	 4.82	 
BOA_106	 2	 2	 KinderBuenoWhite2.bmp	 1.449675e+02	 12	 999000	 120	 999000	 999	 1.459853e+02	 766.67	 716.67	 13.00	 6	 5.42	 
BOA_106	 2	 2	 Tictac.bmp	 1.489721e+02	 22	 9.582592e+02	 220	 7.167301e+02	 98	 1.500075e+02	 766.67	 733.33	 54.00	 9	 1.60	 
BOA_106	 2	 2	 CrunchBisquitWhite2.bmp	 1.529598e+02	 12	 999000	 120	 999000	 999	 1.539776e+02	 766.67	 733.33	 15.00	 53	 5.42	 
BOA_106	 2	 2	 BabyDoll.bmp	 1.549620e+02	 24	 999000	 240	 999000	 999	 1.559797e+02	 766.67	 733.33	 47.00	 26	 2.11	 
BOA_106	 2	 2	 ChocolateParaMilk3.bmp	 1.599676e+02	 11	 9.867644e+02	 110	 7.667176e+02	 98	 1.610042e+02	 783.33	 733.33	 11.00	 4	 5.80	 
BOA_106	 2	 2	 Halva2.bmp	 1.619699e+02	 24	 999000	 240	 999000	 999	 1.629876e+02	 783.33	 733.33	 55.00	 42	 1.51	 
BOA_106	 2	 2	 TapuchipsCrunch.bmp	 1.639721e+02	 24	 999000	 240	 999000	 999	 1.649898e+02	 783.33	 733.33	 39.00	 29	 3.09	 
BOA_106	 2	 2	 Egozi.bmp	 1.699622e+02	 24	 999000	 240	 999000	 999	 1.709799e+02	 783.33	 733.33	 56.00	 33	 1.31	 
BOA_106	 2	 2	 KinderBuenoBrown3.bmp	 1.719644e+02	 11	 1.013977e+03	 1100	 7.833861e+02	 98	 1.730004e+02	 733.33	 733.33	 17.00	 41	 5.36	 
BOA_106	 2	 2	 HappyHippo.bmp	 1.739666e+02	 24	 999000	 240	 999000	 999	 1.749844e+02	 733.33	 733.33	 42.00	 16	 2.64	 
BOA_106	 2	 2	 Snickers.bmp	 1.759689e+02	 24	 999000	 240	 999000	 999	 1.769872e+02	 733.33	 733.33	 53.00	 47	 1.67	 
BOA_106	 2	 2	 KifkefMaklot2.bmp	 1.799734e+02	 11	 9.729772e+02	 110	 7.333851e+02	 98	 1.810092e+02	 750.00	 733.33	 16.00	 8	 5.40	 
BOA_106	 2	 2	 KashitSour.bmp	 1.839612e+02	 12	 999000	 120	 999000	 999	 1.849790e+02	 750.00	 733.33	 22.00	 13	 4.40	 
BOA_106	 2	 2	 Bounty.bmp	 1.869645e+02	 24	 999000	 240	 999000	 999	 1.879823e+02	 750.00	 733.33	 58.00	 31	 1.13	 
BOA_106	 2	 2	 CrunchShokoVanil.bmp	 1.909690e+02	 24	 999000	 240	 999000	 999	 1.919867e+02	 750.00	 733.33	 57.00	 20	 1.13	 
BOA_106	 2	 2	 ClickXLbrown4.bmp	 1.939724e+02	 12	 999000	 120	 999000	 999	 1.949901e+02	 750.00	 733.33	 7.00	 58	 6.38	 
BOA_106	 2	 2	 ClickXLwhite4.bmp	 1.959576e+02	 22	 9.807243e+02	 220	 7.333836e+02	 98	 1.969938e+02	 750.00	 750.00	 46.00	 12	 2.13	 
BOA_106	 2	 2	 GumiSnakes3.bmp	 1.999624e+02	 12	 999000	 120	 999000	 999	 2.009802e+02	 750.00	 750.00	 18.00	 43	 4.96	 
BOA_106	 2	 2	 Twist.bmp	 2.019646e+02	 22	 9.737218e+02	 220	 7.500573e+02	 98	 2.030011e+02	 750.00	 766.67	 51.00	 37	 1.69	 
BOA_106	 2	 2	 Smarties.bmp	 2.039668e+02	 12	 999000	 120	 999000	 999	 2.049846e+02	 750.00	 766.67	 6.00	 1	 6.42	 
BOA_106	 2	 2	 ChocolateParaSucariotKoftzot2.bmp	 2.079714e+02	 12	 999000	 120	 999000	 999	 2.089891e+02	 750.00	 766.67	 4.00	 46	 6.51	 
BOA_106	 2	 2	 Mars.bmp	 2.099736e+02	 24	 999000	 240	 999000	 999	 2.109914e+02	 750.00	 766.67	 45.00	 56	 2.18	 
BOA_106	 2	 2	 BambaSweet.bmp	 2.139615e+02	 24	 999000	 240	 999000	 999	 2.149792e+02	 750.00	 766.67	 40.00	 17	 3.02	 
BOA_106	 2	 2	 ClickBalls5.bmp	 2.179659e+02	 12	 999000	 120	 999000	 999	 2.189837e+02	 750.00	 766.67	 12.00	 21	 5.44	 
BOA_106	 2	 2	 Mekupelet.bmp	 2.209692e+02	 22	 1.033104e+03	 2200	 7.667195e+02	 98	 2.220049e+02	 750.00	 716.67	 49.00	 5	 2.00	 
BOA_106	 2	 2	 ChocolateParaCookies5.bmp	 2.269593e+02	 12	 999000	 120	 999000	 999	 2.279788e+02	 750.00	 716.67	 5.00	 57	 6.51	 
BOA_106	 2	 2	 Tortit.bmp	 2.289616e+02	 22	 1.024761e+03	 2200	 7.167091e+02	 98	 2.299987e+02	 750.00	 666.67	 48.00	 22	 2.02	 
BOA_106	 2	 2	 Twix.bmp	 2.329660e+02	 24	 999000	 240	 999000	 999	 2.339838e+02	 750.00	 666.67	 50.00	 30	 1.96	 
BOA_106	 2	 2	 WerthersOriginal.bmp	 2.349683e+02	 22	 1.010132e+03	 2200	 6.667335e+02	 98	 2.360030e+02	 750.00	 616.67	 43.00	 34	 2.64	 
BOA_106	 2	 2	 ChocolateParaMarir2.bmp	 2.369705e+02	 12	 999000	 120	 999000	 999	 2.379883e+02	 750.00	 616.67	 3.00	 40	 7.07	 
BOA_106	 2	 2	 GumiWine2.bmp	 2.389728e+02	 12	 999000	 120	 999000	 999	 2.399906e+02	 750.00	 616.67	 10.00	 25	 5.93	 
BOA_106	 2	 2	 PesekZman.bmp	 2.439617e+02	 24	 999000	 240	 999000	 999	 2.449795e+02	 750.00	 616.67	 44.00	 51	 2.24	 
BOA_106	 2	 2	 BisliGrill.bmp	 2.459639e+02	 12	 999000	 120	 999000	 999	 2.469817e+02	 750.00	 616.67	 21.00	 24	 4.49	 
BOA_106	 2	 2	 Popco.bmp	 2.479661e+02	 24	 999000	 240	 999000	 999	 2.489840e+02	 750.00	 616.67	 41.00	 15	 2.80	 
BOA_106	 2	 2	 BagaleShtuhim.bmp	 2.509695e+02	 12	 999000	 120	 999000	 999	 2.519873e+02	 750.00	 616.67	 20.00	 32	 4.62	 
