subjectID	order	runNum	itemName	onsetTime	shuff_trialType	RT	respInTime	AudioTime	response	fixationTime	ladder1	ladder2	bidIndex	BDMtrialIndex	bidValue
BOA_119	 1	 10	 ClickBalls5.bmp	 1.134438e+03	 11	 7.324163e+02	 11	 9.000704e+02	 98	 1.135473e+03	 916.67	 916.67	 18.00	 54	 4.40	 
BOA_119	 1	 10	 Shugi.bmp	 1.137442e+03	 22	 6.486431e+02	 22	 9.167355e+02	 98	 1.138478e+03	 916.67	 916.67	 53.00	 16	 2.27	 
BOA_119	 1	 10	 ClickXLwhite4.bmp	 1.139444e+03	 12	 999000	 120	 999000	 999	 1.140462e+03	 916.67	 916.67	 17.00	 44	 4.42	 
BOA_119	 1	 10	 ChocolateParaMarir2.bmp	 1.141446e+03	 12	 999000	 120	 999000	 999	 1.142464e+03	 916.67	 916.67	 8.00	 49	 4.98	 
BOA_119	 1	 10	 GumiWine2.bmp	 1.143448e+03	 22	 5.859468e+02	 22	 9.167192e+02	 98	 1.144485e+03	 916.67	 916.67	 44.00	 9	 2.73	 
BOA_119	 1	 10	 Tortit.bmp	 1.146435e+03	 24	 999000	 240	 999000	 999	 1.147453e+03	 916.67	 916.67	 51.00	 25	 2.62	 
BOA_119	 1	 10	 CrunchBisquitWhite2.bmp	 1.148437e+03	 12	 999000	 120	 999000	 999	 1.149455e+03	 916.67	 916.67	 21.00	 28	 4.22	 
BOA_119	 1	 10	 Popco.bmp	 1.152442e+03	 12	 999000	 120	 999000	 999	 1.153459e+03	 916.67	 916.67	 14.00	 37	 4.82	 
BOA_119	 1	 10	 Loacker.bmp	 1.154444e+03	 12	 999000	 120	 999000	 999	 1.155462e+03	 916.67	 916.67	 4.00	 18	 5.82	 
BOA_119	 1	 10	 HappyHippo.bmp	 1.159450e+03	 22	 6.086615e+02	 22	 9.167203e+02	 98	 1.160485e+03	 916.67	 916.67	 52.00	 55	 2.29	 
BOA_119	 1	 10	 Bounty.bmp	 1.161435e+03	 22	 7.590923e+02	 22	 9.167207e+02	 98	 1.162470e+03	 916.67	 916.67	 47.00	 1	 2.67	 
BOA_119	 1	 10	 Mars.bmp	 1.165440e+03	 24	 999000	 240	 999000	 999	 1.166457e+03	 916.67	 916.67	 46.00	 50	 2.73	 
BOA_119	 1	 10	 BambaSweet.bmp	 1.167442e+03	 24	 999000	 240	 999000	 999	 1.168460e+03	 916.67	 916.67	 48.00	 20	 2.67	 
BOA_119	 1	 10	 ClickBlackWhite3.bmp	 1.170445e+03	 11	 6.850548e+02	 11	 9.167182e+02	 98	 1.171480e+03	 916.67	 916.67	 15.00	 41	 4.73	 
BOA_119	 1	 10	 Taami.bmp	 1.175434e+03	 24	 999000	 240	 999000	 999	 1.176452e+03	 916.67	 916.67	 39.00	 26	 3.16	 
BOA_119	 1	 10	 Smarties.bmp	 1.177436e+03	 22	 6.778259e+02	 22	 9.167118e+02	 98	 1.178472e+03	 916.67	 916.67	 50.00	 29	 2.67	 
BOA_119	 1	 10	 Hit.bmp	 1.179439e+03	 12	 999000	 120	 999000	 999	 1.180456e+03	 916.67	 916.67	 16.00	 24	 4.71	 
BOA_119	 1	 10	 Tapuchips.bmp	 1.183443e+03	 11	 7.270912e+02	 11	 9.167178e+02	 98	 1.184479e+03	 916.67	 916.67	 12.00	 34	 4.84	 
BOA_119	 1	 10	 Cheetos.bmp	 1.187448e+03	 11	 7.226260e+02	 11	 9.167185e+02	 98	 1.188482e+03	 916.67	 916.67	 13.00	 7	 4.82	 
BOA_119	 1	 10	 Twix.bmp	 1.191435e+03	 24	 999000	 240	 999000	 999	 1.192453e+03	 916.67	 916.67	 54.00	 42	 1.76	 
BOA_119	 1	 10	 CrunchShokoVanil.bmp	 1.193438e+03	 24	 999000	 240	 999000	 999	 1.194455e+03	 916.67	 916.67	 58.00	 5	 1.64	 
BOA_119	 1	 10	 Keifli.bmp	 1.195440e+03	 12	 999000	 120	 999000	 999	 1.196458e+03	 916.67	 916.67	 6.00	 58	 5.47	 
BOA_119	 1	 10	 SkittlesFruits2.bmp	 1.197442e+03	 24	 999000	 240	 999000	 999	 1.198460e+03	 916.67	 916.67	 43.00	 52	 2.76	 
BOA_119	 1	 10	 Bamba.bmp	 1.199444e+03	 12	 999000	 120	 999000	 999	 1.200462e+03	 916.67	 916.67	 22.00	 40	 4.04	 
BOA_119	 1	 10	 BisliOnion.bmp	 1.205434e+03	 11	 1.032091e+03	 1100	 9.167194e+02	 98	 1.206472e+03	 866.67	 916.67	 10.00	 57	 4.89	 
BOA_119	 1	 10	 Mentos.bmp	 1.208438e+03	 24	 999000	 240	 999000	 999	 1.209456e+03	 866.67	 916.67	 49.00	 23	 2.67	 
BOA_119	 1	 10	 DoritosGrill.bmp	 1.210440e+03	 12	 999000	 120	 999000	 999	 1.211458e+03	 866.67	 916.67	 9.00	 47	 4.91	 
BOA_119	 1	 10	 HispusimShatiah.bmp	 1.212442e+03	 24	 999000	 240	 999000	 999	 1.213460e+03	 866.67	 916.67	 56.00	 38	 1.69	 
BOA_119	 1	 10	 BisliGrill.bmp	 1.215446e+03	 12	 999000	 120	 999000	 999	 1.216463e+03	 866.67	 916.67	 11.00	 11	 4.87	 
BOA_119	 1	 10	 Tictac.bmp	 1.217448e+03	 24	 999000	 240	 999000	 999	 1.218466e+03	 866.67	 916.67	 57.00	 53	 1.67	 
BOA_119	 1	 10	 Apropo.bmp	 1.219433e+03	 12	 999000	 120	 999000	 999	 1.220451e+03	 866.67	 916.67	 5.00	 48	 5.51	 
BOA_119	 1	 10	 BisliPizza3.bmp	 1.221436e+03	 12	 999000	 120	 999000	 999	 1.222454e+03	 866.67	 916.67	 3.00	 19	 5.87	 
BOA_119	 1	 10	 Snickers.bmp	 1.224439e+03	 24	 999000	 240	 999000	 999	 1.225457e+03	 866.67	 916.67	 42.00	 43	 2.80	 
BOA_119	 1	 10	 GumiSnakes3.bmp	 1.226441e+03	 24	 6.169594e+02	 24	 999000	 98	 1.227459e+03	 866.67	 916.67	 40.00	 14	 3.13	 
BOA_119	 1	 10	 KinderJoy.bmp	 1.228444e+03	 22	 6.706360e+02	 22	 9.167168e+02	 98	 1.229479e+03	 866.67	 916.67	 45.00	 35	 2.73	 
BOA_119	 1	 10	 CrunchBisquitBrown3.bmp	 1.230446e+03	 12	 999000	 120	 999000	 999	 1.231464e+03	 866.67	 916.67	 19.00	 30	 4.38	 
BOA_119	 1	 10	 Dubonim.bmp	 1.232448e+03	 12	 999000	 120	 999000	 999	 1.233466e+03	 866.67	 916.67	 20.00	 32	 4.24	 
BOA_119	 1	 10	 Twist.bmp	 1.238438e+03	 24	 999000	 240	 999000	 999	 1.239456e+03	 866.67	 916.67	 41.00	 56	 2.82	 
BOA_119	 1	 10	 TapuchipsCrunch.bmp	 1.241442e+03	 11	 7.447278e+02	 11	 8.667157e+02	 98	 1.242477e+03	 883.33	 916.67	 7.00	 15	 5.00	 
BOA_119	 1	 10	 KashitSour.bmp	 1.245446e+03	 24	 999000	 240	 999000	 999	 1.246464e+03	 883.33	 916.67	 55.00	 22	 1.73	 
