subjectID	order	runNum	itemName	onsetTime	shuff_trialType	RT	respInTime	AudioTime	response	fixationTime	ladder1	ladder2	bidIndex	BDMtrialIndex	bidValue
BOA_102	 2	 2	 ChocolateParaCookies5.bmp	 1.159434e+02	 12	 999000	 120	 999000	 999	 1.169615e+02	 850.00	 783.33	 6.00	 50	 5.98	 
BOA_102	 2	 2	 Popco.bmp	 1.189471e+02	 12	 999000	 120	 999000	 999	 1.199649e+02	 850.00	 783.33	 21.00	 28	 4.82	 
BOA_102	 2	 2	 Tortit.bmp	 1.229516e+02	 11	 1.018294e+03	 1100	 8.500689e+02	 98	 1.239868e+02	 800.00	 783.33	 17.00	 38	 5.27	 
BOA_102	 2	 2	 ClickXLbrown4.bmp	 1.249371e+02	 12	 999000	 120	 999000	 999	 1.259549e+02	 800.00	 783.33	 3.00	 4	 6.42	 
BOA_102	 2	 2	 ClickBalls5.bmp	 1.269394e+02	 11	 1.006604e+03	 1100	 8.000459e+02	 98	 1.279753e+02	 750.00	 783.33	 8.00	 20	 5.91	 
BOA_102	 2	 2	 KinderJoy.bmp	 1.309439e+02	 22	 9.539658e+02	 220	 7.834234e+02	 98	 1.319789e+02	 750.00	 800.00	 43.00	 5	 2.64	 
BOA_102	 2	 2	 Twix.bmp	 1.329462e+02	 12	 999000	 120	 999000	 999	 1.339640e+02	 750.00	 800.00	 18.00	 35	 4.93	 
BOA_102	 2	 2	 Taami.bmp	 1.379518e+02	 11	 9.220469e+02	 110	 7.500476e+02	 98	 1.389880e+02	 766.67	 800.00	 16.00	 16	 5.36	 
BOA_102	 2	 2	 CrunchShokoVanil.bmp	 1.399371e+02	 12	 999000	 120	 999000	 999	 1.409551e+02	 766.67	 800.00	 15.00	 39	 5.47	 
BOA_102	 2	 2	 Bamba.bmp	 1.429407e+02	 11	 9.411592e+02	 110	 7.667123e+02	 98	 1.439752e+02	 783.33	 800.00	 11.00	 3	 5.84	 
BOA_102	 2	 2	 SkittlesFruits2.bmp	 1.459440e+02	 12	 999000	 120	 999000	 999	 1.469618e+02	 783.33	 800.00	 19.00	 2	 4.91	 
BOA_102	 2	 2	 Mentos.bmp	 1.499486e+02	 22	 9.652882e+02	 220	 8.000477e+02	 98	 1.509830e+02	 783.33	 816.67	 51.00	 27	 2.13	 
BOA_102	 2	 2	 Kitkat.bmp	 1.529519e+02	 11	 9.539539e+02	 110	 7.833780e+02	 98	 1.539881e+02	 800.00	 816.67	 9.00	 19	 5.89	 
BOA_102	 2	 2	 Tapuchips.bmp	 1.549374e+02	 24	 999000	 240	 999000	 999	 1.559553e+02	 800.00	 816.67	 50.00	 49	 2.56	 
BOA_102	 2	 2	 BisliOnion.bmp	 1.579407e+02	 22	 9.811104e+02	 220	 8.167200e+02	 98	 1.589767e+02	 800.00	 833.33	 54.00	 21	 1.62	 
BOA_102	 2	 2	 Cheetos.bmp	 1.619453e+02	 24	 999000	 240	 999000	 999	 1.629639e+02	 800.00	 833.33	 53.00	 45	 1.67	 
BOA_102	 2	 2	 TapuchipsCrunch.bmp	 1.649487e+02	 22	 9.811583e+02	 220	 8.333855e+02	 98	 1.659845e+02	 800.00	 850.00	 46.00	 52	 2.62	 
BOA_102	 2	 2	 DoritosNatural.bmp	 1.669509e+02	 24	 999000	 240	 999000	 999	 1.679688e+02	 800.00	 850.00	 40.00	 33	 2.78	 
BOA_102	 2	 2	 Mars.bmp	 1.689531e+02	 24	 999000	 240	 999000	 999	 1.699710e+02	 800.00	 850.00	 42.00	 56	 2.67	 
BOA_102	 2	 2	 WerthersOriginal.bmp	 1.739421e+02	 24	 999000	 240	 999000	 999	 1.749598e+02	 800.00	 850.00	 55.00	 29	 1.62	 
BOA_102	 2	 2	 BabyDoll.bmp	 1.779466e+02	 22	 1.071277e+03	 2200	 8.500730e+02	 98	 1.789825e+02	 800.00	 800.00	 49.00	 48	 2.56	 
BOA_102	 2	 2	 Tictac.bmp	 1.819510e+02	 24	 999000	 240	 999000	 999	 1.829697e+02	 800.00	 800.00	 57.00	 22	 1.58	 
BOA_102	 2	 2	 ClickBlackWhite3.bmp	 1.879411e+02	 12	 999000	 120	 999000	 999	 1.889589e+02	 800.00	 800.00	 4.00	 51	 6.02	 
BOA_102	 2	 2	 CrunchBisquitWhite2.bmp	 1.899433e+02	 12	 999000	 120	 999000	 999	 1.909611e+02	 800.00	 800.00	 13.00	 58	 5.58	 
BOA_102	 2	 2	 Egozi.bmp	 1.919455e+02	 12	 999000	 120	 999000	 999	 1.929634e+02	 800.00	 800.00	 20.00	 31	 4.91	 
BOA_102	 2	 2	 GumiWine2.bmp	 1.939478e+02	 24	 999000	 240	 999000	 999	 1.949656e+02	 800.00	 800.00	 58.00	 9	 1.56	 
BOA_102	 2	 2	 HispusimShatiah.bmp	 1.959501e+02	 24	 999000	 240	 999000	 999	 1.969678e+02	 800.00	 800.00	 52.00	 42	 1.69	 
BOA_102	 2	 2	 DoritosGrill.bmp	 1.999377e+02	 24	 999000	 240	 999000	 999	 2.009556e+02	 800.00	 800.00	 45.00	 47	 2.64	 
BOA_102	 2	 2	 CrunchBisquitBrown3.bmp	 2.019401e+02	 12	 999000	 120	 999000	 999	 2.029579e+02	 800.00	 800.00	 12.00	 32	 5.80	 
BOA_102	 2	 2	 BisliGrill.bmp	 2.059445e+02	 24	 999000	 240	 999000	 999	 2.069623e+02	 800.00	 800.00	 41.00	 10	 2.69	 
BOA_102	 2	 2	 KinderBuenoWhite2.bmp	 2.079468e+02	 12	 999000	 120	 999000	 999	 2.089647e+02	 800.00	 800.00	 5.00	 8	 5.98	 
BOA_102	 2	 2	 KifkefMaklot2.bmp	 2.099491e+02	 24	 999000	 240	 999000	 999	 2.109669e+02	 800.00	 800.00	 39.00	 11	 2.87	 
BOA_102	 2	 2	 BambaSweet.bmp	 2.119514e+02	 24	 999000	 240	 999000	 999	 2.129693e+02	 800.00	 800.00	 47.00	 24	 2.60	 
BOA_102	 2	 2	 ClickBisquit2.bmp	 2.169402e+02	 12	 999000	 120	 999000	 999	 2.179581e+02	 800.00	 800.00	 10.00	 43	 5.87	 
BOA_102	 2	 2	 KashitSour.bmp	 2.189424e+02	 24	 999000	 240	 999000	 999	 2.199603e+02	 800.00	 800.00	 56.00	 7	 1.60	 
BOA_102	 2	 2	 Dubonim.bmp	 2.209447e+02	 12	 999000	 120	 999000	 999	 2.219626e+02	 800.00	 800.00	 22.00	 36	 4.82	 
BOA_102	 2	 2	 Hit.bmp	 2.239481e+02	 22	 9.897875e+02	 220	 8.000437e+02	 98	 2.249833e+02	 800.00	 816.67	 48.00	 25	 2.60	 
BOA_102	 2	 2	 GumiSnakes3.bmp	 2.309393e+02	 24	 999000	 240	 999000	 999	 2.319571e+02	 800.00	 816.67	 44.00	 41	 2.64	 
BOA_102	 2	 2	 KinderBuenoBrown3.bmp	 2.349438e+02	 12	 999000	 120	 999000	 999	 2.359615e+02	 800.00	 816.67	 7.00	 26	 5.96	 
BOA_102	 2	 2	 BambaNugat.bmp	 2.419516e+02	 11	 9.702015e+02	 110	 8.000534e+02	 98	 2.429864e+02	 816.67	 816.67	 14.00	 57	 5.49	 
