subjectID	order	runNum	itemName	onsetTime	shuff_trialType	RT	respInTime	AudioTime	response	fixationTime	ladder1	ladder2	bidIndex	BDMtrialIndex	bidValue
BOA_117	 1	 15	 Kitkat.bmp	 1.783284e+03	 11	 7.502441e+02	 110	 6.834061e+02	 98	 1.784320e+03	 700.00	 616.67	 10.00	 3	 5.98	 
BOA_117	 1	 15	 Bounty.bmp	 1.788289e+03	 22	 1.040688e+03	 2200	 6.167180e+02	 98	 1.789324e+03	 700.00	 566.67	 47.00	 11	 0.04	 
BOA_117	 1	 15	 Tapuchips.bmp	 1.790291e+03	 12	 999000	 120	 999000	 999	 1.791309e+03	 700.00	 566.67	 14.00	 14	 5.89	 
BOA_117	 1	 15	 ClickBalls5.bmp	 1.792277e+03	 12	 999000	 120	 999000	 999	 1.793295e+03	 700.00	 566.67	 4.00	 22	 8.04	 
BOA_117	 1	 15	 BisliGrill.bmp	 1.798284e+03	 11	 7.662375e+02	 110	 7.000566e+02	 98	 1.799318e+03	 716.67	 566.67	 15.00	 24	 4.87	 
BOA_117	 1	 15	 CrunchShokoVanil.bmp	 1.800286e+03	 12	 999000	 120	 999000	 999	 1.801304e+03	 716.67	 566.67	 11.00	 35	 5.98	 
BOA_117	 1	 15	 Shugi.bmp	 1.803289e+03	 24	 999000	 240	 999000	 999	 1.804307e+03	 716.67	 566.67	 42.00	 55	 0.09	 
BOA_117	 1	 15	 DoritosSourSpicy.bmp	 1.805291e+03	 22	 5.663391e+02	 22	 5.667165e+02	 98	 1.806327e+03	 716.67	 583.33	 45.00	 38	 0.07	 
BOA_117	 1	 15	 BisliPizza3.bmp	 1.809279e+03	 12	 999000	 120	 999000	 999	 1.810297e+03	 716.67	 583.33	 20.00	 60	 3.87	 
BOA_117	 1	 15	 Mekupelet.bmp	 1.811282e+03	 12	 999000	 120	 999000	 999	 1.812299e+03	 716.67	 583.33	 8.00	 42	 7.00	 
BOA_117	 1	 15	 Bamba.bmp	 1.816287e+03	 12	 999000	 120	 999000	 999	 1.817305e+03	 716.67	 583.33	 6.00	 16	 7.00	 
BOA_117	 1	 15	 Popco.bmp	 1.823278e+03	 24	 999000	 240	 999000	 999	 1.824296e+03	 716.67	 583.33	 49.00	 37	 0.04	 
BOA_117	 1	 15	 ClickXLbrown4.bmp	 1.825280e+03	 12	 999000	 120	 999000	 999	 1.826298e+03	 716.67	 583.33	 3.00	 21	 8.07	 
BOA_117	 1	 15	 BambaSweet.bmp	 1.828284e+03	 24	 999000	 240	 999000	 999	 1.829302e+03	 716.67	 583.33	 46.00	 6	 0.04	 
BOA_117	 1	 15	 ClickBisquit2.bmp	 1.831287e+03	 12	 999000	 120	 999000	 999	 1.832305e+03	 716.67	 583.33	 22.00	 30	 3.71	 
BOA_117	 1	 15	 ChocolateParaMilk3.bmp	 1.835292e+03	 11	 1.142024e+03	 1100	 7.167153e+02	 98	 1.836328e+03	 666.67	 583.33	 18.00	 23	 4.78	 
BOA_117	 1	 15	 GumiSnakes3.bmp	 1.839280e+03	 22	 6.821109e+02	 220	 5.833821e+02	 98	 1.840315e+03	 666.67	 600.00	 50.00	 46	 0.04	 
BOA_117	 1	 15	 KashitSour.bmp	 1.843284e+03	 24	 999000	 240	 999000	 999	 1.844302e+03	 666.67	 600.00	 55.00	 9	 0.02	 
BOA_117	 1	 15	 SkittlesFruits2.bmp	 1.846287e+03	 24	 999000	 240	 999000	 999	 1.847305e+03	 666.67	 600.00	 54.00	 59	 0.04	 
BOA_117	 1	 15	 GumiWine2.bmp	 1.852277e+03	 22	 7.803925e+02	 220	 6.000442e+02	 98	 1.853313e+03	 666.67	 616.67	 53.00	 57	 0.04	 
BOA_117	 1	 15	 HispusimShatiah.bmp	 1.854280e+03	 24	 999000	 240	 999000	 999	 1.855297e+03	 666.67	 616.67	 58.00	 39	 0.02	 
BOA_117	 1	 15	 Apropo.bmp	 1.857283e+03	 12	 1.118811e+03	 12	 999000	 98	 1.858301e+03	 666.67	 616.67	 9.00	 47	 6.96	 
BOA_117	 1	 15	 Twist.bmp	 1.859285e+03	 24	 999000	 240	 999000	 999	 1.860303e+03	 666.67	 616.67	 41.00	 26	 0.13	 
BOA_117	 1	 15	 BambaNugat.bmp	 1.861287e+03	 22	 6.423000e+02	 220	 6.167046e+02	 98	 1.862323e+03	 666.67	 633.33	 52.00	 51	 0.04	 
BOA_117	 1	 15	 Smarties.bmp	 1.863290e+03	 12	 999000	 120	 999000	 999	 1.864307e+03	 666.67	 633.33	 21.00	 53	 3.73	 
BOA_117	 1	 15	 Taami.bmp	 1.866276e+03	 24	 999000	 240	 999000	 999	 1.867294e+03	 666.67	 633.33	 40.00	 27	 0.42	 
BOA_117	 1	 15	 KinderBuenoWhite2.bmp	 1.870281e+03	 12	 999000	 120	 999000	 999	 1.871299e+03	 666.67	 633.33	 16.00	 54	 4.82	 
BOA_117	 1	 15	 Loacker.bmp	 1.872283e+03	 24	 999000	 240	 999000	 999	 1.873301e+03	 666.67	 633.33	 43.00	 28	 0.07	 
BOA_117	 1	 15	 PesekZman.bmp	 1.874285e+03	 12	 999000	 120	 999000	 999	 1.875303e+03	 666.67	 633.33	 5.00	 5	 7.04	 
BOA_117	 1	 15	 Tictac.bmp	 1.876288e+03	 24	 999000	 240	 999000	 999	 1.877305e+03	 666.67	 633.33	 39.00	 17	 0.42	 
BOA_117	 1	 15	 KinderBuenoBrown3.bmp	 1.878290e+03	 11	 999000	 1	 6.667096e+02	 999	 1.879326e+03	 616.67	 633.33	 7.00	 33	 7.00	 
BOA_117	 1	 15	 WerthersOriginal.bmp	 1.880292e+03	 24	 999000	 240	 999000	 999	 1.881310e+03	 616.67	 633.33	 57.00	 34	 0.02	 
BOA_117	 1	 15	 DoritosGrill.bmp	 1.884280e+03	 22	 1.065885e+03	 2200	 6.333831e+02	 98	 1.885315e+03	 616.67	 583.33	 44.00	 31	 0.07	 
BOA_117	 1	 15	 Keifli.bmp	 1.888284e+03	 24	 999000	 240	 999000	 999	 1.889302e+03	 616.67	 583.33	 56.00	 13	 0.02	 
BOA_117	 1	 15	 TapuchipsCrunch.bmp	 1.890287e+03	 12	 999000	 120	 999000	 999	 1.891304e+03	 616.67	 583.33	 19.00	 49	 4.78	 
BOA_117	 1	 15	 ChocolateParaSucariotKoftzot2.bmp	 1.892289e+03	 12	 1.048898e+03	 12	 999000	 98	 1.893307e+03	 616.67	 583.33	 17.00	 8	 4.78	 
BOA_117	 1	 15	 Dubonim.bmp	 1.894291e+03	 11	 6.865886e+02	 110	 6.167083e+02	 98	 1.895326e+03	 633.33	 583.33	 12.00	 44	 5.93	 
BOA_117	 1	 15	 ChocolateParaCookies5.bmp	 1.896277e+03	 11	 6.930338e+02	 110	 6.333840e+02	 98	 1.897312e+03	 650.00	 583.33	 13.00	 48	 5.91	 
BOA_117	 1	 15	 DoritosNatural.bmp	 1.902283e+03	 24	 999000	 240	 999000	 999	 1.903301e+03	 650.00	 583.33	 51.00	 50	 0.04	 
BOA_117	 1	 15	 Egozi.bmp	 1.904286e+03	 24	 999000	 240	 999000	 999	 1.905303e+03	 650.00	 583.33	 48.00	 36	 0.04	 
