subjectID	order	runNum	itemName	onsetTime	shuff_trialType	RT	respInTime	AudioTime	response	fixationTime	ladder1	ladder2	bidIndex	BDMtrialIndex	bidValue
bmem_snacks_113	 1	 5	 CrunchShokoVanil.bmp	 4.975938e+02	 22	 9.838500e+02	 220	 6.833871e+02	 98	 4.986305e+02	 683.33	 700.00	 44.00	 37	 1.71	 
bmem_snacks_113	 1	 5	 Twist.bmp	 5.025828e+02	 24	 999000	 240	 999000	 999	 5.036007e+02	 683.33	 700.00	 51.00	 18	 0.76	 
bmem_snacks_113	 1	 5	 BambaSweet.bmp	 5.045850e+02	 24	 999000	 240	 999000	 999	 5.056028e+02	 683.33	 700.00	 57.00	 41	 0.07	 
bmem_snacks_113	 1	 5	 Loacker.bmp	 5.065874e+02	 12	 999000	 120	 999000	 999	 5.076051e+02	 683.33	 700.00	 14.00	 50	 8.11	 
bmem_snacks_113	 1	 5	 Egozi.bmp	 5.125770e+02	 24	 999000	 240	 999000	 999	 5.135951e+02	 683.33	 700.00	 58.00	 45	 0.07	 
bmem_snacks_113	 1	 5	 Halva2.bmp	 5.145795e+02	 12	 999000	 120	 999000	 999	 5.155973e+02	 683.33	 700.00	 11.00	 53	 9.04	 
bmem_snacks_113	 1	 5	 Shugi.bmp	 5.175829e+02	 22	 9.466866e+02	 220	 7.000409e+02	 98	 5.186175e+02	 683.33	 716.67	 45.00	 2	 1.69	 
bmem_snacks_113	 1	 5	 TapuchipsCrunch.bmp	 5.195852e+02	 12	 999000	 120	 999000	 999	 5.206030e+02	 683.33	 716.67	 20.00	 60	 5.93	 
bmem_snacks_113	 1	 5	 HispusimShatiah.bmp	 5.235897e+02	 12	 999000	 120	 999000	 999	 5.246075e+02	 683.33	 716.67	 19.00	 38	 5.93	 
bmem_snacks_113	 1	 5	 PesekZman.bmp	 5.255919e+02	 11	 9.937399e+02	 110	 6.833986e+02	 98	 5.266271e+02	 700.00	 716.67	 15.00	 20	 8.04	 
bmem_snacks_113	 1	 5	 Popco.bmp	 5.305809e+02	 24	 999000	 240	 999000	 999	 5.315987e+02	 700.00	 716.67	 56.00	 55	 0.13	 
bmem_snacks_113	 1	 5	 CrunchBisquitBrown3.bmp	 5.375888e+02	 11	 9.408563e+02	 110	 7.000446e+02	 98	 5.386248e+02	 716.67	 716.67	 7.00	 6	 9.89	 
bmem_snacks_113	 1	 5	 Mekupelet.bmp	 5.395910e+02	 11	 1.010664e+03	 1100	 7.167120e+02	 98	 5.406266e+02	 666.67	 716.67	 18.00	 52	 6.87	 
bmem_snacks_113	 1	 5	 Twix.bmp	 5.425777e+02	 22	 9.759677e+02	 220	 7.167071e+02	 98	 5.436138e+02	 666.67	 733.33	 52.00	 11	 0.64	 
bmem_snacks_113	 1	 5	 Hit.bmp	 5.455810e+02	 12	 999000	 120	 999000	 999	 5.465988e+02	 666.67	 733.33	 9.00	 12	 9.13	 
bmem_snacks_113	 1	 5	 Tortit.bmp	 5.495857e+02	 22	 1.031887e+03	 2200	 7.334082e+02	 98	 5.506229e+02	 666.67	 683.33	 50.00	 56	 1.51	 
bmem_snacks_113	 1	 5	 Cheetos.bmp	 5.535900e+02	 12	 999000	 120	 999000	 999	 5.546078e+02	 666.67	 683.33	 5.00	 22	 9.93	 
bmem_snacks_113	 1	 5	 Taami.bmp	 5.575776e+02	 24	 999000	 240	 999000	 999	 5.585957e+02	 666.67	 683.33	 55.00	 24	 0.53	 
bmem_snacks_113	 1	 5	 Snickers.bmp	 5.605812e+02	 24	 999000	 240	 999000	 999	 5.615990e+02	 666.67	 683.33	 54.00	 1	 0.60	 
bmem_snacks_113	 1	 5	 Tictac.bmp	 5.665880e+02	 24	 999000	 240	 999000	 999	 5.676058e+02	 666.67	 683.33	 46.00	 31	 1.67	 
bmem_snacks_113	 1	 5	 ChocolateParaCookies5.bmp	 5.685903e+02	 11	 9.153707e+02	 110	 6.667088e+02	 98	 5.696264e+02	 683.33	 683.33	 13.00	 13	 9.02	 
bmem_snacks_113	 1	 5	 KinderBuenoWhite2.bmp	 5.715767e+02	 12	 999000	 120	 999000	 999	 5.725947e+02	 683.33	 683.33	 4.00	 51	 9.96	 
bmem_snacks_113	 1	 5	 KashitSour.bmp	 5.735791e+02	 12	 999000	 120	 999000	 999	 5.745970e+02	 683.33	 683.33	 6.00	 23	 9.91	 
bmem_snacks_113	 1	 5	 BisliPizza3.bmp	 5.755814e+02	 24	 999000	 240	 999000	 999	 5.765991e+02	 683.33	 683.33	 42.00	 46	 2.64	 
bmem_snacks_113	 1	 5	 SkittlesFruits2.bmp	 5.775836e+02	 12	 999000	 120	 999000	 999	 5.786016e+02	 683.33	 683.33	 22.00	 9	 5.84	 
bmem_snacks_113	 1	 5	 KinderBuenoBrown3.bmp	 5.805870e+02	 12	 999000	 120	 999000	 999	 5.816048e+02	 683.33	 683.33	 3.00	 26	 9.96	 
bmem_snacks_113	 1	 5	 Mars.bmp	 5.845915e+02	 22	 9.941781e+02	 220	 6.833806e+02	 98	 5.856278e+02	 683.33	 700.00	 53.00	 33	 0.64	 
bmem_snacks_113	 1	 5	 HappyHippo.bmp	 5.865768e+02	 11	 9.208612e+02	 110	 6.833819e+02	 98	 5.876135e+02	 700.00	 700.00	 12.00	 54	 9.04	 
bmem_snacks_113	 1	 5	 CrunchBisquitWhite2.bmp	 5.885793e+02	 11	 9.263523e+02	 110	 7.000456e+02	 98	 5.896139e+02	 716.67	 700.00	 10.00	 19	 9.13	 
bmem_snacks_113	 1	 5	 ChocolateParaSucariotKoftzot2.bmp	 5.905816e+02	 22	 9.480048e+02	 220	 7.000447e+02	 98	 5.916173e+02	 716.67	 716.67	 47.00	 43	 1.64	 
bmem_snacks_113	 1	 5	 Smarties.bmp	 5.925838e+02	 24	 999000	 240	 999000	 999	 5.936016e+02	 716.67	 716.67	 49.00	 47	 1.60	 
bmem_snacks_113	 1	 5	 ChocolateParaMarir2.bmp	 5.945861e+02	 24	 999000	 240	 999000	 999	 5.956038e+02	 716.67	 716.67	 43.00	 42	 1.73	 
bmem_snacks_113	 1	 5	 ChocolateParaMilk3.bmp	 5.985906e+02	 12	 999000	 120	 999000	 999	 5.996085e+02	 716.67	 716.67	 21.00	 17	 5.91	 
bmem_snacks_113	 1	 5	 BisliOnion.bmp	 6.025784e+02	 24	 999000	 240	 999000	 999	 6.035961e+02	 716.67	 716.67	 48.00	 15	 1.60	 
bmem_snacks_113	 1	 5	 Bamba.bmp	 6.045805e+02	 12	 999000	 120	 999000	 999	 6.055984e+02	 716.67	 716.67	 16.00	 59	 7.04	 
bmem_snacks_113	 1	 5	 DoritosNatural.bmp	 6.065829e+02	 24	 999000	 240	 999000	 999	 6.076007e+02	 716.67	 716.67	 40.00	 4	 2.71	 
bmem_snacks_113	 1	 5	 Kitkat.bmp	 6.085852e+02	 24	 999000	 240	 999000	 999	 6.096029e+02	 716.67	 716.67	 39.00	 34	 2.73	 
bmem_snacks_113	 1	 5	 BagaleShtuhim.bmp	 6.105874e+02	 12	 999000	 120	 999000	 999	 6.116051e+02	 716.67	 716.67	 17.00	 35	 7.00	 
bmem_snacks_113	 1	 5	 KinderJoy.bmp	 6.165771e+02	 12	 999000	 120	 999000	 999	 6.175952e+02	 716.67	 716.67	 8.00	 39	 9.84	 
bmem_snacks_113	 1	 5	 DoritosGrill.bmp	 6.185798e+02	 24	 999000	 240	 999000	 999	 6.195975e+02	 716.67	 716.67	 41.00	 5	 2.71	 
