subjectID	order	runNum	itemName	onsetTime	shuff_trialType	RT	respInTime	AudioTime	response	fixationTime	ladder1	ladder2	bidIndex	BDMtrialIndex	bidValue
bmem_snacks_115	 1	 7	 BambaSweet.bmp	 1.110176e+03	 24	 999000	 240	 999000	 999	 1.111194e+03	 616.67	 683.33	 58.00	 8	 0.09	 
bmem_snacks_115	 1	 7	 ChocolateParaCookies5.bmp	 1.115165e+03	 12	 999000	 120	 999000	 999	 1.116183e+03	 616.67	 683.33	 11.00	 11	 3.89	 
bmem_snacks_115	 1	 7	 GumiSnakes3.bmp	 1.117167e+03	 24	 999000	 240	 999000	 999	 1.118185e+03	 616.67	 683.33	 41.00	 58	 1.67	 
bmem_snacks_115	 1	 7	 BisliOnion.bmp	 1.119169e+03	 22	 1.001056e+03	 2200	 6.833955e+02	 98	 1.120205e+03	 616.67	 633.33	 45.00	 24	 1.02	 
bmem_snacks_115	 1	 7	 SkittlesSour4.bmp	 1.125159e+03	 22	 8.829120e+02	 220	 6.333780e+02	 98	 1.126194e+03	 616.67	 650.00	 52.00	 40	 0.58	 
bmem_snacks_115	 1	 7	 DoritosNatural.bmp	 1.127162e+03	 22	 9.286920e+02	 220	 6.500531e+02	 98	 1.128196e+03	 616.67	 666.67	 44.00	 23	 1.13	 
bmem_snacks_115	 1	 7	 WerthersOriginal.bmp	 1.130165e+03	 11	 8.454075e+02	 110	 6.167280e+02	 98	 1.131201e+03	 633.33	 666.67	 7.00	 9	 4.78	 
bmem_snacks_115	 1	 7	 ChocolateParaSucariotKoftzot2.bmp	 1.132167e+03	 12	 999000	 120	 999000	 999	 1.133185e+03	 633.33	 666.67	 20.00	 4	 3.29	 
bmem_snacks_115	 1	 7	 Dubonim.bmp	 1.136172e+03	 24	 999000	 240	 999000	 999	 1.137190e+03	 633.33	 666.67	 54.00	 50	 0.27	 
bmem_snacks_115	 1	 7	 CrunchBisquitWhite2.bmp	 1.138157e+03	 12	 999000	 120	 999000	 999	 1.139175e+03	 633.33	 666.67	 17.00	 10	 3.38	 
bmem_snacks_115	 1	 7	 Bounty.bmp	 1.143163e+03	 24	 999000	 240	 999000	 999	 1.144181e+03	 633.33	 666.67	 46.00	 44	 0.60	 
bmem_snacks_115	 1	 7	 Loacker.bmp	 1.150171e+03	 22	 9.355741e+02	 220	 6.667155e+02	 98	 1.151206e+03	 633.33	 683.33	 47.00	 49	 0.60	 
bmem_snacks_115	 1	 7	 Snickers.bmp	 1.152156e+03	 11	 8.862448e+02	 110	 6.333760e+02	 98	 1.153191e+03	 650.00	 683.33	 13.00	 12	 3.87	 
bmem_snacks_115	 1	 7	 BisliPizza3.bmp	 1.155160e+03	 24	 999000	 240	 999000	 999	 1.156178e+03	 650.00	 683.33	 55.00	 36	 0.16	 
bmem_snacks_115	 1	 7	 Twist.bmp	 1.158163e+03	 24	 999000	 240	 999000	 999	 1.159181e+03	 650.00	 683.33	 57.00	 42	 0.11	 
bmem_snacks_115	 1	 7	 KinderBuenoWhite2.bmp	 1.162168e+03	 12	 999000	 120	 999000	 999	 1.163185e+03	 650.00	 683.33	 4.00	 55	 5.11	 
bmem_snacks_115	 1	 7	 Apropo.bmp	 1.166172e+03	 24	 999000	 240	 999000	 999	 1.167190e+03	 650.00	 683.33	 42.00	 57	 1.44	 
bmem_snacks_115	 1	 7	 KashitSour.bmp	 1.170160e+03	 22	 9.224852e+02	 220	 6.833843e+02	 98	 1.171195e+03	 650.00	 700.00	 53.00	 32	 0.27	 
bmem_snacks_115	 1	 7	 BisliGrill.bmp	 1.173163e+03	 24	 999000	 240	 999000	 999	 1.174181e+03	 650.00	 700.00	 56.00	 60	 0.16	 
bmem_snacks_115	 1	 7	 Tapuchips.bmp	 1.179170e+03	 11	 1.032323e+03	 1100	 6.500475e+02	 98	 1.180205e+03	 600.00	 700.00	 18.00	 16	 3.36	 
bmem_snacks_115	 1	 7	 CrunchShokoVanil.bmp	 1.181155e+03	 22	 1.030980e+03	 2200	 7.000417e+02	 98	 1.182191e+03	 600.00	 650.00	 50.00	 14	 0.58	 
bmem_snacks_115	 1	 7	 GumiWine2.bmp	 1.184159e+03	 12	 999000	 120	 999000	 999	 1.185177e+03	 600.00	 650.00	 3.00	 56	 6.51	 
bmem_snacks_115	 1	 7	 Bamba.bmp	 1.186161e+03	 12	 999000	 120	 999000	 999	 1.187179e+03	 600.00	 650.00	 6.00	 33	 4.89	 
bmem_snacks_115	 1	 7	 KinderBuenoBrown3.bmp	 1.188163e+03	 12	 999000	 120	 999000	 999	 1.189181e+03	 600.00	 650.00	 19.00	 3	 3.29	 
bmem_snacks_115	 1	 7	 Popco.bmp	 1.190166e+03	 12	 999000	 120	 999000	 999	 1.191184e+03	 600.00	 650.00	 8.00	 29	 4.73	 
bmem_snacks_115	 1	 7	 ChocolateParaMarir2.bmp	 1.193169e+03	 12	 999000	 120	 999000	 999	 1.194187e+03	 600.00	 650.00	 21.00	 7	 3.24	 
bmem_snacks_115	 1	 7	 HappyHippo.bmp	 1.197157e+03	 12	 999000	 120	 999000	 999	 1.198175e+03	 600.00	 650.00	 5.00	 59	 4.98	 
bmem_snacks_115	 1	 7	 Cheetos.bmp	 1.199159e+03	 11	 8.431862e+02	 110	 6.000391e+02	 98	 1.200195e+03	 616.67	 650.00	 10.00	 5	 3.89	 
bmem_snacks_115	 1	 7	 ClickXLwhite4.bmp	 1.201162e+03	 24	 999000	 240	 999000	 999	 1.202179e+03	 616.67	 650.00	 51.00	 22	 0.58	 
bmem_snacks_115	 1	 7	 Shugi.bmp	 1.203164e+03	 24	 999000	 240	 999000	 999	 1.204182e+03	 616.67	 650.00	 39.00	 43	 1.69	 
bmem_snacks_115	 1	 7	 TapuchipsCrunch.bmp	 1.205166e+03	 12	 999000	 120	 999000	 999	 1.206184e+03	 616.67	 650.00	 16.00	 48	 3.76	 
bmem_snacks_115	 1	 7	 ChocolateParaMilk3.bmp	 1.207168e+03	 12	 999000	 120	 999000	 999	 1.208186e+03	 616.67	 650.00	 22.00	 1	 3.20	 
bmem_snacks_115	 1	 7	 SkittlesFruits2.bmp	 1.211156e+03	 24	 999000	 240	 999000	 999	 1.212174e+03	 616.67	 650.00	 48.00	 52	 0.60	 
bmem_snacks_115	 1	 7	 HispusimShatiah.bmp	 1.215160e+03	 24	 999000	 240	 999000	 999	 1.216178e+03	 616.67	 650.00	 49.00	 13	 0.58	 
bmem_snacks_115	 1	 7	 Egozi.bmp	 1.217163e+03	 12	 999000	 120	 999000	 999	 1.218181e+03	 616.67	 650.00	 9.00	 21	 4.04	 
bmem_snacks_115	 1	 7	 Keifli.bmp	 1.219165e+03	 11	 8.773289e+02	 110	 6.167123e+02	 98	 1.220200e+03	 633.33	 650.00	 12.00	 6	 3.87	 
bmem_snacks_115	 1	 7	 ClickXLbrown4.bmp	 1.221167e+03	 24	 999000	 240	 999000	 999	 1.222185e+03	 633.33	 650.00	 43.00	 37	 1.20	 
bmem_snacks_115	 1	 7	 BabyDoll.bmp	 1.223169e+03	 24	 999000	 240	 999000	 999	 1.224187e+03	 633.33	 650.00	 40.00	 30	 1.67	 
bmem_snacks_115	 1	 7	 Twix.bmp	 1.229160e+03	 11	 9.469030e+02	 110	 6.334325e+02	 98	 1.230194e+03	 650.00	 650.00	 15.00	 34	 3.82	 
bmem_snacks_115	 1	 7	 Kitkat.bmp	 1.231162e+03	 12	 999000	 120	 999000	 999	 1.232180e+03	 650.00	 650.00	 14.00	 39	 3.87	 
