subjectID	order	runNum	itemName	onsetTime	shuff_trialType	RT	respInTime	AudioTime	response	fixationTime	ladder1	ladder2	bidIndex	BDMtrialIndex	bidValue
bmem_snacks_124	 2	 11	 Halva2.bmp	 1.260509e+03	 24	 999000	 240	 999000	 999	 1.261528e+03	 616.67	 616.67	 42.00	 2	 0.09	 
bmem_snacks_124	 2	 11	 Twist.bmp	 1.263496e+03	 11	 8.741347e+02	 110	 6.167401e+02	 98	 1.264532e+03	 633.33	 616.67	 14.00	 43	 7.11	 
bmem_snacks_124	 2	 11	 GumiWine2.bmp	 1.267500e+03	 22	 8.455574e+02	 220	 6.167306e+02	 98	 1.268536e+03	 633.33	 633.33	 49.00	 3	 0.07	 
bmem_snacks_124	 2	 11	 HispusimShatiah.bmp	 1.269502e+03	 12	 999000	 120	 999000	 999	 1.270521e+03	 633.33	 633.33	 19.00	 39	 4.98	 
bmem_snacks_124	 2	 11	 Mars.bmp	 1.271505e+03	 11	 8.810970e+02	 110	 6.333758e+02	 98	 1.272541e+03	 650.00	 633.33	 16.00	 17	 6.00	 
bmem_snacks_124	 2	 11	 BisliOnion.bmp	 1.275493e+03	 24	 999000	 240	 999000	 999	 1.276511e+03	 650.00	 633.33	 39.00	 34	 0.13	 
bmem_snacks_124	 2	 11	 Taami.bmp	 1.277495e+03	 12	 999000	 120	 999000	 999	 1.278514e+03	 650.00	 633.33	 15.00	 45	 6.96	 
bmem_snacks_124	 2	 11	 CrunchShokoVanil.bmp	 1.282500e+03	 24	 999000	 240	 999000	 999	 1.283519e+03	 650.00	 633.33	 45.00	 21	 0.09	 
bmem_snacks_124	 2	 11	 KifkefMaklot2.bmp	 1.284503e+03	 12	 999000	 120	 999000	 999	 1.285522e+03	 650.00	 633.33	 18.00	 24	 5.80	 
bmem_snacks_124	 2	 11	 ClickBlackWhite3.bmp	 1.287489e+03	 12	 999000	 120	 999000	 999	 1.288507e+03	 650.00	 633.33	 22.00	 38	 3.78	 
bmem_snacks_124	 2	 11	 Bounty.bmp	 1.290493e+03	 12	 999000	 120	 999000	 999	 1.291511e+03	 650.00	 633.33	 21.00	 40	 3.84	 
bmem_snacks_124	 2	 11	 TapuchipsCrunch.bmp	 1.294497e+03	 24	 999000	 240	 999000	 999	 1.295516e+03	 650.00	 633.33	 47.00	 30	 0.09	 
bmem_snacks_124	 2	 11	 Popco.bmp	 1.297501e+03	 24	 999000	 240	 999000	 999	 1.298519e+03	 650.00	 633.33	 52.00	 29	 0.07	 
bmem_snacks_124	 2	 11	 ChocolateParaMilk3.bmp	 1.299503e+03	 24	 999000	 240	 999000	 999	 1.300522e+03	 650.00	 633.33	 53.00	 49	 0.07	 
bmem_snacks_124	 2	 11	 BisliGrill.bmp	 1.302489e+03	 24	 999000	 240	 999000	 999	 1.303508e+03	 650.00	 633.33	 58.00	 15	 0.04	 
bmem_snacks_124	 2	 11	 KinderBuenoWhite2.bmp	 1.306494e+03	 11	 9.398048e+02	 110	 6.500552e+02	 98	 1.307530e+03	 666.67	 633.33	 9.00	 31	 9.18	 
bmem_snacks_124	 2	 11	 BisliPizza3.bmp	 1.309497e+03	 22	 1.016600e+03	 2200	 6.334066e+02	 98	 1.310532e+03	 666.67	 583.33	 48.00	 42	 0.09	 
bmem_snacks_124	 2	 11	 KinderBuenoBrown3.bmp	 1.311500e+03	 11	 9.423110e+02	 110	 6.667097e+02	 98	 1.312535e+03	 683.33	 583.33	 8.00	 58	 9.84	 
bmem_snacks_124	 2	 11	 Twix.bmp	 1.313502e+03	 12	 999000	 120	 999000	 999	 1.314520e+03	 683.33	 583.33	 10.00	 11	 9.11	 
bmem_snacks_124	 2	 11	 WerthersOriginal.bmp	 1.318491e+03	 24	 999000	 240	 999000	 999	 1.319510e+03	 683.33	 583.33	 40.00	 55	 0.13	 
bmem_snacks_124	 2	 11	 Cheetos.bmp	 1.322495e+03	 22	 9.545328e+02	 220	 5.833771e+02	 98	 1.323531e+03	 683.33	 600.00	 43.00	 18	 0.09	 
bmem_snacks_124	 2	 11	 SkittlesFruits2.bmp	 1.326500e+03	 12	 999000	 120	 999000	 999	 1.327519e+03	 683.33	 600.00	 4.00	 20	 9.87	 
bmem_snacks_124	 2	 11	 DoritosGrill.bmp	 1.332490e+03	 22	 9.122825e+02	 220	 6.000450e+02	 98	 1.333525e+03	 683.33	 616.67	 51.00	 12	 0.07	 
bmem_snacks_124	 2	 11	 DoritosSourSpicy.bmp	 1.334492e+03	 24	 999000	 240	 999000	 999	 1.335510e+03	 683.33	 616.67	 50.00	 9	 0.07	 
bmem_snacks_124	 2	 11	 ChocolateParaMarir2.bmp	 1.336494e+03	 24	 999000	 240	 999000	 999	 1.337513e+03	 683.33	 616.67	 56.00	 57	 0.07	 
bmem_snacks_124	 2	 11	 HappyHippo.bmp	 1.338497e+03	 12	 999000	 120	 999000	 999	 1.339516e+03	 683.33	 616.67	 7.00	 53	 9.84	 
bmem_snacks_124	 2	 11	 Smarties.bmp	 1.340499e+03	 12	 999000	 120	 999000	 999	 1.341518e+03	 683.33	 616.67	 13.00	 8	 8.09	 
bmem_snacks_124	 2	 11	 Keifli.bmp	 1.344503e+03	 22	 9.945902e+02	 220	 6.167175e+02	 98	 1.345539e+03	 683.33	 633.33	 46.00	 25	 0.09	 
bmem_snacks_124	 2	 11	 ClickBalls5.bmp	 1.346489e+03	 11	 9.932196e+02	 110	 6.833746e+02	 98	 1.347525e+03	 700.00	 633.33	 11.00	 13	 9.09	 
bmem_snacks_124	 2	 11	 CrunchBisquitBrown3.bmp	 1.350493e+03	 12	 999000	 120	 999000	 999	 1.351512e+03	 700.00	 633.33	 20.00	 46	 4.93	 
bmem_snacks_124	 2	 11	 SkittlesSour4.bmp	 1.352496e+03	 12	 999000	 120	 999000	 999	 1.353514e+03	 700.00	 633.33	 3.00	 36	 9.89	 
bmem_snacks_124	 2	 11	 Hit.bmp	 1.354498e+03	 24	 999000	 240	 999000	 999	 1.355517e+03	 700.00	 633.33	 41.00	 59	 0.11	 
bmem_snacks_124	 2	 11	 Loacker.bmp	 1.356500e+03	 12	 999000	 120	 999000	 999	 1.357519e+03	 700.00	 633.33	 5.00	 35	 9.87	 
bmem_snacks_124	 2	 11	 ChocolateParaCookies5.bmp	 1.361489e+03	 12	 999000	 120	 999000	 999	 1.362507e+03	 700.00	 633.33	 12.00	 10	 8.13	 
bmem_snacks_124	 2	 11	 BabyDoll.bmp	 1.363491e+03	 11	 1.006568e+03	 1100	 7.000515e+02	 98	 1.364528e+03	 650.00	 633.33	 17.00	 4	 5.93	 
bmem_snacks_124	 2	 11	 Dubonim.bmp	 1.365493e+03	 24	 999000	 240	 999000	 999	 1.366513e+03	 650.00	 633.33	 44.00	 19	 0.09	 
bmem_snacks_124	 2	 11	 ClickXLwhite4.bmp	 1.368497e+03	 24	 999000	 240	 999000	 999	 1.369516e+03	 650.00	 633.33	 55.00	 54	 0.07	 
bmem_snacks_124	 2	 11	 Mekupelet.bmp	 1.375505e+03	 22	 9.290515e+02	 220	 6.333798e+02	 98	 1.376540e+03	 650.00	 650.00	 54.00	 51	 0.07	 
bmem_snacks_124	 2	 11	 KinderJoy.bmp	 1.379493e+03	 12	 999000	 120	 999000	 999	 1.380512e+03	 650.00	 650.00	 6.00	 48	 9.87	 
bmem_snacks_124	 2	 11	 GumiSnakes3.bmp	 1.386500e+03	 24	 999000	 240	 999000	 999	 1.387519e+03	 650.00	 650.00	 57.00	 14	 0.04	 
