subjectID	order	runNum	itemName	onsetTime	shuff_trialType	RT	respInTime	AudioTime	response	fixationTime	ladder1	ladder2	bidIndex	BDMtrialIndex	bidValue
bmem_snacks_110	 2	 2	 KashitSour.bmp	 1.159567e+02	 11	 9.333837e+02	 110	 7.167315e+02	 98	 1.169917e+02	 733.33	 716.67	 17.00	 55	 8.02	 
bmem_snacks_110	 2	 2	 Twix.bmp	 1.189603e+02	 12	 999000	 120	 999000	 999	 1.199783e+02	 733.33	 716.67	 20.00	 2	 7.02	 
bmem_snacks_110	 2	 2	 SkittlesSour4.bmp	 1.209627e+02	 12	 999000	 120	 999000	 999	 1.219804e+02	 733.33	 716.67	 3.00	 47	 9.29	 
bmem_snacks_110	 2	 2	 ChocolateParaCookies5.bmp	 1.229649e+02	 12	 999000	 120	 999000	 999	 1.239827e+02	 733.33	 716.67	 7.00	 4	 9.07	 
bmem_snacks_110	 2	 2	 CrunchShokoVanil.bmp	 1.249671e+02	 24	 999000	 240	 999000	 999	 1.259849e+02	 733.33	 716.67	 45.00	 25	 3.73	 
bmem_snacks_110	 2	 2	 PesekZman.bmp	 1.279538e+02	 24	 999000	 240	 999000	 999	 1.289716e+02	 733.33	 716.67	 40.00	 15	 4.82	 
bmem_snacks_110	 2	 2	 KinderBuenoBrown3.bmp	 1.299561e+02	 11	 1.046003e+03	 1100	 7.333790e+02	 98	 1.309920e+02	 683.33	 716.67	 11.00	 20	 8.09	 
bmem_snacks_110	 2	 2	 Dubonim.bmp	 1.339606e+02	 24	 999000	 240	 999000	 999	 1.349801e+02	 683.33	 716.67	 44.00	 39	 3.78	 
bmem_snacks_110	 2	 2	 Egozi.bmp	 1.359628e+02	 12	 999000	 120	 999000	 999	 1.369806e+02	 683.33	 716.67	 18.00	 40	 7.98	 
bmem_snacks_110	 2	 2	 WerthersOriginal.bmp	 1.409514e+02	 24	 999000	 240	 999000	 999	 1.419695e+02	 683.33	 716.67	 58.00	 60	 0.07	 
bmem_snacks_110	 2	 2	 Halva2.bmp	 1.429540e+02	 22	 9.440963e+02	 220	 7.167269e+02	 98	 1.439904e+02	 683.33	 733.33	 54.00	 54	 1.69	 
bmem_snacks_110	 2	 2	 Kitkat.bmp	 1.469584e+02	 12	 999000	 120	 999000	 999	 1.479762e+02	 683.33	 733.33	 19.00	 30	 7.07	 
bmem_snacks_110	 2	 2	 ClickBalls5.bmp	 1.489607e+02	 12	 999000	 120	 999000	 999	 1.499785e+02	 683.33	 733.33	 6.00	 21	 9.13	 
bmem_snacks_110	 2	 2	 BisliGrill.bmp	 1.519642e+02	 12	 999000	 120	 999000	 999	 1.529819e+02	 683.33	 733.33	 15.00	 41	 8.02	 
bmem_snacks_110	 2	 2	 GumiWine2.bmp	 1.569530e+02	 12	 999000	 120	 999000	 999	 1.579707e+02	 683.33	 733.33	 21.00	 22	 7.00	 
bmem_snacks_110	 2	 2	 HispusimShatiah.bmp	 1.589552e+02	 12	 999000	 120	 999000	 999	 1.599731e+02	 683.33	 733.33	 13.00	 51	 8.04	 
bmem_snacks_110	 2	 2	 ChocolateParaSucariotKoftzot2.bmp	 1.609575e+02	 11	 9.166500e+02	 110	 6.833786e+02	 98	 1.620106e+02	 700.00	 733.33	 14.00	 13	 8.02	 
bmem_snacks_110	 2	 2	 ChocolateParaMarir2.bmp	 1.649620e+02	 11	 9.521112e+02	 110	 7.000420e+02	 98	 1.659976e+02	 716.67	 733.33	 9.00	 31	 8.16	 
bmem_snacks_110	 2	 2	 Tortit.bmp	 1.689665e+02	 22	 9.715623e+02	 220	 7.333774e+02	 98	 1.700012e+02	 716.67	 750.00	 51.00	 46	 2.31	 
bmem_snacks_110	 2	 2	 Twist.bmp	 1.729543e+02	 24	 999000	 240	 999000	 999	 1.739720e+02	 716.67	 750.00	 47.00	 32	 2.80	 
bmem_snacks_110	 2	 2	 KinderBuenoWhite2.bmp	 1.749564e+02	 12	 999000	 120	 999000	 999	 1.759743e+02	 716.67	 750.00	 12.00	 17	 8.07	 
bmem_snacks_110	 2	 2	 ChocolateParaMilk3.bmp	 1.769587e+02	 12	 999000	 120	 999000	 999	 1.779765e+02	 716.67	 750.00	 10.00	 23	 8.11	 
bmem_snacks_110	 2	 2	 Shugi.bmp	 1.789610e+02	 24	 999000	 240	 999000	 999	 1.799787e+02	 716.67	 750.00	 52.00	 43	 1.69	 
bmem_snacks_110	 2	 2	 BambaNugat.bmp	 1.809633e+02	 24	 999000	 240	 999000	 999	 1.819810e+02	 716.67	 750.00	 41.00	 14	 3.82	 
bmem_snacks_110	 2	 2	 Snickers.bmp	 1.869533e+02	 12	 999000	 120	 999000	 999	 1.879710e+02	 716.67	 750.00	 22.00	 52	 6.98	 
bmem_snacks_110	 2	 2	 Cheetos.bmp	 1.899566e+02	 22	 1.061509e+03	 2200	 7.500407e+02	 98	 1.909912e+02	 716.67	 700.00	 48.00	 11	 2.78	 
bmem_snacks_110	 2	 2	 GumiSnakes3.bmp	 1.919589e+02	 11	 9.472498e+02	 110	 7.167127e+02	 98	 1.929934e+02	 733.33	 700.00	 8.00	 45	 9.02	 
bmem_snacks_110	 2	 2	 BabyDoll.bmp	 1.939612e+02	 24	 999000	 240	 999000	 999	 1.949799e+02	 733.33	 700.00	 53.00	 48	 1.69	 
bmem_snacks_110	 2	 2	 ClickBlackWhite3.bmp	 1.969644e+02	 12	 999000	 120	 999000	 999	 1.979823e+02	 733.33	 700.00	 5.00	 26	 9.18	 
bmem_snacks_110	 2	 2	 KifkefMaklot2.bmp	 1.989668e+02	 22	 1.011333e+03	 2200	 7.000468e+02	 98	 2.000016e+02	 733.33	 650.00	 49.00	 59	 2.73	 
bmem_snacks_110	 2	 2	 Tictac.bmp	 2.009519e+02	 24	 999000	 240	 999000	 999	 2.019700e+02	 733.33	 650.00	 56.00	 42	 0.62	 
bmem_snacks_110	 2	 2	 SkittlesFruits2.bmp	 2.029545e+02	 12	 999000	 120	 999000	 999	 2.039724e+02	 733.33	 650.00	 4.00	 29	 9.20	 
bmem_snacks_110	 2	 2	 Bounty.bmp	 2.059579e+02	 24	 999000	 240	 999000	 999	 2.069757e+02	 733.33	 650.00	 57.00	 18	 0.60	 
bmem_snacks_110	 2	 2	 Bamba.bmp	 2.079602e+02	 24	 999000	 240	 999000	 999	 2.089779e+02	 733.33	 650.00	 42.00	 35	 3.80	 
bmem_snacks_110	 2	 2	 HappyHippo.bmp	 2.099623e+02	 22	 9.037414e+02	 220	 6.500457e+02	 98	 2.109980e+02	 733.33	 666.67	 46.00	 16	 3.67	 
bmem_snacks_110	 2	 2	 DoritosSourSpicy.bmp	 2.119647e+02	 24	 999000	 240	 999000	 999	 2.129823e+02	 733.33	 666.67	 39.00	 56	 4.84	 
bmem_snacks_110	 2	 2	 BagaleShtuhim.bmp	 2.139668e+02	 24	 999000	 240	 999000	 999	 2.149846e+02	 733.33	 666.67	 50.00	 38	 2.64	 
bmem_snacks_110	 2	 2	 ClickBisquit2.bmp	 2.199569e+02	 11	 1.037196e+03	 1100	 7.333915e+02	 98	 2.209920e+02	 683.33	 666.67	 16.00	 53	 8.02	 
bmem_snacks_110	 2	 2	 Loacker.bmp	 2.229602e+02	 24	 999000	 240	 999000	 999	 2.239792e+02	 683.33	 666.67	 55.00	 7	 0.64	 
bmem_snacks_110	 2	 2	 Hit.bmp	 2.269647e+02	 22	 9.893805e+02	 220	 6.667037e+02	 98	 2.279992e+02	 683.33	 683.33	 43.00	 5	 3.78	 
