subjectID	order	runNum	itemName	onsetTime	shuff_trialType	RT	respInTime	AudioTime	response	fixationTime	ladder1	ladder2	bidIndex	BDMtrialIndex	bidValue
bmem_snacks_120	 2	 16	 BabyDoll.bmp	 1.893106e+03	 12	 999000	 120	 999000	 999	 1.894126e+03	 650.00	 650.00	 5.00	 60	 8.13	 
bmem_snacks_120	 2	 16	 GumiSnakes3.bmp	 1.895108e+03	 22	 9.896465e+02	 220	 6.500693e+02	 98	 1.896145e+03	 650.00	 666.67	 49.00	 34	 0.56	 
bmem_snacks_120	 2	 16	 DoritosSourSpicy.bmp	 1.899097e+03	 24	 999000	 240	 999000	 999	 1.900116e+03	 650.00	 666.67	 58.00	 4	 0.13	 
bmem_snacks_120	 2	 16	 Apropo.bmp	 1.902100e+03	 11	 9.022258e+02	 110	 6.500618e+02	 98	 1.903136e+03	 666.67	 666.67	 11.00	 50	 7.02	 
bmem_snacks_120	 2	 16	 KinderBuenoWhite2.bmp	 1.904102e+03	 12	 999000	 120	 999000	 999	 1.905122e+03	 666.67	 666.67	 15.00	 59	 6.13	 
bmem_snacks_120	 2	 16	 Kitkat.bmp	 1.907105e+03	 22	 9.129132e+02	 220	 6.667163e+02	 98	 1.908141e+03	 666.67	 683.33	 43.00	 32	 3.33	 
bmem_snacks_120	 2	 16	 Twix.bmp	 1.911093e+03	 12	 999000	 120	 999000	 999	 1.912113e+03	 666.67	 683.33	 19.00	 37	 5.96	 
bmem_snacks_120	 2	 16	 KashitSour.bmp	 1.915098e+03	 24	 999000	 240	 999000	 999	 1.916117e+03	 666.67	 683.33	 45.00	 41	 2.73	 
bmem_snacks_120	 2	 16	 SkittlesSour4.bmp	 1.917100e+03	 24	 999000	 240	 999000	 999	 1.918124e+03	 666.67	 683.33	 42.00	 3	 3.76	 
bmem_snacks_120	 2	 16	 HispusimShatiah.bmp	 1.922106e+03	 24	 999000	 240	 999000	 999	 1.923125e+03	 666.67	 683.33	 44.00	 30	 2.78	 
bmem_snacks_120	 2	 16	 ChocolateParaSucariotKoftzot2.bmp	 1.924108e+03	 12	 999000	 120	 999000	 999	 1.925126e+03	 666.67	 683.33	 7.00	 25	 8.09	 
bmem_snacks_120	 2	 16	 Egozi.bmp	 1.926093e+03	 24	 999000	 240	 999000	 999	 1.927113e+03	 666.67	 683.33	 57.00	 42	 0.16	 
bmem_snacks_120	 2	 16	 BisliGrill.bmp	 1.932100e+03	 12	 999000	 120	 999000	 999	 1.933120e+03	 666.67	 683.33	 4.00	 36	 9.09	 
bmem_snacks_120	 2	 16	 BambaSweet.bmp	 1.934102e+03	 22	 1.035712e+03	 2200	 6.833745e+02	 98	 1.935140e+03	 666.67	 633.33	 51.00	 56	 0.27	 
bmem_snacks_120	 2	 16	 BisliPizza3.bmp	 1.936105e+03	 12	 999000	 120	 999000	 999	 1.937124e+03	 666.67	 633.33	 22.00	 18	 5.91	 
bmem_snacks_120	 2	 16	 WerthersOriginal.bmp	 1.938107e+03	 24	 999000	 240	 999000	 999	 1.939125e+03	 666.67	 633.33	 55.00	 26	 0.18	 
bmem_snacks_120	 2	 16	 Keifli.bmp	 1.942095e+03	 24	 999000	 240	 999000	 999	 1.943114e+03	 666.67	 633.33	 56.00	 29	 0.18	 
bmem_snacks_120	 2	 16	 Popco.bmp	 1.946099e+03	 22	 1.022947e+03	 2200	 6.333778e+02	 98	 1.947136e+03	 666.67	 583.33	 48.00	 20	 1.64	 
bmem_snacks_120	 2	 16	 DoritosNatural.bmp	 1.949102e+03	 12	 999000	 120	 999000	 999	 1.950122e+03	 666.67	 583.33	 13.00	 7	 6.93	 
bmem_snacks_120	 2	 16	 ClickBisquit2.bmp	 1.953107e+03	 11	 9.750678e+02	 110	 6.667272e+02	 98	 1.954143e+03	 683.33	 583.33	 8.00	 2	 8.07	 
bmem_snacks_120	 2	 16	 HappyHippo.bmp	 1.956093e+03	 12	 999000	 120	 999000	 999	 1.957113e+03	 683.33	 583.33	 20.00	 53	 5.96	 
bmem_snacks_120	 2	 16	 Cheetos.bmp	 1.958096e+03	 12	 999000	 120	 999000	 999	 1.959118e+03	 683.33	 583.33	 3.00	 27	 9.18	 
bmem_snacks_120	 2	 16	 Twist.bmp	 1.962100e+03	 22	 8.856690e+02	 220	 5.833824e+02	 98	 1.963136e+03	 683.33	 600.00	 54.00	 6	 0.18	 
bmem_snacks_120	 2	 16	 CrunchBisquitWhite2.bmp	 1.964103e+03	 24	 999000	 240	 999000	 999	 1.965121e+03	 683.33	 600.00	 39.00	 40	 3.82	 
bmem_snacks_120	 2	 16	 BambaNugat.bmp	 1.966105e+03	 12	 999000	 120	 999000	 999	 1.967130e+03	 683.33	 600.00	 12.00	 57	 7.00	 
bmem_snacks_120	 2	 16	 Bounty.bmp	 1.970093e+03	 11	 1.021574e+03	 1100	 6.833798e+02	 98	 1.971129e+03	 633.33	 600.00	 14.00	 12	 6.91	 
bmem_snacks_120	 2	 16	 Bamba.bmp	 1.972095e+03	 11	 9.631103e+02	 110	 6.333733e+02	 98	 1.973131e+03	 650.00	 600.00	 9.00	 52	 8.02	 
bmem_snacks_120	 2	 16	 ClickXLwhite4.bmp	 1.976099e+03	 11	 9.106193e+02	 110	 6.500513e+02	 98	 1.977135e+03	 666.67	 600.00	 16.00	 44	 6.02	 
bmem_snacks_120	 2	 16	 CrunchShokoVanil.bmp	 1.980104e+03	 24	 999000	 240	 999000	 999	 1.981123e+03	 666.67	 600.00	 50.00	 15	 0.53	 
bmem_snacks_120	 2	 16	 Smarties.bmp	 1.983107e+03	 24	 999000	 240	 999000	 999	 1.984127e+03	 666.67	 600.00	 47.00	 19	 1.64	 
bmem_snacks_120	 2	 16	 Taami.bmp	 1.989097e+03	 12	 999000	 120	 999000	 999	 1.990117e+03	 666.67	 600.00	 6.00	 28	 8.11	 
bmem_snacks_120	 2	 16	 Tortit.bmp	 1.991100e+03	 24	 999000	 240	 999000	 999	 1.992126e+03	 666.67	 600.00	 52.00	 8	 0.20	 
bmem_snacks_120	 2	 16	 BisliOnion.bmp	 1.995104e+03	 11	 8.900144e+02	 110	 6.667215e+02	 98	 1.996139e+03	 683.33	 600.00	 17.00	 54	 6.00	 
bmem_snacks_120	 2	 16	 Hit.bmp	 1.997106e+03	 24	 999000	 240	 999000	 999	 1.998126e+03	 683.33	 600.00	 41.00	 39	 3.78	 
bmem_snacks_120	 2	 16	 Dubonim.bmp	 1.999092e+03	 12	 999000	 120	 999000	 999	 2.000112e+03	 683.33	 600.00	 10.00	 23	 7.02	 
bmem_snacks_120	 2	 16	 Mekupelet.bmp	 2.001094e+03	 24	 999000	 240	 999000	 999	 2.002114e+03	 683.33	 600.00	 40.00	 22	 3.78	 
bmem_snacks_120	 2	 16	 KinderJoy.bmp	 2.006100e+03	 12	 999000	 120	 999000	 999	 2.007119e+03	 683.33	 600.00	 21.00	 51	 5.93	 
bmem_snacks_120	 2	 16	 ChocolateParaCookies5.bmp	 2.008102e+03	 12	 999000	 120	 999000	 999	 2.009128e+03	 683.33	 600.00	 18.00	 35	 5.98	 
bmem_snacks_120	 2	 16	 ChocolateParaMilk3.bmp	 2.010104e+03	 22	 9.138361e+02	 220	 6.000508e+02	 98	 2.011140e+03	 683.33	 616.67	 46.00	 31	 2.67	 
bmem_snacks_120	 2	 16	 GumiWine2.bmp	 2.013108e+03	 24	 999000	 240	 999000	 999	 2.014127e+03	 683.33	 616.67	 53.00	 33	 0.20	 
