subjectID	order	runNum	itemName	onsetTime	shuff_trialType	RT	respInTime	AudioTime	response	fixationTime	ladder1	ladder2	bidIndex	BDMtrialIndex	bidValue
bmem_snacks_127	 1	 5	 Halva2.bmp	 5.080923e+02	 24	 999000	 240	 999000	 999	 5.091111e+02	 683.33	 683.33	 42.00	 40	 1.60	 
bmem_snacks_127	 1	 5	 TapuchipsCrunch.bmp	 5.110959e+02	 24	 999000	 240	 999000	 999	 5.121149e+02	 683.33	 683.33	 40.00	 25	 1.73	 
bmem_snacks_127	 1	 5	 Bounty.bmp	 5.150835e+02	 22	 9.982368e+02	 220	 6.833932e+02	 98	 5.161199e+02	 683.33	 700.00	 45.00	 11	 1.11	 
bmem_snacks_127	 1	 5	 ClickXLbrown4.bmp	 5.170860e+02	 11	 9.397607e+02	 110	 6.833969e+02	 98	 5.181225e+02	 700.00	 700.00	 10.00	 22	 6.73	 
bmem_snacks_127	 1	 5	 ChocolateParaMilk3.bmp	 5.190883e+02	 12	 999000	 120	 999000	 999	 5.201070e+02	 700.00	 700.00	 19.00	 21	 4.31	 
bmem_snacks_127	 1	 5	 ClickXLwhite4.bmp	 5.230929e+02	 11	 9.568440e+02	 110	 7.000489e+02	 98	 5.241292e+02	 716.67	 700.00	 12.00	 41	 6.11	 
bmem_snacks_127	 1	 5	 HispusimShatiah.bmp	 5.250951e+02	 24	 999000	 240	 999000	 999	 5.261137e+02	 716.67	 700.00	 58.00	 53	 0.09	 
bmem_snacks_127	 1	 5	 KinderJoy.bmp	 5.300837e+02	 11	 9.420079e+02	 110	 7.167073e+02	 98	 5.311202e+02	 733.33	 700.00	 13.00	 15	 6.00	 
bmem_snacks_127	 1	 5	 ChocolateParaCookies5.bmp	 5.320862e+02	 12	 999000	 120	 999000	 999	 5.331052e+02	 733.33	 700.00	 9.00	 36	 6.87	 
bmem_snacks_127	 1	 5	 Tortit.bmp	 5.350896e+02	 12	 999000	 120	 999000	 999	 5.361086e+02	 733.33	 700.00	 21.00	 45	 3.93	 
bmem_snacks_127	 1	 5	 Tapuchips.bmp	 5.380929e+02	 11	 9.887882e+02	 110	 7.333785e+02	 98	 5.391293e+02	 750.00	 700.00	 18.00	 9	 4.42	 
bmem_snacks_127	 1	 5	 Hit.bmp	 5.420975e+02	 12	 999000	 120	 999000	 999	 5.431170e+02	 750.00	 700.00	 3.00	 31	 7.89	 
bmem_snacks_127	 1	 5	 Kitkat.bmp	 5.450844e+02	 12	 999000	 120	 999000	 999	 5.461037e+02	 750.00	 700.00	 5.00	 52	 7.22	 
bmem_snacks_127	 1	 5	 ChocolateParaSucariotKoftzot2.bmp	 5.470864e+02	 24	 999000	 240	 999000	 999	 5.481060e+02	 750.00	 700.00	 43.00	 50	 1.44	 
bmem_snacks_127	 1	 5	 ClickBlackWhite3.bmp	 5.500898e+02	 12	 999000	 120	 999000	 999	 5.511094e+02	 750.00	 700.00	 16.00	 60	 5.89	 
bmem_snacks_127	 1	 5	 KinderBuenoWhite2.bmp	 5.540943e+02	 12	 999000	 120	 999000	 999	 5.551139e+02	 750.00	 700.00	 8.00	 46	 6.96	 
bmem_snacks_127	 1	 5	 DoritosGrill.bmp	 5.570976e+02	 22	 1.024092e+03	 2200	 7.000506e+02	 98	 5.581341e+02	 750.00	 650.00	 53.00	 14	 0.22	 
bmem_snacks_127	 1	 5	 BisliOnion.bmp	 5.590829e+02	 24	 999000	 240	 999000	 999	 5.601015e+02	 750.00	 650.00	 54.00	 30	 0.22	 
bmem_snacks_127	 1	 5	 ClickBalls5.bmp	 5.610854e+02	 12	 999000	 120	 999000	 999	 5.621050e+02	 750.00	 650.00	 14.00	 44	 5.96	 
bmem_snacks_127	 1	 5	 KinderBuenoBrown3.bmp	 5.660910e+02	 11	 1.038662e+03	 1100	 7.500587e+02	 98	 5.671273e+02	 700.00	 650.00	 7.00	 27	 6.96	 
bmem_snacks_127	 1	 5	 Shugi.bmp	 5.700955e+02	 24	 999000	 240	 999000	 999	 5.711156e+02	 700.00	 650.00	 46.00	 49	 0.93	 
bmem_snacks_127	 1	 5	 SkittlesFruits2.bmp	 5.740830e+02	 24	 999000	 240	 999000	 999	 5.751021e+02	 700.00	 650.00	 39.00	 24	 2.11	 
bmem_snacks_127	 1	 5	 DoritosNatural.bmp	 5.800902e+02	 11	 9.515342e+02	 110	 7.000464e+02	 98	 5.811259e+02	 716.67	 650.00	 15.00	 57	 5.91	 
bmem_snacks_127	 1	 5	 BabyDoll.bmp	 5.820924e+02	 22	 9.573472e+02	 220	 6.500548e+02	 98	 5.831282e+02	 716.67	 666.67	 52.00	 26	 0.29	 
bmem_snacks_127	 1	 5	 Twix.bmp	 5.840946e+02	 12	 999000	 120	 999000	 999	 5.851140e+02	 716.67	 666.67	 20.00	 34	 3.98	 
bmem_snacks_127	 1	 5	 BisliGrill.bmp	 5.860969e+02	 12	 999000	 120	 999000	 999	 5.871162e+02	 716.67	 666.67	 17.00	 35	 5.38	 
bmem_snacks_127	 1	 5	 ClickBisquit2.bmp	 5.880990e+02	 12	 999000	 120	 999000	 999	 5.891186e+02	 716.67	 666.67	 4.00	 29	 7.29	 
bmem_snacks_127	 1	 5	 Popco.bmp	 5.920869e+02	 22	 1.010908e+03	 2200	 6.667258e+02	 98	 5.931231e+02	 716.67	 616.67	 44.00	 8	 1.24	 
bmem_snacks_127	 1	 5	 WerthersOriginal.bmp	 5.940890e+02	 24	 999000	 240	 999000	 999	 5.951080e+02	 716.67	 616.67	 49.00	 16	 0.58	 
bmem_snacks_127	 1	 5	 PesekZman.bmp	 5.980937e+02	 12	 999000	 120	 999000	 999	 5.991132e+02	 716.67	 616.67	 6.00	 2	 7.13	 
bmem_snacks_127	 1	 5	 Egozi.bmp	 6.000959e+02	 12	 999000	 120	 999000	 999	 6.011153e+02	 716.67	 616.67	 22.00	 37	 3.89	 
bmem_snacks_127	 1	 5	 ChocolateParaMarir2.bmp	 6.020981e+02	 24	 999000	 240	 999000	 999	 6.031173e+02	 716.67	 616.67	 51.00	 48	 0.33	 
bmem_snacks_127	 1	 5	 BisliPizza3.bmp	 6.040835e+02	 22	 9.422180e+02	 220	 6.167341e+02	 98	 6.051196e+02	 716.67	 633.33	 50.00	 18	 0.42	 
bmem_snacks_127	 1	 5	 Mentos.bmp	 6.090892e+02	 12	 999000	 120	 999000	 999	 6.101086e+02	 716.67	 633.33	 11.00	 23	 6.31	 
bmem_snacks_127	 1	 5	 KashitSour.bmp	 6.110916e+02	 24	 999000	 240	 999000	 999	 6.121108e+02	 716.67	 633.33	 55.00	 6	 0.20	 
bmem_snacks_127	 1	 5	 Tictac.bmp	 6.130937e+02	 24	 999000	 240	 999000	 999	 6.141129e+02	 716.67	 633.33	 56.00	 32	 0.16	 
bmem_snacks_127	 1	 5	 GumiWine2.bmp	 6.160971e+02	 24	 999000	 240	 999000	 999	 6.171168e+02	 716.67	 633.33	 57.00	 59	 0.16	 
bmem_snacks_127	 1	 5	 Bamba.bmp	 6.230884e+02	 24	 999000	 240	 999000	 999	 6.241081e+02	 716.67	 633.33	 41.00	 13	 1.67	 
bmem_snacks_127	 1	 5	 Smarties.bmp	 6.270928e+02	 24	 999000	 240	 999000	 999	 6.281120e+02	 716.67	 633.33	 48.00	 3	 0.71	 
bmem_snacks_127	 1	 5	 BagaleShtuhim.bmp	 6.340837e+02	 22	 8.860158e+02	 220	 6.333800e+02	 98	 6.351197e+02	 716.67	 650.00	 47.00	 1	 0.89	 
