subjectID	order	runNum	itemName	onsetTime	shuff_trialType	RT	respInTime	AudioTime	response	fixationTime	ladder1	ladder2	bidIndex	BDMtrialIndex	bidValue
bmem_snacks_106	 2	 9	 Mars.bmp	 1.095197e+03	 24	 999000	 240	 999000	 999	 1.096214e+03	 550.00	 550.00	 42.00	 12	 0.56	 
bmem_snacks_106	 2	 9	 Apropo.bmp	 1.100202e+03	 12	 999000	 120	 999000	 999	 1.101220e+03	 550.00	 550.00	 4.00	 51	 9.89	 
bmem_snacks_106	 2	 9	 BambaNugat.bmp	 1.102205e+03	 24	 999000	 240	 999000	 999	 1.103222e+03	 550.00	 550.00	 58.00	 47	 0.07	 
bmem_snacks_106	 2	 9	 KinderBuenoWhite2.bmp	 1.104190e+03	 22	 9.324813e+02	 220	 5.500640e+02	 98	 1.105227e+03	 550.00	 566.67	 48.00	 29	 0.11	 
bmem_snacks_106	 2	 9	 Snickers.bmp	 1.110197e+03	 24	 999000	 240	 999000	 999	 1.111215e+03	 550.00	 566.67	 52.00	 22	 0.09	 
bmem_snacks_106	 2	 9	 WerthersOriginal.bmp	 1.112199e+03	 24	 999000	 240	 999000	 999	 1.113217e+03	 550.00	 566.67	 57.00	 31	 0.07	 
bmem_snacks_106	 2	 9	 Egozi.bmp	 1.115202e+03	 11	 9.041290e+02	 110	 5.500654e+02	 98	 1.116239e+03	 566.67	 566.67	 9.00	 5	 9.09	 
bmem_snacks_106	 2	 9	 BambaSweet.bmp	 1.117205e+03	 24	 999000	 240	 999000	 999	 1.118223e+03	 566.67	 566.67	 45.00	 16	 0.13	 
bmem_snacks_106	 2	 9	 BisliOnion.bmp	 1.121192e+03	 11	 9.221737e+02	 110	 5.667866e+02	 98	 1.122227e+03	 583.33	 566.67	 8.00	 58	 9.56	 
bmem_snacks_106	 2	 9	 ClickBisquit2.bmp	 1.123195e+03	 24	 999000	 240	 999000	 999	 1.124212e+03	 583.33	 566.67	 55.00	 41	 0.09	 
bmem_snacks_106	 2	 9	 PesekZman.bmp	 1.128200e+03	 11	 8.022753e+02	 110	 5.833873e+02	 98	 1.129235e+03	 600.00	 566.67	 17.00	 52	 6.00	 
bmem_snacks_106	 2	 9	 Shugi.bmp	 1.135191e+03	 22	 1.003256e+03	 2200	 5.667115e+02	 98	 1.136226e+03	 600.00	 516.67	 54.00	 38	 0.09	 
bmem_snacks_106	 2	 9	 Smarties.bmp	 1.137194e+03	 22	 7.688499e+02	 220	 5.167169e+02	 98	 1.138230e+03	 600.00	 533.33	 46.00	 21	 0.13	 
bmem_snacks_106	 2	 9	 BagaleShtuhim.bmp	 1.140197e+03	 12	 999000	 120	 999000	 999	 1.141215e+03	 600.00	 533.33	 15.00	 7	 7.00	 
bmem_snacks_106	 2	 9	 ClickXLbrown4.bmp	 1.143200e+03	 12	 999000	 120	 999000	 999	 1.144218e+03	 600.00	 533.33	 20.00	 43	 5.38	 
bmem_snacks_106	 2	 9	 ClickBlackWhite3.bmp	 1.147205e+03	 12	 999000	 120	 999000	 999	 1.148223e+03	 600.00	 533.33	 22.00	 57	 4.93	 
bmem_snacks_106	 2	 9	 Bounty.bmp	 1.151193e+03	 24	 999000	 240	 999000	 999	 1.152211e+03	 600.00	 533.33	 40.00	 9	 0.56	 
bmem_snacks_106	 2	 9	 Mentos.bmp	 1.155197e+03	 11	 1.013336e+03	 1100	 6.000499e+02	 98	 1.156234e+03	 550.00	 533.33	 16.00	 36	 6.93	 
bmem_snacks_106	 2	 9	 Popco.bmp	 1.158201e+03	 22	 7.700192e+02	 220	 5.333903e+02	 98	 1.159236e+03	 550.00	 550.00	 43.00	 24	 0.18	 
bmem_snacks_106	 2	 9	 Twix.bmp	 1.164191e+03	 24	 999000	 240	 999000	 999	 1.165209e+03	 550.00	 550.00	 44.00	 25	 0.16	 
bmem_snacks_106	 2	 9	 Dubonim.bmp	 1.166193e+03	 12	 999000	 120	 999000	 999	 1.167211e+03	 550.00	 550.00	 5.00	 2	 9.80	 
bmem_snacks_106	 2	 9	 SkittlesSour4.bmp	 1.169196e+03	 11	 9.103172e+02	 110	 5.500545e+02	 98	 1.170232e+03	 566.67	 550.00	 14.00	 46	 7.04	 
bmem_snacks_106	 2	 9	 Halva2.bmp	 1.171198e+03	 24	 999000	 240	 999000	 999	 1.172216e+03	 566.67	 550.00	 50.00	 39	 0.11	 
bmem_snacks_106	 2	 9	 Tortit.bmp	 1.173201e+03	 24	 999000	 240	 999000	 999	 1.174219e+03	 566.67	 550.00	 56.00	 60	 0.09	 
bmem_snacks_106	 2	 9	 KashitSour.bmp	 1.175203e+03	 24	 999000	 240	 999000	 999	 1.176221e+03	 566.67	 550.00	 47.00	 59	 0.13	 
bmem_snacks_106	 2	 9	 KinderJoy.bmp	 1.178189e+03	 12	 999000	 120	 999000	 999	 1.179207e+03	 566.67	 550.00	 7.00	 34	 9.56	 
bmem_snacks_106	 2	 9	 SkittlesFruits2.bmp	 1.182194e+03	 12	 999000	 120	 999000	 999	 1.183212e+03	 566.67	 550.00	 13.00	 18	 8.09	 
bmem_snacks_106	 2	 9	 Mekupelet.bmp	 1.184196e+03	 12	 999000	 120	 999000	 999	 1.185214e+03	 566.67	 550.00	 12.00	 56	 8.56	 
bmem_snacks_106	 2	 9	 Twist.bmp	 1.186199e+03	 22	 9.959740e+02	 220	 5.500426e+02	 98	 1.187233e+03	 566.67	 566.67	 51.00	 44	 0.11	 
bmem_snacks_106	 2	 9	 Loacker.bmp	 1.188201e+03	 12	 999000	 120	 999000	 999	 1.189219e+03	 566.67	 566.67	 21.00	 42	 5.36	 
bmem_snacks_106	 2	 9	 Kitkat.bmp	 1.190203e+03	 24	 999000	 240	 999000	 999	 1.191221e+03	 566.67	 566.67	 41.00	 11	 0.56	 
bmem_snacks_106	 2	 9	 CrunchBisquitWhite2.bmp	 1.192205e+03	 24	 999000	 240	 999000	 999	 1.193223e+03	 566.67	 566.67	 39.00	 50	 0.64	 
bmem_snacks_106	 2	 9	 ChocolateParaCookies5.bmp	 1.196193e+03	 11	 9.853583e+02	 110	 5.667131e+02	 98	 1.197228e+03	 583.33	 566.67	 11.00	 48	 8.56	 
bmem_snacks_106	 2	 9	 Bamba.bmp	 1.200198e+03	 12	 999000	 120	 999000	 999	 1.201215e+03	 583.33	 566.67	 10.00	 23	 9.09	 
bmem_snacks_106	 2	 9	 Cheetos.bmp	 1.202200e+03	 12	 999000	 120	 999000	 999	 1.203218e+03	 583.33	 566.67	 6.00	 17	 9.69	 
bmem_snacks_106	 2	 9	 ChocolateParaMilk3.bmp	 1.204202e+03	 12	 999000	 120	 999000	 999	 1.205220e+03	 583.33	 566.67	 3.00	 27	 9.89	 
bmem_snacks_106	 2	 9	 DoritosSourSpicy.bmp	 1.206204e+03	 24	 999000	 240	 999000	 999	 1.207222e+03	 583.33	 566.67	 53.00	 35	 0.09	 
bmem_snacks_106	 2	 9	 ChocolateParaMarir2.bmp	 1.208190e+03	 22	 9.169085e+02	 220	 5.667076e+02	 98	 1.209241e+03	 583.33	 583.33	 49.00	 30	 0.11	 
bmem_snacks_106	 2	 9	 Tictac.bmp	 1.214197e+03	 12	 999000	 120	 999000	 999	 1.215215e+03	 583.33	 583.33	 19.00	 28	 5.38	 
bmem_snacks_106	 2	 9	 Keifli.bmp	 1.216199e+03	 12	 999000	 120	 999000	 999	 1.217217e+03	 583.33	 583.33	 18.00	 33	 5.89	 
