subjectID	order	runNum	itemName	onsetTime	shuff_trialType	RT	respInTime	AudioTime	response	fixationTime	ladder1	ladder2	bidIndex	BDMtrialIndex	bidValue
bmem_snacks_124	 2	 15	 BisliGrill.bmp	 1.757350e+03	 24	 999000	 240	 999000	 999	 1.758368e+03	 550.00	 616.67	 58.00	 15	 0.04	 
bmem_snacks_124	 2	 15	 ChocolateParaMarir2.bmp	 1.759336e+03	 24	 999000	 240	 999000	 999	 1.760353e+03	 550.00	 616.67	 56.00	 57	 0.07	 
bmem_snacks_124	 2	 15	 Halva2.bmp	 1.763340e+03	 24	 999000	 240	 999000	 999	 1.764358e+03	 550.00	 616.67	 42.00	 2	 0.09	 
bmem_snacks_124	 2	 15	 ChocolateParaCookies5.bmp	 1.766343e+03	 12	 999000	 120	 999000	 999	 1.767361e+03	 550.00	 616.67	 12.00	 10	 8.13	 
bmem_snacks_124	 2	 15	 ClickXLwhite4.bmp	 1.768346e+03	 24	 999000	 240	 999000	 999	 1.769364e+03	 550.00	 616.67	 55.00	 54	 0.07	 
bmem_snacks_124	 2	 15	 Twist.bmp	 1.771332e+03	 11	 8.937029e+02	 110	 5.500714e+02	 98	 1.772367e+03	 566.67	 616.67	 14.00	 43	 7.11	 
bmem_snacks_124	 2	 15	 ChocolateParaMilk3.bmp	 1.775337e+03	 24	 999000	 240	 999000	 999	 1.776355e+03	 566.67	 616.67	 53.00	 49	 0.07	 
bmem_snacks_124	 2	 15	 Dubonim.bmp	 1.779341e+03	 24	 999000	 240	 999000	 999	 1.780360e+03	 566.67	 616.67	 44.00	 19	 0.09	 
bmem_snacks_124	 2	 15	 GumiWine2.bmp	 1.781344e+03	 22	 9.542671e+02	 220	 6.167463e+02	 98	 1.782380e+03	 566.67	 633.33	 49.00	 3	 0.07	 
bmem_snacks_124	 2	 15	 ClickBalls5.bmp	 1.786332e+03	 11	 8.695911e+02	 110	 5.667195e+02	 98	 1.787367e+03	 583.33	 633.33	 11.00	 13	 9.09	 
bmem_snacks_124	 2	 15	 Hit.bmp	 1.788335e+03	 24	 999000	 240	 999000	 999	 1.789353e+03	 583.33	 633.33	 41.00	 59	 0.11	 
bmem_snacks_124	 2	 15	 Twix.bmp	 1.790337e+03	 12	 999000	 120	 999000	 999	 1.791355e+03	 583.33	 633.33	 10.00	 11	 9.11	 
bmem_snacks_124	 2	 15	 KinderJoy.bmp	 1.796344e+03	 12	 999000	 120	 999000	 999	 1.797362e+03	 583.33	 633.33	 6.00	 48	 9.87	 
bmem_snacks_124	 2	 15	 BisliOnion.bmp	 1.798346e+03	 24	 999000	 240	 999000	 999	 1.799364e+03	 583.33	 633.33	 39.00	 34	 0.13	 
bmem_snacks_124	 2	 15	 ClickBlackWhite3.bmp	 1.800331e+03	 12	 999000	 120	 999000	 999	 1.801350e+03	 583.33	 633.33	 22.00	 38	 3.78	 
bmem_snacks_124	 2	 15	 Smarties.bmp	 1.802334e+03	 12	 999000	 120	 999000	 999	 1.803352e+03	 583.33	 633.33	 13.00	 8	 8.09	 
bmem_snacks_124	 2	 15	 Mars.bmp	 1.806338e+03	 11	 8.874818e+02	 110	 5.833941e+02	 98	 1.807375e+03	 600.00	 633.33	 16.00	 17	 6.00	 
bmem_snacks_124	 2	 15	 BisliPizza3.bmp	 1.810343e+03	 22	 9.309850e+02	 220	 6.333706e+02	 98	 1.811379e+03	 600.00	 650.00	 48.00	 42	 0.09	 
bmem_snacks_124	 2	 15	 Loacker.bmp	 1.813346e+03	 12	 999000	 120	 999000	 999	 1.814364e+03	 600.00	 650.00	 5.00	 35	 9.87	 
bmem_snacks_124	 2	 15	 Bounty.bmp	 1.817334e+03	 12	 999000	 120	 999000	 999	 1.818352e+03	 600.00	 650.00	 21.00	 40	 3.84	 
bmem_snacks_124	 2	 15	 CrunchBisquitBrown3.bmp	 1.820337e+03	 12	 999000	 120	 999000	 999	 1.821356e+03	 600.00	 650.00	 20.00	 46	 4.93	 
bmem_snacks_124	 2	 15	 GumiSnakes3.bmp	 1.822340e+03	 24	 999000	 240	 999000	 999	 1.823357e+03	 600.00	 650.00	 57.00	 14	 0.04	 
bmem_snacks_124	 2	 15	 SkittlesSour4.bmp	 1.826344e+03	 12	 999000	 120	 999000	 999	 1.827362e+03	 600.00	 650.00	 3.00	 36	 9.89	 
bmem_snacks_124	 2	 15	 Mekupelet.bmp	 1.828346e+03	 22	 9.674941e+02	 220	 6.500455e+02	 98	 1.829383e+03	 600.00	 666.67	 54.00	 51	 0.07	 
bmem_snacks_124	 2	 15	 DoritosSourSpicy.bmp	 1.830332e+03	 24	 999000	 240	 999000	 999	 1.831350e+03	 600.00	 666.67	 50.00	 9	 0.07	 
bmem_snacks_124	 2	 15	 DoritosGrill.bmp	 1.834336e+03	 22	 1.025531e+03	 2200	 6.667094e+02	 98	 1.835371e+03	 600.00	 616.67	 51.00	 12	 0.07	 
bmem_snacks_124	 2	 15	 BabyDoll.bmp	 1.836339e+03	 11	 8.471835e+02	 110	 6.000447e+02	 98	 1.837375e+03	 616.67	 616.67	 17.00	 4	 5.93	 
bmem_snacks_124	 2	 15	 Taami.bmp	 1.840343e+03	 12	 999000	 120	 999000	 999	 1.841361e+03	 616.67	 616.67	 15.00	 45	 6.96	 
bmem_snacks_124	 2	 15	 HappyHippo.bmp	 1.844348e+03	 12	 999000	 120	 999000	 999	 1.845366e+03	 616.67	 616.67	 7.00	 53	 9.84	 
bmem_snacks_124	 2	 15	 KifkefMaklot2.bmp	 1.847334e+03	 12	 999000	 120	 999000	 999	 1.848352e+03	 616.67	 616.67	 18.00	 24	 5.80	 
bmem_snacks_124	 2	 15	 CrunchShokoVanil.bmp	 1.853341e+03	 24	 999000	 240	 999000	 999	 1.854359e+03	 616.67	 616.67	 45.00	 21	 0.09	 
bmem_snacks_124	 2	 15	 HispusimShatiah.bmp	 1.855343e+03	 12	 999000	 120	 999000	 999	 1.856361e+03	 616.67	 616.67	 19.00	 39	 4.98	 
bmem_snacks_124	 2	 15	 Popco.bmp	 1.859348e+03	 24	 999000	 240	 999000	 999	 1.860366e+03	 616.67	 616.67	 52.00	 29	 0.07	 
bmem_snacks_124	 2	 15	 WerthersOriginal.bmp	 1.861333e+03	 24	 999000	 240	 999000	 999	 1.862351e+03	 616.67	 616.67	 40.00	 55	 0.13	 
bmem_snacks_124	 2	 15	 TapuchipsCrunch.bmp	 1.863336e+03	 24	 999000	 240	 999000	 999	 1.864353e+03	 616.67	 616.67	 47.00	 30	 0.09	 
bmem_snacks_124	 2	 15	 Keifli.bmp	 1.865338e+03	 22	 9.439649e+02	 220	 6.167167e+02	 98	 1.866374e+03	 616.67	 633.33	 46.00	 25	 0.09	 
bmem_snacks_124	 2	 15	 KinderBuenoWhite2.bmp	 1.870343e+03	 11	 9.623776e+02	 110	 6.167107e+02	 98	 1.871379e+03	 633.33	 633.33	 9.00	 31	 9.18	 
bmem_snacks_124	 2	 15	 KinderBuenoBrown3.bmp	 1.872346e+03	 11	 8.561124e+02	 110	 6.333791e+02	 98	 1.873381e+03	 650.00	 633.33	 8.00	 58	 9.84	 
bmem_snacks_124	 2	 15	 Cheetos.bmp	 1.874348e+03	 22	 8.619044e+02	 220	 6.333737e+02	 98	 1.875384e+03	 650.00	 650.00	 43.00	 18	 0.09	 
bmem_snacks_124	 2	 15	 SkittlesFruits2.bmp	 1.877335e+03	 12	 999000	 120	 999000	 999	 1.878352e+03	 650.00	 650.00	 4.00	 20	 9.87	 
