subjectID	order	runNum	itemName	onsetTime	shuff_trialType	RT	respInTime	AudioTime	response	fixationTime	ladder1	ladder2	bidIndex	BDMtrialIndex	bidValue
bmem_snacks_118	 2	 16	 ChocolateParaMarir2.bmp	 1.948659e+03	 11	 8.633679e+02	 110	 5.167246e+02	 98	 1.949694e+03	 533.33	 516.67	 9.00	 22	 7.16	 
bmem_snacks_118	 2	 16	 Tapuchips.bmp	 1.950645e+03	 24	 999000	 240	 999000	 999	 1.951662e+03	 533.33	 516.67	 50.00	 51	 1.58	 
bmem_snacks_118	 2	 16	 Twix.bmp	 1.954649e+03	 12	 999000	 120	 999000	 999	 1.955667e+03	 533.33	 516.67	 12.00	 38	 7.02	 
bmem_snacks_118	 2	 16	 TapuchipsCrunch.bmp	 1.957652e+03	 22	 9.580153e+02	 220	 5.167201e+02	 98	 1.958687e+03	 533.33	 533.33	 49.00	 44	 1.58	 
bmem_snacks_118	 2	 16	 GumiSnakes3.bmp	 1.959655e+03	 12	 999000	 120	 999000	 999	 1.960672e+03	 533.33	 533.33	 13.00	 24	 6.91	 
bmem_snacks_118	 2	 16	 Mekupelet.bmp	 1.962641e+03	 11	 9.610106e+02	 110	 5.333766e+02	 98	 1.963676e+03	 550.00	 533.33	 14.00	 37	 6.91	 
bmem_snacks_118	 2	 16	 Popco.bmp	 1.966646e+03	 12	 999000	 120	 999000	 999	 1.967664e+03	 550.00	 533.33	 18.00	 43	 6.04	 
bmem_snacks_118	 2	 16	 CrunchShokoVanil.bmp	 1.970650e+03	 24	 999000	 240	 999000	 999	 1.971668e+03	 550.00	 533.33	 40.00	 45	 2.64	 
bmem_snacks_118	 2	 16	 PesekZman.bmp	 1.972653e+03	 11	 9.657479e+02	 110	 5.500399e+02	 98	 1.973689e+03	 566.67	 533.33	 8.00	 26	 7.24	 
bmem_snacks_118	 2	 16	 CrunchBisquitWhite2.bmp	 1.977642e+03	 12	 999000	 120	 999000	 999	 1.978659e+03	 566.67	 533.33	 3.00	 29	 8.04	 
bmem_snacks_118	 2	 16	 Apropo.bmp	 1.979644e+03	 22	 9.025974e+02	 220	 5.333783e+02	 98	 1.980679e+03	 566.67	 550.00	 51.00	 12	 1.56	 
bmem_snacks_118	 2	 16	 BisliGrill.bmp	 1.981646e+03	 24	 999000	 240	 999000	 999	 1.982664e+03	 566.67	 550.00	 56.00	 55	 0.71	 
bmem_snacks_118	 2	 16	 SkittlesFruits2.bmp	 1.987653e+03	 22	 8.934783e+02	 220	 5.500510e+02	 98	 1.988688e+03	 566.67	 566.67	 43.00	 27	 1.87	 
bmem_snacks_118	 2	 16	 Mars.bmp	 1.989655e+03	 12	 999000	 120	 999000	 999	 1.990673e+03	 566.67	 566.67	 15.00	 11	 6.76	 
bmem_snacks_118	 2	 16	 KinderBuenoWhite2.bmp	 1.991640e+03	 11	 9.141217e+02	 110	 5.667105e+02	 98	 1.992676e+03	 583.33	 566.67	 16.00	 58	 6.64	 
bmem_snacks_118	 2	 16	 Mentos.bmp	 1.993643e+03	 24	 999000	 240	 999000	 999	 1.994661e+03	 583.33	 566.67	 44.00	 49	 1.82	 
bmem_snacks_118	 2	 16	 Egozi.bmp	 1.997647e+03	 24	 999000	 240	 999000	 999	 1.998665e+03	 583.33	 566.67	 52.00	 2	 1.40	 
bmem_snacks_118	 2	 16	 Loacker.bmp	 2.001652e+03	 22	 9.505627e+02	 220	 5.667178e+02	 98	 2.002687e+03	 583.33	 583.33	 54.00	 35	 0.73	 
bmem_snacks_118	 2	 16	 WerthersOriginal.bmp	 2.004655e+03	 24	 999000	 240	 999000	 999	 2.005673e+03	 583.33	 583.33	 45.00	 32	 1.71	 
bmem_snacks_118	 2	 16	 HispusimShatiah.bmp	 2.008643e+03	 12	 999000	 120	 999000	 999	 2.009661e+03	 583.33	 583.33	 19.00	 36	 5.82	 
bmem_snacks_118	 2	 16	 SkittlesSour4.bmp	 2.011646e+03	 24	 999000	 240	 999000	 999	 2.012664e+03	 583.33	 583.33	 41.00	 13	 2.62	 
bmem_snacks_118	 2	 16	 KashitSour.bmp	 2.013649e+03	 12	 999000	 120	 999000	 999	 2.014666e+03	 583.33	 583.33	 5.00	 39	 7.84	 
bmem_snacks_118	 2	 16	 Kitkat.bmp	 2.017653e+03	 11	 9.652269e+02	 110	 5.833869e+02	 98	 2.018689e+03	 600.00	 583.33	 11.00	 7	 7.02	 
bmem_snacks_118	 2	 16	 BisliOnion.bmp	 2.019655e+03	 24	 999000	 240	 999000	 999	 2.020673e+03	 600.00	 583.33	 47.00	 47	 1.67	 
bmem_snacks_118	 2	 16	 Keifli.bmp	 2.021641e+03	 24	 999000	 240	 999000	 999	 2.022659e+03	 600.00	 583.33	 57.00	 59	 0.71	 
bmem_snacks_118	 2	 16	 BambaNugat.bmp	 2.025645e+03	 22	 9.809127e+02	 220	 5.833856e+02	 98	 2.026680e+03	 600.00	 600.00	 46.00	 17	 1.69	 
bmem_snacks_118	 2	 16	 ChocolateParaSucariotKoftzot2.bmp	 2.027648e+03	 12	 999000	 120	 999000	 999	 2.028666e+03	 600.00	 600.00	 7.00	 41	 7.40	 
bmem_snacks_118	 2	 16	 Twist.bmp	 2.031652e+03	 24	 999000	 240	 999000	 999	 2.032670e+03	 600.00	 600.00	 39.00	 30	 2.64	 
bmem_snacks_118	 2	 16	 ClickXLbrown4.bmp	 2.035640e+03	 11	 9.385117e+02	 110	 6.000450e+02	 98	 2.036674e+03	 616.67	 600.00	 17.00	 18	 6.47	 
bmem_snacks_118	 2	 16	 ClickBlackWhite3.bmp	 2.038643e+03	 12	 999000	 120	 999000	 999	 2.039661e+03	 616.67	 600.00	 22.00	 28	 4.89	 
bmem_snacks_118	 2	 16	 ChocolateParaMilk3.bmp	 2.044650e+03	 12	 999000	 120	 999000	 999	 2.045668e+03	 616.67	 600.00	 6.00	 8	 7.49	 
bmem_snacks_118	 2	 16	 ClickXLwhite4.bmp	 2.046652e+03	 12	 999000	 120	 999000	 999	 2.047670e+03	 616.67	 600.00	 10.00	 6	 7.09	 
bmem_snacks_118	 2	 16	 KifkefMaklot2.bmp	 2.050640e+03	 24	 999000	 240	 999000	 999	 2.051658e+03	 616.67	 600.00	 58.00	 57	 0.64	 
bmem_snacks_118	 2	 16	 CrunchBisquitBrown3.bmp	 2.052642e+03	 12	 999000	 120	 999000	 999	 2.053660e+03	 616.67	 600.00	 4.00	 60	 7.91	 
bmem_snacks_118	 2	 16	 KinderBuenoBrown3.bmp	 2.054645e+03	 12	 999000	 120	 999000	 999	 2.055662e+03	 616.67	 600.00	 20.00	 54	 5.00	 
bmem_snacks_118	 2	 16	 GumiWine2.bmp	 2.056647e+03	 12	 999000	 120	 999000	 999	 2.057665e+03	 616.67	 600.00	 21.00	 53	 4.98	 
bmem_snacks_118	 2	 16	 DoritosSourSpicy.bmp	 2.061653e+03	 24	 999000	 240	 999000	 999	 2.062670e+03	 616.67	 600.00	 42.00	 50	 2.62	 
bmem_snacks_118	 2	 16	 Dubonim.bmp	 2.063655e+03	 24	 999000	 240	 999000	 999	 2.064673e+03	 616.67	 600.00	 53.00	 21	 0.73	 
bmem_snacks_118	 2	 16	 Smarties.bmp	 2.065640e+03	 24	 999000	 240	 999000	 999	 2.066658e+03	 616.67	 600.00	 55.00	 3	 0.71	 
bmem_snacks_118	 2	 16	 Bamba.bmp	 2.068644e+03	 22	 1.182619e+03	 2200	 6.000463e+02	 98	 2.069680e+03	 616.67	 550.00	 48.00	 25	 1.62	 
