subjectID	order	runNum	itemName	onsetTime	shuff_trialType	RT	respInTime	AudioTime	response	fixationTime	ladder1	ladder2	bidIndex	BDMtrialIndex	bidValue
bmem_snacks_117	 1	 10	 Kitkat.bmp	 1.159241e+03	 12	 999000	 120	 999000	 999	 1.160259e+03	 650.00	 650.00	 21.00	 25	 2.69	 
bmem_snacks_117	 1	 10	 Egozi.bmp	 1.161243e+03	 24	 999000	 240	 999000	 999	 1.162262e+03	 650.00	 650.00	 55.00	 56	 0.04	 
bmem_snacks_117	 1	 10	 Halva2.bmp	 1.165248e+03	 24	 999000	 240	 999000	 999	 1.166266e+03	 650.00	 650.00	 41.00	 6	 0.07	 
bmem_snacks_117	 1	 10	 PesekZman.bmp	 1.168235e+03	 12	 999000	 120	 999000	 999	 1.169254e+03	 650.00	 650.00	 6.00	 7	 5.96	 
bmem_snacks_117	 1	 10	 ClickBisquit2.bmp	 1.170237e+03	 12	 999000	 120	 999000	 999	 1.171255e+03	 650.00	 650.00	 11.00	 34	 5.87	 
bmem_snacks_117	 1	 10	 ChocolateParaMilk3.bmp	 1.173240e+03	 11	 9.543663e+02	 110	 6.500637e+02	 98	 1.174277e+03	 666.67	 650.00	 7.00	 19	 5.93	 
bmem_snacks_117	 1	 10	 Mars.bmp	 1.177245e+03	 24	 999000	 240	 999000	 999	 1.178264e+03	 666.67	 650.00	 56.00	 2	 0.02	 
bmem_snacks_117	 1	 10	 WerthersOriginal.bmp	 1.181249e+03	 24	 999000	 240	 999000	 999	 1.182267e+03	 666.67	 650.00	 57.00	 5	 0.02	 
bmem_snacks_117	 1	 10	 CrunchBisquitWhite2.bmp	 1.183235e+03	 24	 999000	 240	 999000	 999	 1.184253e+03	 666.67	 650.00	 40.00	 40	 0.09	 
bmem_snacks_117	 1	 10	 ClickBlackWhite3.bmp	 1.188240e+03	 12	 999000	 120	 999000	 999	 1.189260e+03	 666.67	 650.00	 16.00	 4	 4.80	 
bmem_snacks_117	 1	 10	 Tapuchips.bmp	 1.190243e+03	 12	 999000	 120	 999000	 999	 1.191261e+03	 666.67	 650.00	 17.00	 45	 3.82	 
bmem_snacks_117	 1	 10	 BambaNugat.bmp	 1.192245e+03	 24	 999000	 240	 999000	 999	 1.193264e+03	 666.67	 650.00	 54.00	 52	 0.04	 
bmem_snacks_117	 1	 10	 GumiWine2.bmp	 1.198235e+03	 24	 999000	 240	 999000	 999	 1.199254e+03	 666.67	 650.00	 48.00	 60	 0.07	 
bmem_snacks_117	 1	 10	 GumiSnakes3.bmp	 1.200237e+03	 24	 999000	 240	 999000	 999	 1.201256e+03	 666.67	 650.00	 46.00	 53	 0.07	 
bmem_snacks_117	 1	 10	 SkittlesFruits2.bmp	 1.202239e+03	 22	 1.003228e+03	 2200	 6.500644e+02	 98	 1.203274e+03	 666.67	 600.00	 44.00	 41	 0.07	 
bmem_snacks_117	 1	 10	 HispusimShatiah.bmp	 1.204242e+03	 11	 9.609401e+02	 110	 6.667140e+02	 98	 1.205278e+03	 683.33	 600.00	 13.00	 1	 4.84	 
bmem_snacks_117	 1	 10	 DoritosNatural.bmp	 1.208246e+03	 12	 999000	 120	 999000	 999	 1.209266e+03	 683.33	 600.00	 14.00	 39	 4.84	 
bmem_snacks_117	 1	 10	 ChocolateParaCookies5.bmp	 1.212234e+03	 24	 999000	 240	 999000	 999	 1.213252e+03	 683.33	 600.00	 43.00	 37	 0.07	 
bmem_snacks_117	 1	 10	 BisliOnion.bmp	 1.215237e+03	 12	 999000	 120	 999000	 999	 1.216256e+03	 683.33	 600.00	 9.00	 30	 5.87	 
bmem_snacks_117	 1	 10	 Dubonim.bmp	 1.219242e+03	 12	 999000	 120	 999000	 999	 1.220261e+03	 683.33	 600.00	 4.00	 57	 6.44	 
bmem_snacks_117	 1	 10	 ClickBalls5.bmp	 1.222245e+03	 11	 9.892737e+02	 110	 6.833815e+02	 98	 1.223282e+03	 700.00	 600.00	 15.00	 46	 4.82	 
bmem_snacks_117	 1	 10	 DoritosGrill.bmp	 1.224248e+03	 11	 1.003050e+03	 1100	 7.000444e+02	 98	 1.225282e+03	 650.00	 600.00	 10.00	 33	 5.87	 
bmem_snacks_117	 1	 10	 ClickXLwhite4.bmp	 1.228235e+03	 24	 999000	 240	 999000	 999	 1.229254e+03	 650.00	 600.00	 58.00	 16	 0.02	 
bmem_snacks_117	 1	 10	 Smarties.bmp	 1.230237e+03	 22	 9.010726e+02	 220	 6.000502e+02	 98	 1.231272e+03	 650.00	 616.67	 47.00	 55	 0.07	 
bmem_snacks_117	 1	 10	 BambaSweet.bmp	 1.232240e+03	 22	 8.987349e+02	 220	 6.167058e+02	 98	 1.233276e+03	 650.00	 633.33	 45.00	 50	 0.07	 
bmem_snacks_117	 1	 10	 TapuchipsCrunch.bmp	 1.236244e+03	 12	 999000	 120	 999000	 999	 1.237263e+03	 650.00	 633.33	 22.00	 14	 2.67	 
bmem_snacks_117	 1	 10	 Keifli.bmp	 1.238246e+03	 24	 999000	 240	 999000	 999	 1.239265e+03	 650.00	 633.33	 42.00	 28	 0.07	 
bmem_snacks_117	 1	 10	 Snickers.bmp	 1.242234e+03	 24	 999000	 240	 999000	 999	 1.243253e+03	 650.00	 633.33	 49.00	 11	 0.04	 
bmem_snacks_117	 1	 10	 Apropo.bmp	 1.246239e+03	 12	 999000	 120	 999000	 999	 1.247257e+03	 650.00	 633.33	 19.00	 48	 2.80	 
bmem_snacks_117	 1	 10	 ChocolateParaSucariotKoftzot2.bmp	 1.249242e+03	 12	 999000	 120	 999000	 999	 1.250261e+03	 650.00	 633.33	 5.00	 36	 5.98	 
bmem_snacks_117	 1	 10	 Loacker.bmp	 1.255232e+03	 11	 9.945477e+02	 110	 6.500445e+02	 98	 1.256268e+03	 666.67	 633.33	 12.00	 3	 4.89	 
bmem_snacks_117	 1	 10	 BisliPizza3.bmp	 1.257234e+03	 12	 999000	 120	 999000	 999	 1.258253e+03	 666.67	 633.33	 8.00	 22	 5.91	 
bmem_snacks_117	 1	 10	 KinderBuenoWhite2.bmp	 1.261239e+03	 24	 999000	 240	 999000	 999	 1.262258e+03	 666.67	 633.33	 39.00	 49	 0.11	 
bmem_snacks_117	 1	 10	 Popco.bmp	 1.263241e+03	 22	 9.372073e+02	 220	 6.333855e+02	 98	 1.264278e+03	 666.67	 650.00	 52.00	 42	 0.04	 
bmem_snacks_117	 1	 10	 SkittlesSour4.bmp	 1.265244e+03	 24	 999000	 240	 999000	 999	 1.266265e+03	 666.67	 650.00	 51.00	 32	 0.04	 
bmem_snacks_117	 1	 10	 Mekupelet.bmp	 1.267246e+03	 11	 9.406328e+02	 110	 6.667113e+02	 98	 1.268282e+03	 683.33	 650.00	 18.00	 15	 3.36	 
bmem_snacks_117	 1	 10	 Bamba.bmp	 1.272235e+03	 22	 9.198140e+02	 220	 6.500469e+02	 98	 1.273271e+03	 683.33	 666.67	 53.00	 44	 0.04	 
bmem_snacks_117	 1	 10	 Cheetos.bmp	 1.274237e+03	 22	 9.976362e+02	 220	 6.667088e+02	 98	 1.275272e+03	 683.33	 683.33	 50.00	 27	 0.04	 
bmem_snacks_117	 1	 10	 KashitSour.bmp	 1.276239e+03	 12	 999000	 120	 999000	 999	 1.277258e+03	 683.33	 683.33	 20.00	 9	 2.73	 
bmem_snacks_117	 1	 10	 BisliGrill.bmp	 1.279243e+03	 12	 999000	 120	 999000	 999	 1.280261e+03	 683.33	 683.33	 3.00	 38	 6.51	 
