subjectID	order	runNum	itemName	onsetTime	shuff_trialType	RT	respInTime	AudioTime	response	fixationTime	ladder1	ladder2	bidIndex	BDMtrialIndex	bidValue
bmem_snacks_121	 1	 15	 GumiSnakes3.bmp	 1.790962e+03	 24	 999000	 240	 999000	 999	 1.791982e+03	 683.33	 683.33	 58.00	 41	 0.24	 
bmem_snacks_121	 1	 15	 DoritosSourSpicy.bmp	 1.795950e+03	 24	 999000	 240	 999000	 999	 1.796972e+03	 683.33	 683.33	 46.00	 43	 0.47	 
bmem_snacks_121	 1	 15	 Bounty.bmp	 1.797953e+03	 12	 999000	 120	 999000	 999	 1.798972e+03	 683.33	 683.33	 11.00	 33	 4.84	 
bmem_snacks_121	 1	 15	 Twix.bmp	 1.799955e+03	 11	 8.790815e+02	 110	 6.833972e+02	 98	 1.800991e+03	 700.00	 683.33	 18.00	 50	 3.62	 
bmem_snacks_121	 1	 15	 BabyDoll.bmp	 1.805962e+03	 24	 999000	 240	 999000	 999	 1.806981e+03	 700.00	 683.33	 55.00	 54	 0.40	 
bmem_snacks_121	 1	 15	 ClickBalls5.bmp	 1.807964e+03	 24	 999000	 240	 999000	 999	 1.808985e+03	 700.00	 683.33	 54.00	 30	 0.40	 
bmem_snacks_121	 1	 15	 Smarties.bmp	 1.810950e+03	 24	 999000	 240	 999000	 999	 1.811972e+03	 700.00	 683.33	 51.00	 40	 0.42	 
bmem_snacks_121	 1	 15	 ChocolateParaCookies5.bmp	 1.812953e+03	 11	 9.691363e+02	 110	 7.000430e+02	 98	 1.813989e+03	 716.67	 683.33	 13.00	 10	 4.82	 
bmem_snacks_121	 1	 15	 ChocolateParaMilk3.bmp	 1.816957e+03	 12	 999000	 120	 999000	 999	 1.817977e+03	 716.67	 683.33	 20.00	 14	 3.13	 
bmem_snacks_121	 1	 15	 Twist.bmp	 1.818960e+03	 22	 9.624651e+02	 220	 6.834104e+02	 98	 1.819996e+03	 716.67	 700.00	 52.00	 12	 0.40	 
bmem_snacks_121	 1	 15	 Cheetos.bmp	 1.823965e+03	 22	 9.728166e+02	 220	 7.000424e+02	 98	 1.825002e+03	 716.67	 716.67	 45.00	 21	 0.49	 
bmem_snacks_121	 1	 15	 SkittlesFruits2.bmp	 1.830956e+03	 24	 999000	 240	 999000	 999	 1.831978e+03	 716.67	 716.67	 40.00	 15	 0.56	 
bmem_snacks_121	 1	 15	 KinderJoy.bmp	 1.832959e+03	 12	 999000	 120	 999000	 999	 1.833978e+03	 716.67	 716.67	 6.00	 55	 5.84	 
bmem_snacks_121	 1	 15	 HappyHippo.bmp	 1.835962e+03	 12	 999000	 120	 999000	 999	 1.836984e+03	 716.67	 716.67	 5.00	 23	 5.89	 
bmem_snacks_121	 1	 15	 ChocolateParaMarir2.bmp	 1.838965e+03	 12	 999000	 120	 999000	 999	 1.839987e+03	 716.67	 716.67	 22.00	 52	 2.84	 
bmem_snacks_121	 1	 15	 CrunchShokoVanil.bmp	 1.842953e+03	 11	 1.032725e+03	 1100	 7.167094e+02	 98	 1.843989e+03	 666.67	 716.67	 15.00	 31	 4.80	 
bmem_snacks_121	 1	 15	 CrunchBisquitWhite2.bmp	 1.846958e+03	 11	 9.484318e+02	 110	 6.667083e+02	 98	 1.847993e+03	 683.33	 716.67	 12.00	 48	 4.84	 
bmem_snacks_121	 1	 15	 KinderBuenoBrown3.bmp	 1.850962e+03	 12	 999000	 120	 999000	 999	 1.851984e+03	 683.33	 716.67	 3.00	 4	 6.82	 
bmem_snacks_121	 1	 15	 ClickBlackWhite3.bmp	 1.853965e+03	 12	 999000	 120	 999000	 999	 1.854987e+03	 683.33	 716.67	 8.00	 3	 4.98	 
bmem_snacks_121	 1	 15	 BagaleShtuhim.bmp	 1.859956e+03	 24	 999000	 240	 999000	 999	 1.860975e+03	 683.33	 716.67	 49.00	 39	 0.44	 
bmem_snacks_121	 1	 15	 PesekZman.bmp	 1.861958e+03	 24	 999000	 240	 999000	 999	 1.862979e+03	 683.33	 716.67	 41.00	 37	 0.56	 
bmem_snacks_121	 1	 15	 ClickXLwhite4.bmp	 1.864961e+03	 12	 999000	 120	 999000	 999	 1.865980e+03	 683.33	 716.67	 14.00	 59	 4.82	 
bmem_snacks_121	 1	 15	 KashitSour.bmp	 1.866963e+03	 24	 999000	 240	 999000	 999	 1.867983e+03	 683.33	 716.67	 43.00	 28	 0.53	 
bmem_snacks_121	 1	 15	 Halva2.bmp	 1.868966e+03	 11	 1.028363e+03	 1100	 6.833938e+02	 98	 1.870000e+03	 633.33	 716.67	 7.00	 18	 5.18	 
bmem_snacks_121	 1	 15	 Taami.bmp	 1.870951e+03	 12	 999000	 120	 999000	 999	 1.871971e+03	 633.33	 716.67	 19.00	 60	 3.51	 
bmem_snacks_121	 1	 15	 Hit.bmp	 1.873955e+03	 12	 999000	 120	 999000	 999	 1.874976e+03	 633.33	 716.67	 9.00	 5	 4.91	 
bmem_snacks_121	 1	 15	 Apropo.bmp	 1.877959e+03	 22	 9.469892e+02	 220	 7.167392e+02	 98	 1.878995e+03	 633.33	 733.33	 50.00	 57	 0.44	 
bmem_snacks_121	 1	 15	 Mekupelet.bmp	 1.879961e+03	 11	 8.646675e+02	 110	 6.333774e+02	 98	 1.880998e+03	 650.00	 733.33	 10.00	 32	 4.91	 
bmem_snacks_121	 1	 15	 Mars.bmp	 1.881963e+03	 12	 999000	 120	 999000	 999	 1.882985e+03	 650.00	 733.33	 4.00	 49	 5.98	 
bmem_snacks_121	 1	 15	 DoritosNatural.bmp	 1.883966e+03	 22	 1.364224e+03	 2200	 7.333753e+02	 98	 1.885002e+03	 650.00	 683.33	 44.00	 58	 0.53	 
bmem_snacks_121	 1	 15	 WerthersOriginal.bmp	 1.885951e+03	 24	 999000	 240	 999000	 999	 1.886971e+03	 650.00	 683.33	 56.00	 38	 0.36	 
bmem_snacks_121	 1	 15	 ClickXLbrown4.bmp	 1.887954e+03	 12	 999000	 120	 999000	 999	 1.888973e+03	 650.00	 683.33	 17.00	 26	 3.71	 
bmem_snacks_121	 1	 15	 HispusimShatiah.bmp	 1.891958e+03	 24	 999000	 240	 999000	 999	 1.892979e+03	 650.00	 683.33	 57.00	 20	 0.31	 
bmem_snacks_121	 1	 15	 Tictac.bmp	 1.895963e+03	 24	 999000	 240	 999000	 999	 1.896984e+03	 650.00	 683.33	 42.00	 11	 0.53	 
bmem_snacks_121	 1	 15	 BisliOnion.bmp	 1.897965e+03	 24	 999000	 240	 999000	 999	 1.898986e+03	 650.00	 683.33	 39.00	 2	 0.56	 
bmem_snacks_121	 1	 15	 TapuchipsCrunch.bmp	 1.899967e+03	 22	 9.549782e+02	 220	 6.833844e+02	 98	 1.901003e+03	 650.00	 700.00	 47.00	 53	 0.47	 
bmem_snacks_121	 1	 15	 CrunchBisquitBrown3.bmp	 1.901953e+03	 12	 999000	 120	 999000	 999	 1.902972e+03	 650.00	 700.00	 16.00	 35	 3.73	 
bmem_snacks_121	 1	 15	 BisliPizza3.bmp	 1.903955e+03	 22	 9.272027e+02	 220	 7.000430e+02	 98	 1.904991e+03	 650.00	 716.67	 53.00	 29	 0.40	 
bmem_snacks_121	 1	 15	 Egozi.bmp	 1.909962e+03	 12	 999000	 120	 999000	 999	 1.910983e+03	 650.00	 716.67	 21.00	 22	 2.84	 
bmem_snacks_121	 1	 15	 DoritosGrill.bmp	 1.911964e+03	 24	 999000	 240	 999000	 999	 1.912985e+03	 650.00	 716.67	 48.00	 13	 0.44	 
