subjectID	order	runNum	itemName	onsetTime	shuff_trialType	RT	respInTime	AudioTime	response	fixationTime	ladder1	ladder2	bidIndex	BDMtrialIndex	bidValue
bmem_snacks_131	 1	 2	 TapuchipsCrunch.bmp	 1.259679e+02	 12	 999000	 120	 999000	 999	 1.269875e+02	 783.33	 783.33	 11.00	 56	 4.93	 
bmem_snacks_131	 1	 2	 DoritosSourSpicy.bmp	 1.309567e+02	 24	 999000	 240	 999000	 999	 1.319767e+02	 783.33	 783.33	 56.00	 54	 0.11	 
bmem_snacks_131	 1	 2	 Twix.bmp	 1.329589e+02	 12	 999000	 120	 999000	 999	 1.339786e+02	 783.33	 783.33	 6.00	 9	 5.42	 
bmem_snacks_131	 1	 2	 ClickXLwhite4.bmp	 1.349612e+02	 12	 999000	 120	 999000	 999	 1.359809e+02	 783.33	 783.33	 17.00	 43	 4.84	 
bmem_snacks_131	 1	 2	 Tapuchips.bmp	 1.409679e+02	 12	 999000	 120	 999000	 999	 1.419862e+02	 783.33	 783.33	 19.00	 25	 4.40	 
bmem_snacks_131	 1	 2	 CrunchBisquitWhite2.bmp	 1.429535e+02	 12	 999000	 120	 999000	 999	 1.439731e+02	 783.33	 783.33	 14.00	 13	 4.84	 
bmem_snacks_131	 1	 2	 BambaNugat.bmp	 1.459568e+02	 12	 999000	 120	 999000	 999	 1.469762e+02	 783.33	 783.33	 20.00	 26	 4.38	 
bmem_snacks_131	 1	 2	 KifkefMaklot2.bmp	 1.479590e+02	 22	 1.058018e+03	 2200	 7.833923e+02	 98	 1.489953e+02	 783.33	 733.33	 44.00	 45	 1.60	 
bmem_snacks_131	 1	 2	 KinderBuenoBrown3.bmp	 1.519635e+02	 11	 9.575004e+02	 110	 7.833891e+02	 98	 1.529999e+02	 800.00	 733.33	 10.00	 20	 5.31	 
bmem_snacks_131	 1	 2	 ClickBlackWhite3.bmp	 1.539658e+02	 12	 999000	 120	 999000	 999	 1.549854e+02	 800.00	 733.33	 22.00	 2	 4.31	 
bmem_snacks_131	 1	 2	 HappyHippo.bmp	 1.589548e+02	 24	 999000	 240	 999000	 999	 1.599745e+02	 800.00	 733.33	 40.00	 58	 1.69	 
bmem_snacks_131	 1	 2	 Snickers.bmp	 1.659626e+02	 24	 999000	 240	 999000	 999	 1.669820e+02	 800.00	 733.33	 48.00	 37	 0.62	 
bmem_snacks_131	 1	 2	 ChocolateParaCookies5.bmp	 1.679649e+02	 12	 999000	 120	 999000	 999	 1.689844e+02	 800.00	 733.33	 4.00	 55	 5.87	 
bmem_snacks_131	 1	 2	 Mars.bmp	 1.709513e+02	 24	 999000	 240	 999000	 999	 1.719710e+02	 800.00	 733.33	 49.00	 59	 0.60	 
bmem_snacks_131	 1	 2	 BisliGrill.bmp	 1.739549e+02	 11	 9.981280e+02	 110	 8.000431e+02	 98	 1.749922e+02	 816.67	 733.33	 15.00	 23	 4.84	 
bmem_snacks_131	 1	 2	 BambaSweet.bmp	 1.779593e+02	 24	 999000	 240	 999000	 999	 1.789788e+02	 816.67	 733.33	 51.00	 6	 0.51	 
bmem_snacks_131	 1	 2	 PesekZman.bmp	 1.819639e+02	 12	 999000	 120	 999000	 999	 1.829835e+02	 816.67	 733.33	 21.00	 38	 4.33	 
bmem_snacks_131	 1	 2	 Tictac.bmp	 1.859514e+02	 24	 999000	 240	 999000	 999	 1.869711e+02	 816.67	 733.33	 54.00	 30	 0.11	 
bmem_snacks_131	 1	 2	 GumiWine2.bmp	 1.889550e+02	 22	 9.500630e+02	 220	 7.333807e+02	 98	 1.899919e+02	 816.67	 750.00	 50.00	 42	 0.58	 
bmem_snacks_131	 1	 2	 BisliOnion.bmp	 1.949617e+02	 12	 999000	 120	 999000	 999	 1.959814e+02	 816.67	 750.00	 3.00	 60	 5.89	 
bmem_snacks_131	 1	 2	 Mekupelet.bmp	 1.969640e+02	 24	 999000	 240	 999000	 999	 1.979837e+02	 816.67	 750.00	 43.00	 32	 1.60	 
bmem_snacks_131	 1	 2	 Taami.bmp	 1.999673e+02	 24	 999000	 240	 999000	 999	 2.009872e+02	 816.67	 750.00	 55.00	 53	 0.11	 
bmem_snacks_131	 1	 2	 BabyDoll.bmp	 2.019527e+02	 11	 1.024417e+03	 1100	 8.167137e+02	 98	 2.029899e+02	 766.67	 750.00	 18.00	 1	 4.82	 
bmem_snacks_131	 1	 2	 SkittlesSour4.bmp	 2.039552e+02	 22	 9.578821e+02	 220	 7.500493e+02	 98	 2.049926e+02	 766.67	 766.67	 47.00	 46	 1.07	 
bmem_snacks_131	 1	 2	 Dubonim.bmp	 2.059574e+02	 12	 999000	 120	 999000	 999	 2.069771e+02	 766.67	 766.67	 16.00	 31	 4.84	 
bmem_snacks_131	 1	 2	 KinderBuenoWhite2.bmp	 2.089608e+02	 12	 999000	 120	 999000	 999	 2.099804e+02	 766.67	 766.67	 5.00	 7	 5.44	 
bmem_snacks_131	 1	 2	 Bamba.bmp	 2.129653e+02	 12	 999000	 120	 999000	 999	 2.139852e+02	 766.67	 766.67	 8.00	 28	 5.38	 
bmem_snacks_131	 1	 2	 GumiSnakes3.bmp	 2.149676e+02	 11	 9.854911e+02	 110	 7.667174e+02	 98	 2.160045e+02	 783.33	 766.67	 13.00	 10	 4.84	 
bmem_snacks_131	 1	 2	 DoritosNatural.bmp	 2.169530e+02	 22	 1.071999e+03	 2200	 7.667262e+02	 98	 2.179888e+02	 783.33	 716.67	 53.00	 57	 0.20	 
bmem_snacks_131	 1	 2	 KashitSour.bmp	 2.189554e+02	 22	 9.176707e+02	 220	 7.167200e+02	 98	 2.200072e+02	 783.33	 733.33	 45.00	 18	 1.58	 
bmem_snacks_131	 1	 2	 KinderJoy.bmp	 2.209575e+02	 24	 999000	 240	 999000	 999	 2.219773e+02	 783.33	 733.33	 41.00	 33	 1.64	 
bmem_snacks_131	 1	 2	 Bounty.bmp	 2.229597e+02	 24	 999000	 240	 999000	 999	 2.239795e+02	 783.33	 733.33	 58.00	 22	 0.07	 
bmem_snacks_131	 1	 2	 Popco.bmp	 2.269643e+02	 22	 9.806784e+02	 220	 7.333836e+02	 98	 2.280008e+02	 783.33	 750.00	 52.00	 19	 0.51	 
bmem_snacks_131	 1	 2	 Smarties.bmp	 2.309521e+02	 24	 999000	 240	 999000	 999	 2.319716e+02	 783.33	 750.00	 39.00	 49	 1.69	 
bmem_snacks_131	 1	 2	 Twist.bmp	 2.329544e+02	 24	 999000	 240	 999000	 999	 2.339739e+02	 783.33	 750.00	 57.00	 11	 0.07	 
bmem_snacks_131	 1	 2	 ClickBisquit2.bmp	 2.349567e+02	 24	 999000	 240	 999000	 999	 2.359763e+02	 783.33	 750.00	 46.00	 41	 1.58	 
bmem_snacks_131	 1	 2	 Apropo.bmp	 2.369588e+02	 11	 9.702477e+02	 110	 7.833858e+02	 98	 2.379953e+02	 800.00	 750.00	 7.00	 40	 5.42	 
bmem_snacks_131	 1	 2	 ChocolateParaMarir2.bmp	 2.389611e+02	 24	 999000	 240	 999000	 999	 2.399803e+02	 800.00	 750.00	 42.00	 35	 1.62	 
bmem_snacks_131	 1	 2	 Cheetos.bmp	 2.449678e+02	 12	 999000	 120	 999000	 999	 2.459876e+02	 800.00	 750.00	 9.00	 34	 5.36	 
bmem_snacks_131	 1	 2	 BisliPizza3.bmp	 2.469533e+02	 11	 1.119712e+03	 1100	 8.000463e+02	 98	 2.479900e+02	 750.00	 750.00	 12.00	 44	 4.89	 
