subjectID	order	runNum	itemName	onsetTime	shuff_trialType	RT	respInTime	AudioTime	response	fixationTime	ladder1	ladder2	bidIndex	BDMtrialIndex	bidValue
bmem_snacks_115	 1	 13	 ChocolateParaCookies5.bmp	 2.334334e+03	 12	 999000	 120	 999000	 999	 2.335352e+03	 683.33	 683.33	 11.00	 11	 3.89	 
bmem_snacks_115	 1	 13	 Bounty.bmp	 2.336320e+03	 24	 999000	 240	 999000	 999	 2.337338e+03	 683.33	 683.33	 46.00	 44	 0.60	 
bmem_snacks_115	 1	 13	 Bamba.bmp	 2.340325e+03	 12	 999000	 120	 999000	 999	 2.341342e+03	 683.33	 683.33	 6.00	 33	 4.89	 
bmem_snacks_115	 1	 13	 Dubonim.bmp	 2.343328e+03	 24	 999000	 240	 999000	 999	 2.344346e+03	 683.33	 683.33	 54.00	 50	 0.27	 
bmem_snacks_115	 1	 13	 ClickXLwhite4.bmp	 2.345313e+03	 24	 999000	 240	 999000	 999	 2.346331e+03	 683.33	 683.33	 51.00	 22	 0.58	 
bmem_snacks_115	 1	 13	 Apropo.bmp	 2.348317e+03	 24	 999000	 240	 999000	 999	 2.349335e+03	 683.33	 683.33	 42.00	 57	 1.44	 
bmem_snacks_115	 1	 13	 CrunchBisquitWhite2.bmp	 2.352321e+03	 12	 999000	 120	 999000	 999	 2.353339e+03	 683.33	 683.33	 17.00	 10	 3.38	 
bmem_snacks_115	 1	 13	 BabyDoll.bmp	 2.356326e+03	 24	 999000	 240	 999000	 999	 2.357344e+03	 683.33	 683.33	 40.00	 30	 1.67	 
bmem_snacks_115	 1	 13	 Keifli.bmp	 2.358328e+03	 11	 9.863445e+02	 110	 6.833979e+02	 98	 2.359363e+03	 700.00	 683.33	 12.00	 6	 3.87	 
bmem_snacks_115	 1	 13	 Egozi.bmp	 2.363317e+03	 12	 999000	 120	 999000	 999	 2.364335e+03	 700.00	 683.33	 9.00	 21	 4.04	 
bmem_snacks_115	 1	 13	 BisliGrill.bmp	 2.365319e+03	 24	 999000	 240	 999000	 999	 2.366337e+03	 700.00	 683.33	 56.00	 60	 0.16	 
bmem_snacks_115	 1	 13	 WerthersOriginal.bmp	 2.367322e+03	 11	 1.032847e+03	 1100	 7.000620e+02	 98	 2.368356e+03	 650.00	 683.33	 7.00	 9	 4.78	 
bmem_snacks_115	 1	 13	 Snickers.bmp	 2.373328e+03	 11	 9.061956e+02	 110	 6.500483e+02	 98	 2.374363e+03	 666.67	 683.33	 13.00	 12	 3.87	 
bmem_snacks_115	 1	 13	 Cheetos.bmp	 2.375314e+03	 11	 9.209043e+02	 110	 6.667164e+02	 98	 2.376350e+03	 683.33	 683.33	 10.00	 5	 3.89	 
bmem_snacks_115	 1	 13	 GumiWine2.bmp	 2.377316e+03	 12	 999000	 120	 999000	 999	 2.378334e+03	 683.33	 683.33	 3.00	 56	 6.51	 
bmem_snacks_115	 1	 13	 Popco.bmp	 2.379318e+03	 12	 999000	 120	 999000	 999	 2.380336e+03	 683.33	 683.33	 8.00	 29	 4.73	 
bmem_snacks_115	 1	 13	 Kitkat.bmp	 2.383323e+03	 12	 999000	 120	 999000	 999	 2.384341e+03	 683.33	 683.33	 14.00	 39	 3.87	 
bmem_snacks_115	 1	 13	 BisliPizza3.bmp	 2.387327e+03	 24	 999000	 240	 999000	 999	 2.388345e+03	 683.33	 683.33	 55.00	 36	 0.16	 
bmem_snacks_115	 1	 13	 Loacker.bmp	 2.390314e+03	 22	 1.008749e+03	 2200	 6.833921e+02	 98	 2.391349e+03	 683.33	 633.33	 47.00	 49	 0.60	 
bmem_snacks_115	 1	 13	 ChocolateParaMarir2.bmp	 2.394318e+03	 12	 999000	 120	 999000	 999	 2.395336e+03	 683.33	 633.33	 21.00	 7	 3.24	 
bmem_snacks_115	 1	 13	 BisliOnion.bmp	 2.397322e+03	 22	 9.286030e+02	 220	 6.333759e+02	 98	 2.398356e+03	 683.33	 650.00	 45.00	 24	 1.02	 
bmem_snacks_115	 1	 13	 KashitSour.bmp	 2.399324e+03	 22	 9.343090e+02	 220	 6.500542e+02	 98	 2.400359e+03	 683.33	 666.67	 53.00	 32	 0.27	 
bmem_snacks_115	 1	 13	 KinderBuenoWhite2.bmp	 2.403329e+03	 12	 999000	 120	 999000	 999	 2.404346e+03	 683.33	 666.67	 4.00	 55	 5.11	 
bmem_snacks_115	 1	 13	 ChocolateParaSucariotKoftzot2.bmp	 2.405314e+03	 12	 999000	 120	 999000	 999	 2.406332e+03	 683.33	 666.67	 20.00	 4	 3.29	 
bmem_snacks_115	 1	 13	 TapuchipsCrunch.bmp	 2.407316e+03	 12	 999000	 120	 999000	 999	 2.408334e+03	 683.33	 666.67	 16.00	 48	 3.76	 
bmem_snacks_115	 1	 13	 Twist.bmp	 2.411321e+03	 24	 999000	 240	 999000	 999	 2.412339e+03	 683.33	 666.67	 57.00	 42	 0.11	 
bmem_snacks_115	 1	 13	 GumiSnakes3.bmp	 2.413323e+03	 24	 999000	 240	 999000	 999	 2.414341e+03	 683.33	 666.67	 41.00	 58	 1.67	 
bmem_snacks_115	 1	 13	 HispusimShatiah.bmp	 2.417328e+03	 24	 999000	 240	 999000	 999	 2.418345e+03	 683.33	 666.67	 49.00	 13	 0.58	 
bmem_snacks_115	 1	 13	 HappyHippo.bmp	 2.421315e+03	 12	 999000	 120	 999000	 999	 2.422333e+03	 683.33	 666.67	 5.00	 59	 4.98	 
bmem_snacks_115	 1	 13	 SkittlesSour4.bmp	 2.424319e+03	 22	 9.395601e+02	 220	 6.667201e+02	 98	 2.425354e+03	 683.33	 683.33	 52.00	 40	 0.58	 
bmem_snacks_115	 1	 13	 Twix.bmp	 2.430326e+03	 11	 9.888404e+02	 110	 6.834344e+02	 98	 2.431361e+03	 700.00	 683.33	 15.00	 34	 3.82	 
bmem_snacks_115	 1	 13	 Shugi.bmp	 2.432328e+03	 24	 999000	 240	 999000	 999	 2.433346e+03	 700.00	 683.33	 39.00	 43	 1.69	 
bmem_snacks_115	 1	 13	 ChocolateParaMilk3.bmp	 2.436316e+03	 12	 999000	 120	 999000	 999	 2.437333e+03	 700.00	 683.33	 22.00	 1	 3.20	 
bmem_snacks_115	 1	 13	 ClickXLbrown4.bmp	 2.438318e+03	 24	 999000	 240	 999000	 999	 2.439336e+03	 700.00	 683.33	 43.00	 37	 1.20	 
bmem_snacks_115	 1	 13	 SkittlesFruits2.bmp	 2.440320e+03	 24	 999000	 240	 999000	 999	 2.441338e+03	 700.00	 683.33	 48.00	 52	 0.60	 
bmem_snacks_115	 1	 13	 BambaSweet.bmp	 2.442322e+03	 24	 999000	 240	 999000	 999	 2.443340e+03	 700.00	 683.33	 58.00	 8	 0.09	 
bmem_snacks_115	 1	 13	 KinderBuenoBrown3.bmp	 2.447328e+03	 12	 999000	 120	 999000	 999	 2.448346e+03	 700.00	 683.33	 19.00	 3	 3.29	 
bmem_snacks_115	 1	 13	 DoritosNatural.bmp	 2.449313e+03	 22	 9.850426e+02	 220	 6.833921e+02	 98	 2.450350e+03	 700.00	 700.00	 44.00	 23	 1.13	 
bmem_snacks_115	 1	 13	 CrunchShokoVanil.bmp	 2.451316e+03	 22	 9.985912e+02	 220	 7.000504e+02	 98	 2.452352e+03	 700.00	 716.67	 50.00	 14	 0.58	 
bmem_snacks_115	 1	 13	 Tapuchips.bmp	 2.454319e+03	 11	 9.471941e+02	 110	 7.000508e+02	 98	 2.455354e+03	 716.67	 716.67	 18.00	 16	 3.36	 
