subjectID	order	runNum	itemName	onsetTime	shuff_trialType	RT	respInTime	AudioTime	response	fixationTime	ladder1	ladder2	bidIndex	BDMtrialIndex	bidValue
bmem_snacks_106	 2	 6	 Mekupelet.bmp	 6.719556e+02	 12	 999000	 120	 999000	 999	 6.729735e+02	 583.33	 583.33	 12.00	 56	 8.56	 
bmem_snacks_106	 2	 6	 Kitkat.bmp	 6.769446e+02	 24	 999000	 240	 999000	 999	 6.779623e+02	 583.33	 583.33	 41.00	 11	 0.56	 
bmem_snacks_106	 2	 6	 KinderJoy.bmp	 6.789468e+02	 12	 999000	 120	 999000	 999	 6.799646e+02	 583.33	 583.33	 7.00	 34	 9.56	 
bmem_snacks_106	 2	 6	 Halva2.bmp	 6.809490e+02	 24	 999000	 240	 999000	 999	 6.819669e+02	 583.33	 583.33	 50.00	 39	 0.11	 
bmem_snacks_106	 2	 6	 BambaNugat.bmp	 6.869558e+02	 24	 999000	 240	 999000	 999	 6.879736e+02	 583.33	 583.33	 58.00	 47	 0.07	 
bmem_snacks_106	 2	 6	 Mars.bmp	 6.889581e+02	 24	 999000	 240	 999000	 999	 6.899757e+02	 583.33	 583.33	 42.00	 12	 0.56	 
bmem_snacks_106	 2	 6	 ChocolateParaMilk3.bmp	 6.919448e+02	 12	 999000	 120	 999000	 999	 6.929626e+02	 583.33	 583.33	 3.00	 27	 9.89	 
bmem_snacks_106	 2	 6	 Snickers.bmp	 6.939470e+02	 24	 999000	 240	 999000	 999	 6.949647e+02	 583.33	 583.33	 52.00	 22	 0.09	 
bmem_snacks_106	 2	 6	 DoritosSourSpicy.bmp	 6.979514e+02	 24	 999000	 240	 999000	 999	 6.989692e+02	 583.33	 583.33	 53.00	 35	 0.09	 
bmem_snacks_106	 2	 6	 Bamba.bmp	 6.999537e+02	 12	 999000	 120	 999000	 999	 7.009714e+02	 583.33	 583.33	 10.00	 23	 9.09	 
bmem_snacks_106	 2	 6	 Egozi.bmp	 7.049423e+02	 11	 9.482773e+02	 110	 5.833961e+02	 98	 7.059794e+02	 600.00	 583.33	 9.00	 5	 9.09	 
bmem_snacks_106	 2	 6	 ChocolateParaCookies5.bmp	 7.119504e+02	 11	 8.601903e+02	 110	 6.000547e+02	 98	 7.129849e+02	 616.67	 583.33	 11.00	 48	 8.56	 
bmem_snacks_106	 2	 6	 Cheetos.bmp	 7.139526e+02	 12	 999000	 120	 999000	 999	 7.149705e+02	 616.67	 583.33	 6.00	 17	 9.69	 
bmem_snacks_106	 2	 6	 KinderBuenoWhite2.bmp	 7.169560e+02	 22	 9.435540e+02	 220	 5.833959e+02	 98	 7.179922e+02	 616.67	 600.00	 48.00	 29	 0.11	 
bmem_snacks_106	 2	 6	 PesekZman.bmp	 7.199424e+02	 11	 1.100173e+03	 1100	 6.167150e+02	 98	 7.209771e+02	 566.67	 600.00	 17.00	 52	 6.00	 
bmem_snacks_106	 2	 6	 Keifli.bmp	 7.239472e+02	 12	 999000	 120	 999000	 999	 7.249650e+02	 566.67	 600.00	 18.00	 33	 5.89	 
bmem_snacks_106	 2	 6	 BisliOnion.bmp	 7.279517e+02	 11	 9.549331e+02	 110	 5.667127e+02	 98	 7.289861e+02	 583.33	 600.00	 8.00	 58	 9.56	 
bmem_snacks_106	 2	 6	 WerthersOriginal.bmp	 7.319562e+02	 24	 999000	 240	 999000	 999	 7.329740e+02	 583.33	 600.00	 57.00	 31	 0.07	 
bmem_snacks_106	 2	 6	 Tortit.bmp	 7.349425e+02	 24	 999000	 240	 999000	 999	 7.359606e+02	 583.33	 600.00	 56.00	 60	 0.09	 
bmem_snacks_106	 2	 6	 ClickXLbrown4.bmp	 7.409497e+02	 12	 999000	 120	 999000	 999	 7.419674e+02	 583.33	 600.00	 20.00	 43	 5.38	 
bmem_snacks_106	 2	 6	 Mentos.bmp	 7.429518e+02	 11	 1.050770e+03	 1100	 5.833854e+02	 98	 7.439865e+02	 533.33	 600.00	 16.00	 36	 6.93	 
bmem_snacks_106	 2	 6	 Dubonim.bmp	 7.459553e+02	 12	 999000	 120	 999000	 999	 7.469733e+02	 533.33	 600.00	 5.00	 2	 9.80	 
bmem_snacks_106	 2	 6	 Tictac.bmp	 7.479575e+02	 12	 5.010934e+02	 12	 999000	 98	 7.489818e+02	 533.33	 600.00	 19.00	 28	 5.38	 
bmem_snacks_106	 2	 6	 Popco.bmp	 7.499431e+02	 22	 1.035531e+03	 2200	 6.000484e+02	 98	 7.509798e+02	 533.33	 550.00	 43.00	 24	 0.18	 
bmem_snacks_106	 2	 6	 BagaleShtuhim.bmp	 7.519453e+02	 12	 999000	 120	 999000	 999	 7.529632e+02	 533.33	 550.00	 15.00	 7	 7.00	 
bmem_snacks_106	 2	 6	 Loacker.bmp	 7.549487e+02	 12	 2.299622e+02	 12	 999000	 98	 7.559665e+02	 533.33	 550.00	 21.00	 42	 5.36	 
bmem_snacks_106	 2	 6	 SkittlesSour4.bmp	 7.589532e+02	 11	 8.973647e+02	 110	 5.333860e+02	 98	 7.599875e+02	 550.00	 550.00	 14.00	 46	 7.04	 
bmem_snacks_106	 2	 6	 Twix.bmp	 7.609554e+02	 24	 999000	 240	 999000	 999	 7.619733e+02	 550.00	 550.00	 44.00	 25	 0.16	 
bmem_snacks_106	 2	 6	 KashitSour.bmp	 7.629407e+02	 24	 999000	 240	 999000	 999	 7.639587e+02	 550.00	 550.00	 47.00	 59	 0.13	 
bmem_snacks_106	 2	 6	 Apropo.bmp	 7.649433e+02	 12	 999000	 120	 999000	 999	 7.659610e+02	 550.00	 550.00	 4.00	 51	 9.89	 
bmem_snacks_106	 2	 6	 ClickBisquit2.bmp	 7.669454e+02	 24	 999000	 240	 999000	 999	 7.679633e+02	 550.00	 550.00	 55.00	 41	 0.09	 
bmem_snacks_106	 2	 6	 ChocolateParaMarir2.bmp	 7.689476e+02	 22	 9.430145e+02	 220	 5.500472e+02	 98	 7.699825e+02	 550.00	 566.67	 49.00	 30	 0.11	 
bmem_snacks_106	 2	 6	 ClickBlackWhite3.bmp	 7.729522e+02	 12	 999000	 120	 999000	 999	 7.739699e+02	 550.00	 566.67	 22.00	 57	 4.93	 
bmem_snacks_106	 2	 6	 CrunchBisquitWhite2.bmp	 7.769566e+02	 24	 999000	 240	 999000	 999	 7.779744e+02	 550.00	 566.67	 39.00	 50	 0.64	 
bmem_snacks_106	 2	 6	 SkittlesFruits2.bmp	 7.789422e+02	 12	 999000	 120	 999000	 999	 7.799600e+02	 550.00	 566.67	 13.00	 18	 8.09	 
bmem_snacks_106	 2	 6	 Twist.bmp	 7.809444e+02	 22	 8.902471e+02	 220	 5.667117e+02	 98	 7.819805e+02	 550.00	 583.33	 51.00	 44	 0.11	 
bmem_snacks_106	 2	 6	 Shugi.bmp	 7.829467e+02	 22	 9.438930e+02	 220	 5.833957e+02	 98	 7.839811e+02	 550.00	 600.00	 54.00	 38	 0.09	 
bmem_snacks_106	 2	 6	 Bounty.bmp	 7.849491e+02	 24	 999000	 240	 999000	 999	 7.859668e+02	 550.00	 600.00	 40.00	 9	 0.56	 
bmem_snacks_106	 2	 6	 BambaSweet.bmp	 7.909556e+02	 24	 999000	 240	 999000	 999	 7.919734e+02	 550.00	 600.00	 45.00	 16	 0.13	 
bmem_snacks_106	 2	 6	 Smarties.bmp	 7.929409e+02	 22	 1.013706e+03	 2200	 6.000525e+02	 98	 7.939759e+02	 550.00	 550.00	 46.00	 21	 0.13	 
