subjectID	order	runNum	itemName	onsetTime	shuff_trialType	RT	respInTime	AudioTime	response	fixationTime	ladder1	ladder2	bidIndex	BDMtrialIndex	bidValue
bmem_snacks_130	 2	 4	 Dubonim.bmp	 3.805316e+02	 12	 999000	 120	 999000	 999	 3.815516e+02	 716.67	 716.67	 12.00	 16	 6.98	 
bmem_snacks_130	 2	 4	 Keifli.bmp	 3.825342e+02	 12	 999000	 120	 999000	 999	 3.835538e+02	 716.67	 716.67	 19.00	 29	 5.93	 
bmem_snacks_130	 2	 4	 KifkefMaklot2.bmp	 3.865387e+02	 12	 999000	 120	 999000	 999	 3.875583e+02	 716.67	 716.67	 20.00	 9	 5.91	 
bmem_snacks_130	 2	 4	 ChocolateParaSucariotKoftzot2.bmp	 3.895420e+02	 11	 9.400144e+02	 110	 7.167395e+02	 98	 3.905790e+02	 733.33	 716.67	 16.00	 46	 6.47	 
bmem_snacks_130	 2	 4	 ClickXLbrown4.bmp	 3.915277e+02	 11	 1.026319e+03	 1100	 7.333892e+02	 98	 3.925638e+02	 683.33	 716.67	 14.00	 39	 6.49	 
bmem_snacks_130	 2	 4	 Shugi.bmp	 3.945310e+02	 24	 999000	 240	 999000	 999	 3.955505e+02	 683.33	 716.67	 58.00	 26	 2.69	 
bmem_snacks_130	 2	 4	 BagaleShtuhim.bmp	 3.985355e+02	 12	 999000	 120	 999000	 999	 3.995549e+02	 683.33	 716.67	 22.00	 8	 5.87	 
bmem_snacks_130	 2	 4	 ClickXLwhite4.bmp	 4.025400e+02	 12	 999000	 120	 999000	 999	 4.035597e+02	 683.33	 716.67	 5.00	 1	 8.51	 
bmem_snacks_130	 2	 4	 BisliGrill.bmp	 4.045423e+02	 22	 1.035766e+03	 2200	 7.167281e+02	 98	 4.055782e+02	 683.33	 666.67	 43.00	 45	 3.80	 
bmem_snacks_130	 2	 4	 Bounty.bmp	 4.095312e+02	 24	 999000	 240	 999000	 999	 4.105515e+02	 683.33	 666.67	 55.00	 36	 2.76	 
bmem_snacks_130	 2	 4	 Bamba.bmp	 4.115334e+02	 24	 999000	 240	 999000	 999	 4.125532e+02	 683.33	 666.67	 47.00	 41	 3.76	 
bmem_snacks_130	 2	 4	 SkittlesFruits2.bmp	 4.135356e+02	 12	 999000	 120	 999000	 999	 4.145552e+02	 683.33	 666.67	 18.00	 56	 6.38	 
bmem_snacks_130	 2	 4	 TapuchipsCrunch.bmp	 4.195424e+02	 24	 999000	 240	 999000	 999	 4.205619e+02	 683.33	 666.67	 41.00	 14	 3.82	 
bmem_snacks_130	 2	 4	 GumiWine2.bmp	 4.215280e+02	 11	 9.140923e+02	 110	 6.834148e+02	 98	 4.225816e+02	 700.00	 666.67	 11.00	 3	 6.98	 
bmem_snacks_130	 2	 4	 KinderBuenoWhite2.bmp	 4.235302e+02	 24	 999000	 240	 999000	 999	 4.245497e+02	 700.00	 666.67	 42.00	 28	 3.80	 
bmem_snacks_130	 2	 4	 CrunchBisquitBrown3.bmp	 4.255326e+02	 11	 9.814432e+02	 110	 7.000563e+02	 98	 4.265693e+02	 716.67	 666.67	 9.00	 43	 7.40	 
bmem_snacks_130	 2	 4	 Snickers.bmp	 4.295370e+02	 12	 999000	 120	 999000	 999	 4.305569e+02	 716.67	 666.67	 4.00	 19	 9.09	 
bmem_snacks_130	 2	 4	 KashitSour.bmp	 4.335414e+02	 24	 999000	 240	 999000	 999	 4.345610e+02	 716.67	 666.67	 50.00	 40	 3.24	 
bmem_snacks_130	 2	 4	 BabyDoll.bmp	 4.365282e+02	 22	 1.049849e+03	 2200	 6.667191e+02	 98	 4.375650e+02	 716.67	 616.67	 48.00	 27	 3.31	 
bmem_snacks_130	 2	 4	 ChocolateParaMarir2.bmp	 4.405326e+02	 24	 999000	 240	 999000	 999	 4.415531e+02	 716.67	 616.67	 44.00	 20	 3.78	 
bmem_snacks_130	 2	 4	 BambaSweet.bmp	 4.435360e+02	 24	 999000	 240	 999000	 999	 4.445556e+02	 716.67	 616.67	 57.00	 48	 2.71	 
bmem_snacks_130	 2	 4	 HappyHippo.bmp	 4.455382e+02	 24	 999000	 240	 999000	 999	 4.465579e+02	 716.67	 616.67	 56.00	 44	 2.71	 
bmem_snacks_130	 2	 4	 Taami.bmp	 4.495427e+02	 22	 9.393536e+02	 220	 6.167163e+02	 98	 4.505791e+02	 716.67	 633.33	 54.00	 35	 2.78	 
bmem_snacks_130	 2	 4	 Mentos.bmp	 4.515284e+02	 22	 9.216599e+02	 220	 6.333816e+02	 98	 4.525962e+02	 716.67	 650.00	 46.00	 18	 3.76	 
bmem_snacks_130	 2	 4	 Twist.bmp	 4.535306e+02	 24	 999000	 240	 999000	 999	 4.545505e+02	 716.67	 650.00	 40.00	 10	 3.82	 
bmem_snacks_130	 2	 4	 GumiSnakes3.bmp	 4.575350e+02	 24	 999000	 240	 999000	 999	 4.585547e+02	 716.67	 650.00	 52.00	 32	 3.22	 
bmem_snacks_130	 2	 4	 Hit.bmp	 4.595373e+02	 12	 999000	 120	 999000	 999	 4.605570e+02	 716.67	 650.00	 13.00	 13	 6.96	 
bmem_snacks_130	 2	 4	 KinderJoy.bmp	 4.635418e+02	 24	 999000	 240	 999000	 999	 4.645616e+02	 716.67	 650.00	 45.00	 5	 3.76	 
bmem_snacks_130	 2	 4	 Smarties.bmp	 4.675295e+02	 22	 9.605679e+02	 220	 6.500493e+02	 98	 4.685661e+02	 716.67	 666.67	 49.00	 51	 3.29	 
bmem_snacks_130	 2	 4	 Halva2.bmp	 4.705330e+02	 24	 999000	 240	 999000	 999	 4.715525e+02	 716.67	 666.67	 53.00	 34	 3.18	 
bmem_snacks_130	 2	 4	 Kitkat.bmp	 4.765396e+02	 12	 999000	 120	 999000	 999	 4.775591e+02	 716.67	 666.67	 15.00	 30	 6.47	 
bmem_snacks_130	 2	 4	 CrunchBisquitWhite2.bmp	 4.785419e+02	 12	 999000	 120	 999000	 999	 4.795616e+02	 716.67	 666.67	 3.00	 17	 9.09	 
bmem_snacks_130	 2	 4	 SkittlesSour4.bmp	 4.825297e+02	 11	 1.032332e+03	 1100	 7.167196e+02	 98	 4.835668e+02	 666.67	 666.67	 17.00	 53	 6.44	 
bmem_snacks_130	 2	 4	 Tapuchips.bmp	 4.845320e+02	 22	 9.420828e+02	 220	 6.667165e+02	 98	 4.855689e+02	 666.67	 683.33	 51.00	 55	 3.24	 
bmem_snacks_130	 2	 4	 Cheetos.bmp	 4.865341e+02	 12	 999000	 120	 999000	 999	 4.875541e+02	 666.67	 683.33	 6.00	 4	 8.07	 
bmem_snacks_130	 2	 4	 PesekZman.bmp	 4.885364e+02	 11	 9.136655e+02	 110	 6.667285e+02	 98	 4.895897e+02	 683.33	 683.33	 8.00	 11	 8.02	 
bmem_snacks_130	 2	 4	 ClickBlackWhite3.bmp	 4.935420e+02	 12	 999000	 120	 999000	 999	 4.945616e+02	 683.33	 683.33	 7.00	 23	 8.04	 
bmem_snacks_130	 2	 4	 ChocolateParaCookies5.bmp	 4.955277e+02	 12	 999000	 120	 999000	 999	 4.965473e+02	 683.33	 683.33	 10.00	 42	 7.02	 
bmem_snacks_130	 2	 4	 Twix.bmp	 4.975298e+02	 12	 999000	 120	 999000	 999	 4.985496e+02	 683.33	 683.33	 21.00	 24	 5.91	 
bmem_snacks_130	 2	 4	 Popco.bmp	 5.005332e+02	 24	 999000	 240	 999000	 999	 5.015527e+02	 683.33	 683.33	 39.00	 38	 4.18	 
