subjectID	order	runNum	itemName	onsetTime	shuff_trialType	RT	respInTime	AudioTime	response	fixationTime	ladder1	ladder2	bidIndex	BDMtrialIndex	bidValue
bmem_snacks_123	 1	 4	 Hit.bmp	 3.709905e+02	 24	 999000	 240	 999000	 999	 3.720085e+02	 716.67	 716.67	 41.00	 34	 2.71	 
bmem_snacks_123	 1	 4	 Cheetos.bmp	 3.739771e+02	 24	 999000	 240	 999000	 999	 3.749949e+02	 716.67	 716.67	 57.00	 60	 0.07	 
bmem_snacks_123	 1	 4	 KashitSour.bmp	 3.759794e+02	 24	 999000	 240	 999000	 999	 3.769973e+02	 716.67	 716.67	 51.00	 4	 1.69	 
bmem_snacks_123	 1	 4	 CrunchShokoVanil.bmp	 3.779817e+02	 24	 999000	 240	 999000	 999	 3.789994e+02	 716.67	 716.67	 46.00	 13	 2.22	 
bmem_snacks_123	 1	 4	 ChocolateParaSucariotKoftzot2.bmp	 3.799839e+02	 12	 999000	 120	 999000	 999	 3.810017e+02	 716.67	 716.67	 4.00	 46	 3.84	 
bmem_snacks_123	 1	 4	 BambaNugat.bmp	 3.829873e+02	 12	 999000	 120	 999000	 999	 3.840051e+02	 716.67	 716.67	 19.00	 26	 3.78	 
bmem_snacks_123	 1	 4	 BagaleShtuhim.bmp	 3.849895e+02	 12	 999000	 120	 999000	 999	 3.860072e+02	 716.67	 716.67	 3.00	 25	 3.87	 
bmem_snacks_123	 1	 4	 DoritosNatural.bmp	 3.889773e+02	 22	 1.032952e+03	 2200	 7.167296e+02	 98	 3.900116e+02	 716.67	 666.67	 44.00	 9	 2.24	 
bmem_snacks_123	 1	 4	 Popco.bmp	 3.909795e+02	 12	 999000	 120	 999000	 999	 3.919974e+02	 716.67	 666.67	 17.00	 43	 3.80	 
bmem_snacks_123	 1	 4	 CrunchBisquitBrown3.bmp	 3.959851e+02	 12	 999000	 120	 999000	 999	 3.970029e+02	 716.67	 666.67	 11.00	 37	 3.82	 
bmem_snacks_123	 1	 4	 Tortit.bmp	 3.979874e+02	 24	 999000	 240	 999000	 999	 3.990052e+02	 716.67	 666.67	 56.00	 17	 0.62	 
bmem_snacks_123	 1	 4	 DoritosSourSpicy.bmp	 4.019749e+02	 24	 999000	 240	 999000	 999	 4.029930e+02	 716.67	 666.67	 48.00	 11	 2.20	 
bmem_snacks_123	 1	 4	 ChocolateParaMilk3.bmp	 4.039774e+02	 11	 9.608299e+02	 110	 7.167314e+02	 98	 4.050133e+02	 733.33	 666.67	 13.00	 20	 3.80	 
bmem_snacks_123	 1	 4	 Bounty.bmp	 4.069810e+02	 24	 999000	 240	 999000	 999	 4.079987e+02	 733.33	 666.67	 58.00	 54	 0.04	 
bmem_snacks_123	 1	 4	 ClickBalls5.bmp	 4.119864e+02	 12	 999000	 120	 999000	 999	 4.130042e+02	 733.33	 666.67	 21.00	 39	 3.29	 
bmem_snacks_123	 1	 4	 BisliOnion.bmp	 4.139888e+02	 11	 9.973942e+02	 110	 7.333722e+02	 98	 4.150235e+02	 750.00	 666.67	 18.00	 24	 3.78	 
bmem_snacks_123	 1	 4	 Smarties.bmp	 4.159741e+02	 24	 999000	 240	 999000	 999	 4.169921e+02	 750.00	 666.67	 54.00	 51	 1.69	 
bmem_snacks_123	 1	 4	 HispusimShatiah.bmp	 4.199787e+02	 22	 9.115288e+02	 220	 6.667148e+02	 98	 4.210145e+02	 750.00	 683.33	 53.00	 48	 1.69	 
bmem_snacks_123	 1	 4	 DoritosGrill.bmp	 4.239831e+02	 22	 9.950797e+02	 220	 6.834018e+02	 98	 4.250177e+02	 750.00	 700.00	 47.00	 29	 2.22	 
bmem_snacks_123	 1	 4	 Egozi.bmp	 4.279877e+02	 24	 999000	 240	 999000	 999	 4.290055e+02	 750.00	 700.00	 42.00	 50	 2.69	 
bmem_snacks_123	 1	 4	 Shugi.bmp	 4.299899e+02	 22	 9.323755e+02	 220	 7.000502e+02	 98	 4.310252e+02	 750.00	 716.67	 50.00	 16	 2.18	 
bmem_snacks_123	 1	 4	 Tictac.bmp	 4.319755e+02	 11	 1.050739e+03	 1100	 7.500436e+02	 98	 4.330110e+02	 700.00	 716.67	 7.00	 7	 3.82	 
bmem_snacks_123	 1	 4	 ClickXLbrown4.bmp	 4.339777e+02	 11	 9.125053e+02	 110	 7.000411e+02	 98	 4.350121e+02	 716.67	 716.67	 15.00	 41	 3.80	 
bmem_snacks_123	 1	 4	 SkittlesSour4.bmp	 4.359799e+02	 24	 999000	 240	 999000	 999	 4.369977e+02	 716.67	 716.67	 39.00	 10	 2.71	 
bmem_snacks_123	 1	 4	 ClickXLwhite4.bmp	 4.419866e+02	 12	 999000	 120	 999000	 999	 4.430045e+02	 716.67	 716.67	 14.00	 35	 3.80	 
bmem_snacks_123	 1	 4	 ChocolateParaCookies5.bmp	 4.449901e+02	 11	 9.641268e+02	 110	 7.167175e+02	 98	 4.460257e+02	 733.33	 716.67	 12.00	 55	 3.82	 
bmem_snacks_123	 1	 4	 BisliPizza3.bmp	 4.469754e+02	 12	 999000	 120	 999000	 999	 4.479934e+02	 733.33	 716.67	 16.00	 42	 3.80	 
bmem_snacks_123	 1	 4	 SkittlesFruits2.bmp	 4.489779e+02	 12	 999000	 120	 999000	 999	 4.499957e+02	 733.33	 716.67	 20.00	 15	 3.33	 
bmem_snacks_123	 1	 4	 ClickBlackWhite3.bmp	 4.519812e+02	 12	 999000	 120	 999000	 999	 4.529990e+02	 733.33	 716.67	 22.00	 57	 3.29	 
bmem_snacks_123	 1	 4	 BisliGrill.bmp	 4.539834e+02	 12	 999000	 120	 999000	 999	 4.550015e+02	 733.33	 716.67	 6.00	 1	 3.82	 
bmem_snacks_123	 1	 4	 WerthersOriginal.bmp	 4.559859e+02	 12	 999000	 120	 999000	 999	 4.570035e+02	 733.33	 716.67	 5.00	 58	 3.84	 
bmem_snacks_123	 1	 4	 Mekupelet.bmp	 4.579879e+02	 24	 999000	 240	 999000	 999	 4.590058e+02	 733.33	 716.67	 43.00	 45	 2.64	 
bmem_snacks_123	 1	 4	 BabyDoll.bmp	 4.609743e+02	 24	 999000	 240	 999000	 999	 4.619924e+02	 733.33	 716.67	 49.00	 56	 2.20	 
bmem_snacks_123	 1	 4	 Bamba.bmp	 4.629768e+02	 12	 999000	 120	 999000	 999	 4.639946e+02	 733.33	 716.67	 9.00	 27	 3.82	 
bmem_snacks_123	 1	 4	 GumiSnakes3.bmp	 4.649791e+02	 24	 999000	 240	 999000	 999	 4.659969e+02	 733.33	 716.67	 55.00	 38	 0.64	 
bmem_snacks_123	 1	 4	 Twist.bmp	 4.669814e+02	 22	 1.028786e+03	 2200	 7.167153e+02	 98	 4.680176e+02	 733.33	 666.67	 52.00	 22	 1.69	 
bmem_snacks_123	 1	 4	 Keifli.bmp	 4.689836e+02	 12	 999000	 120	 999000	 999	 4.700015e+02	 733.33	 666.67	 8.00	 21	 3.82	 
bmem_snacks_123	 1	 4	 CrunchBisquitWhite2.bmp	 4.749903e+02	 11	 9.719253e+02	 110	 7.333809e+02	 98	 4.760252e+02	 750.00	 666.67	 10.00	 36	 3.82	 
bmem_snacks_123	 1	 4	 HappyHippo.bmp	 4.779770e+02	 22	 8.892993e+02	 220	 6.667160e+02	 98	 4.790119e+02	 750.00	 683.33	 45.00	 5	 2.22	 
bmem_snacks_123	 1	 4	 KinderJoy.bmp	 4.819816e+02	 24	 999000	 240	 999000	 999	 4.829993e+02	 750.00	 683.33	 40.00	 14	 2.71	 
