subjectID	order	runNum	itemName	onsetTime	shuff_trialType	RT	respInTime	AudioTime	response	fixationTime	ladder1	ladder2	bidIndex	BDMtrialIndex	bidValue
bmem_snacks_124	 2	 6	 Dubonim.bmp	 6.356078e+02	 24	 999000	 240	 999000	 999	 6.366273e+02	 650.00	 650.00	 44.00	 19	 0.09	 
bmem_snacks_124	 2	 6	 CrunchBisquitBrown3.bmp	 6.405963e+02	 12	 999000	 120	 999000	 999	 6.416152e+02	 650.00	 650.00	 20.00	 46	 4.93	 
bmem_snacks_124	 2	 6	 ChocolateParaMarir2.bmp	 6.425988e+02	 24	 999000	 240	 999000	 999	 6.436177e+02	 650.00	 650.00	 56.00	 57	 0.07	 
bmem_snacks_124	 2	 6	 GumiSnakes3.bmp	 6.446010e+02	 24	 999000	 240	 999000	 999	 6.456199e+02	 650.00	 650.00	 57.00	 14	 0.04	 
bmem_snacks_124	 2	 6	 TapuchipsCrunch.bmp	 6.506078e+02	 24	 999000	 240	 999000	 999	 6.516271e+02	 650.00	 650.00	 47.00	 30	 0.09	 
bmem_snacks_124	 2	 6	 Cheetos.bmp	 6.526101e+02	 22	 9.597619e+02	 220	 6.500699e+02	 98	 6.536466e+02	 650.00	 666.67	 43.00	 18	 0.09	 
bmem_snacks_124	 2	 6	 Keifli.bmp	 6.555964e+02	 22	 9.654374e+02	 220	 6.667127e+02	 98	 6.566331e+02	 650.00	 683.33	 46.00	 25	 0.09	 
bmem_snacks_124	 2	 6	 Taami.bmp	 6.575990e+02	 12	 999000	 120	 999000	 999	 6.586183e+02	 650.00	 683.33	 15.00	 45	 6.96	 
bmem_snacks_124	 2	 6	 BisliPizza3.bmp	 6.616035e+02	 22	 9.183112e+02	 220	 6.833754e+02	 98	 6.626398e+02	 650.00	 700.00	 48.00	 42	 0.09	 
bmem_snacks_124	 2	 6	 HappyHippo.bmp	 6.636057e+02	 12	 999000	 120	 999000	 999	 6.646250e+02	 650.00	 700.00	 7.00	 53	 9.84	 
bmem_snacks_124	 2	 6	 Twist.bmp	 6.686113e+02	 11	 9.105000e+02	 110	 6.500685e+02	 98	 6.696468e+02	 666.67	 700.00	 14.00	 43	 7.11	 
bmem_snacks_124	 2	 6	 CrunchShokoVanil.bmp	 6.756025e+02	 24	 999000	 240	 999000	 999	 6.766217e+02	 666.67	 700.00	 45.00	 21	 0.09	 
bmem_snacks_124	 2	 6	 BisliGrill.bmp	 6.776048e+02	 24	 999000	 240	 999000	 999	 6.786242e+02	 666.67	 700.00	 58.00	 15	 0.04	 
bmem_snacks_124	 2	 6	 BisliOnion.bmp	 6.806081e+02	 24	 999000	 240	 999000	 999	 6.816263e+02	 666.67	 700.00	 39.00	 34	 0.13	 
bmem_snacks_124	 2	 6	 Popco.bmp	 6.835946e+02	 24	 999000	 240	 999000	 999	 6.846131e+02	 666.67	 700.00	 52.00	 29	 0.07	 
bmem_snacks_124	 2	 6	 Bounty.bmp	 6.875993e+02	 12	 999000	 120	 999000	 999	 6.886184e+02	 666.67	 700.00	 21.00	 40	 3.84	 
bmem_snacks_124	 2	 6	 Halva2.bmp	 6.916039e+02	 24	 999000	 240	 999000	 999	 6.926233e+02	 666.67	 700.00	 42.00	 2	 0.09	 
bmem_snacks_124	 2	 6	 KifkefMaklot2.bmp	 6.956083e+02	 12	 999000	 120	 999000	 999	 6.966271e+02	 666.67	 700.00	 18.00	 24	 5.80	 
bmem_snacks_124	 2	 6	 SkittlesFruits2.bmp	 6.985947e+02	 12	 999000	 120	 999000	 999	 6.996132e+02	 666.67	 700.00	 4.00	 20	 9.87	 
bmem_snacks_124	 2	 6	 ClickBalls5.bmp	 7.046018e+02	 11	 9.760136e+02	 110	 6.667106e+02	 98	 7.056378e+02	 683.33	 700.00	 11.00	 13	 9.09	 
bmem_snacks_124	 2	 6	 Mekupelet.bmp	 7.066040e+02	 22	 9.898552e+02	 220	 7.000543e+02	 98	 7.076399e+02	 683.33	 716.67	 54.00	 51	 0.07	 
bmem_snacks_124	 2	 6	 Mars.bmp	 7.096074e+02	 11	 9.224880e+02	 110	 6.833775e+02	 98	 7.106431e+02	 700.00	 716.67	 16.00	 17	 6.00	 
bmem_snacks_124	 2	 6	 ChocolateParaCookies5.bmp	 7.116098e+02	 12	 999000	 120	 999000	 999	 7.126281e+02	 700.00	 716.67	 12.00	 10	 8.13	 
bmem_snacks_124	 2	 6	 SkittlesSour4.bmp	 7.135949e+02	 12	 999000	 120	 999000	 999	 7.146133e+02	 700.00	 716.67	 3.00	 36	 9.89	 
bmem_snacks_124	 2	 6	 Loacker.bmp	 7.155974e+02	 12	 999000	 120	 999000	 999	 7.166163e+02	 700.00	 716.67	 5.00	 35	 9.87	 
bmem_snacks_124	 2	 6	 HispusimShatiah.bmp	 7.186009e+02	 12	 999000	 120	 999000	 999	 7.196203e+02	 700.00	 716.67	 19.00	 39	 4.98	 
bmem_snacks_124	 2	 6	 BabyDoll.bmp	 7.226052e+02	 11	 1.036570e+03	 1100	 7.000445e+02	 98	 7.236410e+02	 650.00	 716.67	 17.00	 4	 5.93	 
bmem_snacks_124	 2	 6	 KinderBuenoWhite2.bmp	 7.246077e+02	 11	 9.621575e+02	 110	 6.500521e+02	 98	 7.256432e+02	 666.67	 716.67	 9.00	 31	 9.18	 
bmem_snacks_124	 2	 6	 ChocolateParaMilk3.bmp	 7.266098e+02	 24	 999000	 240	 999000	 999	 7.276282e+02	 666.67	 716.67	 53.00	 49	 0.07	 
bmem_snacks_124	 2	 6	 Twix.bmp	 7.285951e+02	 12	 999000	 120	 999000	 999	 7.296135e+02	 666.67	 716.67	 10.00	 11	 9.11	 
bmem_snacks_124	 2	 6	 DoritosSourSpicy.bmp	 7.305976e+02	 24	 999000	 240	 999000	 999	 7.316168e+02	 666.67	 716.67	 50.00	 9	 0.07	 
bmem_snacks_124	 2	 6	 KinderJoy.bmp	 7.325998e+02	 12	 999000	 120	 999000	 999	 7.336195e+02	 666.67	 716.67	 6.00	 48	 9.87	 
bmem_snacks_124	 2	 6	 KinderBuenoBrown3.bmp	 7.366043e+02	 11	 9.575354e+02	 110	 6.667101e+02	 98	 7.376408e+02	 683.33	 716.67	 8.00	 58	 9.84	 
bmem_snacks_124	 2	 6	 ClickXLwhite4.bmp	 7.406088e+02	 24	 6.730673e+02	 24	 999000	 98	 7.416287e+02	 683.33	 716.67	 55.00	 54	 0.07	 
bmem_snacks_124	 2	 6	 Smarties.bmp	 7.426111e+02	 12	 999000	 120	 999000	 999	 7.436296e+02	 683.33	 716.67	 13.00	 8	 8.09	 
bmem_snacks_124	 2	 6	 ClickBlackWhite3.bmp	 7.445966e+02	 12	 999000	 120	 999000	 999	 7.456159e+02	 683.33	 716.67	 22.00	 38	 3.78	 
bmem_snacks_124	 2	 6	 DoritosGrill.bmp	 7.465989e+02	 22	 9.868812e+02	 220	 7.167084e+02	 98	 7.476352e+02	 683.33	 733.33	 51.00	 12	 0.07	 
bmem_snacks_124	 2	 6	 WerthersOriginal.bmp	 7.486011e+02	 24	 999000	 240	 999000	 999	 7.496202e+02	 683.33	 733.33	 40.00	 55	 0.13	 
bmem_snacks_124	 2	 6	 Hit.bmp	 7.546080e+02	 24	 999000	 240	 999000	 999	 7.556271e+02	 683.33	 733.33	 41.00	 59	 0.11	 
bmem_snacks_124	 2	 6	 GumiWine2.bmp	 7.566102e+02	 22	 1.031676e+03	 2200	 7.333769e+02	 98	 7.576466e+02	 683.33	 683.33	 49.00	 3	 0.07	 
