subjectID	order	runNum	itemName	onsetTime	shuff_trialType	RT	respInTime	AudioTime	response	fixationTime	ladder1	ladder2	bidIndex	BDMtrialIndex	bidValue
bmem_snacks_129	 1	 8	 Mentos.bmp	 9.067502e+02	 12	 999000	 120	 999000	 999	 9.077700e+02	 650.00	 583.33	 5.00	 42	 5.96	 
bmem_snacks_129	 1	 8	 Tortit.bmp	 9.097368e+02	 24	 999000	 240	 999000	 999	 9.107565e+02	 650.00	 583.33	 48.00	 20	 0.60	 
bmem_snacks_129	 1	 8	 KinderJoy.bmp	 9.117391e+02	 12	 999000	 120	 999000	 999	 9.127587e+02	 650.00	 583.33	 16.00	 53	 4.87	 
bmem_snacks_129	 1	 8	 Dubonim.bmp	 9.137413e+02	 11	 9.565952e+02	 110	 6.500586e+02	 98	 9.147775e+02	 666.67	 583.33	 13.00	 32	 4.89	 
bmem_snacks_129	 1	 8	 BambaSweet.bmp	 9.157435e+02	 22	 8.344214e+02	 220	 5.834007e+02	 98	 9.167792e+02	 666.67	 600.00	 45.00	 4	 0.62	 
bmem_snacks_129	 1	 8	 GumiWine2.bmp	 9.187469e+02	 24	 999000	 240	 999000	 999	 9.197664e+02	 666.67	 600.00	 57.00	 56	 0.09	 
bmem_snacks_129	 1	 8	 Egozi.bmp	 9.207322e+02	 24	 999000	 240	 999000	 999	 9.217510e+02	 666.67	 600.00	 54.00	 33	 0.09	 
bmem_snacks_129	 1	 8	 ClickBalls5.bmp	 9.247370e+02	 12	 999000	 120	 999000	 999	 9.257568e+02	 666.67	 600.00	 4.00	 41	 6.96	 
bmem_snacks_129	 1	 8	 ChocolateParaMilk3.bmp	 9.267392e+02	 24	 999000	 240	 999000	 999	 9.277588e+02	 666.67	 600.00	 43.00	 38	 0.64	 
bmem_snacks_129	 1	 8	 ClickBisquit2.bmp	 9.317448e+02	 12	 999000	 120	 999000	 999	 9.327647e+02	 666.67	 600.00	 19.00	 5	 3.80	 
bmem_snacks_129	 1	 8	 ChocolateParaSucariotKoftzot2.bmp	 9.337470e+02	 12	 999000	 120	 999000	 999	 9.347668e+02	 666.67	 600.00	 22.00	 45	 3.78	 
bmem_snacks_129	 1	 8	 TapuchipsCrunch.bmp	 9.377348e+02	 24	 999000	 240	 999000	 999	 9.387544e+02	 666.67	 600.00	 51.00	 29	 0.13	 
bmem_snacks_129	 1	 8	 KashitSour.bmp	 9.397370e+02	 24	 999000	 240	 999000	 999	 9.407566e+02	 666.67	 600.00	 42.00	 60	 1.62	 
bmem_snacks_129	 1	 8	 CrunchBisquitBrown3.bmp	 9.427405e+02	 12	 999000	 120	 999000	 999	 9.437601e+02	 666.67	 600.00	 6.00	 6	 5.93	 
bmem_snacks_129	 1	 8	 Taami.bmp	 9.477461e+02	 12	 999000	 120	 999000	 999	 9.487656e+02	 666.67	 600.00	 17.00	 23	 4.82	 
bmem_snacks_129	 1	 8	 ClickXLbrown4.bmp	 9.497483e+02	 12	 999000	 120	 999000	 999	 9.507679e+02	 666.67	 600.00	 8.00	 43	 5.93	 
bmem_snacks_129	 1	 8	 SkittlesFruits2.bmp	 9.517339e+02	 11	 1.059941e+03	 1100	 6.667105e+02	 98	 9.527708e+02	 616.67	 600.00	 15.00	 46	 4.87	 
bmem_snacks_129	 1	 8	 Hit.bmp	 9.557384e+02	 24	 999000	 240	 999000	 999	 9.567587e+02	 616.67	 600.00	 58.00	 40	 0.07	 
bmem_snacks_129	 1	 8	 Twix.bmp	 9.597429e+02	 22	 9.230357e+02	 220	 6.000432e+02	 98	 9.607793e+02	 616.67	 616.67	 53.00	 51	 0.11	 
bmem_snacks_129	 1	 8	 Mekupelet.bmp	 9.637473e+02	 24	 999000	 240	 999000	 999	 9.647671e+02	 616.67	 616.67	 56.00	 52	 0.09	 
bmem_snacks_129	 1	 8	 DoritosNatural.bmp	 9.657326e+02	 24	 999000	 240	 999000	 999	 9.667521e+02	 616.67	 616.67	 40.00	 19	 1.62	 
bmem_snacks_129	 1	 8	 ClickXLwhite4.bmp	 9.677352e+02	 12	 999000	 120	 999000	 999	 9.687548e+02	 616.67	 616.67	 9.00	 16	 5.91	 
bmem_snacks_129	 1	 8	 WerthersOriginal.bmp	 9.697373e+02	 11	 1.024660e+03	 1100	 6.167107e+02	 98	 9.707746e+02	 566.67	 616.67	 12.00	 55	 5.89	 
bmem_snacks_129	 1	 8	 Smarties.bmp	 9.717396e+02	 24	 999000	 240	 999000	 999	 9.727595e+02	 566.67	 616.67	 46.00	 39	 0.62	 
bmem_snacks_129	 1	 8	 Bamba.bmp	 9.777464e+02	 24	 999000	 240	 999000	 999	 9.787659e+02	 566.67	 616.67	 41.00	 26	 1.62	 
bmem_snacks_129	 1	 8	 ClickBlackWhite3.bmp	 9.807328e+02	 12	 999000	 120	 999000	 999	 9.817520e+02	 566.67	 616.67	 11.00	 28	 5.89	 
bmem_snacks_129	 1	 8	 Bounty.bmp	 9.827352e+02	 22	 8.426442e+02	 220	 6.167454e+02	 98	 9.837725e+02	 566.67	 633.33	 52.00	 59	 0.13	 
bmem_snacks_129	 1	 8	 Twist.bmp	 9.847375e+02	 22	 8.563816e+02	 220	 6.334002e+02	 98	 9.857740e+02	 566.67	 650.00	 44.00	 1	 0.62	 
bmem_snacks_129	 1	 8	 Tapuchips.bmp	 9.877409e+02	 22	 2.530030e+02	 22	 6.500632e+02	 98	 9.887777e+02	 566.67	 666.67	 50.00	 10	 0.13	 
bmem_snacks_129	 1	 8	 Tictac.bmp	 9.897432e+02	 24	 999000	 240	 999000	 999	 9.907628e+02	 566.67	 666.67	 39.00	 15	 1.62	 
bmem_snacks_129	 1	 8	 ChocolateParaCookies5.bmp	 9.917453e+02	 12	 999000	 120	 999000	 999	 9.927649e+02	 566.67	 666.67	 20.00	 49	 3.80	 
bmem_snacks_129	 1	 8	 Keifli.bmp	 9.937477e+02	 22	 1.054190e+03	 2200	 6.667115e+02	 98	 9.947850e+02	 566.67	 616.67	 47.00	 48	 0.62	 
bmem_snacks_129	 1	 8	 Halva2.bmp	 9.967343e+02	 24	 999000	 240	 999000	 999	 9.977540e+02	 566.67	 616.67	 49.00	 2	 0.18	 
bmem_snacks_129	 1	 8	 Cheetos.bmp	 9.987365e+02	 11	 8.733931e+02	 110	 5.667083e+02	 98	 9.997722e+02	 583.33	 616.67	 10.00	 27	 5.91	 
bmem_snacks_129	 1	 8	 SkittlesSour4.bmp	 1.000739e+03	 11	 8.071412e+02	 110	 5.833767e+02	 98	 1.001775e+03	 600.00	 616.67	 7.00	 30	 5.93	 
bmem_snacks_129	 1	 8	 CrunchBisquitWhite2.bmp	 1.002741e+03	 12	 999000	 120	 999000	 999	 1.003761e+03	 600.00	 616.67	 3.00	 22	 6.96	 
bmem_snacks_129	 1	 8	 BisliGrill.bmp	 1.004743e+03	 11	 8.666005e+02	 110	 6.000483e+02	 98	 1.005780e+03	 616.67	 616.67	 18.00	 18	 3.82	 
bmem_snacks_129	 1	 8	 HappyHippo.bmp	 1.010733e+03	 12	 999000	 120	 999000	 999	 1.011753e+03	 616.67	 616.67	 21.00	 12	 3.78	 
bmem_snacks_129	 1	 8	 KinderBuenoWhite2.bmp	 1.013737e+03	 12	 999000	 120	 999000	 999	 1.014756e+03	 616.67	 616.67	 14.00	 37	 4.89	 
bmem_snacks_129	 1	 8	 ChocolateParaMarir2.bmp	 1.017741e+03	 24	 999000	 240	 999000	 999	 1.018761e+03	 616.67	 616.67	 55.00	 34	 0.09	 
