subjectID	 order	 runNum	 itemName	 onsetTime	 shuff_trialType	 RT	 respInTime	 AudioTime	 response	 fixationTime	 ladder1	 ladder2	 bidIndex	 itemNameIndex	 bidValue	 
BMI_bfr_110	 2	 9	 148.jpg	 1.626459e+03	 24	 999000	 240	 999000	 999	 1.627479e+03	 683.33	 683.33	 59.00	 48	 0.16	 
BMI_bfr_110	 2	 9	 130.jpg	 1.629463e+03	 24	 999000	 240	 999000	 999	 1.630482e+03	 683.33	 683.33	 33.00	 30	 0.46	 
BMI_bfr_110	 2	 9	 146.jpg	 1.631448e+03	 24	 999000	 240	 999000	 999	 1.632466e+03	 683.33	 683.33	 39.00	 46	 0.40	 
BMI_bfr_110	 2	 9	 158.jpg	 1.633450e+03	 24	 999000	 240	 999000	 999	 1.634469e+03	 683.33	 683.33	 57.00	 58	 0.20	 
BMI_bfr_110	 2	 9	 159.jpg	 1.635453e+03	 12	 999000	 120	 999000	 999	 1.636471e+03	 683.33	 683.33	 15.00	 59	 0.68	 
BMI_bfr_110	 2	 9	 141.jpg	 1.638456e+03	 24	 999000	 240	 999000	 999	 1.639474e+03	 683.33	 683.33	 52.00	 41	 0.25	 
BMI_bfr_110	 2	 9	 109.jpg	 1.640458e+03	 22	 1.032587e+03	 2200	 6.834014e+02	 98	 1.641495e+03	 683.33	 633.33	 58.00	 9	 0.17	 
BMI_bfr_110	 2	 9	 101.jpg	 1.644446e+03	 11	 9.263530e+02	 110	 6.834047e+02	 98	 1.645481e+03	 700.00	 633.33	 3.00	 1	 0.87	 
BMI_bfr_110	 2	 9	 125.jpg	 1.646448e+03	 11	 9.265499e+02	 110	 7.001637e+02	 98	 1.647483e+03	 716.67	 633.33	 23.00	 25	 0.55	 
BMI_bfr_110	 2	 9	 114.jpg	 1.651454e+03	 11	 9.274356e+02	 110	 7.167157e+02	 98	 1.652488e+03	 733.33	 633.33	 9.00	 14	 0.76	 
BMI_bfr_110	 2	 9	 103.jpg	 1.653456e+03	 12	 999000	 120	 999000	 999	 1.654474e+03	 733.33	 633.33	 13.00	 3	 0.74	 
BMI_bfr_110	 2	 9	 139.jpg	 1.657461e+03	 22	 8.497563e+02	 220	 6.333888e+02	 98	 1.658496e+03	 733.33	 650.00	 46.00	 39	 0.34	 
BMI_bfr_110	 2	 9	 157.jpg	 1.659446e+03	 11	 9.795357e+02	 110	 7.333900e+02	 98	 1.660481e+03	 750.00	 650.00	 16.00	 57	 0.68	 
BMI_bfr_110	 2	 9	 108.jpg	 1.662450e+03	 22	 8.560313e+02	 220	 6.500533e+02	 98	 1.663486e+03	 750.00	 666.67	 41.00	 8	 0.39	 
BMI_bfr_110	 2	 9	 107.jpg	 1.667455e+03	 24	 999000	 240	 999000	 999	 1.668473e+03	 750.00	 666.67	 32.00	 7	 0.47	 
BMI_bfr_110	 2	 9	 121.jpg	 1.669457e+03	 12	 999000	 120	 999000	 999	 1.670475e+03	 750.00	 666.67	 1.00	 21	 0.88	 
BMI_bfr_110	 2	 9	 140.jpg	 1.671460e+03	 24	 999000	 240	 999000	 999	 1.672477e+03	 750.00	 666.67	 47.00	 40	 0.34	 
BMI_bfr_110	 2	 9	 105.jpg	 1.675447e+03	 11	 1.010406e+03	 1100	 7.500548e+02	 98	 1.676484e+03	 700.00	 666.67	 8.00	 5	 0.77	 
BMI_bfr_110	 2	 9	 143.jpg	 1.679452e+03	 24	 999000	 240	 999000	 999	 1.680470e+03	 700.00	 666.67	 36.00	 43	 0.42	 
BMI_bfr_110	 2	 9	 129.jpg	 1.683457e+03	 22	 9.888053e+02	 220	 6.667070e+02	 98	 1.684492e+03	 700.00	 683.33	 51.00	 29	 0.26	 
BMI_bfr_110	 2	 9	 138.jpg	 1.685459e+03	 24	 999000	 240	 999000	 999	 1.686476e+03	 700.00	 683.33	 42.00	 38	 0.38	 
BMI_bfr_110	 2	 9	 135.jpg	 1.687461e+03	 24	 999000	 240	 999000	 999	 1.688479e+03	 700.00	 683.33	 45.00	 35	 0.35	 
BMI_bfr_110	 2	 9	 123.jpg	 1.689446e+03	 12	 999000	 120	 999000	 999	 1.690464e+03	 700.00	 683.33	 10.00	 23	 0.75	 
BMI_bfr_110	 2	 9	 113.jpg	 1.691449e+03	 11	 9.281586e+02	 110	 7.000601e+02	 98	 1.692485e+03	 716.67	 683.33	 17.00	 13	 0.66	 
BMI_bfr_110	 2	 9	 115.jpg	 1.697455e+03	 24	 999000	 240	 999000	 999	 1.698473e+03	 716.67	 683.33	 37.00	 15	 0.42	 
BMI_bfr_110	 2	 9	 132.jpg	 1.700459e+03	 12	 999000	 120	 999000	 999	 1.701477e+03	 716.67	 683.33	 30.00	 32	 0.47	 
BMI_bfr_110	 2	 9	 144.jpg	 1.702461e+03	 11	 1.042510e+03	 1100	 7.167171e+02	 98	 1.703498e+03	 666.67	 683.33	 22.00	 44	 0.58	 
BMI_bfr_110	 2	 9	 137.jpg	 1.704446e+03	 12	 999000	 120	 999000	 999	 1.705467e+03	 666.67	 683.33	 25.00	 37	 0.52	 
BMI_bfr_110	 2	 9	 126.jpg	 1.707450e+03	 24	 999000	 240	 999000	 999	 1.708469e+03	 666.67	 683.33	 50.00	 26	 0.28	 
BMI_bfr_110	 2	 9	 150.jpg	 1.709452e+03	 24	 999000	 240	 999000	 999	 1.710470e+03	 666.67	 683.33	 44.00	 50	 0.37	 
BMI_bfr_110	 2	 9	 128.jpg	 1.711454e+03	 12	 999000	 120	 999000	 999	 1.712473e+03	 666.67	 683.33	 24.00	 28	 0.53	 
BMI_bfr_110	 2	 9	 154.jpg	 1.713457e+03	 24	 999000	 240	 999000	 999	 1.714476e+03	 666.67	 683.33	 31.00	 54	 0.47	 
BMI_bfr_110	 2	 9	 111.jpg	 1.716460e+03	 12	 999000	 120	 999000	 999	 1.717478e+03	 666.67	 683.33	 29.00	 11	 0.48	 
BMI_bfr_110	 2	 9	 112.jpg	 1.718462e+03	 12	 999000	 120	 999000	 999	 1.719480e+03	 666.67	 683.33	 28.00	 12	 0.50	 
BMI_bfr_110	 2	 9	 122.jpg	 1.720448e+03	 12	 999000	 120	 999000	 999	 1.721467e+03	 666.67	 683.33	 18.00	 22	 0.66	 
BMI_bfr_110	 2	 9	 106.jpg	 1.722450e+03	 22	 9.219742e+02	 220	 6.833851e+02	 98	 1.723485e+03	 666.67	 700.00	 48.00	 6	 0.32	 
BMI_bfr_110	 2	 9	 118.jpg	 1.724452e+03	 11	 9.223349e+02	 110	 6.667211e+02	 98	 1.725490e+03	 683.33	 700.00	 11.00	 18	 0.75	 
BMI_bfr_110	 2	 9	 152.jpg	 1.730459e+03	 12	 999000	 120	 999000	 999	 1.731477e+03	 683.33	 700.00	 5.00	 52	 0.84	 
BMI_bfr_110	 2	 9	 160.jpg	 1.733446e+03	 22	 9.183443e+02	 220	 7.000469e+02	 98	 1.734482e+03	 683.33	 716.67	 38.00	 60	 0.41	 
BMI_bfr_110	 2	 9	 117.jpg	 1.737450e+03	 22	 9.638462e+02	 220	 7.167199e+02	 98	 1.738486e+03	 683.33	 733.33	 49.00	 17	 0.29	 
BMI_bfr_110	 2	 9	 147.jpg	 1.743457e+03	 12	 999000	 120	 999000	 999	 1.744476e+03	 683.33	 733.33	 12.00	 47	 0.74	 
BMI_bfr_110	 2	 9	 142.jpg	 1.745459e+03	 24	 999000	 240	 999000	 999	 1.746477e+03	 683.33	 733.33	 34.00	 42	 0.45	 
BMI_bfr_110	 2	 9	 116.jpg	 1.750448e+03	 12	 999000	 120	 999000	 999	 1.751466e+03	 683.33	 733.33	 20.00	 16	 0.64	 
BMI_bfr_110	 2	 9	 110.jpg	 1.753451e+03	 12	 999000	 120	 999000	 999	 1.754469e+03	 683.33	 733.33	 7.00	 10	 0.78	 
BMI_bfr_110	 2	 9	 156.jpg	 1.755454e+03	 12	 999000	 120	 999000	 999	 1.756472e+03	 683.33	 733.33	 27.00	 56	 0.50	 
BMI_bfr_110	 2	 9	 102.jpg	 1.758457e+03	 22	 9.842515e+02	 220	 7.333793e+02	 98	 1.759494e+03	 683.33	 750.00	 35.00	 2	 0.44	 
BMI_bfr_110	 2	 9	 151.jpg	 1.760459e+03	 11	 9.282876e+02	 110	 6.833777e+02	 98	 1.761496e+03	 700.00	 750.00	 14.00	 51	 0.72	 
BMI_bfr_110	 2	 9	 119.jpg	 1.764447e+03	 12	 999000	 120	 999000	 999	 1.765465e+03	 700.00	 750.00	 4.00	 19	 0.85	 
BMI_bfr_110	 2	 9	 104.jpg	 1.768452e+03	 12	 999000	 120	 999000	 999	 1.769469e+03	 700.00	 750.00	 21.00	 4	 0.58	 
BMI_bfr_110	 2	 9	 145.jpg	 1.770454e+03	 11	 9.354707e+02	 110	 7.000442e+02	 98	 1.771491e+03	 716.67	 750.00	 26.00	 45	 0.50	 
BMI_bfr_110	 2	 9	 133.jpg	 1.777462e+03	 22	 9.929326e+02	 220	 7.500441e+02	 98	 1.778498e+03	 716.67	 766.67	 55.00	 33	 0.21	 
BMI_bfr_110	 2	 9	 120.jpg	 1.779447e+03	 12	 999000	 120	 999000	 999	 1.780466e+03	 716.67	 766.67	 2.00	 20	 0.87	 
BMI_bfr_110	 2	 9	 153.jpg	 1.782451e+03	 11	 9.541866e+02	 110	 7.167129e+02	 98	 1.783485e+03	 733.33	 766.67	 19.00	 53	 0.66	 
BMI_bfr_110	 2	 9	 134.jpg	 1.786455e+03	 22	 1.011586e+03	 2200	 7.667157e+02	 98	 1.787492e+03	 733.33	 716.67	 40.00	 34	 0.39	 
BMI_bfr_110	 2	 9	 136.jpg	 1.790460e+03	 24	 999000	 240	 999000	 999	 1.791477e+03	 733.33	 716.67	 53.00	 36	 0.24	 
BMI_bfr_110	 2	 9	 124.jpg	 1.794447e+03	 11	 9.730841e+02	 110	 7.333838e+02	 98	 1.795484e+03	 750.00	 716.67	 6.00	 24	 0.78	 
BMI_bfr_110	 2	 9	 127.jpg	 1.797451e+03	 24	 999000	 240	 999000	 999	 1.798469e+03	 750.00	 716.67	 56.00	 27	 0.21	 
BMI_bfr_110	 2	 9	 149.jpg	 1.799453e+03	 24	 999000	 240	 999000	 999	 1.800471e+03	 750.00	 716.67	 60.00	 49	 0.02	 
BMI_bfr_110	 2	 9	 131.jpg	 1.803457e+03	 22	 9.971950e+02	 220	 7.167210e+02	 98	 1.804494e+03	 750.00	 733.33	 43.00	 31	 0.38	 
BMI_bfr_110	 2	 9	 155.jpg	 1.810449e+03	 22	 1.003873e+03	 2200	 7.333788e+02	 98	 1.811483e+03	 750.00	 683.33	 54.00	 55	 0.24	 
