subjectID	 order	 runNum	 itemName	 onsetTime	 shuff_trialType	 RT	 respInTime	 AudioTime	 response	 fixationTime	 ladder1	 ladder2	 bidIndex	 itemNameIndex	 bidValue	 
BMI_bfr_120	 2	 12	 138.jpg	 2.155789e+03	 24	 999000	 240	 999000	 999	 2.156807e+03	 750.00	 683.33	 60.00	 38	 0.17	 
BMI_bfr_120	 2	 12	 155.jpg	 2.160778e+03	 24	 999000	 240	 999000	 999	 2.161796e+03	 750.00	 683.33	 42.00	 55	 0.35	 
BMI_bfr_120	 2	 12	 156.jpg	 2.162780e+03	 24	 999000	 240	 999000	 999	 2.163800e+03	 750.00	 683.33	 44.00	 56	 0.32	 
BMI_bfr_120	 2	 12	 121.jpg	 2.164783e+03	 12	 999000	 120	 999000	 999	 2.165800e+03	 750.00	 683.33	 20.00	 21	 0.62	 
BMI_bfr_120	 2	 12	 125.jpg	 2.170789e+03	 22	 9.267876e+02	 220	 6.836459e+02	 98	 2.171826e+03	 750.00	 700.00	 46.00	 25	 0.30	 
BMI_bfr_120	 2	 12	 160.jpg	 2.172792e+03	 12	 999000	 120	 999000	 999	 2.173810e+03	 750.00	 700.00	 7.00	 60	 0.83	 
BMI_bfr_120	 2	 12	 120.jpg	 2.175778e+03	 12	 999000	 120	 999000	 999	 2.176796e+03	 750.00	 700.00	 15.00	 20	 0.68	 
BMI_bfr_120	 2	 12	 153.jpg	 2.177780e+03	 24	 999000	 240	 999000	 999	 2.178800e+03	 750.00	 700.00	 53.00	 53	 0.23	 
BMI_bfr_120	 2	 12	 136.jpg	 2.181785e+03	 24	 999000	 240	 999000	 999	 2.182803e+03	 750.00	 700.00	 31.00	 36	 0.46	 
BMI_bfr_120	 2	 12	 145.jpg	 2.183787e+03	 12	 999000	 120	 999000	 999	 2.184805e+03	 750.00	 700.00	 30.00	 45	 0.47	 
BMI_bfr_120	 2	 12	 111.jpg	 2.188776e+03	 12	 999000	 120	 999000	 999	 2.189794e+03	 750.00	 700.00	 12.00	 11	 0.74	 
BMI_bfr_120	 2	 12	 154.jpg	 2.195784e+03	 22	 9.869579e+02	 220	 7.003005e+02	 98	 2.196818e+03	 750.00	 716.67	 38.00	 54	 0.37	 
BMI_bfr_120	 2	 12	 107.jpg	 2.197786e+03	 12	 999000	 120	 999000	 999	 2.198804e+03	 750.00	 716.67	 1.00	 7	 0.89	 
BMI_bfr_120	 2	 12	 140.jpg	 2.200790e+03	 22	 9.764435e+02	 220	 7.169457e+02	 98	 2.201825e+03	 750.00	 733.33	 49.00	 40	 0.29	 
BMI_bfr_120	 2	 12	 127.jpg	 2.203776e+03	 24	 999000	 240	 999000	 999	 2.204794e+03	 750.00	 733.33	 37.00	 27	 0.38	 
BMI_bfr_120	 2	 12	 105.jpg	 2.207781e+03	 12	 999000	 120	 999000	 999	 2.208800e+03	 750.00	 733.33	 21.00	 5	 0.61	 
BMI_bfr_120	 2	 12	 117.jpg	 2.211785e+03	 11	 1.028929e+03	 1100	 7.503077e+02	 98	 2.212822e+03	 700.00	 733.33	 3.00	 17	 0.87	 
BMI_bfr_120	 2	 12	 144.jpg	 2.215790e+03	 24	 999000	 240	 999000	 999	 2.216808e+03	 700.00	 733.33	 59.00	 44	 0.20	 
BMI_bfr_120	 2	 12	 132.jpg	 2.218776e+03	 12	 999000	 120	 999000	 999	 2.219794e+03	 700.00	 733.33	 29.00	 32	 0.49	 
BMI_bfr_120	 2	 12	 126.jpg	 2.224783e+03	 24	 999000	 240	 999000	 999	 2.225801e+03	 700.00	 733.33	 39.00	 26	 0.36	 
BMI_bfr_120	 2	 12	 109.jpg	 2.226785e+03	 11	 9.356879e+02	 110	 7.003092e+02	 98	 2.227820e+03	 716.67	 733.33	 14.00	 9	 0.73	 
BMI_bfr_120	 2	 12	 151.jpg	 2.229789e+03	 24	 999000	 240	 999000	 999	 2.230808e+03	 716.67	 733.33	 33.00	 51	 0.43	 
BMI_bfr_120	 2	 12	 142.jpg	 2.231791e+03	 22	 1.049085e+03	 2200	 7.336224e+02	 98	 2.232829e+03	 716.67	 683.33	 54.00	 42	 0.23	 
BMI_bfr_120	 2	 12	 146.jpg	 2.233777e+03	 24	 999000	 240	 999000	 999	 2.234794e+03	 716.67	 683.33	 52.00	 46	 0.23	 
BMI_bfr_120	 2	 12	 130.jpg	 2.235779e+03	 24	 1.269043e+03	 24	 999000	 98	 2.236797e+03	 716.67	 683.33	 32.00	 30	 0.44	 
BMI_bfr_120	 2	 12	 152.jpg	 2.238782e+03	 12	 999000	 120	 999000	 999	 2.239801e+03	 716.67	 683.33	 10.00	 52	 0.77	 
BMI_bfr_120	 2	 12	 157.jpg	 2.242787e+03	 22	 9.439664e+02	 220	 6.836309e+02	 98	 2.243823e+03	 716.67	 700.00	 43.00	 57	 0.32	 
BMI_bfr_120	 2	 12	 113.jpg	 2.244789e+03	 11	 9.556451e+02	 110	 7.169539e+02	 98	 2.245825e+03	 733.33	 700.00	 17.00	 13	 0.68	 
BMI_bfr_120	 2	 12	 143.jpg	 2.246791e+03	 24	 999000	 240	 999000	 999	 2.247811e+03	 733.33	 700.00	 57.00	 43	 0.22	 
BMI_bfr_120	 2	 12	 150.jpg	 2.248776e+03	 22	 9.393996e+02	 220	 7.003899e+02	 98	 2.249813e+03	 733.33	 716.67	 41.00	 50	 0.35	 
BMI_bfr_120	 2	 12	 137.jpg	 2.250779e+03	 24	 999000	 240	 999000	 999	 2.251797e+03	 733.33	 716.67	 56.00	 37	 0.22	 
BMI_bfr_120	 2	 12	 149.jpg	 2.252781e+03	 12	 999000	 120	 999000	 999	 2.253799e+03	 733.33	 716.67	 28.00	 49	 0.49	 
BMI_bfr_120	 2	 12	 133.jpg	 2.256786e+03	 11	 9.518822e+02	 110	 7.336393e+02	 98	 2.257822e+03	 750.00	 716.67	 11.00	 33	 0.76	 
BMI_bfr_120	 2	 12	 110.jpg	 2.260790e+03	 11	 3.787621e+02	 11	 7.502941e+02	 98	 2.261825e+03	 766.67	 716.67	 26.00	 10	 0.56	 
BMI_bfr_120	 2	 12	 159.jpg	 2.262775e+03	 22	 1.015031e+03	 2200	 7.169511e+02	 98	 2.263812e+03	 766.67	 666.67	 51.00	 59	 0.26	 
BMI_bfr_120	 2	 12	 158.jpg	 2.264778e+03	 22	 9.473952e+02	 220	 6.669553e+02	 98	 2.265814e+03	 766.67	 683.33	 58.00	 58	 0.21	 
BMI_bfr_120	 2	 12	 114.jpg	 2.266780e+03	 12	 999000	 120	 999000	 999	 2.267798e+03	 766.67	 683.33	 25.00	 14	 0.57	 
BMI_bfr_120	 2	 12	 135.jpg	 2.268782e+03	 22	 9.931534e+02	 220	 6.836329e+02	 98	 2.269817e+03	 766.67	 700.00	 35.00	 35	 0.40	 
BMI_bfr_120	 2	 12	 141.jpg	 2.274789e+03	 11	 1.027847e+03	 1100	 7.669682e+02	 98	 2.275840e+03	 716.67	 700.00	 9.00	 41	 0.78	 
BMI_bfr_120	 2	 12	 106.jpg	 2.276791e+03	 11	 9.832886e+02	 110	 7.169620e+02	 98	 2.277826e+03	 733.33	 700.00	 19.00	 6	 0.64	 
BMI_bfr_120	 2	 12	 139.jpg	 2.278777e+03	 22	 8.993799e+02	 220	 7.002932e+02	 98	 2.279813e+03	 733.33	 716.67	 55.00	 39	 0.23	 
BMI_bfr_120	 2	 12	 118.jpg	 2.280779e+03	 11	 9.668699e+02	 110	 7.336134e+02	 98	 2.281814e+03	 750.00	 716.67	 6.00	 18	 0.83	 
BMI_bfr_120	 2	 12	 116.jpg	 2.283783e+03	 24	 999000	 240	 999000	 999	 2.284801e+03	 750.00	 716.67	 50.00	 16	 0.27	 
BMI_bfr_120	 2	 12	 148.jpg	 2.285785e+03	 24	 999000	 240	 999000	 999	 2.286804e+03	 750.00	 716.67	 34.00	 48	 0.42	 
BMI_bfr_120	 2	 12	 108.jpg	 2.292776e+03	 12	 999000	 120	 999000	 999	 2.293795e+03	 750.00	 716.67	 2.00	 8	 0.88	 
BMI_bfr_120	 2	 12	 101.jpg	 2.294778e+03	 11	 1.008750e+03	 1100	 7.502953e+02	 98	 2.295813e+03	 700.00	 716.67	 23.00	 1	 0.58	 
BMI_bfr_120	 2	 12	 123.jpg	 2.298783e+03	 12	 999000	 120	 999000	 999	 2.299802e+03	 700.00	 716.67	 18.00	 23	 0.64	 
BMI_bfr_120	 2	 12	 119.jpg	 2.302787e+03	 12	 999000	 120	 999000	 999	 2.303805e+03	 700.00	 716.67	 24.00	 19	 0.57	 
BMI_bfr_120	 2	 12	 128.jpg	 2.305791e+03	 22	 9.992354e+02	 220	 7.169673e+02	 98	 2.306826e+03	 700.00	 733.33	 48.00	 28	 0.29	 
BMI_bfr_120	 2	 12	 104.jpg	 2.307776e+03	 12	 999000	 120	 999000	 999	 2.308794e+03	 700.00	 733.33	 4.00	 4	 0.86	 
BMI_bfr_120	 2	 12	 129.jpg	 2.311781e+03	 24	 999000	 240	 999000	 999	 2.312798e+03	 700.00	 733.33	 36.00	 29	 0.40	 
BMI_bfr_120	 2	 12	 131.jpg	 2.313783e+03	 24	 999000	 240	 999000	 999	 2.314801e+03	 700.00	 733.33	 47.00	 31	 0.29	 
BMI_bfr_120	 2	 12	 103.jpg	 2.316786e+03	 12	 999000	 120	 999000	 999	 2.317804e+03	 700.00	 733.33	 13.00	 3	 0.73	 
BMI_bfr_120	 2	 12	 134.jpg	 2.320791e+03	 22	 1.119820e+03	 2200	 7.336341e+02	 98	 2.321826e+03	 700.00	 683.33	 40.00	 34	 0.36	 
BMI_bfr_120	 2	 12	 102.jpg	 2.322776e+03	 12	 999000	 120	 999000	 999	 2.323794e+03	 700.00	 683.33	 27.00	 2	 0.52	 
BMI_bfr_120	 2	 12	 124.jpg	 2.327782e+03	 12	 999000	 120	 999000	 999	 2.328800e+03	 700.00	 683.33	 5.00	 24	 0.85	 
BMI_bfr_120	 2	 12	 147.jpg	 2.329784e+03	 11	 9.916916e+02	 110	 7.003005e+02	 98	 2.330818e+03	 716.67	 683.33	 8.00	 47	 0.79	 
BMI_bfr_120	 2	 12	 112.jpg	 2.333789e+03	 11	 9.812339e+02	 110	 7.169627e+02	 98	 2.334825e+03	 733.33	 683.33	 16.00	 12	 0.68	 
BMI_bfr_120	 2	 12	 122.jpg	 2.336792e+03	 11	 9.816734e+02	 110	 7.336308e+02	 98	 2.337827e+03	 750.00	 683.33	 22.00	 22	 0.58	 
BMI_bfr_120	 2	 12	 115.jpg	 2.339779e+03	 24	 999000	 240	 999000	 999	 2.340799e+03	 750.00	 683.33	 45.00	 15	 0.32	 
