subjectID	 order	 runNum	 itemName	 onsetTime	 shuff_trialType	 RT	 respInTime	 AudioTime	 response	 fixationTime	 ladder1	 ladder2	 bidIndex	 itemNameIndex	 bidValue	 
BMI_bfr_121	 1	 5	 105.jpg	 8.252210e+02	 12	 999000	 120	 999000	 999	 8.262409e+02	 683.33	 683.33	 17.00	 5	 0.66	 
BMI_bfr_121	 1	 5	 148.jpg	 8.272233e+02	 24	 999000	 240	 999000	 999	 8.282423e+02	 683.33	 683.33	 54.00	 48	 0.20	 
BMI_bfr_121	 1	 5	 119.jpg	 8.312111e+02	 12	 999000	 120	 999000	 999	 8.322296e+02	 683.33	 683.33	 23.00	 19	 0.59	 
BMI_bfr_121	 1	 5	 101.jpg	 8.342144e+02	 12	 999000	 120	 999000	 999	 8.352330e+02	 683.33	 683.33	 27.00	 1	 0.53	 
BMI_bfr_121	 1	 5	 125.jpg	 8.362167e+02	 24	 999000	 240	 999000	 999	 8.372355e+02	 683.33	 683.33	 40.00	 25	 0.38	 
BMI_bfr_121	 1	 5	 146.jpg	 8.392200e+02	 24	 999000	 240	 999000	 999	 8.402383e+02	 683.33	 683.33	 51.00	 46	 0.24	 
BMI_bfr_121	 1	 5	 138.jpg	 8.432247e+02	 22	 999000	 2	 6.836688e+02	 999	 8.442593e+02	 683.33	 633.33	 52.00	 38	 0.23	 
BMI_bfr_121	 1	 5	 107.jpg	 8.472123e+02	 12	 999000	 120	 999000	 999	 8.482320e+02	 683.33	 633.33	 30.00	 7	 0.49	 
BMI_bfr_121	 1	 5	 104.jpg	 8.492146e+02	 12	 999000	 120	 999000	 999	 8.502342e+02	 683.33	 633.33	 8.00	 4	 0.81	 
BMI_bfr_121	 1	 5	 157.jpg	 8.542202e+02	 12	 999000	 120	 999000	 999	 8.552398e+02	 683.33	 633.33	 19.00	 57	 0.61	 
BMI_bfr_121	 1	 5	 142.jpg	 8.562226e+02	 22	 8.930489e+02	 220	 6.336840e+02	 98	 8.572590e+02	 683.33	 650.00	 44.00	 42	 0.34	 
BMI_bfr_121	 1	 5	 141.jpg	 8.582247e+02	 22	 9.272272e+02	 220	 6.503325e+02	 98	 8.592611e+02	 683.33	 666.67	 42.00	 41	 0.37	 
BMI_bfr_121	 1	 5	 108.jpg	 8.642147e+02	 11	 9.675560e+02	 110	 6.836981e+02	 98	 8.652495e+02	 700.00	 666.67	 20.00	 8	 0.61	 
BMI_bfr_121	 1	 5	 106.jpg	 8.662171e+02	 12	 999000	 120	 999000	 999	 8.672364e+02	 700.00	 666.67	 2.00	 6	 0.88	 
BMI_bfr_121	 1	 5	 126.jpg	 8.682192e+02	 24	 999000	 240	 999000	 999	 8.692378e+02	 700.00	 666.67	 32.00	 26	 0.49	 
BMI_bfr_121	 1	 5	 124.jpg	 8.702215e+02	 12	 999000	 120	 999000	 999	 8.712392e+02	 700.00	 666.67	 11.00	 24	 0.77	 
BMI_bfr_121	 1	 5	 110.jpg	 8.742091e+02	 11	 1.008563e+03	 1100	 7.003834e+02	 98	 8.752456e+02	 650.00	 666.67	 12.00	 10	 0.74	 
BMI_bfr_121	 1	 5	 113.jpg	 8.782138e+02	 12	 999000	 120	 999000	 999	 8.792332e+02	 650.00	 666.67	 26.00	 13	 0.53	 
BMI_bfr_121	 1	 5	 130.jpg	 8.812171e+02	 24	 999000	 240	 999000	 999	 8.822355e+02	 650.00	 666.67	 41.00	 30	 0.38	 
BMI_bfr_121	 1	 5	 140.jpg	 8.852216e+02	 22	 9.653142e+02	 220	 6.670021e+02	 98	 8.862560e+02	 650.00	 683.33	 45.00	 40	 0.28	 
BMI_bfr_121	 1	 5	 131.jpg	 8.882249e+02	 22	 9.321593e+02	 220	 6.836785e+02	 98	 8.892594e+02	 650.00	 700.00	 56.00	 31	 0.20	 
BMI_bfr_121	 1	 5	 147.jpg	 8.902106e+02	 11	 9.153657e+02	 110	 6.503273e+02	 98	 8.912457e+02	 666.67	 700.00	 21.00	 47	 0.61	 
BMI_bfr_121	 1	 5	 133.jpg	 8.942151e+02	 12	 999000	 120	 999000	 999	 8.952337e+02	 666.67	 700.00	 3.00	 33	 0.87	 
BMI_bfr_121	 1	 5	 143.jpg	 8.962174e+02	 22	 9.613014e+02	 220	 7.003514e+02	 98	 8.972531e+02	 666.67	 716.67	 57.00	 43	 0.19	 
BMI_bfr_121	 1	 5	 121.jpg	 8.982196e+02	 11	 9.166478e+02	 110	 6.670054e+02	 98	 8.992554e+02	 683.33	 716.67	 10.00	 21	 0.80	 
BMI_bfr_121	 1	 5	 117.jpg	 9.022240e+02	 12	 999000	 120	 999000	 999	 9.032434e+02	 683.33	 716.67	 6.00	 17	 0.83	 
BMI_bfr_121	 1	 5	 112.jpg	 9.042094e+02	 11	 9.347037e+02	 110	 6.836860e+02	 98	 9.052443e+02	 700.00	 716.67	 18.00	 12	 0.61	 
BMI_bfr_121	 1	 5	 150.jpg	 9.082141e+02	 24	 999000	 240	 999000	 999	 9.092320e+02	 700.00	 716.67	 31.00	 50	 0.49	 
BMI_bfr_121	 1	 5	 156.jpg	 9.122185e+02	 24	 999000	 240	 999000	 999	 9.132371e+02	 700.00	 716.67	 58.00	 56	 0.16	 
BMI_bfr_121	 1	 5	 102.jpg	 9.152219e+02	 12	 999000	 120	 999000	 999	 9.162410e+02	 700.00	 716.67	 14.00	 2	 0.72	 
BMI_bfr_121	 1	 5	 158.jpg	 9.212121e+02	 24	 999000	 240	 999000	 999	 9.222295e+02	 700.00	 716.67	 49.00	 58	 0.25	 
BMI_bfr_121	 1	 5	 144.jpg	 9.232142e+02	 22	 9.770205e+02	 220	 7.170206e+02	 98	 9.242509e+02	 700.00	 733.33	 47.00	 44	 0.26	 
BMI_bfr_121	 1	 5	 159.jpg	 9.272187e+02	 24	 999000	 240	 999000	 999	 9.282373e+02	 700.00	 733.33	 55.00	 59	 0.20	 
BMI_bfr_121	 1	 5	 136.jpg	 9.292209e+02	 12	 999000	 120	 999000	 999	 9.302390e+02	 700.00	 733.33	 29.00	 36	 0.51	 
BMI_bfr_121	 1	 5	 109.jpg	 9.312232e+02	 24	 999000	 240	 999000	 999	 9.322411e+02	 700.00	 733.33	 60.00	 9	 0.13	 
BMI_bfr_121	 1	 5	 149.jpg	 9.332254e+02	 22	 1.001487e+03	 2200	 7.336848e+02	 98	 9.342613e+02	 700.00	 683.33	 50.00	 49	 0.24	 
BMI_bfr_121	 1	 5	 114.jpg	 9.382144e+02	 11	 9.962231e+02	 110	 7.003656e+02	 98	 9.392508e+02	 716.67	 683.33	 15.00	 14	 0.68	 
BMI_bfr_121	 1	 5	 135.jpg	 9.402165e+02	 22	 9.067253e+02	 220	 6.837246e+02	 98	 9.412525e+02	 716.67	 700.00	 36.00	 35	 0.42	 
BMI_bfr_121	 1	 5	 127.jpg	 9.422190e+02	 24	 999000	 240	 999000	 999	 9.432382e+02	 716.67	 700.00	 43.00	 27	 0.35	 
BMI_bfr_121	 1	 5	 122.jpg	 9.452222e+02	 11	 9.637718e+02	 110	 7.170408e+02	 98	 9.462567e+02	 733.33	 700.00	 4.00	 22	 0.86	 
BMI_bfr_121	 1	 5	 128.jpg	 9.482086e+02	 24	 999000	 240	 999000	 999	 9.492281e+02	 733.33	 700.00	 48.00	 28	 0.25	 
BMI_bfr_121	 1	 5	 116.jpg	 9.522134e+02	 12	 999000	 120	 999000	 999	 9.532335e+02	 733.33	 700.00	 9.00	 16	 0.81	 
BMI_bfr_121	 1	 5	 118.jpg	 9.542155e+02	 11	 1.004706e+03	 1100	 7.336849e+02	 98	 9.552503e+02	 683.33	 700.00	 25.00	 18	 0.58	 
BMI_bfr_121	 1	 5	 129.jpg	 9.562179e+02	 24	 999000	 240	 999000	 999	 9.572358e+02	 683.33	 700.00	 38.00	 29	 0.39	 
BMI_bfr_121	 1	 5	 145.jpg	 9.592212e+02	 24	 999000	 240	 999000	 999	 9.602399e+02	 683.33	 700.00	 33.00	 45	 0.45	 
BMI_bfr_121	 1	 5	 132.jpg	 9.622245e+02	 22	 9.497306e+02	 220	 7.003474e+02	 98	 9.632594e+02	 683.33	 716.67	 37.00	 32	 0.42	 
BMI_bfr_121	 1	 5	 137.jpg	 9.642097e+02	 22	 1.000843e+03	 2200	 7.170043e+02	 98	 9.652445e+02	 683.33	 666.67	 39.00	 37	 0.39	 
BMI_bfr_121	 1	 5	 154.jpg	 9.662124e+02	 22	 9.445436e+02	 220	 6.669837e+02	 98	 9.672487e+02	 683.33	 683.33	 53.00	 54	 0.21	 
BMI_bfr_121	 1	 5	 115.jpg	 9.682146e+02	 12	 999000	 120	 999000	 999	 9.692340e+02	 683.33	 683.33	 1.00	 15	 0.92	 
BMI_bfr_121	 1	 5	 160.jpg	 9.732202e+02	 11	 9.570171e+02	 110	 6.836708e+02	 98	 9.742567e+02	 700.00	 683.33	 5.00	 60	 0.83	 
BMI_bfr_121	 1	 5	 153.jpg	 9.752225e+02	 12	 999000	 120	 999000	 999	 9.762422e+02	 700.00	 683.33	 28.00	 53	 0.52	 
BMI_bfr_121	 1	 5	 155.jpg	 9.772247e+02	 24	 999000	 240	 999000	 999	 9.782445e+02	 700.00	 683.33	 46.00	 55	 0.27	 
BMI_bfr_121	 1	 5	 151.jpg	 9.792105e+02	 12	 999000	 120	 999000	 999	 9.802301e+02	 700.00	 683.33	 16.00	 51	 0.68	 
BMI_bfr_121	 1	 5	 120.jpg	 9.862181e+02	 11	 9.760277e+02	 110	 7.004671e+02	 98	 9.872544e+02	 716.67	 683.33	 24.00	 20	 0.59	 
BMI_bfr_121	 1	 5	 111.jpg	 9.882203e+02	 11	 1.032617e+03	 1100	 7.170173e+02	 98	 9.892565e+02	 666.67	 683.33	 13.00	 11	 0.73	 
BMI_bfr_121	 1	 5	 152.jpg	 9.952117e+02	 11	 9.378089e+02	 110	 6.670141e+02	 98	 9.962481e+02	 683.33	 683.33	 7.00	 52	 0.82	 
BMI_bfr_121	 1	 5	 103.jpg	 9.982149e+02	 24	 999000	 240	 999000	 999	 9.992336e+02	 683.33	 683.33	 35.00	 3	 0.43	 
BMI_bfr_121	 1	 5	 134.jpg	 1.001218e+03	 24	 999000	 240	 999000	 999	 1.002237e+03	 683.33	 683.33	 34.00	 34	 0.44	 
BMI_bfr_121	 1	 5	 123.jpg	 1.007225e+03	 12	 999000	 120	 999000	 999	 1.008244e+03	 683.33	 683.33	 22.00	 23	 0.59	 
BMI_bfr_121	 1	 5	 139.jpg	 1.009210e+03	 24	 999000	 240	 999000	 999	 1.010230e+03	 683.33	 683.33	 59.00	 39	 0.15	 
