subjectID	 order	 runNum	 itemName	 onsetTime	 shuff_trialType	 RT	 respInTime	 AudioTime	 response	 fixationTime	 ladder1	 ladder2	 bidIndex	 itemNameIndex	 bidValue	 
BMI_bfr_110	 2	 4	 156.jpg	 6.057659e+02	 12	 999000	 120	 999000	 999	 6.067838e+02	 683.33	 750.00	 27.00	 56	 0.50	 
BMI_bfr_110	 2	 4	 111.jpg	 6.087696e+02	 12	 999000	 120	 999000	 999	 6.097872e+02	 683.33	 750.00	 29.00	 11	 0.48	 
BMI_bfr_110	 2	 4	 109.jpg	 6.107717e+02	 22	 1.015506e+03	 2200	 7.500763e+02	 98	 6.118062e+02	 683.33	 700.00	 58.00	 9	 0.17	 
BMI_bfr_110	 2	 4	 120.jpg	 6.127741e+02	 12	 999000	 120	 999000	 999	 6.137918e+02	 683.33	 700.00	 2.00	 20	 0.87	 
BMI_bfr_110	 2	 4	 159.jpg	 6.147763e+02	 12	 999000	 120	 999000	 999	 6.157951e+02	 683.33	 700.00	 15.00	 59	 0.68	 
BMI_bfr_110	 2	 4	 113.jpg	 6.177630e+02	 11	 1.044428e+03	 1100	 6.834240e+02	 98	 6.188003e+02	 633.33	 700.00	 17.00	 13	 0.66	 
BMI_bfr_110	 2	 4	 147.jpg	 6.197652e+02	 12	 999000	 120	 999000	 999	 6.207846e+02	 633.33	 700.00	 12.00	 47	 0.74	 
BMI_bfr_110	 2	 4	 108.jpg	 6.237697e+02	 22	 9.105010e+02	 220	 7.000556e+02	 98	 6.248067e+02	 633.33	 716.67	 41.00	 8	 0.39	 
BMI_bfr_110	 2	 4	 154.jpg	 6.257719e+02	 24	 999000	 240	 999000	 999	 6.267898e+02	 633.33	 716.67	 31.00	 54	 0.47	 
BMI_bfr_110	 2	 4	 128.jpg	 6.307775e+02	 12	 999000	 120	 999000	 999	 6.317954e+02	 633.33	 716.67	 24.00	 28	 0.53	 
BMI_bfr_110	 2	 4	 106.jpg	 6.327630e+02	 22	 9.625340e+02	 220	 7.167070e+02	 98	 6.337995e+02	 633.33	 733.33	 48.00	 6	 0.32	 
BMI_bfr_110	 2	 4	 122.jpg	 6.367675e+02	 12	 3.669981e+02	 12	 999000	 98	 6.377868e+02	 633.33	 733.33	 18.00	 22	 0.66	 
BMI_bfr_110	 2	 4	 142.jpg	 6.387697e+02	 24	 999000	 240	 999000	 999	 6.397893e+02	 633.33	 733.33	 34.00	 42	 0.45	 
BMI_bfr_110	 2	 4	 140.jpg	 6.417731e+02	 24	 999000	 240	 999000	 999	 6.427910e+02	 633.33	 733.33	 47.00	 40	 0.34	 
BMI_bfr_110	 2	 4	 103.jpg	 6.467618e+02	 12	 999000	 120	 999000	 999	 6.477797e+02	 633.33	 733.33	 13.00	 3	 0.74	 
BMI_bfr_110	 2	 4	 149.jpg	 6.487643e+02	 24	 999000	 240	 999000	 999	 6.497823e+02	 633.33	 733.33	 60.00	 49	 0.02	 
BMI_bfr_110	 2	 4	 116.jpg	 6.507665e+02	 12	 999000	 120	 999000	 999	 6.517844e+02	 633.33	 733.33	 20.00	 16	 0.64	 
BMI_bfr_110	 2	 4	 125.jpg	 6.547711e+02	 11	 9.042652e+02	 110	 6.333900e+02	 98	 6.558232e+02	 650.00	 733.33	 23.00	 25	 0.55	 
BMI_bfr_110	 2	 4	 104.jpg	 6.587755e+02	 12	 999000	 120	 999000	 999	 6.597931e+02	 650.00	 733.33	 21.00	 4	 0.58	 
BMI_bfr_110	 2	 4	 139.jpg	 6.627634e+02	 22	 1.079830e+03	 2200	 7.333840e+02	 98	 6.638001e+02	 650.00	 683.33	 46.00	 39	 0.34	 
BMI_bfr_110	 2	 4	 118.jpg	 6.647656e+02	 11	 8.777132e+02	 110	 6.500436e+02	 98	 6.658008e+02	 666.67	 683.33	 11.00	 18	 0.75	 
BMI_bfr_110	 2	 4	 160.jpg	 6.667679e+02	 22	 9.455289e+02	 220	 6.833774e+02	 98	 6.678034e+02	 666.67	 700.00	 38.00	 60	 0.41	 
BMI_bfr_110	 2	 4	 117.jpg	 6.687701e+02	 22	 9.571833e+02	 220	 7.000486e+02	 98	 6.698071e+02	 666.67	 716.67	 49.00	 17	 0.29	 
BMI_bfr_110	 2	 4	 115.jpg	 6.707735e+02	 24	 999000	 240	 999000	 999	 6.717918e+02	 666.67	 716.67	 37.00	 15	 0.42	 
BMI_bfr_110	 2	 4	 101.jpg	 6.767624e+02	 11	 8.964909e+02	 110	 6.667246e+02	 98	 6.777992e+02	 683.33	 716.67	 3.00	 1	 0.87	 
BMI_bfr_110	 2	 4	 123.jpg	 6.797657e+02	 12	 999000	 120	 999000	 999	 6.807833e+02	 683.33	 716.67	 10.00	 23	 0.75	 
BMI_bfr_110	 2	 4	 112.jpg	 6.817679e+02	 12	 999000	 120	 999000	 999	 6.827880e+02	 683.33	 716.67	 28.00	 12	 0.50	 
BMI_bfr_110	 2	 4	 148.jpg	 6.837702e+02	 24	 999000	 240	 999000	 999	 6.847889e+02	 683.33	 716.67	 59.00	 48	 0.16	 
BMI_bfr_110	 2	 4	 141.jpg	 6.867736e+02	 24	 999000	 240	 999000	 999	 6.877915e+02	 683.33	 716.67	 52.00	 41	 0.25	 
BMI_bfr_110	 2	 4	 152.jpg	 6.887759e+02	 12	 999000	 120	 999000	 999	 6.897937e+02	 683.33	 716.67	 5.00	 52	 0.84	 
BMI_bfr_110	 2	 4	 145.jpg	 6.907611e+02	 11	 9.721215e+02	 110	 6.833777e+02	 98	 6.917959e+02	 700.00	 716.67	 26.00	 45	 0.50	 
BMI_bfr_110	 2	 4	 102.jpg	 6.927636e+02	 22	 9.835444e+02	 220	 7.167129e+02	 98	 6.938003e+02	 700.00	 733.33	 35.00	 2	 0.44	 
BMI_bfr_110	 2	 4	 134.jpg	 6.957670e+02	 22	 9.952934e+02	 220	 7.333806e+02	 98	 6.968030e+02	 700.00	 750.00	 40.00	 34	 0.39	 
BMI_bfr_110	 2	 4	 129.jpg	 6.977709e+02	 22	 1.016557e+03	 2200	 7.500590e+02	 98	 6.988045e+02	 700.00	 700.00	 51.00	 29	 0.26	 
BMI_bfr_110	 2	 4	 146.jpg	 6.997715e+02	 24	 999000	 240	 999000	 999	 7.007893e+02	 700.00	 700.00	 39.00	 46	 0.40	 
BMI_bfr_110	 2	 4	 124.jpg	 7.017737e+02	 11	 1.041323e+03	 1100	 7.001102e+02	 98	 7.028103e+02	 650.00	 700.00	 6.00	 24	 0.78	 
BMI_bfr_110	 2	 4	 133.jpg	 7.037759e+02	 22	 1.030465e+03	 2200	 7.000440e+02	 98	 7.048125e+02	 650.00	 650.00	 55.00	 33	 0.21	 
BMI_bfr_110	 2	 4	 105.jpg	 7.097660e+02	 11	 8.682119e+02	 110	 6.500514e+02	 98	 7.108031e+02	 666.67	 650.00	 8.00	 5	 0.77	 
BMI_bfr_110	 2	 4	 126.jpg	 7.127694e+02	 24	 999000	 240	 999000	 999	 7.137872e+02	 666.67	 650.00	 50.00	 26	 0.28	 
BMI_bfr_110	 2	 4	 135.jpg	 7.167738e+02	 24	 999000	 240	 999000	 999	 7.177916e+02	 666.67	 650.00	 45.00	 35	 0.35	 
BMI_bfr_110	 2	 4	 114.jpg	 7.227639e+02	 11	 9.095465e+02	 110	 6.667243e+02	 98	 7.238008e+02	 683.33	 650.00	 9.00	 14	 0.76	 
BMI_bfr_110	 2	 4	 143.jpg	 7.247685e+02	 24	 999000	 240	 999000	 999	 7.257842e+02	 683.33	 650.00	 36.00	 43	 0.42	 
BMI_bfr_110	 2	 4	 137.jpg	 7.297717e+02	 12	 999000	 120	 999000	 999	 7.307915e+02	 683.33	 650.00	 25.00	 37	 0.52	 
BMI_bfr_110	 2	 4	 153.jpg	 7.327751e+02	 11	 9.676171e+02	 110	 6.833888e+02	 98	 7.338110e+02	 700.00	 650.00	 19.00	 53	 0.66	 
BMI_bfr_110	 2	 4	 110.jpg	 7.347603e+02	 12	 999000	 120	 999000	 999	 7.357784e+02	 700.00	 650.00	 7.00	 10	 0.78	 
BMI_bfr_110	 2	 4	 144.jpg	 7.377640e+02	 11	 9.177107e+02	 110	 7.000561e+02	 98	 7.388004e+02	 716.67	 650.00	 22.00	 44	 0.58	 
BMI_bfr_110	 2	 4	 151.jpg	 7.397662e+02	 11	 1.008154e+03	 1100	 7.167194e+02	 98	 7.408009e+02	 666.67	 650.00	 14.00	 51	 0.72	 
BMI_bfr_110	 2	 4	 121.jpg	 7.437709e+02	 12	 999000	 120	 999000	 999	 7.447897e+02	 666.67	 650.00	 1.00	 21	 0.88	 
BMI_bfr_110	 2	 4	 157.jpg	 7.477752e+02	 11	 9.081988e+02	 110	 6.667126e+02	 98	 7.488096e+02	 683.33	 650.00	 16.00	 57	 0.68	 
BMI_bfr_110	 2	 4	 136.jpg	 7.497604e+02	 24	 999000	 240	 999000	 999	 7.507784e+02	 683.33	 650.00	 53.00	 36	 0.24	 
BMI_bfr_110	 2	 4	 150.jpg	 7.567685e+02	 24	 999000	 240	 999000	 999	 7.577866e+02	 683.33	 650.00	 44.00	 50	 0.37	 
BMI_bfr_110	 2	 4	 130.jpg	 7.587709e+02	 24	 999000	 240	 999000	 999	 7.597888e+02	 683.33	 650.00	 33.00	 30	 0.46	 
BMI_bfr_110	 2	 4	 132.jpg	 7.617743e+02	 12	 999000	 120	 999000	 999	 7.627919e+02	 683.33	 650.00	 30.00	 32	 0.47	 
BMI_bfr_110	 2	 4	 119.jpg	 7.657617e+02	 12	 999000	 120	 999000	 999	 7.667816e+02	 683.33	 650.00	 4.00	 19	 0.85	 
BMI_bfr_110	 2	 4	 158.jpg	 7.697664e+02	 24	 999000	 240	 999000	 999	 7.707843e+02	 683.33	 650.00	 57.00	 58	 0.20	 
BMI_bfr_110	 2	 4	 127.jpg	 7.737710e+02	 24	 999000	 240	 999000	 999	 7.747890e+02	 683.33	 650.00	 56.00	 27	 0.21	 
BMI_bfr_110	 2	 4	 131.jpg	 7.767744e+02	 22	 9.578665e+02	 220	 6.500561e+02	 98	 7.778094e+02	 683.33	 666.67	 43.00	 31	 0.38	 
BMI_bfr_110	 2	 4	 155.jpg	 7.787766e+02	 22	 8.907240e+02	 220	 6.667468e+02	 98	 7.798128e+02	 683.33	 683.33	 54.00	 55	 0.24	 
BMI_bfr_110	 2	 4	 138.jpg	 7.827643e+02	 24	 999000	 240	 999000	 999	 7.837822e+02	 683.33	 683.33	 42.00	 38	 0.38	 
BMI_bfr_110	 2	 4	 107.jpg	 7.897723e+02	 24	 999000	 240	 999000	 999	 7.907899e+02	 683.33	 683.33	 32.00	 7	 0.47	 
