subjectID	 order	 runNum	 itemName	 onsetTime	 shuff_trialType	 RT	 respInTime	 AudioTime	 response	 fixationTime	 ladder1	 ladder2	 bidIndex	 itemNameIndex	 bidValue	 
BMI_bfr_108	 2	 9	 132.jpg	 1.565803e+03	 24	 999000	 240	 999000	 999	 1.566822e+03	 750.00	 750.00	 42.00	 32	 0.40	 
BMI_bfr_108	 2	 9	 140.jpg	 1.570809e+03	 22	 6.458118e+02	 22	 7.503258e+02	 98	 1.571846e+03	 750.00	 766.67	 58.00	 40	 0.12	 
BMI_bfr_108	 2	 9	 155.jpg	 1.572795e+03	 24	 999000	 240	 999000	 999	 1.573814e+03	 750.00	 766.67	 44.00	 55	 0.39	 
BMI_bfr_108	 2	 9	 139.jpg	 1.574797e+03	 24	 999000	 240	 999000	 999	 1.575816e+03	 750.00	 766.67	 50.00	 39	 0.34	 
BMI_bfr_108	 2	 9	 110.jpg	 1.580804e+03	 12	 999000	 120	 999000	 999	 1.581823e+03	 750.00	 766.67	 7.00	 10	 0.74	 
BMI_bfr_108	 2	 9	 101.jpg	 1.582806e+03	 22	 6.756050e+02	 22	 7.669602e+02	 98	 1.583842e+03	 750.00	 783.33	 51.00	 1	 0.32	 
BMI_bfr_108	 2	 9	 134.jpg	 1.585809e+03	 11	 9.911027e+02	 110	 7.503285e+02	 98	 1.586845e+03	 766.67	 783.33	 16.00	 34	 0.62	 
BMI_bfr_108	 2	 9	 153.jpg	 1.587795e+03	 12	 999000	 120	 999000	 999	 1.588814e+03	 766.67	 783.33	 12.00	 53	 0.65	 
BMI_bfr_108	 2	 9	 109.jpg	 1.591800e+03	 24	 999000	 240	 999000	 999	 1.592819e+03	 766.67	 783.33	 57.00	 9	 0.16	 
BMI_bfr_108	 2	 9	 114.jpg	 1.593802e+03	 12	 999000	 120	 999000	 999	 1.594821e+03	 766.67	 783.33	 24.00	 14	 0.58	 
BMI_bfr_108	 2	 9	 159.jpg	 1.598814e+03	 24	 999000	 240	 999000	 999	 1.599827e+03	 766.67	 783.33	 37.00	 59	 0.43	 
BMI_bfr_108	 2	 9	 103.jpg	 1.605799e+03	 12	 999000	 120	 999000	 999	 1.606817e+03	 766.67	 783.33	 29.00	 3	 0.55	 
BMI_bfr_108	 2	 9	 113.jpg	 1.607800e+03	 22	 9.272572e+02	 220	 7.836107e+02	 98	 1.608852e+03	 766.67	 800.00	 43.00	 13	 0.40	 
BMI_bfr_108	 2	 9	 105.jpg	 1.610804e+03	 12	 999000	 120	 999000	 999	 1.611823e+03	 766.67	 800.00	 5.00	 5	 0.75	 
BMI_bfr_108	 2	 9	 147.jpg	 1.613807e+03	 12	 999000	 120	 999000	 999	 1.614826e+03	 766.67	 800.00	 2.00	 47	 0.84	 
BMI_bfr_108	 2	 9	 107.jpg	 1.617796e+03	 12	 999000	 120	 999000	 999	 1.618815e+03	 766.67	 800.00	 1.00	 7	 0.86	 
BMI_bfr_108	 2	 9	 104.jpg	 1.621800e+03	 22	 5.858927e+02	 22	 8.002825e+02	 98	 1.622851e+03	 766.67	 816.67	 55.00	 4	 0.24	 
BMI_bfr_108	 2	 9	 154.jpg	 1.625805e+03	 12	 999000	 120	 999000	 999	 1.626824e+03	 766.67	 816.67	 13.00	 54	 0.65	 
BMI_bfr_108	 2	 9	 145.jpg	 1.628808e+03	 22	 9.242675e+02	 220	 8.169482e+02	 98	 1.629858e+03	 766.67	 833.33	 54.00	 45	 0.26	 
BMI_bfr_108	 2	 9	 119.jpg	 1.634797e+03	 24	 999000	 240	 999000	 999	 1.635817e+03	 766.67	 833.33	 33.00	 19	 0.50	 
BMI_bfr_108	 2	 9	 117.jpg	 1.636800e+03	 24	 999000	 240	 999000	 999	 1.637818e+03	 766.67	 833.33	 34.00	 17	 0.50	 
BMI_bfr_108	 2	 9	 160.jpg	 1.639804e+03	 24	 999000	 240	 999000	 999	 1.640824e+03	 766.67	 833.33	 45.00	 60	 0.39	 
BMI_bfr_108	 2	 9	 143.jpg	 1.641805e+03	 22	 1.056716e+03	 2200	 8.336317e+02	 98	 1.642844e+03	 766.67	 783.33	 40.00	 43	 0.40	 
BMI_bfr_108	 2	 9	 158.jpg	 1.643807e+03	 12	 5.282727e+02	 12	 999000	 98	 1.644826e+03	 766.67	 783.33	 15.00	 58	 0.63	 
BMI_bfr_108	 2	 9	 146.jpg	 1.645810e+03	 11	 1.169648e+03	 1100	 7.669526e+02	 98	 1.646847e+03	 716.67	 783.33	 22.00	 46	 0.59	 
BMI_bfr_108	 2	 9	 141.jpg	 1.648796e+03	 24	 999000	 240	 999000	 999	 1.649816e+03	 716.67	 783.33	 39.00	 41	 0.40	 
BMI_bfr_108	 2	 9	 149.jpg	 1.652805e+03	 22	 1.037018e+03	 2200	 7.836105e+02	 98	 1.653854e+03	 716.67	 733.33	 41.00	 49	 0.40	 
BMI_bfr_108	 2	 9	 112.jpg	 1.654803e+03	 24	 999000	 240	 999000	 999	 1.655825e+03	 716.67	 733.33	 47.00	 12	 0.37	 
BMI_bfr_108	 2	 9	 115.jpg	 1.656805e+03	 22	 5.359041e+02	 22	 7.336195e+02	 98	 1.657844e+03	 716.67	 750.00	 48.00	 15	 0.36	 
BMI_bfr_108	 2	 9	 142.jpg	 1.658809e+03	 22	 9.843574e+02	 220	 7.502865e+02	 98	 1.659872e+03	 716.67	 766.67	 35.00	 42	 0.49	 
BMI_bfr_108	 2	 9	 121.jpg	 1.660794e+03	 12	 999000	 120	 999000	 999	 1.661812e+03	 716.67	 766.67	 30.00	 21	 0.54	 
BMI_bfr_108	 2	 9	 135.jpg	 1.662795e+03	 12	 999000	 120	 999000	 999	 1.663814e+03	 716.67	 766.67	 10.00	 35	 0.66	 
BMI_bfr_108	 2	 9	 106.jpg	 1.666800e+03	 24	 999000	 240	 999000	 999	 1.667820e+03	 716.67	 766.67	 31.00	 6	 0.54	 
BMI_bfr_108	 2	 9	 125.jpg	 1.670809e+03	 22	 1.045348e+03	 2200	 7.669413e+02	 98	 1.671857e+03	 716.67	 716.67	 46.00	 25	 0.38	 
BMI_bfr_108	 2	 9	 138.jpg	 1.672807e+03	 24	 999000	 240	 999000	 999	 1.673825e+03	 716.67	 716.67	 36.00	 38	 0.45	 
BMI_bfr_108	 2	 9	 123.jpg	 1.674809e+03	 11	 1.095473e+03	 1100	 7.170334e+02	 98	 1.675843e+03	 666.67	 716.67	 11.00	 23	 0.66	 
BMI_bfr_108	 2	 9	 108.jpg	 1.676796e+03	 11	 7.961126e+02	 110	 6.669460e+02	 98	 1.677848e+03	 683.33	 716.67	 9.00	 8	 0.72	 
BMI_bfr_108	 2	 9	 136.jpg	 1.678797e+03	 12	 999000	 120	 999000	 999	 1.679817e+03	 683.33	 716.67	 20.00	 36	 0.60	 
BMI_bfr_108	 2	 9	 152.jpg	 1.684804e+03	 11	 7.757139e+02	 110	 6.836225e+02	 98	 1.685840e+03	 700.00	 716.67	 17.00	 52	 0.62	 
BMI_bfr_108	 2	 9	 131.jpg	 1.686806e+03	 24	 999000	 240	 999000	 999	 1.687825e+03	 700.00	 716.67	 52.00	 31	 0.28	 
BMI_bfr_108	 2	 9	 122.jpg	 1.688810e+03	 22	 8.088547e+02	 220	 7.169485e+02	 98	 1.689862e+03	 700.00	 733.33	 49.00	 22	 0.35	 
BMI_bfr_108	 2	 9	 118.jpg	 1.690794e+03	 11	 9.289519e+02	 110	 7.003768e+02	 98	 1.691832e+03	 716.67	 733.33	 19.00	 18	 0.60	 
BMI_bfr_108	 2	 9	 156.jpg	 1.693798e+03	 22	 9.626102e+02	 220	 7.336112e+02	 98	 1.694836e+03	 716.67	 750.00	 38.00	 56	 0.42	 
BMI_bfr_108	 2	 9	 128.jpg	 1.695800e+03	 12	 8.845291e+02	 12	 999000	 98	 1.696819e+03	 716.67	 750.00	 27.00	 28	 0.55	 
BMI_bfr_108	 2	 9	 127.jpg	 1.702807e+03	 11	 9.874125e+02	 110	 7.169417e+02	 98	 1.703843e+03	 733.33	 750.00	 23.00	 27	 0.58	 
BMI_bfr_108	 2	 9	 111.jpg	 1.704809e+03	 11	 7.740973e+02	 110	 7.336190e+02	 98	 1.705869e+03	 750.00	 750.00	 8.00	 11	 0.73	 
BMI_bfr_108	 2	 9	 129.jpg	 1.708798e+03	 12	 999000	 120	 999000	 999	 1.709817e+03	 750.00	 750.00	 4.00	 29	 0.76	 
BMI_bfr_108	 2	 9	 130.jpg	 1.712802e+03	 24	 999000	 240	 999000	 999	 1.713821e+03	 750.00	 750.00	 59.00	 30	 0.10	 
BMI_bfr_108	 2	 9	 137.jpg	 1.715805e+03	 24	 999000	 240	 999000	 999	 1.716824e+03	 750.00	 750.00	 53.00	 37	 0.27	 
BMI_bfr_108	 2	 9	 124.jpg	 1.717807e+03	 24	 999000	 240	 999000	 999	 1.718826e+03	 750.00	 750.00	 60.00	 24	 0.06	 
BMI_bfr_108	 2	 9	 150.jpg	 1.721796e+03	 11	 1.068819e+03	 1100	 7.502639e+02	 98	 1.722832e+03	 700.00	 750.00	 26.00	 50	 0.56	 
BMI_bfr_108	 2	 9	 116.jpg	 1.723797e+03	 12	 999000	 120	 999000	 999	 1.724816e+03	 700.00	 750.00	 28.00	 16	 0.55	 
BMI_bfr_108	 2	 9	 151.jpg	 1.726801e+03	 24	 999000	 240	 999000	 999	 1.727820e+03	 700.00	 750.00	 32.00	 51	 0.53	 
BMI_bfr_108	 2	 9	 133.jpg	 1.730805e+03	 11	 7.557050e+02	 110	 7.002922e+02	 98	 1.731840e+03	 716.67	 750.00	 3.00	 33	 0.80	 
BMI_bfr_108	 2	 9	 102.jpg	 1.732807e+03	 11	 9.588615e+02	 110	 7.169529e+02	 98	 1.733841e+03	 733.33	 750.00	 14.00	 2	 0.64	 
BMI_bfr_108	 2	 9	 157.jpg	 1.737797e+03	 11	 9.420557e+02	 110	 7.336184e+02	 98	 1.738833e+03	 750.00	 750.00	 6.00	 57	 0.74	 
BMI_bfr_108	 2	 9	 148.jpg	 1.739799e+03	 12	 999000	 120	 999000	 999	 1.740817e+03	 750.00	 750.00	 21.00	 48	 0.59	 
BMI_bfr_108	 2	 9	 120.jpg	 1.743803e+03	 24	 999000	 240	 999000	 999	 1.744822e+03	 750.00	 750.00	 56.00	 20	 0.19	 
BMI_bfr_108	 2	 9	 126.jpg	 1.746806e+03	 12	 999000	 120	 999000	 999	 1.747826e+03	 750.00	 750.00	 25.00	 26	 0.58	 
BMI_bfr_108	 2	 9	 144.jpg	 1.749810e+03	 12	 999000	 120	 999000	 999	 1.750829e+03	 750.00	 750.00	 18.00	 44	 0.62	 
