subjectID	 order	 runNum	 itemName	 onsetTime	 shuff_trialType	 RT	 respInTime	 AudioTime	 response	 fixationTime	 ladder1	 ladder2	 bidIndex	 itemNameIndex	 bidValue	 
BMI_bfr_101	 1	 3	 112.jpg	 3.874918e+02	 11	 9.941802e+02	 110	 7.502389e+02	 98	 3.885262e+02	 766.67	 750.00	 25.00	 12	 0.58	 
BMI_bfr_101	 1	 3	 103.jpg	 3.904950e+02	 12	 999000	 120	 999000	 999	 3.915131e+02	 766.67	 750.00	 16.00	 3	 0.67	 
BMI_bfr_101	 1	 3	 123.jpg	 3.944830e+02	 22	 9.670346e+02	 220	 7.502747e+02	 98	 3.955173e+02	 766.67	 766.67	 36.00	 23	 0.44	 
BMI_bfr_101	 1	 3	 108.jpg	 3.964852e+02	 11	 9.786709e+02	 110	 7.669169e+02	 98	 3.975195e+02	 783.33	 766.67	 10.00	 8	 0.72	 
BMI_bfr_101	 1	 3	 147.jpg	 3.984874e+02	 24	 999000	 240	 999000	 999	 3.995053e+02	 783.33	 766.67	 33.00	 47	 0.47	 
BMI_bfr_101	 1	 3	 124.jpg	 4.024919e+02	 11	 1.092279e+03	 1100	 7.835984e+02	 98	 4.035286e+02	 733.33	 766.67	 20.00	 24	 0.64	 
BMI_bfr_101	 1	 3	 139.jpg	 4.044942e+02	 24	 999000	 240	 999000	 999	 4.055153e+02	 733.33	 766.67	 49.00	 39	 0.28	 
BMI_bfr_101	 1	 3	 105.jpg	 4.094831e+02	 12	 999000	 120	 999000	 999	 4.105010e+02	 733.33	 766.67	 9.00	 5	 0.74	 
BMI_bfr_101	 1	 3	 151.jpg	 4.114853e+02	 11	 9.418328e+02	 110	 7.335769e+02	 98	 4.125196e+02	 750.00	 766.67	 24.00	 51	 0.58	 
BMI_bfr_101	 1	 3	 109.jpg	 4.144886e+02	 22	 1.054816e+03	 2200	 7.669177e+02	 98	 4.155231e+02	 750.00	 716.67	 44.00	 9	 0.35	 
BMI_bfr_101	 1	 3	 146.jpg	 4.174920e+02	 22	 9.653980e+02	 220	 7.169306e+02	 98	 4.185280e+02	 750.00	 733.33	 53.00	 46	 0.23	 
BMI_bfr_101	 1	 3	 148.jpg	 4.214795e+02	 24	 999000	 240	 999000	 999	 4.224975e+02	 750.00	 733.33	 54.00	 48	 0.22	 
BMI_bfr_101	 1	 3	 110.jpg	 4.244831e+02	 24	 999000	 240	 999000	 999	 4.255010e+02	 750.00	 733.33	 38.00	 10	 0.42	 
BMI_bfr_101	 1	 3	 149.jpg	 4.264855e+02	 24	 999000	 240	 999000	 999	 4.275032e+02	 750.00	 733.33	 58.00	 49	 0.14	 
BMI_bfr_101	 1	 3	 130.jpg	 4.294888e+02	 24	 999000	 240	 999000	 999	 4.305067e+02	 750.00	 733.33	 35.00	 30	 0.46	 
BMI_bfr_101	 1	 3	 131.jpg	 4.334933e+02	 24	 999000	 240	 999000	 999	 4.345116e+02	 750.00	 733.33	 60.00	 31	 0.08	 
BMI_bfr_101	 1	 3	 158.jpg	 4.364796e+02	 11	 1.002398e+03	 1100	 7.502533e+02	 98	 4.375145e+02	 700.00	 733.33	 4.00	 58	 0.85	 
BMI_bfr_101	 1	 3	 121.jpg	 4.384822e+02	 12	 999000	 120	 999000	 999	 4.395000e+02	 700.00	 733.33	 11.00	 21	 0.71	 
BMI_bfr_101	 1	 3	 135.jpg	 4.404845e+02	 12	 999000	 120	 999000	 999	 4.415028e+02	 700.00	 733.33	 30.00	 35	 0.51	 
BMI_bfr_101	 1	 3	 125.jpg	 4.454899e+02	 12	 999000	 120	 999000	 999	 4.465080e+02	 700.00	 733.33	 26.00	 25	 0.56	 
BMI_bfr_101	 1	 3	 142.jpg	 4.494944e+02	 11	 9.256259e+02	 110	 7.002591e+02	 98	 4.505310e+02	 716.67	 733.33	 5.00	 42	 0.82	 
BMI_bfr_101	 1	 3	 143.jpg	 4.534823e+02	 24	 999000	 240	 999000	 999	 4.545001e+02	 716.67	 733.33	 43.00	 43	 0.35	 
BMI_bfr_101	 1	 3	 153.jpg	 4.594891e+02	 12	 999000	 120	 999000	 999	 4.605074e+02	 716.67	 733.33	 29.00	 53	 0.51	 
BMI_bfr_101	 1	 3	 102.jpg	 4.614912e+02	 12	 999000	 120	 999000	 999	 4.625091e+02	 716.67	 733.33	 3.00	 2	 0.86	 
BMI_bfr_101	 1	 3	 152.jpg	 4.634935e+02	 11	 9.671753e+02	 110	 7.169186e+02	 98	 4.645280e+02	 733.33	 733.33	 7.00	 52	 0.76	 
BMI_bfr_101	 1	 3	 116.jpg	 4.654789e+02	 12	 999000	 120	 999000	 999	 4.664970e+02	 733.33	 733.33	 1.00	 16	 0.87	 
BMI_bfr_101	 1	 3	 132.jpg	 4.674812e+02	 24	 999000	 240	 999000	 999	 4.684991e+02	 733.33	 733.33	 48.00	 32	 0.31	 
BMI_bfr_101	 1	 3	 137.jpg	 4.714858e+02	 22	 9.627677e+02	 220	 7.335860e+02	 98	 4.725202e+02	 733.33	 750.00	 45.00	 37	 0.34	 
BMI_bfr_101	 1	 3	 129.jpg	 4.734880e+02	 24	 999000	 240	 999000	 999	 4.745060e+02	 733.33	 750.00	 31.00	 29	 0.49	 
BMI_bfr_101	 1	 3	 101.jpg	 4.774925e+02	 12	 999000	 120	 999000	 999	 4.785106e+02	 733.33	 750.00	 23.00	 1	 0.59	 
BMI_bfr_101	 1	 3	 133.jpg	 4.794948e+02	 12	 999000	 120	 999000	 999	 4.805127e+02	 733.33	 750.00	 27.00	 33	 0.54	 
BMI_bfr_101	 1	 3	 111.jpg	 4.814800e+02	 12	 999000	 120	 999000	 999	 4.824981e+02	 733.33	 750.00	 2.00	 11	 0.87	 
BMI_bfr_101	 1	 3	 159.jpg	 4.834825e+02	 22	 9.478338e+02	 220	 7.502479e+02	 98	 4.845172e+02	 733.33	 766.67	 47.00	 59	 0.32	 
BMI_bfr_101	 1	 3	 155.jpg	 4.884881e+02	 24	 999000	 240	 999000	 999	 4.895059e+02	 733.33	 766.67	 41.00	 55	 0.39	 
BMI_bfr_101	 1	 3	 118.jpg	 4.904905e+02	 12	 999000	 120	 999000	 999	 4.915083e+02	 733.33	 766.67	 6.00	 18	 0.78	 
BMI_bfr_101	 1	 3	 120.jpg	 4.924926e+02	 11	 9.493885e+02	 110	 7.335746e+02	 98	 4.935272e+02	 750.00	 766.67	 18.00	 20	 0.65	 
BMI_bfr_101	 1	 3	 122.jpg	 4.954789e+02	 12	 999000	 120	 999000	 999	 4.964969e+02	 750.00	 766.67	 8.00	 22	 0.76	 
BMI_bfr_101	 1	 3	 106.jpg	 5.024871e+02	 11	 1.024267e+03	 1100	 7.502503e+02	 98	 5.035215e+02	 700.00	 766.67	 12.00	 6	 0.70	 
BMI_bfr_101	 1	 3	 156.jpg	 5.064916e+02	 22	 1.058594e+03	 2200	 7.670181e+02	 98	 5.075281e+02	 700.00	 716.67	 37.00	 56	 0.44	 
BMI_bfr_101	 1	 3	 136.jpg	 5.134827e+02	 22	 9.639933e+02	 220	 7.170246e+02	 98	 5.145198e+02	 700.00	 733.33	 42.00	 36	 0.37	 
BMI_bfr_101	 1	 3	 117.jpg	 5.154851e+02	 12	 999000	 120	 999000	 999	 5.165035e+02	 700.00	 733.33	 17.00	 17	 0.67	 
BMI_bfr_101	 1	 3	 150.jpg	 5.194896e+02	 22	 9.761759e+02	 220	 7.335982e+02	 98	 5.205260e+02	 700.00	 750.00	 52.00	 50	 0.24	 
BMI_bfr_101	 1	 3	 157.jpg	 5.234940e+02	 11	 8.869115e+02	 110	 7.002495e+02	 98	 5.245307e+02	 716.67	 750.00	 15.00	 57	 0.67	 
BMI_bfr_101	 1	 3	 119.jpg	 5.254792e+02	 12	 999000	 120	 999000	 999	 5.264974e+02	 716.67	 750.00	 19.00	 19	 0.64	 
BMI_bfr_101	 1	 3	 141.jpg	 5.294841e+02	 24	 999000	 240	 999000	 999	 5.305018e+02	 716.67	 750.00	 51.00	 41	 0.26	 
BMI_bfr_101	 1	 3	 113.jpg	 5.314862e+02	 24	 999000	 240	 999000	 999	 5.325042e+02	 716.67	 750.00	 34.00	 13	 0.47	 
BMI_bfr_101	 1	 3	 138.jpg	 5.334885e+02	 24	 999000	 240	 999000	 999	 5.345063e+02	 716.67	 750.00	 55.00	 38	 0.20	 
BMI_bfr_101	 1	 3	 104.jpg	 5.394951e+02	 11	 9.402888e+02	 110	 7.169615e+02	 98	 5.405324e+02	 733.33	 750.00	 13.00	 4	 0.68	 
BMI_bfr_101	 1	 3	 160.jpg	 5.414807e+02	 12	 999000	 120	 999000	 999	 5.424994e+02	 733.33	 750.00	 14.00	 60	 0.67	 
BMI_bfr_101	 1	 3	 154.jpg	 5.444841e+02	 11	 9.578399e+02	 110	 7.335908e+02	 98	 5.455202e+02	 750.00	 750.00	 21.00	 54	 0.62	 
BMI_bfr_101	 1	 3	 115.jpg	 5.474874e+02	 24	 999000	 240	 999000	 999	 5.485052e+02	 750.00	 750.00	 32.00	 15	 0.48	 
BMI_bfr_101	 1	 3	 134.jpg	 5.494897e+02	 24	 999000	 240	 999000	 999	 5.505076e+02	 750.00	 750.00	 40.00	 34	 0.41	 
BMI_bfr_101	 1	 3	 144.jpg	 5.514920e+02	 24	 999000	 240	 999000	 999	 5.525095e+02	 750.00	 750.00	 59.00	 44	 0.09	 
BMI_bfr_101	 1	 3	 114.jpg	 5.534942e+02	 12	 999000	 120	 999000	 999	 5.545122e+02	 750.00	 750.00	 22.00	 14	 0.61	 
BMI_bfr_101	 1	 3	 126.jpg	 5.594841e+02	 12	 999000	 120	 999000	 999	 5.605022e+02	 750.00	 750.00	 28.00	 26	 0.53	 
BMI_bfr_101	 1	 3	 140.jpg	 5.614865e+02	 22	 9.773992e+02	 220	 7.502502e+02	 98	 5.625209e+02	 750.00	 766.67	 50.00	 40	 0.28	 
BMI_bfr_101	 1	 3	 127.jpg	 5.634886e+02	 22	 1.011705e+03	 2200	 7.669084e+02	 98	 5.645231e+02	 750.00	 716.67	 57.00	 27	 0.15	 
BMI_bfr_101	 1	 3	 145.jpg	 5.654910e+02	 22	 9.443744e+02	 220	 7.169225e+02	 98	 5.665275e+02	 750.00	 733.33	 56.00	 45	 0.18	 
BMI_bfr_101	 1	 3	 128.jpg	 5.684943e+02	 24	 999000	 240	 999000	 999	 5.695127e+02	 750.00	 733.33	 46.00	 28	 0.34	 
BMI_bfr_101	 1	 3	 107.jpg	 5.714810e+02	 22	 9.509257e+02	 220	 7.336093e+02	 98	 5.725175e+02	 750.00	 750.00	 39.00	 7	 0.42	 
