subjectID	 order	 runNum	 itemName	 onsetTime	 shuff_trialType	 RT	 respInTime	 AudioTime	 response	 fixationTime	 ladder1	 ladder2	 bidIndex	 itemNameIndex	 bidValue	 
BMI_bfr_121	 1	 1	 106.jpg	 1.698476e+00	 12	 999000	 120	 999000	 999	 2.718052e+00	 750.00	 750.00	 2.00	 6	 0.88	 
BMI_bfr_121	 1	 1	 154.jpg	 4.685115e+00	 22	 1.047686e+03	 2200	 7.503505e+02	 98	 5.723310e+00	 750.00	 700.00	 53.00	 54	 0.21	 
BMI_bfr_121	 1	 1	 147.jpg	 8.689574e+00	 11	 1.070912e+03	 1100	 7.503576e+02	 98	 9.724543e+00	 700.00	 700.00	 21.00	 47	 0.61	 
BMI_bfr_121	 1	 1	 120.jpg	 1.069177e+01	 11	 9.587687e+02	 110	 7.003265e+02	 98	 1.172709e+01	 716.67	 700.00	 24.00	 20	 0.59	 
BMI_bfr_121	 1	 1	 138.jpg	 1.269420e+01	 22	 9.477488e+02	 220	 7.003531e+02	 98	 1.372879e+01	 716.67	 716.67	 52.00	 38	 0.23	 
BMI_bfr_121	 1	 1	 132.jpg	 1.668191e+01	 22	 9.313989e+02	 220	 7.170096e+02	 98	 1.771662e+01	 716.67	 733.33	 37.00	 32	 0.42	 
BMI_bfr_121	 1	 1	 140.jpg	 1.868412e+01	 22	 9.993237e+02	 220	 7.336609e+02	 98	 1.971900e+01	 716.67	 750.00	 45.00	 40	 0.28	 
BMI_bfr_121	 1	 1	 117.jpg	 2.368966e+01	 12	 999000	 120	 999000	 999	 2.470859e+01	 716.67	 750.00	 6.00	 17	 0.83	 
BMI_bfr_121	 1	 1	 156.jpg	 2.569188e+01	 24	 999000	 240	 999000	 999	 2.671009e+01	 716.67	 750.00	 58.00	 56	 0.16	 
BMI_bfr_121	 1	 1	 134.jpg	 2.869532e+01	 24	 999000	 240	 999000	 999	 2.971407e+01	 716.67	 750.00	 34.00	 34	 0.44	 
BMI_bfr_121	 1	 1	 127.jpg	 3.168213e+01	 24	 999000	 240	 999000	 999	 3.270157e+01	 716.67	 750.00	 43.00	 27	 0.35	 
BMI_bfr_121	 1	 1	 150.jpg	 3.568645e+01	 24	 999000	 240	 999000	 999	 3.670532e+01	 716.67	 750.00	 31.00	 50	 0.49	 
BMI_bfr_121	 1	 1	 133.jpg	 3.868985e+01	 12	 999000	 120	 999000	 999	 3.970933e+01	 716.67	 750.00	 3.00	 33	 0.87	 
BMI_bfr_121	 1	 1	 141.jpg	 4.069216e+01	 22	 9.972791e+02	 220	 7.503330e+02	 98	 4.172804e+01	 716.67	 766.67	 42.00	 41	 0.37	 
BMI_bfr_121	 1	 1	 121.jpg	 4.367841e+01	 11	 1.015017e+03	 1100	 7.170142e+02	 98	 4.471442e+01	 666.67	 766.67	 10.00	 21	 0.80	 
BMI_bfr_121	 1	 1	 137.jpg	 4.768325e+01	 22	 1.060259e+03	 2200	 7.669936e+02	 98	 4.871988e+01	 666.67	 716.67	 39.00	 37	 0.39	 
BMI_bfr_121	 1	 1	 128.jpg	 5.068664e+01	 24	 999000	 240	 999000	 999	 5.170444e+01	 666.67	 716.67	 48.00	 28	 0.25	 
BMI_bfr_121	 1	 1	 146.jpg	 5.268890e+01	 24	 999000	 240	 999000	 999	 5.370726e+01	 666.67	 716.67	 51.00	 46	 0.24	 
BMI_bfr_121	 1	 1	 109.jpg	 5.469104e+01	 24	 999000	 240	 999000	 999	 5.570932e+01	 666.67	 716.67	 60.00	 9	 0.13	 
BMI_bfr_121	 1	 1	 135.jpg	 5.967978e+01	 22	 9.555356e+02	 220	 7.169944e+02	 98	 6.071447e+01	 666.67	 733.33	 36.00	 35	 0.42	 
BMI_bfr_121	 1	 1	 144.jpg	 6.368449e+01	 22	 9.672396e+02	 220	 7.336277e+02	 98	 6.472017e+01	 666.67	 750.00	 47.00	 44	 0.26	 
BMI_bfr_121	 1	 1	 155.jpg	 6.768915e+01	 24	 999000	 240	 999000	 999	 6.870849e+01	 666.67	 750.00	 46.00	 55	 0.27	 
BMI_bfr_121	 1	 1	 142.jpg	 7.367870e+01	 22	 9.972629e+02	 220	 7.503317e+02	 98	 7.471573e+01	 666.67	 766.67	 44.00	 42	 0.34	 
BMI_bfr_121	 1	 1	 108.jpg	 7.568126e+01	 11	 9.635230e+02	 110	 6.669775e+02	 98	 7.671595e+01	 683.33	 766.67	 20.00	 8	 0.61	 
BMI_bfr_121	 1	 1	 125.jpg	 7.768356e+01	 24	 999000	 240	 999000	 999	 7.870320e+01	 683.33	 766.67	 40.00	 25	 0.38	 
BMI_bfr_121	 1	 1	 118.jpg	 7.968654e+01	 11	 9.184203e+02	 110	 6.836308e+02	 98	 8.072180e+01	 700.00	 766.67	 25.00	 18	 0.58	 
BMI_bfr_121	 1	 1	 158.jpg	 8.168799e+01	 24	 999000	 240	 999000	 999	 8.270597e+01	 700.00	 766.67	 49.00	 58	 0.25	 
BMI_bfr_121	 1	 1	 143.jpg	 8.569249e+01	 22	 1.010428e+03	 2200	 7.669862e+02	 98	 8.672840e+01	 700.00	 716.67	 57.00	 43	 0.19	 
BMI_bfr_121	 1	 1	 153.jpg	 8.769466e+01	 12	 999000	 120	 999000	 999	 8.871418e+01	 700.00	 716.67	 28.00	 53	 0.52	 
BMI_bfr_121	 1	 1	 148.jpg	 9.168254e+01	 24	 999000	 240	 999000	 999	 9.270121e+01	 700.00	 716.67	 54.00	 48	 0.20	 
BMI_bfr_121	 1	 1	 104.jpg	 9.368479e+01	 12	 999000	 120	 999000	 999	 9.470431e+01	 700.00	 716.67	 8.00	 4	 0.81	 
BMI_bfr_121	 1	 1	 114.jpg	 9.568699e+01	 11	 9.274971e+02	 110	 7.003271e+02	 98	 9.672149e+01	 716.67	 716.67	 15.00	 14	 0.68	 
BMI_bfr_121	 1	 1	 157.jpg	 9.768932e+01	 12	 999000	 120	 999000	 999	 9.870814e+01	 716.67	 716.67	 19.00	 57	 0.61	 
BMI_bfr_121	 1	 1	 145.jpg	 1.026949e+02	 24	 999000	 240	 999000	 999	 1.037146e+02	 716.67	 716.67	 33.00	 45	 0.45	 
BMI_bfr_121	 1	 1	 126.jpg	 1.046805e+02	 24	 999000	 240	 999000	 999	 1.057002e+02	 716.67	 716.67	 32.00	 26	 0.49	 
BMI_bfr_121	 1	 1	 152.jpg	 1.066826e+02	 11	 9.686219e+02	 110	 7.169557e+02	 98	 1.077186e+02	 733.33	 716.67	 7.00	 52	 0.82	 
BMI_bfr_121	 1	 1	 116.jpg	 1.096860e+02	 12	 999000	 120	 999000	 999	 1.107056e+02	 733.33	 716.67	 9.00	 16	 0.81	 
BMI_bfr_121	 1	 1	 111.jpg	 1.166939e+02	 11	 9.927982e+02	 110	 7.336366e+02	 98	 1.177302e+02	 750.00	 716.67	 13.00	 11	 0.73	 
BMI_bfr_121	 1	 1	 103.jpg	 1.206817e+02	 24	 999000	 240	 999000	 999	 1.217004e+02	 750.00	 716.67	 35.00	 3	 0.43	 
BMI_bfr_121	 1	 1	 115.jpg	 1.276895e+02	 12	 999000	 120	 999000	 999	 1.287089e+02	 750.00	 716.67	 1.00	 15	 0.92	 
BMI_bfr_121	 1	 1	 110.jpg	 1.296918e+02	 11	 1.011713e+03	 1100	 7.503115e+02	 98	 1.307262e+02	 700.00	 716.67	 12.00	 10	 0.74	 
BMI_bfr_121	 1	 1	 122.jpg	 1.336794e+02	 11	 9.168462e+02	 110	 7.003236e+02	 98	 1.347162e+02	 716.67	 716.67	 4.00	 22	 0.86	 
BMI_bfr_121	 1	 1	 102.jpg	 1.376840e+02	 12	 999000	 120	 999000	 999	 1.387030e+02	 716.67	 716.67	 14.00	 2	 0.72	 
BMI_bfr_121	 1	 1	 107.jpg	 1.396863e+02	 12	 999000	 120	 999000	 999	 1.407050e+02	 716.67	 716.67	 30.00	 7	 0.49	 
BMI_bfr_121	 1	 1	 112.jpg	 1.436908e+02	 11	 9.633435e+02	 110	 7.169846e+02	 98	 1.447270e+02	 733.33	 716.67	 18.00	 12	 0.61	 
BMI_bfr_121	 1	 1	 136.jpg	 1.456931e+02	 12	 999000	 120	 999000	 999	 1.467119e+02	 733.33	 716.67	 29.00	 36	 0.51	 
BMI_bfr_121	 1	 1	 130.jpg	 1.476783e+02	 24	 999000	 240	 999000	 999	 1.486976e+02	 733.33	 716.67	 41.00	 30	 0.38	 
BMI_bfr_121	 1	 1	 160.jpg	 1.536853e+02	 11	 9.705422e+02	 110	 7.336354e+02	 98	 1.547221e+02	 750.00	 716.67	 5.00	 60	 0.83	 
BMI_bfr_121	 1	 1	 149.jpg	 1.556876e+02	 22	 9.821378e+02	 220	 7.169651e+02	 98	 1.567240e+02	 750.00	 733.33	 50.00	 49	 0.24	 
BMI_bfr_121	 1	 1	 101.jpg	 1.586909e+02	 12	 999000	 120	 999000	 999	 1.597093e+02	 750.00	 733.33	 27.00	 1	 0.53	 
BMI_bfr_121	 1	 1	 124.jpg	 1.616942e+02	 12	 999000	 120	 999000	 999	 1.627145e+02	 750.00	 733.33	 11.00	 24	 0.77	 
BMI_bfr_121	 1	 1	 139.jpg	 1.636795e+02	 24	 999000	 240	 999000	 999	 1.646978e+02	 750.00	 733.33	 59.00	 39	 0.15	 
BMI_bfr_121	 1	 1	 105.jpg	 1.656821e+02	 12	 999000	 120	 999000	 999	 1.667012e+02	 750.00	 733.33	 17.00	 5	 0.66	 
BMI_bfr_121	 1	 1	 131.jpg	 1.676843e+02	 22	 1.001045e+03	 2200	 7.336724e+02	 98	 1.687197e+02	 750.00	 683.33	 56.00	 31	 0.20	 
BMI_bfr_121	 1	 1	 123.jpg	 1.736911e+02	 12	 999000	 120	 999000	 999	 1.747107e+02	 750.00	 683.33	 22.00	 23	 0.59	 
BMI_bfr_121	 1	 1	 159.jpg	 1.756933e+02	 24	 999000	 240	 999000	 999	 1.767129e+02	 750.00	 683.33	 55.00	 59	 0.20	 
BMI_bfr_121	 1	 1	 113.jpg	 1.776786e+02	 12	 999000	 120	 999000	 999	 1.786968e+02	 750.00	 683.33	 26.00	 13	 0.53	 
BMI_bfr_121	 1	 1	 119.jpg	 1.796813e+02	 12	 999000	 120	 999000	 999	 1.807007e+02	 750.00	 683.33	 23.00	 19	 0.59	 
BMI_bfr_121	 1	 1	 151.jpg	 1.826845e+02	 12	 999000	 120	 999000	 999	 1.837024e+02	 750.00	 683.33	 16.00	 51	 0.68	 
BMI_bfr_121	 1	 1	 129.jpg	 1.856879e+02	 24	 999000	 240	 999000	 999	 1.867059e+02	 750.00	 683.33	 38.00	 29	 0.39	 
