subjectID	 order	 runNum	 itemName	 onsetTime	 shuff_trialType	 RT	 respInTime	 AudioTime	 response	 fixationTime	 ladder1	 ladder2	 bidIndex	 itemNameIndex	 bidValue	 
BMI_bfr_107	 1	 3	 150.jpg	 4.196994e+02	 11	 1.244443e+03	 1100	 6.169709e+02	 98	 4.207348e+02	 566.67	 683.33	 20.00	 50	 0.66	 
BMI_bfr_107	 1	 3	 119.jpg	 4.216846e+02	 22	 9.805097e+02	 220	 6.836359e+02	 98	 4.227203e+02	 566.67	 700.00	 44.00	 19	 0.33	 
BMI_bfr_107	 1	 3	 131.jpg	 4.256894e+02	 24	 3.172385e+02	 24	 999000	 98	 4.267094e+02	 566.67	 700.00	 58.00	 31	 0.11	 
BMI_bfr_107	 1	 3	 103.jpg	 4.286928e+02	 11	 8.127174e+02	 110	 5.669600e+02	 98	 4.297291e+02	 583.33	 700.00	 21.00	 3	 0.65	 
BMI_bfr_107	 1	 3	 108.jpg	 4.306950e+02	 24	 999000	 240	 999000	 999	 4.317154e+02	 583.33	 700.00	 41.00	 8	 0.36	 
BMI_bfr_107	 1	 3	 109.jpg	 4.336983e+02	 12	 999000	 120	 999000	 999	 4.347162e+02	 583.33	 700.00	 2.00	 9	 0.82	 
BMI_bfr_107	 1	 3	 126.jpg	 4.376859e+02	 24	 999000	 240	 999000	 999	 4.387064e+02	 583.33	 700.00	 43.00	 26	 0.34	 
BMI_bfr_107	 1	 3	 124.jpg	 4.416906e+02	 11	 1.000683e+03	 1100	 5.836352e+02	 98	 4.427268e+02	 533.33	 700.00	 24.00	 24	 0.60	 
BMI_bfr_107	 1	 3	 148.jpg	 4.436929e+02	 24	 999000	 240	 999000	 999	 4.447110e+02	 533.33	 700.00	 54.00	 48	 0.22	 
BMI_bfr_107	 1	 3	 157.jpg	 4.486984e+02	 11	 9.679512e+02	 110	 5.336140e+02	 98	 4.497350e+02	 550.00	 700.00	 4.00	 57	 0.81	 
BMI_bfr_107	 1	 3	 115.jpg	 4.507006e+02	 24	 999000	 240	 999000	 999	 4.517183e+02	 550.00	 700.00	 33.00	 15	 0.52	 
BMI_bfr_107	 1	 3	 102.jpg	 4.526859e+02	 22	 1.086977e+03	 2200	 7.002672e+02	 98	 4.537219e+02	 550.00	 650.00	 57.00	 2	 0.13	 
BMI_bfr_107	 1	 3	 120.jpg	 4.586930e+02	 24	 999000	 240	 999000	 999	 4.597124e+02	 550.00	 650.00	 49.00	 20	 0.27	 
BMI_bfr_107	 1	 3	 138.jpg	 4.606953e+02	 11	 9.191451e+02	 110	 5.503379e+02	 98	 4.617315e+02	 566.67	 650.00	 10.00	 38	 0.70	 
BMI_bfr_107	 1	 3	 118.jpg	 4.626976e+02	 11	 9.419904e+02	 110	 5.669729e+02	 98	 4.637335e+02	 583.33	 650.00	 13.00	 18	 0.68	 
BMI_bfr_107	 1	 3	 144.jpg	 4.646997e+02	 12	 999000	 120	 999000	 999	 4.657176e+02	 583.33	 650.00	 3.00	 44	 0.81	 
BMI_bfr_107	 1	 3	 111.jpg	 4.686875e+02	 24	 999000	 240	 999000	 999	 4.697052e+02	 583.33	 650.00	 60.00	 11	 0.07	 
BMI_bfr_107	 1	 3	 156.jpg	 4.726920e+02	 12	 999000	 120	 999000	 999	 4.737099e+02	 583.33	 650.00	 9.00	 56	 0.72	 
BMI_bfr_107	 1	 3	 114.jpg	 4.756954e+02	 12	 999000	 120	 999000	 999	 4.767131e+02	 583.33	 650.00	 22.00	 14	 0.65	 
BMI_bfr_107	 1	 3	 106.jpg	 4.796998e+02	 12	 999000	 120	 999000	 999	 4.807175e+02	 583.33	 650.00	 14.00	 6	 0.68	 
BMI_bfr_107	 1	 3	 142.jpg	 4.826866e+02	 24	 999000	 240	 999000	 999	 4.837076e+02	 583.33	 650.00	 31.00	 42	 0.56	 
BMI_bfr_107	 1	 3	 136.jpg	 4.846887e+02	 12	 999000	 120	 999000	 999	 4.857066e+02	 583.33	 650.00	 16.00	 36	 0.68	 
BMI_bfr_107	 1	 3	 149.jpg	 4.886932e+02	 22	 1.025314e+03	 2200	 6.503054e+02	 98	 4.897283e+02	 583.33	 600.00	 45.00	 49	 0.32	 
BMI_bfr_107	 1	 3	 110.jpg	 4.906955e+02	 24	 999000	 240	 999000	 999	 4.917134e+02	 583.33	 600.00	 40.00	 10	 0.36	 
BMI_bfr_107	 1	 3	 116.jpg	 4.926977e+02	 22	 8.569730e+02	 220	 6.002941e+02	 98	 4.937327e+02	 583.33	 616.67	 52.00	 16	 0.24	 
BMI_bfr_107	 1	 3	 137.jpg	 4.966852e+02	 12	 999000	 120	 999000	 999	 4.977063e+02	 583.33	 616.67	 29.00	 37	 0.57	 
BMI_bfr_107	 1	 3	 129.jpg	 4.986877e+02	 12	 999000	 120	 999000	 999	 4.997055e+02	 583.33	 616.67	 17.00	 29	 0.67	 
BMI_bfr_107	 1	 3	 117.jpg	 5.026923e+02	 12	 999000	 120	 999000	 999	 5.037102e+02	 583.33	 616.67	 28.00	 17	 0.58	 
BMI_bfr_107	 1	 3	 143.jpg	 5.066967e+02	 12	 999000	 120	 999000	 999	 5.077145e+02	 583.33	 616.67	 30.00	 43	 0.57	 
BMI_bfr_107	 1	 3	 134.jpg	 5.097000e+02	 24	 999000	 240	 999000	 999	 5.107179e+02	 583.33	 616.67	 32.00	 34	 0.53	 
BMI_bfr_107	 1	 3	 152.jpg	 5.156901e+02	 24	 999000	 240	 999000	 999	 5.167079e+02	 583.33	 616.67	 46.00	 52	 0.32	 
BMI_bfr_107	 1	 3	 112.jpg	 5.176924e+02	 22	 1.018542e+03	 2200	 6.169549e+02	 98	 5.187437e+02	 583.33	 566.67	 53.00	 12	 0.23	 
BMI_bfr_107	 1	 3	 127.jpg	 5.216969e+02	 12	 999000	 120	 999000	 999	 5.227147e+02	 583.33	 566.67	 19.00	 27	 0.66	 
BMI_bfr_107	 1	 3	 139.jpg	 5.236991e+02	 11	 9.069895e+02	 110	 5.836325e+02	 98	 5.247353e+02	 600.00	 566.67	 5.00	 39	 0.79	 
BMI_bfr_107	 1	 3	 160.jpg	 5.257014e+02	 24	 999000	 240	 999000	 999	 5.267191e+02	 600.00	 566.67	 51.00	 60	 0.25	 
BMI_bfr_107	 1	 3	 101.jpg	 5.276869e+02	 22	 1.003238e+03	 2200	 5.669699e+02	 98	 5.287224e+02	 600.00	 516.67	 39.00	 1	 0.37	 
BMI_bfr_107	 1	 3	 158.jpg	 5.326923e+02	 24	 999000	 240	 999000	 999	 5.337134e+02	 600.00	 516.67	 35.00	 58	 0.51	 
BMI_bfr_107	 1	 3	 105.jpg	 5.346947e+02	 11	 9.594250e+02	 110	 6.003049e+02	 98	 5.357300e+02	 616.67	 516.67	 25.00	 5	 0.60	 
BMI_bfr_107	 1	 3	 121.jpg	 5.366970e+02	 22	 8.696966e+02	 220	 5.169847e+02	 98	 5.377328e+02	 616.67	 533.33	 37.00	 21	 0.41	 
BMI_bfr_107	 1	 3	 155.jpg	 5.397004e+02	 22	 8.364919e+02	 220	 5.336519e+02	 98	 5.407361e+02	 616.67	 550.00	 47.00	 55	 0.28	 
BMI_bfr_107	 1	 3	 140.jpg	 5.426871e+02	 24	 999000	 240	 999000	 999	 5.437050e+02	 616.67	 550.00	 48.00	 40	 0.27	 
BMI_bfr_107	 1	 3	 154.jpg	 5.466915e+02	 22	 8.094585e+02	 220	 5.503021e+02	 98	 5.477262e+02	 616.67	 566.67	 42.00	 54	 0.34	 
BMI_bfr_107	 1	 3	 133.jpg	 5.486938e+02	 12	 999000	 120	 999000	 999	 5.497120e+02	 616.67	 566.67	 8.00	 33	 0.73	 
BMI_bfr_107	 1	 3	 146.jpg	 5.506960e+02	 11	 8.888553e+02	 110	 6.170792e+02	 98	 5.517315e+02	 633.33	 566.67	 7.00	 46	 0.73	 
BMI_bfr_107	 1	 3	 104.jpg	 5.536994e+02	 12	 999000	 120	 999000	 999	 5.547174e+02	 633.33	 566.67	 27.00	 4	 0.59	 
BMI_bfr_107	 1	 3	 122.jpg	 5.566860e+02	 12	 999000	 120	 999000	 999	 5.577039e+02	 633.33	 566.67	 26.00	 22	 0.59	 
BMI_bfr_107	 1	 3	 130.jpg	 5.586882e+02	 24	 999000	 240	 999000	 999	 5.597085e+02	 633.33	 566.67	 38.00	 30	 0.38	 
BMI_bfr_107	 1	 3	 107.jpg	 5.606905e+02	 22	 8.736176e+02	 220	 5.669671e+02	 98	 5.617263e+02	 633.33	 583.33	 36.00	 7	 0.49	 
BMI_bfr_107	 1	 3	 153.jpg	 5.626927e+02	 24	 999000	 240	 999000	 999	 5.637107e+02	 633.33	 583.33	 55.00	 53	 0.22	 
BMI_bfr_107	 1	 3	 125.jpg	 5.676983e+02	 11	 9.423163e+02	 110	 6.336667e+02	 98	 5.687347e+02	 650.00	 583.33	 12.00	 25	 0.69	 
BMI_bfr_107	 1	 3	 113.jpg	 5.697007e+02	 11	 9.650420e+02	 110	 6.502930e+02	 98	 5.707362e+02	 666.67	 583.33	 18.00	 13	 0.66	 
BMI_bfr_107	 1	 3	 132.jpg	 5.716862e+02	 24	 999000	 240	 999000	 999	 5.727040e+02	 666.67	 583.33	 34.00	 32	 0.52	 
BMI_bfr_107	 1	 3	 128.jpg	 5.736884e+02	 12	 999000	 120	 999000	 999	 5.747078e+02	 666.67	 583.33	 6.00	 28	 0.78	 
BMI_bfr_107	 1	 3	 147.jpg	 5.806964e+02	 22	 8.822661e+02	 220	 5.836273e+02	 98	 5.817323e+02	 666.67	 600.00	 50.00	 47	 0.26	 
BMI_bfr_107	 1	 3	 151.jpg	 5.826985e+02	 12	 999000	 120	 999000	 999	 5.837164e+02	 666.67	 600.00	 23.00	 51	 0.60	 
BMI_bfr_107	 1	 3	 123.jpg	 5.896896e+02	 22	 9.233149e+02	 220	 6.002786e+02	 98	 5.907255e+02	 666.67	 616.67	 56.00	 23	 0.20	 
BMI_bfr_107	 1	 3	 145.jpg	 5.926930e+02	 11	 1.047550e+03	 1100	 6.669429e+02	 98	 5.937287e+02	 616.67	 616.67	 15.00	 45	 0.68	 
BMI_bfr_107	 1	 3	 159.jpg	 5.956964e+02	 24	 999000	 240	 999000	 999	 5.967149e+02	 616.67	 616.67	 59.00	 59	 0.10	 
BMI_bfr_107	 1	 3	 141.jpg	 6.016865e+02	 12	 999000	 120	 999000	 999	 6.027042e+02	 616.67	 616.67	 1.00	 41	 0.84	 
BMI_bfr_107	 1	 3	 135.jpg	 6.036886e+02	 12	 999000	 120	 999000	 999	 6.047082e+02	 616.67	 616.67	 11.00	 35	 0.69	 
