subjectID	 order	 runNum	 itemName	 onsetTime	 shuff_trialType	 RT	 respInTime	 AudioTime	 response	 fixationTime	 ladder1	 ladder2	 bidIndex	 itemNameIndex	 bidValue	 
BMI_bfr_112	 2	 8	 130.jpg	 1.375965e+03	 24	 999000	 240	 999000	 999	 1.376983e+03	 750.00	 683.33	 60.00	 30	 0.18	 
BMI_bfr_112	 2	 8	 139.jpg	 1.377967e+03	 22	 9.690822e+02	 220	 6.836777e+02	 98	 1.379003e+03	 750.00	 700.00	 35.00	 39	 0.47	 
BMI_bfr_112	 2	 8	 155.jpg	 1.381972e+03	 12	 999000	 120	 999000	 999	 1.382989e+03	 750.00	 700.00	 15.00	 55	 0.61	 
BMI_bfr_112	 2	 8	 118.jpg	 1.384958e+03	 12	 999000	 120	 999000	 999	 1.385976e+03	 750.00	 700.00	 18.00	 18	 0.59	 
BMI_bfr_112	 2	 8	 156.jpg	 1.386961e+03	 22	 1.021264e+03	 2200	 7.003216e+02	 98	 1.387996e+03	 750.00	 650.00	 43.00	 56	 0.40	 
BMI_bfr_112	 2	 8	 117.jpg	 1.389964e+03	 22	 8.979675e+02	 220	 6.503201e+02	 98	 1.390998e+03	 750.00	 666.67	 49.00	 17	 0.30	 
BMI_bfr_112	 2	 8	 124.jpg	 1.393968e+03	 12	 999000	 120	 999000	 999	 1.394986e+03	 750.00	 666.67	 21.00	 24	 0.57	 
BMI_bfr_112	 2	 8	 141.jpg	 1.397973e+03	 12	 999000	 120	 999000	 999	 1.398991e+03	 750.00	 666.67	 24.00	 41	 0.55	 
BMI_bfr_112	 2	 8	 142.jpg	 1.399958e+03	 22	 9.052173e+02	 220	 6.669633e+02	 98	 1.400993e+03	 750.00	 683.33	 51.00	 42	 0.27	 
BMI_bfr_112	 2	 8	 146.jpg	 1.404964e+03	 22	 9.171904e+02	 220	 6.836133e+02	 98	 1.405998e+03	 750.00	 700.00	 54.00	 46	 0.26	 
BMI_bfr_112	 2	 8	 113.jpg	 1.406966e+03	 12	 999000	 120	 999000	 999	 1.407984e+03	 750.00	 700.00	 20.00	 13	 0.58	 
BMI_bfr_112	 2	 8	 112.jpg	 1.408969e+03	 12	 999000	 120	 999000	 999	 1.409986e+03	 750.00	 700.00	 25.00	 12	 0.54	 
BMI_bfr_112	 2	 8	 157.jpg	 1.414958e+03	 12	 999000	 120	 999000	 999	 1.415976e+03	 750.00	 700.00	 12.00	 57	 0.65	 
BMI_bfr_112	 2	 8	 126.jpg	 1.416961e+03	 12	 999000	 120	 999000	 999	 1.417979e+03	 750.00	 700.00	 29.00	 26	 0.50	 
BMI_bfr_112	 2	 8	 134.jpg	 1.418963e+03	 22	 9.813323e+02	 220	 7.002974e+02	 98	 1.419999e+03	 750.00	 716.67	 55.00	 34	 0.25	 
BMI_bfr_112	 2	 8	 135.jpg	 1.420965e+03	 24	 999000	 240	 999000	 999	 1.421983e+03	 750.00	 716.67	 56.00	 35	 0.25	 
BMI_bfr_112	 2	 8	 107.jpg	 1.424970e+03	 11	 9.824688e+02	 110	 7.503064e+02	 98	 1.426004e+03	 766.67	 716.67	 3.00	 7	 0.83	 
BMI_bfr_112	 2	 8	 145.jpg	 1.428957e+03	 11	 9.775350e+02	 110	 7.669658e+02	 98	 1.429993e+03	 783.33	 716.67	 11.00	 45	 0.66	 
BMI_bfr_112	 2	 8	 153.jpg	 1.431961e+03	 22	 9.664995e+02	 220	 7.169657e+02	 98	 1.432996e+03	 783.33	 733.33	 48.00	 53	 0.32	 
BMI_bfr_112	 2	 8	 150.jpg	 1.435965e+03	 24	 999000	 240	 999000	 999	 1.436983e+03	 783.33	 733.33	 33.00	 50	 0.48	 
BMI_bfr_112	 2	 8	 133.jpg	 1.438969e+03	 12	 999000	 120	 999000	 999	 1.439987e+03	 783.33	 733.33	 13.00	 33	 0.64	 
BMI_bfr_112	 2	 8	 136.jpg	 1.440971e+03	 22	 9.905794e+02	 220	 7.336687e+02	 98	 1.442006e+03	 783.33	 750.00	 38.00	 36	 0.46	 
BMI_bfr_112	 2	 8	 132.jpg	 1.444958e+03	 24	 999000	 240	 999000	 999	 1.445976e+03	 783.33	 750.00	 36.00	 32	 0.47	 
BMI_bfr_112	 2	 8	 109.jpg	 1.446961e+03	 11	 5.808145e+02	 11	 7.836616e+02	 98	 1.447996e+03	 800.00	 750.00	 14.00	 9	 0.63	 
BMI_bfr_112	 2	 8	 119.jpg	 1.448963e+03	 11	 1.199971e+03	 1100	 8.003069e+02	 98	 1.450000e+03	 750.00	 750.00	 19.00	 19	 0.58	 
BMI_bfr_112	 2	 8	 101.jpg	 1.452968e+03	 24	 999000	 240	 999000	 999	 1.453986e+03	 750.00	 750.00	 32.00	 1	 0.48	 
BMI_bfr_112	 2	 8	 147.jpg	 1.454970e+03	 24	 999000	 240	 999000	 999	 1.455990e+03	 750.00	 750.00	 45.00	 47	 0.38	 
BMI_bfr_112	 2	 8	 110.jpg	 1.458957e+03	 22	 1.016293e+03	 2200	 7.503232e+02	 98	 1.459994e+03	 750.00	 700.00	 46.00	 10	 0.38	 
BMI_bfr_112	 2	 8	 115.jpg	 1.462962e+03	 24	 999000	 240	 999000	 999	 1.463980e+03	 750.00	 700.00	 39.00	 15	 0.46	 
BMI_bfr_112	 2	 8	 128.jpg	 1.465966e+03	 24	 999000	 240	 999000	 999	 1.466983e+03	 750.00	 700.00	 59.00	 28	 0.21	 
BMI_bfr_112	 2	 8	 144.jpg	 1.471972e+03	 24	 999000	 240	 999000	 999	 1.472990e+03	 750.00	 700.00	 52.00	 44	 0.27	 
BMI_bfr_112	 2	 8	 121.jpg	 1.473958e+03	 12	 999000	 120	 999000	 999	 1.474976e+03	 750.00	 700.00	 5.00	 21	 0.74	 
BMI_bfr_112	 2	 8	 131.jpg	 1.477962e+03	 24	 999000	 240	 999000	 999	 1.478980e+03	 750.00	 700.00	 37.00	 31	 0.46	 
BMI_bfr_112	 2	 8	 158.jpg	 1.479965e+03	 12	 999000	 120	 999000	 999	 1.480982e+03	 750.00	 700.00	 28.00	 58	 0.52	 
BMI_bfr_112	 2	 8	 125.jpg	 1.481967e+03	 12	 999000	 120	 999000	 999	 1.482985e+03	 750.00	 700.00	 10.00	 25	 0.69	 
BMI_bfr_112	 2	 8	 111.jpg	 1.483969e+03	 12	 999000	 120	 999000	 999	 1.484988e+03	 750.00	 700.00	 4.00	 11	 0.80	 
BMI_bfr_112	 2	 8	 159.jpg	 1.488958e+03	 12	 999000	 120	 999000	 999	 1.489976e+03	 750.00	 700.00	 1.00	 59	 0.95	 
BMI_bfr_112	 2	 8	 160.jpg	 1.490960e+03	 12	 999000	 120	 999000	 999	 1.491980e+03	 750.00	 700.00	 7.00	 60	 0.72	 
BMI_bfr_112	 2	 8	 120.jpg	 1.492963e+03	 11	 999000	 1	 7.503013e+02	 999	 1.494047e+03	 700.00	 700.00	 26.00	 20	 0.53	 
BMI_bfr_112	 2	 8	 114.jpg	 1.495966e+03	 22	 9.544615e+02	 220	 7.002937e+02	 98	 1.497001e+03	 700.00	 716.67	 40.00	 14	 0.45	 
BMI_bfr_112	 2	 8	 104.jpg	 1.498969e+03	 12	 999000	 120	 999000	 999	 1.499988e+03	 700.00	 716.67	 27.00	 4	 0.52	 
BMI_bfr_112	 2	 8	 140.jpg	 1.502974e+03	 24	 999000	 240	 999000	 999	 1.503992e+03	 700.00	 716.67	 53.00	 40	 0.26	 
BMI_bfr_112	 2	 8	 116.jpg	 1.504959e+03	 11	 1.006814e+03	 1100	 7.003094e+02	 98	 1.505996e+03	 650.00	 716.67	 8.00	 16	 0.71	 
BMI_bfr_112	 2	 8	 123.jpg	 1.506962e+03	 12	 999000	 120	 999000	 999	 1.507980e+03	 650.00	 716.67	 2.00	 23	 0.88	 
BMI_bfr_112	 2	 8	 151.jpg	 1.509965e+03	 11	 9.622828e+02	 110	 6.502927e+02	 98	 1.511000e+03	 666.67	 716.67	 9.00	 51	 0.70	 
BMI_bfr_112	 2	 8	 138.jpg	 1.512968e+03	 24	 999000	 240	 999000	 999	 1.513986e+03	 666.67	 716.67	 44.00	 38	 0.40	 
BMI_bfr_112	 2	 8	 102.jpg	 1.514971e+03	 24	 999000	 240	 999000	 999	 1.515990e+03	 666.67	 716.67	 34.00	 2	 0.47	 
BMI_bfr_112	 2	 8	 108.jpg	 1.516973e+03	 11	 8.847464e+02	 110	 6.669611e+02	 98	 1.518008e+03	 683.33	 716.67	 17.00	 8	 0.60	 
BMI_bfr_112	 2	 8	 148.jpg	 1.518958e+03	 24	 999000	 240	 999000	 999	 1.519976e+03	 683.33	 716.67	 42.00	 48	 0.41	 
BMI_bfr_112	 2	 8	 122.jpg	 1.523964e+03	 12	 999000	 120	 999000	 999	 1.524982e+03	 683.33	 716.67	 30.00	 22	 0.49	 
BMI_bfr_112	 2	 8	 154.jpg	 1.525966e+03	 11	 9.480644e+02	 110	 6.836270e+02	 98	 1.527002e+03	 700.00	 716.67	 16.00	 54	 0.61	 
BMI_bfr_112	 2	 8	 152.jpg	 1.527969e+03	 11	 6.445491e+02	 11	 7.002152e+02	 98	 1.529004e+03	 716.67	 716.67	 22.00	 52	 0.56	 
BMI_bfr_112	 2	 8	 143.jpg	 1.529971e+03	 24	 999000	 240	 999000	 999	 1.530990e+03	 716.67	 716.67	 47.00	 43	 0.36	 
BMI_bfr_112	 2	 8	 127.jpg	 1.536962e+03	 24	 999000	 240	 999000	 999	 1.537980e+03	 716.67	 716.67	 31.00	 27	 0.48	 
BMI_bfr_112	 2	 8	 103.jpg	 1.538964e+03	 11	 1.045744e+03	 1100	 7.169441e+02	 98	 1.539999e+03	 666.67	 716.67	 23.00	 3	 0.56	 
BMI_bfr_112	 2	 8	 105.jpg	 1.545972e+03	 24	 999000	 240	 999000	 999	 1.546990e+03	 666.67	 716.67	 50.00	 5	 0.30	 
BMI_bfr_112	 2	 8	 137.jpg	 1.548958e+03	 22	 1.041977e+03	 2200	 7.169709e+02	 98	 1.549995e+03	 666.67	 666.67	 41.00	 37	 0.41	 
BMI_bfr_112	 2	 8	 106.jpg	 1.551962e+03	 11	 8.847641e+02	 110	 6.669651e+02	 98	 1.553013e+03	 683.33	 666.67	 6.00	 6	 0.73	 
BMI_bfr_112	 2	 8	 149.jpg	 1.557969e+03	 22	 9.307649e+02	 220	 6.669701e+02	 98	 1.559003e+03	 683.33	 683.33	 58.00	 49	 0.22	 
BMI_bfr_112	 2	 8	 129.jpg	 1.559971e+03	 24	 999000	 240	 999000	 999	 1.560991e+03	 683.33	 683.33	 57.00	 29	 0.24	 
