subjectID	 order	 runNum	 itemName	 onsetTime	 shuff_trialType	 RT	 respInTime	 AudioTime	 response	 fixationTime	 ladder1	 ladder2	 bidIndex	 itemNameIndex	 bidValue	 
BMI_bfr_102	 2	 10	 111.jpg	 2.195009e+03	 12	 999000	 120	 999000	 999	 2.196027e+03	 616.67	 616.67	 27.00	 11	 0.53	 
BMI_bfr_102	 2	 10	 154.jpg	 2.198013e+03	 12	 999000	 120	 999000	 999	 2.199030e+03	 616.67	 616.67	 15.00	 54	 0.70	 
BMI_bfr_102	 2	 10	 109.jpg	 2.200015e+03	 24	 999000	 240	 999000	 999	 2.201033e+03	 616.67	 616.67	 56.00	 9	 0.17	 
BMI_bfr_102	 2	 10	 142.jpg	 2.202017e+03	 11	 9.972318e+02	 110	 6.170451e+02	 98	 2.203053e+03	 633.33	 616.67	 14.00	 42	 0.70	 
BMI_bfr_102	 2	 10	 136.jpg	 2.204003e+03	 22	 1.014471e+03	 2200	 6.170483e+02	 98	 2.205039e+03	 633.33	 566.67	 48.00	 36	 0.31	 
BMI_bfr_102	 2	 10	 146.jpg	 2.207006e+03	 22	 1.014996e+03	 2200	 5.670436e+02	 98	 2.208041e+03	 633.33	 516.67	 38.00	 46	 0.41	 
BMI_bfr_102	 2	 10	 151.jpg	 2.209008e+03	 12	 999000	 120	 999000	 999	 2.210026e+03	 633.33	 516.67	 12.00	 51	 0.71	 
BMI_bfr_102	 2	 10	 130.jpg	 2.213013e+03	 24	 999000	 240	 999000	 999	 2.214030e+03	 633.33	 516.67	 32.00	 30	 0.49	 
BMI_bfr_102	 2	 10	 112.jpg	 2.215015e+03	 24	 999000	 240	 999000	 999	 2.216033e+03	 633.33	 516.67	 57.00	 12	 0.16	 
BMI_bfr_102	 2	 10	 157.jpg	 2.220004e+03	 24	 999000	 240	 999000	 999	 2.221021e+03	 633.33	 516.67	 34.00	 57	 0.44	 
BMI_bfr_102	 2	 10	 102.jpg	 2.222006e+03	 22	 9.554827e+02	 220	 5.170443e+02	 98	 2.223041e+03	 633.33	 533.33	 58.00	 2	 0.11	 
BMI_bfr_102	 2	 10	 120.jpg	 2.226011e+03	 22	 8.211425e+02	 220	 5.337059e+02	 98	 2.227046e+03	 633.33	 550.00	 46.00	 20	 0.32	 
BMI_bfr_102	 2	 10	 134.jpg	 2.228013e+03	 12	 999000	 120	 999000	 999	 2.229031e+03	 633.33	 550.00	 28.00	 34	 0.53	 
BMI_bfr_102	 2	 10	 150.jpg	 2.231016e+03	 11	 9.908957e+02	 110	 6.337050e+02	 98	 2.232051e+03	 650.00	 550.00	 16.00	 50	 0.69	 
BMI_bfr_102	 2	 10	 113.jpg	 2.236005e+03	 11	 9.182880e+02	 110	 6.503705e+02	 98	 2.237040e+03	 666.67	 550.00	 3.00	 13	 0.84	 
BMI_bfr_102	 2	 10	 149.jpg	 2.238007e+03	 24	 999000	 240	 999000	 999	 2.239025e+03	 666.67	 550.00	 60.00	 49	 0.07	 
BMI_bfr_102	 2	 10	 155.jpg	 2.240010e+03	 22	 9.527877e+02	 220	 5.503710e+02	 98	 2.241045e+03	 666.67	 566.67	 54.00	 55	 0.23	 
BMI_bfr_102	 2	 10	 159.jpg	 2.244014e+03	 22	 1.043537e+03	 2200	 5.670304e+02	 98	 2.245050e+03	 666.67	 516.67	 41.00	 59	 0.39	 
BMI_bfr_102	 2	 10	 105.jpg	 2.248002e+03	 12	 999000	 120	 999000	 999	 2.249022e+03	 666.67	 516.67	 5.00	 5	 0.82	 
BMI_bfr_102	 2	 10	 121.jpg	 2.252006e+03	 22	 8.364884e+02	 220	 5.170326e+02	 98	 2.253041e+03	 666.67	 533.33	 35.00	 21	 0.43	 
BMI_bfr_102	 2	 10	 127.jpg	 2.254009e+03	 24	 999000	 240	 999000	 999	 2.255027e+03	 666.67	 533.33	 45.00	 27	 0.32	 
BMI_bfr_102	 2	 10	 124.jpg	 2.256011e+03	 12	 999000	 120	 999000	 999	 2.257029e+03	 666.67	 533.33	 10.00	 24	 0.72	 
BMI_bfr_102	 2	 10	 123.jpg	 2.258013e+03	 12	 999000	 120	 999000	 999	 2.259031e+03	 666.67	 533.33	 18.00	 23	 0.61	 
BMI_bfr_102	 2	 10	 141.jpg	 2.260015e+03	 12	 999000	 120	 999000	 999	 2.261033e+03	 666.67	 533.33	 24.00	 41	 0.57	 
BMI_bfr_102	 2	 10	 118.jpg	 2.266005e+03	 24	 999000	 240	 999000	 999	 2.267023e+03	 666.67	 533.33	 42.00	 18	 0.39	 
BMI_bfr_102	 2	 10	 148.jpg	 2.269009e+03	 22	 9.013752e+02	 220	 5.336973e+02	 98	 2.270043e+03	 666.67	 550.00	 51.00	 48	 0.25	 
BMI_bfr_102	 2	 10	 122.jpg	 2.271011e+03	 24	 999000	 240	 999000	 999	 2.272029e+03	 666.67	 550.00	 50.00	 22	 0.27	 
BMI_bfr_102	 2	 10	 101.jpg	 2.273013e+03	 12	 999000	 120	 999000	 999	 2.274031e+03	 666.67	 550.00	 2.00	 1	 0.93	 
BMI_bfr_102	 2	 10	 152.jpg	 2.276017e+03	 11	 9.700349e+02	 110	 6.670312e+02	 98	 2.277051e+03	 683.33	 550.00	 8.00	 52	 0.78	 
BMI_bfr_102	 2	 10	 133.jpg	 2.278002e+03	 12	 999000	 120	 999000	 999	 2.279020e+03	 683.33	 550.00	 13.00	 33	 0.71	 
BMI_bfr_102	 2	 10	 160.jpg	 2.280004e+03	 24	 999000	 240	 999000	 999	 2.281022e+03	 683.33	 550.00	 44.00	 60	 0.32	 
BMI_bfr_102	 2	 10	 110.jpg	 2.282007e+03	 12	 999000	 120	 999000	 999	 2.283024e+03	 683.33	 550.00	 20.00	 10	 0.60	 
BMI_bfr_102	 2	 10	 138.jpg	 2.285010e+03	 12	 999000	 120	 999000	 999	 2.286028e+03	 683.33	 550.00	 30.00	 38	 0.52	 
BMI_bfr_102	 2	 10	 158.jpg	 2.287012e+03	 12	 999000	 120	 999000	 999	 2.288030e+03	 683.33	 550.00	 29.00	 58	 0.52	 
BMI_bfr_102	 2	 10	 147.jpg	 2.289015e+03	 11	 9.775986e+02	 110	 6.836999e+02	 98	 2.290049e+03	 700.00	 550.00	 11.00	 47	 0.71	 
BMI_bfr_102	 2	 10	 114.jpg	 2.291017e+03	 22	 9.555242e+02	 220	 5.503999e+02	 98	 2.292051e+03	 700.00	 566.67	 55.00	 14	 0.23	 
BMI_bfr_102	 2	 10	 137.jpg	 2.293002e+03	 22	 8.603649e+02	 220	 5.670295e+02	 98	 2.294037e+03	 700.00	 583.33	 49.00	 37	 0.27	 
BMI_bfr_102	 2	 10	 116.jpg	 2.299009e+03	 22	 9.286987e+02	 220	 5.837121e+02	 98	 2.300044e+03	 700.00	 600.00	 40.00	 16	 0.40	 
BMI_bfr_102	 2	 10	 107.jpg	 2.302012e+03	 24	 999000	 240	 999000	 999	 2.303030e+03	 700.00	 600.00	 52.00	 7	 0.25	 
BMI_bfr_102	 2	 10	 140.jpg	 2.306017e+03	 11	 9.748510e+02	 110	 7.003424e+02	 98	 2.307053e+03	 716.67	 600.00	 9.00	 40	 0.77	 
BMI_bfr_102	 2	 10	 139.jpg	 2.312007e+03	 11	 1.105132e+03	 1100	 7.170293e+02	 98	 2.313043e+03	 666.67	 600.00	 17.00	 39	 0.66	 
BMI_bfr_102	 2	 10	 126.jpg	 2.314009e+03	 11	 9.704967e+02	 110	 6.669963e+02	 98	 2.315046e+03	 683.33	 600.00	 22.00	 26	 0.59	 
BMI_bfr_102	 2	 10	 115.jpg	 2.319015e+03	 11	 1.016462e+03	 1100	 6.837081e+02	 98	 2.320050e+03	 633.33	 600.00	 6.00	 15	 0.81	 
BMI_bfr_102	 2	 10	 153.jpg	 2.322001e+03	 12	 999000	 120	 999000	 999	 2.323019e+03	 633.33	 600.00	 7.00	 53	 0.79	 
BMI_bfr_102	 2	 10	 156.jpg	 2.324004e+03	 11	 1.000078e+03	 1100	 6.337051e+02	 98	 2.325038e+03	 583.33	 600.00	 19.00	 56	 0.60	 
BMI_bfr_102	 2	 10	 104.jpg	 2.327007e+03	 24	 999000	 240	 999000	 999	 2.328025e+03	 583.33	 600.00	 33.00	 4	 0.48	 
BMI_bfr_102	 2	 10	 145.jpg	 2.329009e+03	 24	 999000	 240	 999000	 999	 2.330027e+03	 583.33	 600.00	 37.00	 45	 0.42	 
BMI_bfr_102	 2	 10	 119.jpg	 2.333014e+03	 12	 999000	 120	 999000	 999	 2.334031e+03	 583.33	 600.00	 1.00	 19	 0.95	 
BMI_bfr_102	 2	 10	 132.jpg	 2.337001e+03	 24	 999000	 240	 999000	 999	 2.338019e+03	 583.33	 600.00	 47.00	 32	 0.31	 
BMI_bfr_102	 2	 10	 108.jpg	 2.339004e+03	 24	 999000	 240	 999000	 999	 2.340021e+03	 583.33	 600.00	 59.00	 8	 0.11	 
BMI_bfr_102	 2	 10	 117.jpg	 2.346012e+03	 24	 999000	 240	 999000	 999	 2.347029e+03	 583.33	 600.00	 53.00	 17	 0.24	 
BMI_bfr_102	 2	 10	 103.jpg	 2.348014e+03	 24	 999000	 240	 999000	 999	 2.349031e+03	 583.33	 600.00	 36.00	 3	 0.43	 
BMI_bfr_102	 2	 10	 143.jpg	 2.351017e+03	 11	 9.991024e+02	 110	 5.837018e+02	 98	 2.352052e+03	 600.00	 600.00	 23.00	 43	 0.59	 
BMI_bfr_102	 2	 10	 128.jpg	 2.355005e+03	 24	 999000	 240	 999000	 999	 2.356023e+03	 600.00	 600.00	 31.00	 28	 0.51	 
BMI_bfr_102	 2	 10	 129.jpg	 2.359009e+03	 22	 8.710234e+02	 220	 6.003764e+02	 98	 2.360046e+03	 600.00	 616.67	 43.00	 29	 0.38	 
BMI_bfr_102	 2	 10	 144.jpg	 2.363014e+03	 24	 999000	 240	 999000	 999	 2.364032e+03	 600.00	 616.67	 39.00	 44	 0.41	 
BMI_bfr_102	 2	 10	 135.jpg	 2.366017e+03	 12	 999000	 120	 999000	 999	 2.367035e+03	 600.00	 616.67	 21.00	 35	 0.59	 
BMI_bfr_102	 2	 10	 106.jpg	 2.368003e+03	 11	 1.125202e+03	 1100	 6.003804e+02	 98	 2.369040e+03	 550.00	 616.67	 26.00	 6	 0.54	 
BMI_bfr_102	 2	 10	 125.jpg	 2.372007e+03	 12	 999000	 120	 999000	 999	 2.373025e+03	 550.00	 616.67	 4.00	 25	 0.84	 
BMI_bfr_102	 2	 10	 131.jpg	 2.379015e+03	 12	 999000	 120	 999000	 999	 2.380033e+03	 550.00	 616.67	 25.00	 31	 0.56	 
