subjectID	 order	 runNum	 itemName	 onsetTime	 shuff_trialType	 RT	 respInTime	 AudioTime	 response	 fixationTime	 ladder1	 ladder2	 bidIndex	 itemNameIndex	 bidValue	 
BMI_bfr_125	 1	 3	 160.jpg	 3.925163e+02	 24	 999000	 240	 999000	 999	 3.935351e+02	 750.00	 683.33	 34.00	 60	 0.45	 
BMI_bfr_125	 1	 3	 149.jpg	 3.955200e+02	 22	 8.982334e+02	 220	 6.837449e+02	 98	 3.965547e+02	 750.00	 700.00	 36.00	 49	 0.44	 
BMI_bfr_125	 1	 3	 143.jpg	 3.975222e+02	 24	 999000	 240	 999000	 999	 3.985428e+02	 750.00	 700.00	 35.00	 43	 0.45	 
BMI_bfr_125	 1	 3	 105.jpg	 3.995245e+02	 12	 999000	 120	 999000	 999	 4.005422e+02	 750.00	 700.00	 16.00	 5	 0.70	 
BMI_bfr_125	 1	 3	 136.jpg	 4.015268e+02	 22	 9.442312e+02	 220	 7.003082e+02	 98	 4.025623e+02	 750.00	 716.67	 42.00	 36	 0.34	 
BMI_bfr_125	 1	 3	 145.jpg	 4.045132e+02	 24	 999000	 240	 999000	 999	 4.055340e+02	 750.00	 716.67	 60.00	 45	 0.03	 
BMI_bfr_125	 1	 3	 158.jpg	 4.065158e+02	 24	 999000	 240	 999000	 999	 4.075340e+02	 750.00	 716.67	 49.00	 58	 0.26	 
BMI_bfr_125	 1	 3	 142.jpg	 4.105202e+02	 12	 -1.354913e+03	 12	 999000	 98	 4.115399e+02	 750.00	 716.67	 22.00	 42	 0.60	 
BMI_bfr_125	 1	 3	 120.jpg	 4.125225e+02	 11	 1.030293e+03	 1100	 7.503354e+02	 98	 4.135585e+02	 700.00	 716.67	 10.00	 20	 0.77	 
BMI_bfr_125	 1	 3	 113.jpg	 4.175280e+02	 12	 999000	 120	 999000	 999	 4.185474e+02	 700.00	 716.67	 3.00	 13	 0.87	 
BMI_bfr_125	 1	 3	 102.jpg	 4.195134e+02	 11	 9.921551e+02	 110	 7.003250e+02	 98	 4.205491e+02	 716.67	 716.67	 7.00	 2	 0.81	 
BMI_bfr_125	 1	 3	 103.jpg	 4.235180e+02	 11	 9.815483e+02	 110	 7.170393e+02	 98	 4.245539e+02	 733.33	 716.67	 12.00	 3	 0.74	 
BMI_bfr_125	 1	 3	 119.jpg	 4.255203e+02	 22	 9.592670e+02	 220	 7.169711e+02	 98	 4.265551e+02	 733.33	 733.33	 52.00	 19	 0.23	 
BMI_bfr_125	 1	 3	 131.jpg	 4.285237e+02	 22	 9.710209e+02	 220	 7.336584e+02	 98	 4.295580e+02	 733.33	 750.00	 45.00	 31	 0.30	 
BMI_bfr_125	 1	 3	 134.jpg	 4.335122e+02	 12	 999000	 120	 999000	 999	 4.345304e+02	 733.33	 750.00	 27.00	 34	 0.56	 
BMI_bfr_125	 1	 3	 127.jpg	 4.355149e+02	 11	 1.011596e+03	 1100	 7.336531e+02	 98	 4.365513e+02	 683.33	 750.00	 15.00	 27	 0.71	 
BMI_bfr_125	 1	 3	 124.jpg	 4.375171e+02	 24	 999000	 240	 999000	 999	 4.385383e+02	 683.33	 750.00	 38.00	 24	 0.40	 
BMI_bfr_125	 1	 3	 138.jpg	 4.415216e+02	 22	 1.046276e+03	 2200	 7.503165e+02	 98	 4.425570e+02	 683.33	 700.00	 37.00	 38	 0.43	 
BMI_bfr_125	 1	 3	 106.jpg	 4.455260e+02	 11	 9.570094e+02	 110	 6.836516e+02	 98	 4.465608e+02	 700.00	 700.00	 25.00	 6	 0.59	 
BMI_bfr_125	 1	 3	 150.jpg	 4.495135e+02	 22	 9.297195e+02	 220	 7.003595e+02	 98	 4.505502e+02	 700.00	 716.67	 50.00	 50	 0.25	 
BMI_bfr_125	 1	 3	 112.jpg	 4.515161e+02	 12	 999000	 120	 999000	 999	 4.525349e+02	 700.00	 716.67	 30.00	 12	 0.49	 
BMI_bfr_125	 1	 3	 121.jpg	 4.535183e+02	 11	 9.412885e+02	 110	 7.003301e+02	 98	 4.545529e+02	 716.67	 716.67	 24.00	 21	 0.59	 
BMI_bfr_125	 1	 3	 115.jpg	 4.555206e+02	 12	 999000	 120	 999000	 999	 4.565406e+02	 716.67	 716.67	 9.00	 15	 0.78	 
BMI_bfr_125	 1	 3	 128.jpg	 4.575229e+02	 11	 9.756500e+02	 110	 7.169939e+02	 98	 4.585574e+02	 733.33	 716.67	 21.00	 28	 0.65	 
BMI_bfr_125	 1	 3	 137.jpg	 4.635126e+02	 24	 3.524801e+02	 24	 999000	 98	 4.645342e+02	 733.33	 716.67	 55.00	 37	 0.19	 
BMI_bfr_125	 1	 3	 146.jpg	 4.665162e+02	 12	 999000	 120	 999000	 999	 4.675346e+02	 733.33	 716.67	 29.00	 46	 0.55	 
BMI_bfr_125	 1	 3	 133.jpg	 4.685185e+02	 11	 1.039265e+03	 1100	 7.336469e+02	 98	 4.695535e+02	 683.33	 716.67	 18.00	 33	 0.67	 
BMI_bfr_125	 1	 3	 153.jpg	 4.705207e+02	 11	 9.496941e+02	 110	 6.836521e+02	 98	 4.715564e+02	 700.00	 716.67	 5.00	 53	 0.82	 
BMI_bfr_125	 1	 3	 151.jpg	 4.735241e+02	 11	 9.839656e+02	 110	 7.003407e+02	 98	 4.745599e+02	 716.67	 716.67	 20.00	 51	 0.66	 
BMI_bfr_125	 1	 3	 111.jpg	 4.755265e+02	 12	 999000	 120	 999000	 999	 4.765447e+02	 716.67	 716.67	 19.00	 11	 0.67	 
BMI_bfr_125	 1	 3	 116.jpg	 4.775286e+02	 12	 999000	 120	 999000	 999	 4.785484e+02	 716.67	 716.67	 28.00	 16	 0.55	 
BMI_bfr_125	 1	 3	 110.jpg	 4.795141e+02	 24	 999000	 240	 999000	 999	 4.805354e+02	 716.67	 716.67	 40.00	 10	 0.38	 
BMI_bfr_125	 1	 3	 148.jpg	 4.825175e+02	 24	 999000	 240	 999000	 999	 4.835381e+02	 716.67	 716.67	 46.00	 48	 0.28	 
BMI_bfr_125	 1	 3	 125.jpg	 4.845198e+02	 22	 1.013919e+03	 2200	 7.170961e+02	 98	 4.855544e+02	 716.67	 666.67	 47.00	 25	 0.28	 
BMI_bfr_125	 1	 3	 152.jpg	 4.865219e+02	 11	 9.804597e+02	 110	 7.169957e+02	 98	 4.875594e+02	 733.33	 666.67	 4.00	 52	 0.83	 
BMI_bfr_125	 1	 3	 101.jpg	 4.885243e+02	 12	 999000	 120	 999000	 999	 4.895442e+02	 733.33	 666.67	 8.00	 1	 0.78	 
BMI_bfr_125	 1	 3	 154.jpg	 4.905265e+02	 24	 999000	 240	 999000	 999	 4.915444e+02	 733.33	 666.67	 33.00	 54	 0.46	 
BMI_bfr_125	 1	 3	 147.jpg	 4.965166e+02	 12	 999000	 120	 999000	 999	 4.975343e+02	 733.33	 666.67	 23.00	 47	 0.60	 
BMI_bfr_125	 1	 3	 140.jpg	 4.995199e+02	 22	 9.768837e+02	 220	 6.669956e+02	 98	 5.005544e+02	 733.33	 683.33	 53.00	 40	 0.23	 
BMI_bfr_125	 1	 3	 126.jpg	 5.035244e+02	 11	 1.011463e+03	 1100	 7.336560e+02	 98	 5.045616e+02	 683.33	 683.33	 13.00	 26	 0.72	 
BMI_bfr_125	 1	 3	 109.jpg	 5.095145e+02	 22	 9.389259e+02	 220	 6.836580e+02	 98	 5.105489e+02	 683.33	 700.00	 57.00	 9	 0.11	 
BMI_bfr_125	 1	 3	 132.jpg	 5.115167e+02	 24	 999000	 240	 999000	 999	 5.125350e+02	 683.33	 700.00	 41.00	 32	 0.34	 
BMI_bfr_125	 1	 3	 122.jpg	 5.165223e+02	 12	 999000	 120	 999000	 999	 5.175430e+02	 683.33	 700.00	 11.00	 22	 0.76	 
BMI_bfr_125	 1	 3	 141.jpg	 5.195257e+02	 22	 9.745490e+02	 220	 7.003251e+02	 98	 5.205618e+02	 683.33	 716.67	 56.00	 41	 0.18	 
BMI_bfr_125	 1	 3	 117.jpg	 5.215280e+02	 12	 7.610295e+02	 12	 999000	 98	 5.225457e+02	 683.33	 716.67	 14.00	 17	 0.71	 
BMI_bfr_125	 1	 3	 104.jpg	 5.245143e+02	 24	 999000	 240	 999000	 999	 5.255345e+02	 683.33	 716.67	 32.00	 4	 0.48	 
BMI_bfr_125	 1	 3	 139.jpg	 5.265169e+02	 24	 999000	 240	 999000	 999	 5.275358e+02	 683.33	 716.67	 51.00	 39	 0.25	 
BMI_bfr_125	 1	 3	 114.jpg	 5.305212e+02	 12	 999000	 120	 999000	 999	 5.315418e+02	 683.33	 716.67	 17.00	 14	 0.67	 
BMI_bfr_125	 1	 3	 144.jpg	 5.345258e+02	 24	 999000	 240	 999000	 999	 5.355463e+02	 683.33	 716.67	 54.00	 44	 0.20	 
BMI_bfr_125	 1	 3	 155.jpg	 5.365280e+02	 12	 999000	 120	 999000	 999	 5.375482e+02	 683.33	 716.67	 26.00	 55	 0.58	 
BMI_bfr_125	 1	 3	 130.jpg	 5.435192e+02	 12	 999000	 120	 999000	 999	 5.445398e+02	 683.33	 716.67	 1.00	 30	 0.97	 
BMI_bfr_125	 1	 3	 157.jpg	 5.455214e+02	 22	 9.899524e+02	 220	 7.169867e+02	 98	 5.465561e+02	 683.33	 733.33	 44.00	 57	 0.31	 
BMI_bfr_125	 1	 3	 123.jpg	 5.485248e+02	 12	 999000	 120	 999000	 999	 5.495452e+02	 683.33	 733.33	 6.00	 23	 0.81	 
BMI_bfr_125	 1	 3	 156.jpg	 5.525123e+02	 24	 -2.220522e+03	 24	 999000	 98	 5.535322e+02	 683.33	 733.33	 48.00	 56	 0.26	 
BMI_bfr_125	 1	 3	 129.jpg	 5.565171e+02	 22	 1.042294e+03	 2200	 7.336639e+02	 98	 5.575537e+02	 683.33	 683.33	 39.00	 29	 0.40	 
BMI_bfr_125	 1	 3	 135.jpg	 5.605215e+02	 24	 999000	 240	 999000	 999	 5.615410e+02	 683.33	 683.33	 43.00	 35	 0.32	 
BMI_bfr_125	 1	 3	 108.jpg	 5.635249e+02	 24	 999000	 240	 999000	 999	 5.645454e+02	 683.33	 683.33	 31.00	 8	 0.48	 
BMI_bfr_125	 1	 3	 118.jpg	 5.655272e+02	 12	 999000	 120	 999000	 999	 5.665464e+02	 683.33	 683.33	 2.00	 18	 0.94	 
BMI_bfr_125	 1	 3	 159.jpg	 5.695151e+02	 24	 999000	 240	 999000	 999	 5.705354e+02	 683.33	 683.33	 59.00	 59	 0.04	 
BMI_bfr_125	 1	 3	 107.jpg	 5.765228e+02	 24	 999000	 240	 999000	 999	 5.775416e+02	 683.33	 683.33	 58.00	 7	 0.09	 
