1	 36	 145.jpg	 1	 1	 11	 1	 
2	 26	 135.jpg	 1	 1	 56	 0	 
3	 33	 142.jpg	 1	 1	 51	 1	 
4	 31	 140.jpg	 1	 0	 53	 0	 
5	 41	 151.jpg	 1	 1	 9	 1	 
6	 22	 131.jpg	 1	 1	 37	 0	 
7	 12	 115.jpg	 1	 0	 39	 0	 
8	 3	 106.jpg	 1	 1	 6	 1	 
9	 1	 103.jpg	 1	 1	 23	 1	 
10	 19	 124.jpg	 1	 0	 21	 0	 
11	 45	 155.jpg	 1	 0	 15	 0	 
12	 5	 108.jpg	 1	 1	 17	 1	 
13	 40	 149.jpg	 1	 0	 58	 1	 
14	 46	 156.jpg	 1	 1	 43	 1	 
15	 7	 110.jpg	 1	 1	 46	 1	 
16	 13	 116.jpg	 1	 1	 8	 1	 
17	 30	 139.jpg	 1	 1	 35	 1	 
18	 4	 107.jpg	 1	 1	 3	 1	 
19	 43	 153.jpg	 1	 1	 48	 1	 
20	 32	 141.jpg	 1	 0	 24	 0	 
21	 35	 144.jpg	 1	 1	 52	 0	 
22	 48	 160.jpg	 1	 0	 7	 0	 
23	 8	 111.jpg	 1	 0	 4	 0	 
24	 44	 154.jpg	 1	 1	 16	 1	 
25	 18	 121.jpg	 1	 1	 5	 0	 
26	 29	 138.jpg	 1	 1	 44	 0	 
27	 15	 118.jpg	 1	 1	 18	 0	 
28	 37	 146.jpg	 1	 1	 54	 1	 
29	 2	 105.jpg	 1	 1	 50	 0	 
30	 14	 117.jpg	 1	 1	 49	 1	 
31	 17	 120.jpg	 1	 1	 26	 1	 
32	 6	 109.jpg	 1	 1	 14	 1	 
33	 11	 114.jpg	 1	 1	 40	 1	 
34	 34	 143.jpg	 1	 0	 47	 0	 
35	 24	 133.jpg	 1	 1	 13	 0	 
36	 38	 147.jpg	 1	 0	 45	 0	 
37	 47	 157.jpg	 1	 1	 12	 0	 
38	 21	 129.jpg	 1	 1	 57	 0	 
39	 9	 112.jpg	 1	 1	 25	 0	 
40	 16	 119.jpg	 1	 1	 19	 1	 
41	 20	 125.jpg	 1	 1	 10	 0	 
42	 23	 132.jpg	 1	 1	 36	 0	 
43	 42	 152.jpg	 1	 1	 22	 1	 
44	 10	 113.jpg	 1	 1	 20	 0	 
45	 39	 148.jpg	 1	 1	 42	 0	 
46	 28	 137.jpg	 1	 1	 41	 1	 
47	 27	 136.jpg	 1	 1	 38	 1	 
48	 25	 134.jpg	 1	 1	 55	 1	 
