subjectID	 order	 runNum	 itemName	 onsetTime	 shuff_trialType	 RT	 respInTime	 AudioTime	 response	 fixationTime	 ladder1	 ladder2	 bidIndex	 itemNameIndex	 bidValue	 
p_107	 1	 7	 5626.jpg	 1.280908e+03	 12	 999000	 120	 999000	 999	 1.281951e+03	 683.33	 683.33	 30.00	 34	 0.53	 
p_107	 1	 7	 7430.jpg	 1.285903e+03	 12	 999000	 120	 999000	 999	 1.286945e+03	 683.33	 683.33	 22.00	 40	 0.57	 
p_107	 1	 7	 8001.jpg	 1.287892e+03	 22	 9.379608e+02	 220	 6.839058e+02	 98	 1.288948e+03	 683.33	 700.00	 50.00	 45	 0.26	 
p_107	 1	 7	 4606.jpg	 1.289895e+03	 11	 9.988804e+02	 110	 6.839139e+02	 98	 1.290951e+03	 700.00	 700.00	 10.00	 25	 0.73	 
p_107	 1	 7	 7660.jpg	 1.295891e+03	 12	 999000	 120	 999000	 999	 1.296933e+03	 700.00	 700.00	 9.00	 44	 0.75	 
p_107	 1	 7	 1540.jpg	 1.297894e+03	 24	 999000	 240	 999000	 999	 1.298936e+03	 700.00	 700.00	 54.00	 1	 0.23	 
p_107	 1	 7	 4599.jpg	 1.300899e+03	 12	 999000	 120	 999000	 999	 1.301941e+03	 700.00	 700.00	 26.00	 22	 0.55	 
p_107	 1	 7	 2091.jpg	 1.302902e+03	 24	 999000	 240	 999000	 999	 1.303944e+03	 700.00	 700.00	 49.00	 9	 0.28	 
p_107	 1	 7	 5199.jpg	 1.306895e+03	 24	 999000	 240	 999000	 999	 1.307937e+03	 700.00	 700.00	 46.00	 31	 0.33	 
p_107	 1	 7	 7499.jpg	 1.308898e+03	 12	 999000	 120	 999000	 999	 1.309940e+03	 700.00	 700.00	 2.00	 43	 0.93	 
p_107	 1	 7	 2155.jpg	 1.313892e+03	 24	 999000	 240	 999000	 999	 1.314934e+03	 700.00	 700.00	 60.00	 10	 0.15	 
p_107	 1	 7	 1720.jpg	 1.320902e+03	 22	 1.015604e+03	 2200	 7.005447e+02	 98	 1.321958e+03	 700.00	 650.00	 39.00	 4	 0.41	 
p_107	 1	 7	 8420.jpg	 1.322892e+03	 12	 999000	 120	 999000	 999	 1.323934e+03	 700.00	 650.00	 1.00	 56	 0.94	 
p_107	 1	 7	 8033.jpg	 1.325897e+03	 24	 999000	 240	 999000	 999	 1.326939e+03	 700.00	 650.00	 56.00	 47	 0.20	 
p_107	 1	 7	 8208.jpg	 1.328901e+03	 24	 999000	 240	 999000	 999	 1.329943e+03	 700.00	 650.00	 33.00	 48	 0.47	 
p_107	 1	 7	 8210.jpg	 1.332894e+03	 12	 999000	 120	 999000	 999	 1.333936e+03	 700.00	 650.00	 29.00	 49	 0.54	 
p_107	 1	 7	 7282.jpg	 1.336900e+03	 11	 9.858464e+02	 110	 7.005433e+02	 98	 1.337955e+03	 716.67	 650.00	 24.00	 38	 0.57	 
p_107	 1	 7	 5480.jpg	 1.340893e+03	 12	 999000	 120	 999000	 999	 1.341935e+03	 716.67	 650.00	 6.00	 33	 0.78	 
p_107	 1	 7	 2158.jpg	 1.343897e+03	 11	 1.060592e+03	 1100	 7.172058e+02	 98	 1.344953e+03	 666.67	 650.00	 12.00	 11	 0.68	 
p_107	 1	 7	 8371.jpg	 1.349893e+03	 12	 999000	 120	 999000	 999	 1.350935e+03	 666.67	 650.00	 8.00	 54	 0.76	 
p_107	 1	 7	 8280.jpg	 1.351896e+03	 24	 999000	 240	 999000	 999	 1.352938e+03	 666.67	 650.00	 51.00	 51	 0.25	 
p_107	 1	 7	 4641.jpg	 1.354901e+03	 12	 999000	 120	 999000	 999	 1.355943e+03	 666.67	 650.00	 23.00	 30	 0.57	 
p_107	 1	 7	 7470.jpg	 1.356904e+03	 12	 999000	 120	 999000	 999	 1.357946e+03	 666.67	 650.00	 27.00	 41	 0.55	 
p_107	 1	 7	 2058.jpg	 1.358893e+03	 24	 999000	 240	 999000	 999	 1.359935e+03	 666.67	 650.00	 57.00	 8	 0.19	 
p_107	 1	 7	 4619.jpg	 1.360896e+03	 11	 1.021843e+03	 1100	 6.672067e+02	 98	 1.361952e+03	 616.67	 650.00	 7.00	 27	 0.77	 
p_107	 1	 7	 2346.jpg	 1.363901e+03	 22	 9.447375e+02	 220	 6.505438e+02	 98	 1.364956e+03	 616.67	 666.67	 44.00	 16	 0.34	 
p_107	 1	 7	 1590.jpg	 1.367894e+03	 24	 999000	 240	 999000	 999	 1.368936e+03	 616.67	 666.67	 58.00	 2	 0.19	 
p_107	 1	 7	 5260.jpg	 1.369897e+03	 11	 8.689563e+02	 110	 6.172190e+02	 98	 1.370952e+03	 633.33	 666.67	 18.00	 32	 0.62	 
p_107	 1	 7	 8031.jpg	 1.371900e+03	 24	 999000	 240	 999000	 999	 1.372942e+03	 633.33	 666.67	 34.00	 46	 0.45	 
p_107	 1	 7	 4626.jpg	 1.373903e+03	 22	 999000	 2	 6.672106e+02	 999	 1.374958e+03	 633.33	 616.67	 37.00	 28	 0.42	 
p_107	 1	 7	 8350.jpg	 1.375892e+03	 22	 8.571382e+02	 220	 6.172136e+02	 98	 1.376948e+03	 633.33	 633.33	 52.00	 53	 0.25	 
p_107	 1	 7	 8380.jpg	 1.377895e+03	 22	 8.701017e+02	 220	 6.338732e+02	 98	 1.378951e+03	 633.33	 650.00	 42.00	 55	 0.35	 
p_107	 1	 7	 7250.jpg	 1.381901e+03	 22	 8.959406e+02	 220	 6.505339e+02	 98	 1.382957e+03	 633.33	 666.67	 47.00	 36	 0.30	 
p_107	 1	 7	 2030.jpg	 1.385894e+03	 12	 999000	 120	 999000	 999	 1.386936e+03	 633.33	 666.67	 11.00	 6	 0.70	 
p_107	 1	 7	 8340.jpg	 1.387897e+03	 22	 9.001875e+02	 220	 6.672039e+02	 98	 1.388953e+03	 633.33	 683.33	 36.00	 52	 0.43	 
p_107	 1	 7	 8502.jpg	 1.389900e+03	 12	 999000	 120	 999000	 999	 1.390942e+03	 633.33	 683.33	 3.00	 59	 0.91	 
p_107	 1	 7	 4601.jpg	 1.391903e+03	 11	 8.620720e+02	 110	 6.338933e+02	 98	 1.392959e+03	 650.00	 683.33	 15.00	 23	 0.66	 
p_107	 1	 7	 7291.jpg	 1.393893e+03	 12	 999000	 120	 999000	 999	 1.394935e+03	 650.00	 683.33	 4.00	 39	 0.86	 
p_107	 1	 7	 2345.jpg	 1.399902e+03	 24	 999000	 240	 999000	 999	 1.400944e+03	 650.00	 683.33	 38.00	 15	 0.42	 
p_107	 1	 7	 8470.jpg	 1.401892e+03	 24	 999000	 240	 999000	 999	 1.402934e+03	 650.00	 683.33	 32.00	 57	 0.48	 
p_107	 1	 7	 7260.jpg	 1.403895e+03	 11	 9.504757e+02	 110	 6.505486e+02	 98	 1.404950e+03	 666.67	 683.33	 25.00	 37	 0.56	 
p_107	 1	 7	 2057.jpg	 1.405898e+03	 24	 999000	 240	 999000	 999	 1.406940e+03	 666.67	 683.33	 48.00	 7	 0.28	 
p_107	 1	 7	 8510.jpg	 1.408902e+03	 12	 999000	 120	 999000	 999	 1.409944e+03	 666.67	 683.33	 5.00	 60	 0.83	 
p_107	 1	 7	 2373.jpg	 1.410892e+03	 12	 999000	 120	 999000	 999	 1.411934e+03	 666.67	 683.33	 16.00	 20	 0.65	 
p_107	 1	 7	 5829.jpg	 1.417903e+03	 12	 999000	 120	 999000	 999	 1.418945e+03	 666.67	 683.33	 14.00	 35	 0.67	 
p_107	 1	 7	 8220.jpg	 1.419892e+03	 22	 9.047229e+02	 220	 6.838770e+02	 98	 1.420948e+03	 666.67	 700.00	 45.00	 50	 0.33	 
p_107	 1	 7	 7480.jpg	 1.423898e+03	 24	 999000	 240	 999000	 999	 1.424940e+03	 666.67	 700.00	 35.00	 42	 0.45	 
p_107	 1	 7	 1721.jpg	 1.427904e+03	 24	 999000	 240	 999000	 999	 1.428946e+03	 666.67	 700.00	 43.00	 5	 0.35	 
p_107	 1	 7	 2303.jpg	 1.430896e+03	 22	 1.037307e+03	 2200	 7.005390e+02	 98	 1.431951e+03	 666.67	 650.00	 53.00	 14	 0.25	 
p_107	 1	 7	 4603.jpg	 1.432899e+03	 24	 999000	 240	 999000	 999	 1.433941e+03	 666.67	 650.00	 40.00	 24	 0.39	 
p_107	 1	 7	 4610.jpg	 1.436891e+03	 24	 999000	 240	 999000	 999	 1.437933e+03	 666.67	 650.00	 41.00	 26	 0.35	 
p_107	 1	 7	 2347.jpg	 1.438894e+03	 11	 8.944223e+02	 110	 6.678522e+02	 98	 1.439950e+03	 683.33	 650.00	 21.00	 17	 0.58	 
p_107	 1	 7	 2550.jpg	 1.441899e+03	 12	 999000	 120	 999000	 999	 1.442941e+03	 683.33	 650.00	 28.00	 21	 0.54	 
p_107	 1	 7	 2352.1.jpg	 1.445892e+03	 11	 9.050743e+02	 110	 6.838865e+02	 98	 1.446947e+03	 700.00	 650.00	 20.00	 18	 0.59	 
p_107	 1	 7	 1660.jpg	 1.447895e+03	 24	 999000	 240	 999000	 999	 1.448937e+03	 700.00	 650.00	 55.00	 3	 0.23	 
p_107	 1	 7	 2362.jpg	 1.452902e+03	 12	 999000	 120	 999000	 999	 1.453944e+03	 700.00	 650.00	 19.00	 19	 0.60	 
p_107	 1	 7	 2209.jpg	 1.454892e+03	 24	 999000	 240	 999000	 999	 1.455934e+03	 700.00	 650.00	 59.00	 13	 0.16	 
p_107	 1	 7	 8496.jpg	 1.458898e+03	 12	 999000	 120	 999000	 999	 1.459940e+03	 700.00	 650.00	 17.00	 58	 0.62	 
p_107	 1	 7	 4640.jpg	 1.461903e+03	 11	 9.260129e+02	 110	 7.005627e+02	 98	 1.462958e+03	 716.67	 650.00	 13.00	 29	 0.67	 
p_107	 1	 7	 2165.jpg	 1.464894e+03	 24	 999000	 240	 999000	 999	 1.465936e+03	 716.67	 650.00	 31.00	 12	 0.51	 
