subjectID	 order	 runNum	 itemName	 onsetTime	 shuff_trialType	 RT	 respInTime	 AudioTime	 response	 fixationTime	 ladder1	 ladder2	 bidIndex	 itemNameIndex	 bidValue	 
p_105	 1	 7	 4619.jpg	 1.163700e+03	 12	 999000	 120	 999000	 999	 1.164742e+03	 416.67	 483.33	 30.00	 27	 0.51	 
p_105	 1	 7	 8208.jpg	 1.168694e+03	 12	 999000	 120	 999000	 999	 1.169736e+03	 416.67	 483.33	 22.00	 48	 0.56	 
p_105	 1	 7	 8510.jpg	 1.170684e+03	 22	 8.949309e+02	 220	 4.838940e+02	 98	 1.171740e+03	 416.67	 500.00	 50.00	 60	 0.28	 
p_105	 1	 7	 2352.1.jpg	 1.172687e+03	 11	 8.998910e+02	 110	 4.172331e+02	 98	 1.173743e+03	 433.33	 500.00	 10.00	 18	 0.71	 
p_105	 1	 7	 2347.jpg	 1.178696e+03	 12	 999000	 120	 999000	 999	 1.179738e+03	 433.33	 500.00	 9.00	 17	 0.72	 
p_105	 1	 7	 4641.jpg	 1.180686e+03	 24	 999000	 240	 999000	 999	 1.181728e+03	 433.33	 500.00	 54.00	 30	 0.24	 
p_105	 1	 7	 5199.jpg	 1.183691e+03	 12	 999000	 120	 999000	 999	 1.184733e+03	 433.33	 500.00	 26.00	 31	 0.53	 
p_105	 1	 7	 1590.jpg	 1.185694e+03	 24	 999000	 240	 999000	 999	 1.186736e+03	 433.33	 500.00	 49.00	 2	 0.31	 
p_105	 1	 7	 4603.jpg	 1.189686e+03	 24	 999000	 240	 999000	 999	 1.190728e+03	 433.33	 500.00	 46.00	 24	 0.36	 
p_105	 1	 7	 2209.jpg	 1.191689e+03	 12	 999000	 120	 999000	 999	 1.192731e+03	 433.33	 500.00	 2.00	 13	 0.89	 
p_105	 1	 7	 1660.jpg	 1.196697e+03	 24	 999000	 240	 999000	 999	 1.197739e+03	 433.33	 500.00	 60.00	 3	 0.08	 
p_105	 1	 7	 2362.jpg	 1.203694e+03	 22	 8.766029e+02	 220	 5.005348e+02	 98	 1.204750e+03	 433.33	 516.67	 39.00	 19	 0.42	 
p_105	 1	 7	 2091.jpg	 1.205684e+03	 12	 999000	 120	 999000	 999	 1.206726e+03	 433.33	 516.67	 1.00	 9	 0.90	 
p_105	 1	 7	 1720.jpg	 1.208688e+03	 24	 999000	 240	 999000	 999	 1.209730e+03	 433.33	 516.67	 56.00	 4	 0.22	 
p_105	 1	 7	 2373.jpg	 1.211693e+03	 24	 999000	 240	 999000	 999	 1.212735e+03	 433.33	 516.67	 33.00	 20	 0.49	 
p_105	 1	 7	 2165.jpg	 1.215686e+03	 12	 999000	 120	 999000	 999	 1.216728e+03	 433.33	 516.67	 29.00	 12	 0.53	 
p_105	 1	 7	 8210.jpg	 1.219692e+03	 11	 1.078921e+03	 1100	 4.338830e+02	 98	 1.220747e+03	 383.33	 516.67	 24.00	 49	 0.55	 
p_105	 1	 7	 2550.jpg	 1.223685e+03	 12	 999000	 120	 999000	 999	 1.224727e+03	 383.33	 516.67	 6.00	 21	 0.77	 
p_105	 1	 7	 2058.jpg	 1.226689e+03	 11	 7.535583e+02	 110	 3.838824e+02	 98	 1.227744e+03	 400.00	 516.67	 12.00	 8	 0.70	 
p_105	 1	 7	 8280.jpg	 1.232685e+03	 12	 999000	 120	 999000	 999	 1.233727e+03	 400.00	 516.67	 8.00	 51	 0.73	 
p_105	 1	 7	 4610.jpg	 1.234688e+03	 24	 999000	 240	 999000	 999	 1.235730e+03	 400.00	 516.67	 51.00	 26	 0.28	 
p_105	 1	 7	 8470.jpg	 1.237692e+03	 12	 999000	 120	 999000	 999	 1.238735e+03	 400.00	 516.67	 23.00	 57	 0.56	 
p_105	 1	 7	 4626.jpg	 1.239697e+03	 12	 999000	 120	 999000	 999	 1.240738e+03	 400.00	 516.67	 27.00	 28	 0.53	 
p_105	 1	 7	 8502.jpg	 1.241685e+03	 24	 999000	 240	 999000	 999	 1.242727e+03	 400.00	 516.67	 57.00	 59	 0.18	 
p_105	 1	 7	 2345.jpg	 1.243688e+03	 11	 8.743509e+02	 110	 4.005437e+02	 98	 1.244744e+03	 416.67	 516.67	 7.00	 15	 0.76	 
p_105	 1	 7	 7260.jpg	 1.246693e+03	 22	 1.037768e+03	 2200	 5.172198e+02	 98	 1.247748e+03	 416.67	 466.67	 44.00	 37	 0.37	 
p_105	 1	 7	 1721.jpg	 1.250686e+03	 24	 999000	 240	 999000	 999	 1.251728e+03	 416.67	 466.67	 58.00	 5	 0.16	 
p_105	 1	 7	 8001.jpg	 1.252689e+03	 11	 9.539331e+02	 110	 4.172312e+02	 98	 1.253744e+03	 433.33	 466.67	 18.00	 45	 0.61	 
p_105	 1	 7	 2155.jpg	 1.254692e+03	 24	 999000	 240	 999000	 999	 1.255734e+03	 433.33	 466.67	 34.00	 10	 0.48	 
p_105	 1	 7	 1540.jpg	 1.256695e+03	 22	 1.083884e+03	 2200	 4.672163e+02	 98	 1.257750e+03	 433.33	 416.67	 37.00	 1	 0.44	 
p_105	 1	 7	 4606.jpg	 1.258684e+03	 22	 8.461526e+02	 220	 4.172230e+02	 98	 1.259740e+03	 433.33	 433.33	 52.00	 25	 0.27	 
p_105	 1	 7	 4640.jpg	 1.260687e+03	 22	 1.075117e+03	 2200	 4.338947e+02	 98	 1.261743e+03	 433.33	 383.33	 42.00	 29	 0.40	 
p_105	 1	 7	 7282.jpg	 1.264693e+03	 22	 8.049439e+02	 220	 3.838839e+02	 98	 1.265749e+03	 433.33	 400.00	 47.00	 38	 0.36	 
p_105	 1	 7	 2303.jpg	 1.268686e+03	 12	 999000	 120	 999000	 999	 1.269728e+03	 433.33	 400.00	 11.00	 14	 0.71	 
p_105	 1	 7	 8031.jpg	 1.270689e+03	 22	 1.017188e+03	 2200	 4.005494e+02	 98	 1.271745e+03	 433.33	 350.00	 36.00	 46	 0.46	 
p_105	 1	 7	 2158.jpg	 1.272692e+03	 12	 999000	 120	 999000	 999	 1.273734e+03	 433.33	 350.00	 3.00	 11	 0.84	 
p_105	 1	 7	 7499.jpg	 1.274695e+03	 11	 1.011095e+03	 1100	 4.338829e+02	 98	 1.275751e+03	 383.33	 350.00	 15.00	 43	 0.63	 
p_105	 1	 7	 2057.jpg	 1.276685e+03	 12	 999000	 120	 999000	 999	 1.277727e+03	 383.33	 350.00	 4.00	 7	 0.84	 
p_105	 1	 7	 2030.jpg	 1.282694e+03	 24	 999000	 240	 999000	 999	 1.283736e+03	 383.33	 350.00	 38.00	 6	 0.43	 
p_105	 1	 7	 4599.jpg	 1.284684e+03	 24	 999000	 240	 999000	 999	 1.285726e+03	 383.33	 350.00	 32.00	 22	 0.50	 
p_105	 1	 7	 7660.jpg	 1.286687e+03	 11	 8.754534e+02	 110	 3.838939e+02	 98	 1.287742e+03	 400.00	 350.00	 25.00	 44	 0.54	 
p_105	 1	 7	 7430.jpg	 1.288690e+03	 24	 999000	 240	 999000	 999	 1.289732e+03	 400.00	 350.00	 48.00	 40	 0.34	 
p_105	 1	 7	 8496.jpg	 1.291694e+03	 12	 999000	 120	 999000	 999	 1.292736e+03	 400.00	 350.00	 5.00	 58	 0.79	 
p_105	 1	 7	 5626.jpg	 1.293684e+03	 12	 999000	 120	 999000	 999	 1.294726e+03	 400.00	 350.00	 16.00	 34	 0.63	 
p_105	 1	 7	 8420.jpg	 1.300695e+03	 12	 999000	 120	 999000	 999	 1.301737e+03	 400.00	 350.00	 14.00	 56	 0.64	 
p_105	 1	 7	 8340.jpg	 1.302684e+03	 22	 8.697229e+02	 220	 3.505566e+02	 98	 1.303740e+03	 400.00	 366.67	 45.00	 52	 0.37	 
p_105	 1	 7	 7250.jpg	 1.306691e+03	 24	 999000	 240	 999000	 999	 1.307733e+03	 400.00	 366.67	 35.00	 36	 0.47	 
p_105	 1	 7	 5260.jpg	 1.310697e+03	 24	 999000	 240	 999000	 999	 1.311739e+03	 400.00	 366.67	 43.00	 32	 0.37	 
p_105	 1	 7	 7291.jpg	 1.313688e+03	 22	 7.302802e+02	 220	 3.672214e+02	 98	 1.314743e+03	 400.00	 383.33	 53.00	 39	 0.26	 
p_105	 1	 7	 7480.jpg	 1.315691e+03	 24	 999000	 240	 999000	 999	 1.316733e+03	 400.00	 383.33	 40.00	 42	 0.41	 
p_105	 1	 7	 8350.jpg	 1.319697e+03	 24	 999000	 240	 999000	 999	 1.320739e+03	 400.00	 383.33	 41.00	 53	 0.41	 
p_105	 1	 7	 8371.jpg	 1.321687e+03	 11	 7.154361e+02	 110	 4.005358e+02	 98	 1.322742e+03	 416.67	 383.33	 21.00	 54	 0.59	 
p_105	 1	 7	 2346.jpg	 1.324691e+03	 12	 999000	 120	 999000	 999	 1.325733e+03	 416.67	 383.33	 28.00	 16	 0.53	 
p_105	 1	 7	 5829.jpg	 1.328684e+03	 11	 9.100662e+02	 110	 4.172297e+02	 98	 1.329739e+03	 433.33	 383.33	 20.00	 35	 0.60	 
p_105	 1	 7	 4601.jpg	 1.330687e+03	 24	 999000	 240	 999000	 999	 1.331729e+03	 433.33	 383.33	 55.00	 23	 0.23	 
p_105	 1	 7	 8033.jpg	 1.335695e+03	 12	 999000	 120	 999000	 999	 1.336737e+03	 433.33	 383.33	 19.00	 47	 0.60	 
p_105	 1	 7	 5480.jpg	 1.337684e+03	 24	 999000	 240	 999000	 999	 1.338726e+03	 433.33	 383.33	 59.00	 33	 0.12	 
p_105	 1	 7	 8220.jpg	 1.341690e+03	 12	 999000	 120	 999000	 999	 1.342732e+03	 433.33	 383.33	 17.00	 50	 0.63	 
p_105	 1	 7	 7470.jpg	 1.344695e+03	 11	 8.589954e+02	 110	 4.338883e+02	 98	 1.345750e+03	 450.00	 383.33	 13.00	 41	 0.65	 
p_105	 1	 7	 8380.jpg	 1.347686e+03	 24	 999000	 240	 999000	 999	 1.348728e+03	 450.00	 383.33	 31.00	 55	 0.50	 
