subjectID	 order	 runNum	 itemName	 onsetTime	 shuff_trialType	 RT	 respInTime	 AudioTime	 response	 fixationTime	 ladder1	 ladder2	 bidIndex	 itemNameIndex	 bidValue	 
p_108	 2	 7	 2209.jpg	 1.333150e+03	 12	 999000	 120	 999000	 999	 1.334192e+03	 616.67	 483.33	 30.00	 13	 0.52	 
p_108	 2	 7	 2165.jpg	 1.338145e+03	 11	 1.377450e+03	 1100	 6.172149e+02	 98	 1.339200e+03	 566.67	 483.33	 22.00	 12	 0.59	 
p_108	 2	 7	 8371.jpg	 1.340148e+03	 24	 999000	 240	 999000	 999	 1.341190e+03	 566.67	 483.33	 50.00	 54	 0.25	 
p_108	 2	 7	 2091.jpg	 1.342137e+03	 12	 999000	 120	 999000	 999	 1.343179e+03	 566.67	 483.33	 10.00	 9	 0.77	 
p_108	 2	 7	 4626.jpg	 1.348147e+03	 11	 8.635541e+02	 110	 5.672105e+02	 98	 1.349202e+03	 583.33	 483.33	 9.00	 28	 0.78	 
p_108	 2	 7	 7291.jpg	 1.350136e+03	 22	 1.145879e+03	 2200	 4.838974e+02	 98	 1.351192e+03	 583.33	 433.33	 54.00	 39	 0.20	 
p_108	 2	 7	 1660.jpg	 1.353141e+03	 11	 9.892849e+02	 110	 5.838740e+02	 98	 1.354196e+03	 600.00	 433.33	 26.00	 3	 0.57	 
p_108	 2	 7	 1590.jpg	 1.355144e+03	 22	 1.050246e+03	 2200	 4.338738e+02	 98	 1.356199e+03	 600.00	 383.33	 49.00	 2	 0.25	 
p_108	 2	 7	 8031.jpg	 1.359137e+03	 22	 7.374674e+02	 220	 3.838808e+02	 98	 1.360192e+03	 600.00	 400.00	 46.00	 46	 0.30	 
p_108	 2	 7	 2030.jpg	 1.361140e+03	 12	 999000	 120	 999000	 999	 1.362182e+03	 600.00	 400.00	 2.00	 6	 0.87	 
p_108	 2	 7	 7282.jpg	 1.366147e+03	 24	 999000	 240	 999000	 999	 1.367189e+03	 600.00	 400.00	 60.00	 38	 0.06	 
p_108	 2	 7	 2550.jpg	 1.373144e+03	 24	 999000	 240	 999000	 999	 1.374187e+03	 600.00	 400.00	 39.00	 21	 0.40	 
p_108	 2	 7	 4601.jpg	 1.375148e+03	 12	 999000	 120	 999000	 999	 1.376190e+03	 600.00	 400.00	 1.00	 23	 0.99	 
p_108	 2	 7	 2373.jpg	 1.378139e+03	 24	 999000	 240	 999000	 999	 1.379181e+03	 600.00	 400.00	 56.00	 20	 0.15	 
p_108	 2	 7	 8208.jpg	 1.381143e+03	 24	 999000	 240	 999000	 999	 1.382185e+03	 600.00	 400.00	 33.00	 48	 0.50	 
p_108	 2	 7	 8033.jpg	 1.385136e+03	 12	 999000	 120	 999000	 999	 1.386178e+03	 600.00	 400.00	 29.00	 47	 0.53	 
p_108	 2	 7	 1540.jpg	 1.389142e+03	 12	 999000	 120	 999000	 999	 1.390184e+03	 600.00	 400.00	 24.00	 1	 0.58	 
p_108	 2	 7	 2155.jpg	 1.393148e+03	 12	 999000	 120	 999000	 999	 1.394190e+03	 600.00	 400.00	 6.00	 10	 0.83	 
p_108	 2	 7	 2352.1.jpg	 1.396139e+03	 12	 999000	 120	 999000	 999	 1.397181e+03	 600.00	 400.00	 12.00	 18	 0.73	 
p_108	 2	 7	 4606.jpg	 1.402149e+03	 11	 1.022407e+03	 1100	 6.005380e+02	 98	 1.403204e+03	 550.00	 400.00	 8.00	 25	 0.79	 
p_108	 2	 7	 7260.jpg	 1.404138e+03	 22	 8.555528e+02	 220	 4.005415e+02	 98	 1.405194e+03	 550.00	 416.67	 51.00	 37	 0.22	 
p_108	 2	 7	 8502.jpg	 1.407143e+03	 11	 1.194950e+03	 1100	 5.505317e+02	 98	 1.408198e+03	 500.00	 416.67	 23.00	 59	 0.59	 
p_108	 2	 7	 2362.jpg	 1.409146e+03	 12	 999000	 120	 999000	 999	 1.410188e+03	 500.00	 416.67	 27.00	 19	 0.57	 
p_108	 2	 7	 7430.jpg	 1.411135e+03	 24	 999000	 240	 999000	 999	 1.412178e+03	 500.00	 416.67	 57.00	 40	 0.13	 
p_108	 2	 7	 5260.jpg	 1.413139e+03	 12	 999000	 120	 999000	 999	 1.414181e+03	 500.00	 416.67	 7.00	 32	 0.82	 
p_108	 2	 7	 8380.jpg	 1.416143e+03	 24	 999000	 240	 999000	 999	 1.417185e+03	 500.00	 416.67	 44.00	 55	 0.33	 
p_108	 2	 7	 2303.jpg	 1.420136e+03	 24	 999000	 240	 999000	 999	 1.421178e+03	 500.00	 416.67	 58.00	 14	 0.09	 
p_108	 2	 7	 2346.jpg	 1.422139e+03	 12	 999000	 120	 999000	 999	 1.423181e+03	 500.00	 416.67	 18.00	 16	 0.67	 
p_108	 2	 7	 2057.jpg	 1.424142e+03	 24	 999000	 240	 999000	 999	 1.425184e+03	 500.00	 416.67	 34.00	 7	 0.43	 
p_108	 2	 7	 8470.jpg	 1.426145e+03	 24	 999000	 240	 999000	 999	 1.427187e+03	 500.00	 416.67	 37.00	 57	 0.40	 
p_108	 2	 7	 7499.jpg	 1.428148e+03	 24	 999000	 240	 999000	 999	 1.429190e+03	 500.00	 416.67	 52.00	 43	 0.22	 
p_108	 2	 7	 8510.jpg	 1.430138e+03	 24	 999000	 240	 999000	 999	 1.431180e+03	 500.00	 416.67	 42.00	 60	 0.34	 
p_108	 2	 7	 8280.jpg	 1.434144e+03	 24	 999000	 240	 999000	 999	 1.435186e+03	 500.00	 416.67	 47.00	 51	 0.29	 
p_108	 2	 7	 4610.jpg	 1.438136e+03	 11	 8.570414e+02	 110	 5.005351e+02	 98	 1.439192e+03	 516.67	 416.67	 11.00	 26	 0.75	 
p_108	 2	 7	 2058.jpg	 1.440139e+03	 24	 999000	 240	 999000	 999	 1.441182e+03	 516.67	 416.67	 36.00	 8	 0.42	 
p_108	 2	 7	 4640.jpg	 1.442143e+03	 12	 999000	 120	 999000	 999	 1.443185e+03	 516.67	 416.67	 3.00	 29	 0.87	 
p_108	 2	 7	 4603.jpg	 1.444146e+03	 12	 999000	 120	 999000	 999	 1.445188e+03	 516.67	 416.67	 15.00	 24	 0.69	 
p_108	 2	 7	 4641.jpg	 1.446135e+03	 12	 999000	 120	 999000	 999	 1.447177e+03	 516.67	 416.67	 4.00	 30	 0.87	 
p_108	 2	 7	 8350.jpg	 1.452144e+03	 22	 7.530051e+02	 220	 4.172020e+02	 98	 1.453200e+03	 516.67	 433.33	 38.00	 53	 0.40	 
p_108	 2	 7	 8220.jpg	 1.454147e+03	 24	 999000	 240	 999000	 999	 1.455189e+03	 516.67	 433.33	 32.00	 50	 0.51	 
p_108	 2	 7	 2158.jpg	 1.456137e+03	 12	 999000	 120	 999000	 999	 1.457179e+03	 516.67	 433.33	 25.00	 11	 0.57	 
p_108	 2	 7	 8210.jpg	 1.458140e+03	 22	 7.412381e+02	 220	 4.338747e+02	 98	 1.459196e+03	 516.67	 450.00	 48.00	 49	 0.27	 
p_108	 2	 7	 4619.jpg	 1.461145e+03	 12	 999000	 120	 999000	 999	 1.462187e+03	 516.67	 450.00	 5.00	 27	 0.87	 
p_108	 2	 7	 1720.jpg	 1.463148e+03	 11	 8.535880e+02	 110	 5.172053e+02	 98	 1.464203e+03	 533.33	 450.00	 16.00	 4	 0.69	 
p_108	 2	 7	 5626.jpg	 1.470145e+03	 11	 8.962317e+02	 110	 5.338636e+02	 98	 1.471214e+03	 550.00	 450.00	 14.00	 34	 0.69	 
p_108	 2	 7	 7250.jpg	 1.472148e+03	 24	 999000	 240	 999000	 999	 1.473190e+03	 550.00	 450.00	 45.00	 36	 0.30	 
p_108	 2	 7	 2345.jpg	 1.476141e+03	 22	 7.564401e+02	 220	 4.505371e+02	 98	 1.477196e+03	 550.00	 466.67	 35.00	 15	 0.42	 
p_108	 2	 7	 7660.jpg	 1.480147e+03	 22	 7.503325e+02	 220	 4.672029e+02	 98	 1.481202e+03	 550.00	 483.33	 43.00	 44	 0.33	 
p_108	 2	 7	 8001.jpg	 1.483138e+03	 24	 999000	 240	 999000	 999	 1.484180e+03	 550.00	 483.33	 53.00	 45	 0.22	 
p_108	 2	 7	 7480.jpg	 1.485141e+03	 22	 8.120627e+02	 220	 4.839050e+02	 98	 1.486197e+03	 550.00	 500.00	 40.00	 42	 0.35	 
p_108	 2	 7	 5480.jpg	 1.489147e+03	 22	 8.059284e+02	 220	 5.005667e+02	 98	 1.490203e+03	 550.00	 516.67	 41.00	 33	 0.34	 
p_108	 2	 7	 1721.jpg	 1.491137e+03	 12	 999000	 120	 999000	 999	 1.492179e+03	 550.00	 516.67	 21.00	 5	 0.64	 
p_108	 2	 7	 5199.jpg	 1.494141e+03	 12	 999000	 120	 999000	 999	 1.495183e+03	 550.00	 516.67	 28.00	 31	 0.54	 
p_108	 2	 7	 5829.jpg	 1.498148e+03	 12	 999000	 120	 999000	 999	 1.499190e+03	 550.00	 516.67	 20.00	 35	 0.65	 
p_108	 2	 7	 8340.jpg	 1.500137e+03	 24	 999000	 240	 999000	 999	 1.501179e+03	 550.00	 516.67	 55.00	 52	 0.19	 
p_108	 2	 7	 8420.jpg	 1.505145e+03	 11	 9.041997e+02	 110	 5.505648e+02	 98	 1.506200e+03	 566.67	 516.67	 19.00	 56	 0.67	 
p_108	 2	 7	 7470.jpg	 1.507148e+03	 24	 999000	 240	 999000	 999	 1.508190e+03	 566.67	 516.67	 59.00	 41	 0.09	 
p_108	 2	 7	 2347.jpg	 1.511141e+03	 11	 1.212417e+03	 1100	 5.672293e+02	 98	 1.512196e+03	 516.67	 516.67	 17.00	 17	 0.68	 
p_108	 2	 7	 4599.jpg	 1.514145e+03	 12	 999000	 120	 999000	 999	 1.515187e+03	 516.67	 516.67	 13.00	 22	 0.72	 
p_108	 2	 7	 8496.jpg	 1.517136e+03	 24	 999000	 240	 999000	 999	 1.518178e+03	 516.67	 516.67	 31.00	 58	 0.51	 
