subjectID	 order	 runNum	 itemName	 onsetTime	 shuff_trialType	 RT	 respInTime	 AudioTime	 response	 fixationTime	 ladder1	 ladder2	 bidIndex	 itemNameIndex	 bidValue	 
p_109	 1	 9	 2057.jpg	 1.572019e+03	 12	 999000	 120	 999000	 999	 1.573061e+03	 550.00	 616.67	 29.00	 7	 0.51	 
p_109	 1	 9	 7250.jpg	 1.574009e+03	 24	 999000	 240	 999000	 999	 1.575051e+03	 550.00	 616.67	 35.00	 36	 0.44	 
p_109	 1	 9	 5199.jpg	 1.578015e+03	 24	 999000	 240	 999000	 999	 1.579057e+03	 550.00	 616.67	 41.00	 31	 0.39	 
p_109	 1	 9	 2362.jpg	 1.581006e+03	 12	 999000	 120	 999000	 999	 1.582048e+03	 550.00	 616.67	 16.00	 19	 0.66	 
p_109	 1	 9	 8001.jpg	 1.583009e+03	 12	 999000	 120	 999000	 999	 1.584051e+03	 550.00	 616.67	 26.00	 45	 0.53	 
p_109	 1	 9	 4599.jpg	 1.586014e+03	 24	 999000	 240	 999000	 999	 1.587056e+03	 550.00	 616.67	 46.00	 22	 0.36	 
p_109	 1	 9	 7480.jpg	 1.590006e+03	 12	 999000	 120	 999000	 999	 1.591048e+03	 550.00	 616.67	 8.00	 42	 0.76	 
p_109	 1	 9	 4640.jpg	 1.594012e+03	 11	 8.839159e+02	 110	 5.505445e+02	 98	 1.595068e+03	 566.67	 616.67	 13.00	 29	 0.72	 
p_109	 1	 9	 4606.jpg	 1.596002e+03	 12	 999000	 120	 999000	 999	 1.597044e+03	 566.67	 616.67	 28.00	 25	 0.52	 
p_109	 1	 9	 7291.jpg	 1.601010e+03	 22	 9.905667e+02	 220	 6.172475e+02	 98	 1.602065e+03	 566.67	 633.33	 47.00	 39	 0.34	 
p_109	 1	 9	 7282.jpg	 1.603013e+03	 24	 999000	 240	 999000	 999	 1.604055e+03	 566.67	 633.33	 40.00	 38	 0.40	 
p_109	 1	 9	 5260.jpg	 1.605002e+03	 24	 999000	 240	 999000	 999	 1.606044e+03	 566.67	 633.33	 55.00	 32	 0.24	 
p_109	 1	 9	 2158.jpg	 1.611011e+03	 11	 9.086490e+02	 110	 5.672052e+02	 98	 1.612067e+03	 583.33	 633.33	 25.00	 11	 0.53	 
p_109	 1	 9	 1540.jpg	 1.613014e+03	 24	 999000	 240	 999000	 999	 1.614057e+03	 583.33	 633.33	 58.00	 1	 0.17	 
p_109	 1	 9	 7660.jpg	 1.615004e+03	 11	 8.679189e+02	 110	 5.838891e+02	 98	 1.616060e+03	 600.00	 633.33	 15.00	 44	 0.66	 
p_109	 1	 9	 8510.jpg	 1.617007e+03	 22	 9.288556e+02	 220	 6.338855e+02	 98	 1.618063e+03	 600.00	 650.00	 42.00	 60	 0.38	 
p_109	 1	 9	 8496.jpg	 1.621013e+03	 12	 999000	 120	 999000	 999	 1.622055e+03	 600.00	 650.00	 23.00	 58	 0.55	 
p_109	 1	 9	 2303.jpg	 1.625006e+03	 11	 8.659727e+02	 110	 6.005452e+02	 98	 1.626061e+03	 616.67	 650.00	 12.00	 14	 0.73	 
p_109	 1	 9	 8210.jpg	 1.628011e+03	 24	 999000	 240	 999000	 999	 1.629053e+03	 616.67	 650.00	 57.00	 49	 0.20	 
p_109	 1	 9	 2373.jpg	 1.632003e+03	 11	 9.086490e+02	 110	 6.172098e+02	 98	 1.633059e+03	 633.33	 650.00	 20.00	 20	 0.57	 
p_109	 1	 9	 1590.jpg	 1.635008e+03	 22	 9.920700e+02	 220	 6.505452e+02	 98	 1.636063e+03	 633.33	 666.67	 45.00	 2	 0.36	 
p_109	 1	 9	 7499.jpg	 1.637011e+03	 12	 999000	 120	 999000	 999	 1.638053e+03	 633.33	 666.67	 27.00	 43	 0.53	 
p_109	 1	 9	 4603.jpg	 1.641004e+03	 22	 2.922594e+02	 22	 6.672131e+02	 98	 1.642059e+03	 633.33	 683.33	 53.00	 24	 0.25	 
p_109	 1	 9	 8340.jpg	 1.643007e+03	 24	 999000	 240	 999000	 999	 1.644049e+03	 633.33	 683.33	 54.00	 52	 0.24	 
p_109	 1	 9	 5626.jpg	 1.645010e+03	 22	 9.741632e+02	 220	 6.838774e+02	 98	 1.646065e+03	 633.33	 700.00	 44.00	 34	 0.37	 
p_109	 1	 9	 2155.jpg	 1.649002e+03	 11	 8.693945e+02	 110	 6.338824e+02	 98	 1.650058e+03	 650.00	 700.00	 10.00	 10	 0.75	 
p_109	 1	 9	 2345.jpg	 1.651005e+03	 12	 999000	 120	 999000	 999	 1.652048e+03	 650.00	 700.00	 3.00	 15	 0.86	 
p_109	 1	 9	 8420.jpg	 1.655012e+03	 11	 -1.747723e+03	 11	 6.505527e+02	 98	 1.656067e+03	 666.67	 700.00	 7.00	 56	 0.76	 
p_109	 1	 9	 8470.jpg	 1.659004e+03	 22	 -3.116480e+03	 22	 7.005280e+02	 98	 1.660060e+03	 666.67	 716.67	 37.00	 57	 0.42	 
p_109	 1	 9	 2030.jpg	 1.662009e+03	 24	 -2.057067e+03	 24	 999000	 98	 1.663051e+03	 666.67	 716.67	 51.00	 6	 0.28	 
p_109	 1	 9	 5829.jpg	 1.668005e+03	 24	 -4.676847e+03	 24	 999000	 98	 1.669047e+03	 666.67	 716.67	 59.00	 35	 0.14	 
p_109	 1	 9	 1720.jpg	 1.670008e+03	 12	 999000	 120	 999000	 999	 1.671050e+03	 666.67	 716.67	 30.00	 4	 0.50	 
p_109	 1	 9	 8380.jpg	 1.674014e+03	 12	 999000	 120	 999000	 999	 1.675056e+03	 666.67	 716.67	 5.00	 55	 0.84	 
p_109	 1	 9	 4626.jpg	 1.676003e+03	 24	 999000	 240	 999000	 999	 1.677099e+03	 666.67	 716.67	 56.00	 28	 0.22	 
p_109	 1	 9	 7260.jpg	 1.678006e+03	 24	 999000	 240	 999000	 999	 1.679048e+03	 666.67	 716.67	 32.00	 37	 0.50	 
p_109	 1	 9	 8031.jpg	 1.680009e+03	 24	 999000	 240	 999000	 999	 1.681052e+03	 666.67	 716.67	 31.00	 46	 0.50	 
p_109	 1	 9	 4641.jpg	 1.685004e+03	 24	 999000	 240	 999000	 999	 1.686046e+03	 666.67	 716.67	 33.00	 30	 0.46	 
p_109	 1	 9	 4619.jpg	 1.687007e+03	 22	 1.104831e+03	 2200	 7.172307e+02	 98	 1.688062e+03	 666.67	 666.67	 36.00	 27	 0.44	 
p_109	 1	 9	 4601.jpg	 1.689010e+03	 24	 999000	 240	 999000	 999	 1.690052e+03	 666.67	 666.67	 48.00	 23	 0.33	 
p_109	 1	 9	 8033.jpg	 1.692014e+03	 24	 999000	 240	 999000	 999	 1.693056e+03	 666.67	 666.67	 38.00	 47	 0.42	 
p_109	 1	 9	 8502.jpg	 1.695006e+03	 11	 9.939410e+02	 110	 6.672076e+02	 98	 1.696061e+03	 683.33	 666.67	 18.00	 59	 0.59	 
p_109	 1	 9	 8208.jpg	 1.699012e+03	 22	 1.021372e+03	 2200	 6.672194e+02	 98	 1.700067e+03	 683.33	 616.67	 50.00	 48	 0.29	 
p_109	 1	 9	 4610.jpg	 1.701001e+03	 12	 999000	 120	 999000	 999	 1.702043e+03	 683.33	 616.67	 14.00	 26	 0.69	 
p_109	 1	 9	 7470.jpg	 1.703004e+03	 12	 999000	 120	 999000	 999	 1.704046e+03	 683.33	 616.67	 6.00	 41	 0.77	 
p_109	 1	 9	 1721.jpg	 1.706009e+03	 24	 999000	 240	 999000	 999	 1.707051e+03	 683.33	 616.67	 43.00	 5	 0.37	 
p_109	 1	 9	 5480.jpg	 1.709014e+03	 24	 999000	 240	 999000	 999	 1.710056e+03	 683.33	 616.67	 60.00	 33	 0.08	 
p_109	 1	 9	 2550.jpg	 1.711003e+03	 12	 999000	 120	 999000	 999	 1.712045e+03	 683.33	 616.67	 22.00	 21	 0.56	 
p_109	 1	 9	 1660.jpg	 1.713006e+03	 11	 1.153189e+03	 1100	 6.838851e+02	 98	 1.714062e+03	 633.33	 616.67	 21.00	 3	 0.57	 
p_109	 1	 9	 8371.jpg	 1.715009e+03	 24	 999000	 240	 999000	 999	 1.716051e+03	 633.33	 616.67	 49.00	 54	 0.29	 
p_109	 1	 9	 8220.jpg	 1.720004e+03	 24	 999000	 240	 999000	 999	 1.721046e+03	 633.33	 616.67	 34.00	 50	 0.44	 
p_109	 1	 9	 2346.jpg	 1.722007e+03	 12	 999000	 120	 999000	 999	 1.723049e+03	 633.33	 616.67	 17.00	 16	 0.64	 
p_109	 1	 9	 2091.jpg	 1.724010e+03	 22	 8.697258e+02	 220	 6.172101e+02	 98	 1.725065e+03	 633.33	 633.33	 39.00	 9	 0.40	 
p_109	 1	 9	 7430.jpg	 1.726013e+03	 12	 999000	 120	 999000	 999	 1.727055e+03	 633.33	 633.33	 9.00	 40	 0.75	 
p_109	 1	 9	 2352.1.jpg	 1.733010e+03	 12	 999000	 120	 999000	 999	 1.734052e+03	 633.33	 633.33	 4.00	 18	 0.85	 
p_109	 1	 9	 8350.jpg	 1.735013e+03	 11	 1.434283e+03	 1100	 6.338777e+02	 98	 1.736068e+03	 583.33	 633.33	 24.00	 53	 0.54	 
p_109	 1	 9	 2058.jpg	 1.742010e+03	 12	 1.329494e+02	 12	 999000	 98	 1.743052e+03	 583.33	 633.33	 2.00	 8	 0.89	 
p_109	 1	 9	 2209.jpg	 1.745001e+03	 12	 999000	 120	 999000	 999	 1.746043e+03	 583.33	 633.33	 19.00	 13	 0.58	 
p_109	 1	 9	 8280.jpg	 1.748006e+03	 22	 1.017142e+03	 2200	 6.345866e+02	 98	 1.749061e+03	 583.33	 583.33	 52.00	 51	 0.25	 
p_109	 1	 9	 2165.jpg	 1.754002e+03	 12	 999000	 120	 999000	 999	 1.755044e+03	 583.33	 583.33	 1.00	 12	 0.92	 
p_109	 1	 9	 2347.jpg	 1.756005e+03	 12	 999000	 120	 999000	 999	 1.757047e+03	 583.33	 583.33	 11.00	 17	 0.74	 
