subjectID	 order	 runNum	 itemName	 onsetTime	 shuff_trialType	 RT	 respInTime	 AudioTime	 response	 fixationTime	 ladder1	 ladder2	 bidIndex	 itemNameIndex	 bidValue	 
p_102	 2	 8	 8502.jpg	 1.468771e+03	 24	 999000	 240	 999000	 999	 1.469813e+03	 650.00	 716.67	 58.00	 59	 0.23	 
p_102	 2	 8	 7250.jpg	 1.471749e+03	 24	 999000	 240	 999000	 999	 1.472791e+03	 650.00	 716.67	 57.00	 36	 0.25	 
p_102	 2	 8	 1540.jpg	 1.475755e+03	 12	 999000	 120	 999000	 999	 1.476797e+03	 650.00	 716.67	 12.00	 1	 0.63	 
p_102	 2	 8	 2345.jpg	 1.477758e+03	 24	 999000	 240	 999000	 999	 1.478800e+03	 650.00	 716.67	 39.00	 15	 0.47	 
p_102	 2	 8	 7430.jpg	 1.479761e+03	 22	 9.718560e+02	 220	 7.172428e+02	 98	 1.480816e+03	 650.00	 733.33	 48.00	 40	 0.35	 
p_102	 2	 8	 8496.jpg	 1.483754e+03	 24	 999000	 240	 999000	 999	 1.484796e+03	 650.00	 733.33	 32.00	 58	 0.53	 
p_102	 2	 8	 2346.jpg	 1.485757e+03	 22	 9.920411e+02	 220	 7.338935e+02	 98	 1.486812e+03	 650.00	 750.00	 54.00	 16	 0.30	 
p_102	 2	 8	 4641.jpg	 1.490751e+03	 24	 999000	 240	 999000	 999	 1.491793e+03	 650.00	 750.00	 52.00	 30	 0.32	 
p_102	 2	 8	 8340.jpg	 1.492754e+03	 22	 1.002732e+03	 2200	 7.505390e+02	 98	 1.493809e+03	 650.00	 700.00	 51.00	 52	 0.32	 
p_102	 2	 8	 7499.jpg	 1.495758e+03	 11	 9.101299e+02	 110	 6.505745e+02	 98	 1.496814e+03	 666.67	 700.00	 9.00	 43	 0.69	 
p_102	 2	 8	 2303.jpg	 1.498750e+03	 12	 999000	 120	 999000	 999	 1.499792e+03	 666.67	 700.00	 20.00	 14	 0.58	 
p_102	 2	 8	 5626.jpg	 1.502756e+03	 11	 9.207807e+02	 110	 6.672140e+02	 98	 1.503811e+03	 683.33	 700.00	 14.00	 34	 0.62	 
p_102	 2	 8	 4640.jpg	 1.505760e+03	 11	 9.081948e+02	 110	 6.838870e+02	 98	 1.506816e+03	 700.00	 700.00	 22.00	 29	 0.56	 
p_102	 2	 8	 2057.jpg	 1.507750e+03	 24	 3.265330e+02	 24	 999000	 98	 1.508792e+03	 700.00	 700.00	 50.00	 7	 0.33	 
p_102	 2	 8	 5199.jpg	 1.510754e+03	 24	 999000	 240	 999000	 999	 1.511796e+03	 700.00	 700.00	 34.00	 31	 0.53	 
p_102	 2	 8	 4601.jpg	 1.514761e+03	 22	 9.318026e+02	 220	 7.005397e+02	 98	 1.515816e+03	 700.00	 716.67	 38.00	 23	 0.48	 
p_102	 2	 8	 8380.jpg	 1.517752e+03	 12	 999000	 120	 999000	 999	 1.518794e+03	 700.00	 716.67	 4.00	 55	 0.72	 
p_102	 2	 8	 8033.jpg	 1.519755e+03	 12	 999000	 120	 999000	 999	 1.520797e+03	 700.00	 716.67	 21.00	 47	 0.57	 
p_102	 2	 8	 7470.jpg	 1.521758e+03	 12	 999000	 120	 999000	 999	 1.522800e+03	 700.00	 716.67	 30.00	 41	 0.54	 
p_102	 2	 8	 7660.jpg	 1.526752e+03	 24	 999000	 240	 999000	 999	 1.527794e+03	 700.00	 716.67	 42.00	 44	 0.40	 
p_102	 2	 8	 2550.jpg	 1.530758e+03	 12	 999000	 120	 999000	 999	 1.531800e+03	 700.00	 716.67	 2.00	 21	 0.74	 
p_102	 2	 8	 2030.jpg	 1.534751e+03	 24	 999000	 240	 999000	 999	 1.535793e+03	 700.00	 716.67	 60.00	 6	 0.13	 
p_102	 2	 8	 4610.jpg	 1.540760e+03	 22	 9.161865e+02	 220	 7.172166e+02	 98	 1.541815e+03	 700.00	 733.33	 49.00	 26	 0.34	 
p_102	 2	 8	 8208.jpg	 1.542750e+03	 24	 999000	 240	 999000	 999	 1.543792e+03	 700.00	 733.33	 31.00	 48	 0.53	 
p_102	 2	 8	 8280.jpg	 1.544753e+03	 24	 999000	 240	 999000	 999	 1.545795e+03	 700.00	 733.33	 37.00	 51	 0.48	 
p_102	 2	 8	 8001.jpg	 1.546756e+03	 11	 8.243742e+02	 110	 7.005652e+02	 98	 1.547811e+03	 716.67	 733.33	 16.00	 45	 0.59	 
p_102	 2	 8	 2165.jpg	 1.548759e+03	 22	 9.653319e+02	 220	 7.338667e+02	 98	 1.549814e+03	 716.67	 750.00	 46.00	 12	 0.39	 
p_102	 2	 8	 7291.jpg	 1.552751e+03	 12	 999000	 120	 999000	 999	 1.553793e+03	 716.67	 750.00	 18.00	 39	 0.58	 
p_102	 2	 8	 4619.jpg	 1.554754e+03	 12	 999000	 120	 999000	 999	 1.555796e+03	 716.67	 750.00	 1.00	 27	 0.78	 
p_102	 2	 8	 2373.jpg	 1.558761e+03	 12	 999000	 120	 999000	 999	 1.559803e+03	 716.67	 750.00	 6.00	 20	 0.70	 
p_102	 2	 8	 1721.jpg	 1.560750e+03	 11	 9.097306e+02	 110	 7.171984e+02	 98	 1.561806e+03	 733.33	 750.00	 19.00	 5	 0.58	 
p_102	 2	 8	 8510.jpg	 1.562753e+03	 12	 999000	 120	 999000	 999	 1.563795e+03	 733.33	 750.00	 13.00	 60	 0.62	 
p_102	 2	 8	 4599.jpg	 1.564756e+03	 12	 999000	 120	 999000	 999	 1.565798e+03	 733.33	 750.00	 25.00	 22	 0.55	 
p_102	 2	 8	 5829.jpg	 1.569750e+03	 12	 999000	 120	 999000	 999	 1.570792e+03	 733.33	 750.00	 28.00	 35	 0.54	 
p_102	 2	 8	 7282.jpg	 1.571753e+03	 24	 999000	 240	 999000	 999	 1.572796e+03	 733.33	 750.00	 45.00	 38	 0.39	 
p_102	 2	 8	 2091.jpg	 1.573757e+03	 11	 1.023212e+03	 1100	 7.338548e+02	 98	 1.574812e+03	 683.33	 750.00	 8.00	 9	 0.69	 
p_102	 2	 8	 7260.jpg	 1.576761e+03	 24	 999000	 240	 999000	 999	 1.577803e+03	 683.33	 750.00	 56.00	 37	 0.25	 
p_102	 2	 8	 2058.jpg	 1.583758e+03	 22	 9.893011e+02	 220	 7.505575e+02	 98	 1.584814e+03	 683.33	 766.67	 41.00	 8	 0.41	 
p_102	 2	 8	 4606.jpg	 1.587751e+03	 24	 999000	 240	 999000	 999	 1.588793e+03	 683.33	 766.67	 44.00	 25	 0.39	 
p_102	 2	 8	 8371.jpg	 1.594748e+03	 12	 999000	 120	 999000	 999	 1.595790e+03	 683.33	 766.67	 15.00	 54	 0.61	 
p_102	 2	 8	 2362.jpg	 1.596751e+03	 12	 999000	 120	 999000	 999	 1.597793e+03	 683.33	 766.67	 7.00	 19	 0.69	 
p_102	 2	 8	 7480.jpg	 1.600757e+03	 11	 9.020438e+02	 110	 6.838828e+02	 98	 1.601813e+03	 700.00	 766.67	 17.00	 42	 0.58	 
p_102	 2	 8	 2209.jpg	 1.604750e+03	 12	 999000	 120	 999000	 999	 1.605792e+03	 700.00	 766.67	 29.00	 13	 0.54	 
p_102	 2	 8	 8220.jpg	 1.606753e+03	 24	 999000	 240	 999000	 999	 1.607795e+03	 700.00	 766.67	 33.00	 50	 0.53	 
p_102	 2	 8	 8350.jpg	 1.610759e+03	 12	 999000	 120	 999000	 999	 1.611801e+03	 700.00	 766.67	 3.00	 53	 0.74	 
p_102	 2	 8	 1660.jpg	 1.612749e+03	 12	 999000	 120	 999000	 999	 1.613791e+03	 700.00	 766.67	 10.00	 3	 0.67	 
p_102	 2	 8	 1720.jpg	 1.614752e+03	 22	 9.713957e+02	 220	 7.672205e+02	 98	 1.615807e+03	 700.00	 783.33	 35.00	 4	 0.53	 
p_102	 2	 8	 8210.jpg	 1.620761e+03	 11	 9.302151e+02	 110	 7.005571e+02	 98	 1.621816e+03	 716.67	 783.33	 23.00	 49	 0.55	 
p_102	 2	 8	 4626.jpg	 1.622751e+03	 24	 999000	 240	 999000	 999	 1.623793e+03	 716.67	 783.33	 59.00	 28	 0.17	 
p_102	 2	 8	 2352.1.jpg	 1.625755e+03	 11	 9.279411e+02	 110	 7.172363e+02	 98	 1.626811e+03	 733.33	 783.33	 11.00	 18	 0.63	 
p_102	 2	 8	 8420.jpg	 1.628760e+03	 24	 999000	 240	 999000	 999	 1.629802e+03	 733.33	 783.33	 47.00	 56	 0.37	 
p_102	 2	 8	 8470.jpg	 1.630750e+03	 11	 9.736836e+02	 110	 7.341541e+02	 98	 1.631805e+03	 750.00	 783.33	 26.00	 57	 0.55	 
p_102	 2	 8	 4603.jpg	 1.632753e+03	 24	 999000	 240	 999000	 999	 1.633795e+03	 750.00	 783.33	 53.00	 24	 0.31	 
p_102	 2	 8	 2158.jpg	 1.634756e+03	 22	 1.015575e+03	 2200	 7.838749e+02	 98	 1.635811e+03	 750.00	 733.33	 40.00	 11	 0.46	 
p_102	 2	 8	 1590.jpg	 1.640751e+03	 24	 999000	 240	 999000	 999	 1.641793e+03	 750.00	 733.33	 55.00	 2	 0.26	 
p_102	 2	 8	 2347.jpg	 1.642754e+03	 22	 9.527164e+02	 220	 7.338888e+02	 98	 1.643810e+03	 750.00	 750.00	 43.00	 17	 0.40	 
p_102	 2	 8	 5480.jpg	 1.644757e+03	 12	 999000	 120	 999000	 999	 1.645799e+03	 750.00	 750.00	 5.00	 33	 0.71	 
p_102	 2	 8	 8031.jpg	 1.646760e+03	 12	 999000	 120	 999000	 999	 1.647802e+03	 750.00	 750.00	 24.00	 46	 0.55	 
p_102	 2	 8	 2155.jpg	 1.649752e+03	 12	 999000	 120	 999000	 999	 1.650794e+03	 750.00	 750.00	 27.00	 10	 0.54	 
p_102	 2	 8	 5260.jpg	 1.652756e+03	 24	 999000	 240	 999000	 999	 1.653798e+03	 750.00	 750.00	 36.00	 32	 0.51	 
