subjectID	 order	 runNum	 itemName	 onsetTime	 shuff_trialType	 RT	 respInTime	 AudioTime	 response	 fixationTime	 ladder1	 ladder2	 bidIndex	 itemNameIndex	 bidValue	 
p_119	 1	 7	 2346.jpg	 1.155193e+03	 12	 999000	 120	 999000	 999	 1.156235e+03	 683.33	 683.33	 30.00	 16	 0.52	 
p_119	 1	 7	 2362.jpg	 1.160188e+03	 12	 999000	 120	 999000	 999	 1.161230e+03	 683.33	 683.33	 22.00	 19	 0.61	 
p_119	 1	 7	 8001.jpg	 1.162177e+03	 22	 9.305922e+02	 220	 6.839098e+02	 98	 1.163233e+03	 683.33	 700.00	 50.00	 45	 0.24	 
p_119	 1	 7	 1721.jpg	 1.164180e+03	 11	 1.007545e+03	 1100	 6.839132e+02	 98	 1.165236e+03	 633.33	 700.00	 10.00	 5	 0.76	 
p_119	 1	 7	 1590.jpg	 1.170176e+03	 12	 999000	 120	 999000	 999	 1.171218e+03	 633.33	 700.00	 9.00	 2	 0.76	 
p_119	 1	 7	 8220.jpg	 1.172179e+03	 24	 999000	 240	 999000	 999	 1.173221e+03	 633.33	 700.00	 54.00	 50	 0.17	 
p_119	 1	 7	 4641.jpg	 1.175184e+03	 12	 999000	 120	 999000	 999	 1.176226e+03	 633.33	 700.00	 26.00	 30	 0.54	 
p_119	 1	 7	 8470.jpg	 1.177187e+03	 24	 999000	 240	 999000	 999	 1.178229e+03	 633.33	 700.00	 49.00	 57	 0.26	 
p_119	 1	 7	 4603.jpg	 1.181179e+03	 24	 999000	 240	 999000	 999	 1.182221e+03	 633.33	 700.00	 46.00	 24	 0.35	 
p_119	 1	 7	 2373.jpg	 1.183182e+03	 12	 999000	 120	 999000	 999	 1.184225e+03	 633.33	 700.00	 2.00	 20	 0.87	 
p_119	 1	 7	 8502.jpg	 1.188177e+03	 24	 999000	 240	 999000	 999	 1.189219e+03	 633.33	 700.00	 60.00	 59	 0.05	 
p_119	 1	 7	 4599.jpg	 1.195187e+03	 22	 9.922382e+02	 220	 7.005405e+02	 98	 1.196243e+03	 633.33	 716.67	 39.00	 22	 0.41	 
p_119	 1	 7	 2057.jpg	 1.197177e+03	 12	 999000	 120	 999000	 999	 1.198219e+03	 633.33	 716.67	 1.00	 7	 0.92	 
p_119	 1	 7	 4610.jpg	 1.200182e+03	 24	 999000	 240	 999000	 999	 1.201224e+03	 633.33	 716.67	 56.00	 26	 0.15	 
p_119	 1	 7	 2209.jpg	 1.203186e+03	 24	 999000	 240	 999000	 999	 1.204228e+03	 633.33	 716.67	 33.00	 13	 0.48	 
p_119	 1	 7	 8371.jpg	 1.207179e+03	 12	 999000	 120	 999000	 999	 1.208715e+03	 633.33	 716.67	 29.00	 54	 0.52	 
p_119	 1	 7	 2347.jpg	 1.211185e+03	 11	 9.785346e+02	 110	 6.338866e+02	 98	 1.212240e+03	 650.00	 716.67	 24.00	 17	 0.57	 
p_119	 1	 7	 2550.jpg	 1.215178e+03	 12	 999000	 120	 999000	 999	 1.216220e+03	 650.00	 716.67	 6.00	 21	 0.82	 
p_119	 1	 7	 2158.jpg	 1.218182e+03	 11	 1.229193e+03	 1100	 6.505522e+02	 98	 1.219238e+03	 600.00	 716.67	 12.00	 11	 0.71	 
p_119	 1	 7	 7499.jpg	 1.224178e+03	 12	 999000	 120	 999000	 999	 1.225220e+03	 600.00	 716.67	 8.00	 43	 0.79	 
p_119	 1	 7	 7260.jpg	 1.226181e+03	 24	 999000	 240	 999000	 999	 1.227223e+03	 600.00	 716.67	 51.00	 37	 0.22	 
p_119	 1	 7	 2155.jpg	 1.229186e+03	 12	 999000	 120	 999000	 999	 1.230228e+03	 600.00	 716.67	 23.00	 10	 0.58	 
p_119	 1	 7	 1660.jpg	 1.231175e+03	 12	 999000	 120	 999000	 999	 1.232217e+03	 600.00	 716.67	 27.00	 3	 0.54	 
p_119	 1	 7	 8280.jpg	 1.233178e+03	 24	 999000	 240	 999000	 999	 1.234220e+03	 600.00	 716.67	 57.00	 51	 0.12	 
p_119	 1	 7	 5829.jpg	 1.235181e+03	 11	 1.109978e+03	 1100	 6.005456e+02	 98	 1.236237e+03	 550.00	 716.67	 7.00	 35	 0.81	 
p_119	 1	 7	 2303.jpg	 1.238186e+03	 22	 1.033347e+03	 2200	 7.359209e+02	 98	 1.239375e+03	 550.00	 666.67	 44.00	 14	 0.36	 
p_119	 1	 7	 7282.jpg	 1.242181e+03	 24	 999000	 240	 999000	 999	 1.243247e+03	 550.00	 666.67	 58.00	 38	 0.12	 
p_119	 1	 7	 5480.jpg	 1.244182e+03	 11	 8.295847e+02	 110	 5.507454e+02	 98	 1.245331e+03	 566.67	 666.67	 18.00	 33	 0.67	 
p_119	 1	 7	 8210.jpg	 1.246185e+03	 24	 999000	 240	 999000	 999	 1.247227e+03	 566.67	 666.67	 34.00	 49	 0.47	 
p_119	 1	 7	 7480.jpg	 1.248174e+03	 22	 9.648077e+02	 220	 6.672368e+02	 98	 1.249230e+03	 566.67	 683.33	 37.00	 42	 0.42	 
p_119	 1	 7	 8340.jpg	 1.250178e+03	 22	 1.009740e+03	 2200	 6.838879e+02	 98	 1.251233e+03	 566.67	 633.33	 52.00	 52	 0.19	 
p_119	 1	 7	 2030.jpg	 1.252181e+03	 22	 1.023269e+03	 2200	 6.378715e+02	 98	 1.253343e+03	 566.67	 583.33	 42.00	 6	 0.39	 
p_119	 1	 7	 8033.jpg	 1.256187e+03	 22	 9.205832e+02	 220	 5.838905e+02	 98	 1.257242e+03	 566.67	 600.00	 47.00	 47	 0.32	 
p_119	 1	 7	 7470.jpg	 1.260179e+03	 12	 999000	 120	 999000	 999	 1.261221e+03	 566.67	 600.00	 11.00	 41	 0.74	 
p_119	 1	 7	 8496.jpg	 1.262182e+03	 22	 8.928116e+02	 220	 6.005627e+02	 98	 1.263238e+03	 566.67	 616.67	 36.00	 58	 0.44	 
p_119	 1	 7	 5260.jpg	 1.264185e+03	 12	 999000	 120	 999000	 999	 1.265227e+03	 566.67	 616.67	 3.00	 32	 0.84	 
p_119	 1	 7	 7430.jpg	 1.266175e+03	 11	 8.200846e+02	 110	 5.672270e+02	 98	 1.267230e+03	 583.33	 616.67	 15.00	 40	 0.70	 
p_119	 1	 7	 5199.jpg	 1.268178e+03	 12	 999000	 120	 999000	 999	 1.269220e+03	 583.33	 616.67	 4.00	 31	 0.83	 
p_119	 1	 7	 8420.jpg	 1.274187e+03	 24	 999000	 240	 999000	 999	 1.275229e+03	 583.33	 616.67	 38.00	 56	 0.41	 
p_119	 1	 7	 8031.jpg	 1.276177e+03	 24	 999000	 240	 999000	 999	 1.277219e+03	 583.33	 616.67	 32.00	 46	 0.48	 
p_119	 1	 7	 4640.jpg	 1.278180e+03	 11	 8.630761e+02	 110	 5.838819e+02	 98	 1.279235e+03	 600.00	 616.67	 25.00	 29	 0.55	 
p_119	 1	 7	 8380.jpg	 1.280183e+03	 24	 999000	 240	 999000	 999	 1.281225e+03	 600.00	 616.67	 48.00	 55	 0.30	 
p_119	 1	 7	 1720.jpg	 1.283188e+03	 12	 999000	 120	 999000	 999	 1.284230e+03	 600.00	 616.67	 5.00	 4	 0.83	 
p_119	 1	 7	 5626.jpg	 1.285177e+03	 12	 999000	 120	 999000	 999	 1.286219e+03	 600.00	 616.67	 16.00	 34	 0.70	 
p_119	 1	 7	 2352.1.jpg	 1.292175e+03	 12	 999000	 120	 999000	 999	 1.293217e+03	 600.00	 616.67	 14.00	 18	 0.70	 
p_119	 1	 7	 4606.jpg	 1.294178e+03	 22	 9.453663e+02	 220	 6.172053e+02	 98	 1.295233e+03	 600.00	 633.33	 45.00	 25	 0.36	 
p_119	 1	 7	 8208.jpg	 1.298184e+03	 24	 999000	 240	 999000	 999	 1.299226e+03	 600.00	 633.33	 35.00	 48	 0.46	 
p_119	 1	 7	 7250.jpg	 1.302176e+03	 24	 999000	 240	 999000	 999	 1.303218e+03	 600.00	 633.33	 43.00	 36	 0.37	 
p_119	 1	 7	 8350.jpg	 1.305181e+03	 22	 9.178999e+02	 220	 6.338906e+02	 98	 1.306236e+03	 600.00	 650.00	 53.00	 53	 0.18	 
p_119	 1	 7	 4601.jpg	 1.307184e+03	 24	 999000	 240	 999000	 999	 1.308227e+03	 600.00	 650.00	 40.00	 23	 0.40	 
p_119	 1	 7	 1540.jpg	 1.311177e+03	 24	 999000	 240	 999000	 999	 1.312219e+03	 600.00	 650.00	 41.00	 1	 0.40	 
p_119	 1	 7	 2165.jpg	 1.313180e+03	 11	 9.190551e+02	 110	 6.005636e+02	 98	 1.314235e+03	 616.67	 650.00	 21.00	 12	 0.63	 
p_119	 1	 7	 4619.jpg	 1.316184e+03	 12	 999000	 120	 999000	 999	 1.317226e+03	 616.67	 650.00	 28.00	 27	 0.54	 
p_119	 1	 7	 7660.jpg	 1.320177e+03	 11	 9.297145e+02	 110	 6.172351e+02	 98	 1.321232e+03	 633.33	 650.00	 20.00	 44	 0.65	 
p_119	 1	 7	 8510.jpg	 1.322180e+03	 24	 999000	 240	 999000	 999	 1.323222e+03	 633.33	 650.00	 55.00	 60	 0.16	 
p_119	 1	 7	 2091.jpg	 1.327174e+03	 12	 999000	 120	 999000	 999	 1.328216e+03	 633.33	 650.00	 19.00	 9	 0.65	 
p_119	 1	 7	 7291.jpg	 1.329177e+03	 24	 999000	 240	 999000	 999	 1.330219e+03	 633.33	 650.00	 59.00	 39	 0.11	 
p_119	 1	 7	 2058.jpg	 1.333183e+03	 12	 999000	 120	 999000	 999	 1.334225e+03	 633.33	 650.00	 17.00	 8	 0.69	 
p_119	 1	 7	 2345.jpg	 1.336175e+03	 11	 8.839962e+02	 110	 6.338729e+02	 98	 1.337230e+03	 650.00	 650.00	 13.00	 15	 0.71	 
p_119	 1	 7	 4626.jpg	 1.339179e+03	 24	 999000	 240	 999000	 999	 1.340221e+03	 650.00	 650.00	 31.00	 28	 0.49	 
