subjectID	 order	 runNum	 itemName	 onsetTime	 shuff_trialType	 RT	 respInTime	 AudioTime	 response	 fixationTime	 ladder1	 ladder2	 bidIndex	 itemNameIndex	 bidValue	 
p_118	 2	 7	 2345.jpg	 1.453746e+03	 12	 999000	 120	 999000	 999	 1.454788e+03	 483.33	 416.67	 30.00	 15	 0.50	 
p_118	 2	 7	 2058.jpg	 1.458740e+03	 11	 8.091967e+02	 110	 4.839076e+02	 98	 1.459795e+03	 500.00	 416.67	 22.00	 8	 0.55	 
p_118	 2	 7	 7470.jpg	 1.460743e+03	 24	 999000	 240	 999000	 999	 1.461785e+03	 500.00	 416.67	 50.00	 41	 0.33	 
p_118	 2	 7	 2030.jpg	 1.462746e+03	 12	 999000	 120	 999000	 999	 1.463788e+03	 500.00	 416.67	 10.00	 6	 0.70	 
p_118	 2	 7	 2165.jpg	 1.468742e+03	 11	 1.287263e+03	 1100	 5.005547e+02	 98	 1.469797e+03	 450.00	 416.67	 9.00	 12	 0.72	 
p_118	 2	 7	 8502.jpg	 1.470745e+03	 22	 9.962590e+02	 220	 4.172525e+02	 98	 1.471800e+03	 450.00	 433.33	 54.00	 59	 0.25	 
p_118	 2	 7	 5626.jpg	 1.473736e+03	 11	 9.169818e+02	 110	 4.505667e+02	 98	 1.474791e+03	 466.67	 433.33	 26.00	 34	 0.52	 
p_118	 2	 7	 8280.jpg	 1.475739e+03	 22	 7.699648e+02	 220	 4.338829e+02	 98	 1.476794e+03	 466.67	 450.00	 49.00	 51	 0.35	 
p_118	 2	 7	 2209.jpg	 1.479745e+03	 22	 8.598257e+02	 220	 4.505479e+02	 98	 1.480800e+03	 466.67	 466.67	 46.00	 13	 0.38	 
p_118	 2	 7	 4640.jpg	 1.481748e+03	 12	 999000	 120	 999000	 999	 1.482790e+03	 466.67	 466.67	 2.00	 29	 0.89	 
p_118	 2	 7	 7430.jpg	 1.486742e+03	 24	 999000	 240	 999000	 999	 1.487784e+03	 466.67	 466.67	 60.00	 40	 0.12	 
p_118	 2	 7	 8340.jpg	 1.493740e+03	 24	 999000	 240	 999000	 999	 1.494782e+03	 466.67	 466.67	 39.00	 52	 0.42	 
p_118	 2	 7	 4599.jpg	 1.495743e+03	 12	 999000	 120	 999000	 999	 1.496785e+03	 466.67	 466.67	 1.00	 22	 0.91	 
p_118	 2	 7	 7260.jpg	 1.498747e+03	 24	 999000	 240	 999000	 999	 1.499789e+03	 466.67	 466.67	 56.00	 37	 0.20	 
p_118	 2	 7	 5199.jpg	 1.501738e+03	 24	 999000	 240	 999000	 999	 1.502780e+03	 466.67	 466.67	 33.00	 31	 0.46	 
p_118	 2	 7	 2158.jpg	 1.505744e+03	 12	 999000	 120	 999000	 999	 1.506786e+03	 466.67	 466.67	 29.00	 11	 0.50	 
p_118	 2	 7	 8420.jpg	 1.509737e+03	 12	 999000	 120	 999000	 999	 1.510780e+03	 466.67	 466.67	 24.00	 56	 0.54	 
p_118	 2	 7	 2155.jpg	 1.513743e+03	 12	 999000	 120	 999000	 999	 1.514785e+03	 466.67	 466.67	 6.00	 10	 0.80	 
p_118	 2	 7	 2346.jpg	 1.516748e+03	 12	 999000	 120	 999000	 999	 1.517790e+03	 466.67	 466.67	 12.00	 16	 0.69	 
p_118	 2	 7	 5829.jpg	 1.522743e+03	 11	 9.809342e+02	 110	 4.672306e+02	 98	 1.523799e+03	 483.33	 466.67	 8.00	 35	 0.74	 
p_118	 2	 7	 2303.jpg	 1.524746e+03	 22	 1.265930e+03	 2200	 4.672184e+02	 98	 1.525802e+03	 483.33	 416.67	 51.00	 14	 0.30	 
p_118	 2	 7	 2362.jpg	 1.527738e+03	 11	 9.946819e+02	 110	 4.839107e+02	 98	 1.528793e+03	 500.00	 416.67	 23.00	 19	 0.54	 
p_118	 2	 7	 1721.jpg	 1.529741e+03	 12	 999000	 120	 999000	 999	 1.530783e+03	 500.00	 416.67	 27.00	 5	 0.51	 
p_118	 2	 7	 2550.jpg	 1.531744e+03	 24	 999000	 240	 999000	 999	 1.532786e+03	 500.00	 416.67	 57.00	 21	 0.18	 
p_118	 2	 7	 4641.jpg	 1.533747e+03	 12	 999000	 120	 999000	 999	 1.534789e+03	 500.00	 416.67	 7.00	 30	 0.74	 
p_118	 2	 7	 1720.jpg	 1.536738e+03	 24	 999000	 240	 999000	 999	 1.537780e+03	 500.00	 416.67	 44.00	 4	 0.41	 
p_118	 2	 7	 1660.jpg	 1.540744e+03	 24	 999000	 240	 999000	 999	 1.541786e+03	 500.00	 416.67	 58.00	 3	 0.14	 
p_118	 2	 7	 2091.jpg	 1.542747e+03	 12	 999000	 120	 999000	 999	 1.543789e+03	 500.00	 416.67	 18.00	 9	 0.59	 
p_118	 2	 7	 7282.jpg	 1.544737e+03	 24	 999000	 240	 999000	 999	 1.545779e+03	 500.00	 416.67	 34.00	 38	 0.45	 
p_118	 2	 7	 8031.jpg	 1.546740e+03	 24	 999000	 240	 999000	 999	 1.547782e+03	 500.00	 416.67	 37.00	 46	 0.43	 
p_118	 2	 7	 8350.jpg	 1.548743e+03	 24	 999000	 240	 999000	 999	 1.549785e+03	 500.00	 416.67	 52.00	 53	 0.30	 
p_118	 2	 7	 8496.jpg	 1.550746e+03	 24	 999000	 240	 999000	 999	 1.551788e+03	 500.00	 416.67	 42.00	 58	 0.41	 
p_118	 2	 7	 5480.jpg	 1.554739e+03	 24	 999000	 240	 999000	 999	 1.555781e+03	 500.00	 416.67	 47.00	 33	 0.37	 
p_118	 2	 7	 2057.jpg	 1.558745e+03	 11	 8.993880e+02	 110	 5.005634e+02	 98	 1.559800e+03	 516.67	 416.67	 11.00	 7	 0.69	 
p_118	 2	 7	 8380.jpg	 1.560748e+03	 24	 999000	 240	 999000	 999	 1.561790e+03	 516.67	 416.67	 36.00	 55	 0.44	 
p_118	 2	 7	 8208.jpg	 1.562737e+03	 12	 999000	 120	 999000	 999	 1.563779e+03	 516.67	 416.67	 3.00	 48	 0.84	 
p_118	 2	 7	 7660.jpg	 1.564740e+03	 12	 999000	 120	 999000	 999	 1.565782e+03	 516.67	 416.67	 15.00	 44	 0.63	 
p_118	 2	 7	 4610.jpg	 1.566743e+03	 12	 999000	 120	 999000	 999	 1.567785e+03	 516.67	 416.67	 4.00	 26	 0.84	 
p_118	 2	 7	 1540.jpg	 1.572739e+03	 22	 8.407179e+02	 220	 4.172429e+02	 98	 1.573795e+03	 516.67	 433.33	 38.00	 1	 0.42	 
p_118	 2	 7	 8001.jpg	 1.574742e+03	 24	 999000	 240	 999000	 999	 1.575784e+03	 516.67	 433.33	 32.00	 45	 0.47	 
p_118	 2	 7	 8371.jpg	 1.576745e+03	 12	 999000	 120	 999000	 999	 1.577788e+03	 516.67	 433.33	 25.00	 54	 0.52	 
p_118	 2	 7	 2373.jpg	 1.578748e+03	 22	 8.476063e+02	 220	 4.338825e+02	 98	 1.579804e+03	 516.67	 450.00	 48.00	 20	 0.35	 
p_118	 2	 7	 4603.jpg	 1.581739e+03	 12	 999000	 120	 999000	 999	 1.582781e+03	 516.67	 450.00	 5.00	 24	 0.80	 
p_118	 2	 7	 2347.jpg	 1.583742e+03	 11	 1.037370e+03	 1100	 5.172241e+02	 98	 1.584798e+03	 466.67	 450.00	 16.00	 17	 0.62	 
p_118	 2	 7	 4619.jpg	 1.590740e+03	 11	 8.239436e+02	 110	 4.672382e+02	 98	 1.591795e+03	 483.33	 450.00	 14.00	 27	 0.67	 
p_118	 2	 7	 7480.jpg	 1.592743e+03	 24	 999000	 240	 999000	 999	 1.593785e+03	 483.33	 450.00	 45.00	 42	 0.40	 
p_118	 2	 7	 7499.jpg	 1.596736e+03	 22	 8.921412e+02	 220	 4.505665e+02	 98	 1.597791e+03	 483.33	 466.67	 35.00	 43	 0.45	 
p_118	 2	 7	 8470.jpg	 1.600742e+03	 22	 9.180647e+02	 220	 4.672081e+02	 98	 1.601797e+03	 483.33	 483.33	 43.00	 57	 0.41	 
p_118	 2	 7	 7291.jpg	 1.603746e+03	 24	 999000	 240	 999000	 999	 1.604788e+03	 483.33	 483.33	 53.00	 39	 0.28	 
p_118	 2	 7	 8220.jpg	 1.605736e+03	 22	 9.637961e+02	 220	 4.838987e+02	 98	 1.606791e+03	 483.33	 500.00	 40.00	 50	 0.41	 
p_118	 2	 7	 7250.jpg	 1.609742e+03	 22	 9.576729e+02	 220	 5.005517e+02	 98	 1.610797e+03	 483.33	 516.67	 41.00	 36	 0.41	 
p_118	 2	 7	 4601.jpg	 1.611745e+03	 12	 999000	 120	 999000	 999	 1.612787e+03	 483.33	 516.67	 21.00	 23	 0.57	 
p_118	 2	 7	 1590.jpg	 1.614736e+03	 12	 999000	 120	 999000	 999	 1.615778e+03	 483.33	 516.67	 28.00	 2	 0.50	 
p_118	 2	 7	 8210.jpg	 1.618742e+03	 12	 999000	 120	 999000	 999	 1.619784e+03	 483.33	 516.67	 20.00	 49	 0.58	 
p_118	 2	 7	 8033.jpg	 1.620745e+03	 24	 999000	 240	 999000	 999	 1.621787e+03	 483.33	 516.67	 55.00	 47	 0.24	 
p_118	 2	 7	 5260.jpg	 1.625739e+03	 11	 9.279435e+02	 110	 4.838864e+02	 98	 1.626795e+03	 500.00	 516.67	 19.00	 32	 0.58	 
p_118	 2	 7	 2352.1.jpg	 1.627742e+03	 24	 999000	 240	 999000	 999	 1.628784e+03	 500.00	 516.67	 59.00	 18	 0.13	 
p_118	 2	 7	 8510.jpg	 1.631735e+03	 11	 9.320972e+02	 110	 5.005619e+02	 98	 1.632791e+03	 516.67	 516.67	 17.00	 60	 0.61	 
p_118	 2	 7	 4606.jpg	 1.634740e+03	 12	 999000	 120	 999000	 999	 1.635782e+03	 516.67	 516.67	 13.00	 25	 0.68	 
p_118	 2	 7	 4626.jpg	 1.637744e+03	 24	 999000	 240	 999000	 999	 1.638786e+03	 516.67	 516.67	 31.00	 28	 0.48	 
