subjectID	 order	 runNum	 itemName	 onsetTime	 shuff_trialType	 RT	 respInTime	 AudioTime	 response	 fixationTime	 ladder1	 ladder2	 bidIndex	 itemNameIndex	 bidValue	 
p_116	 2	 8	 8496.jpg	 1.664500e+03	 11	 1.030978e+03	 1100	 7.839227e+02	 98	 1.665555e+03	 733.33	 783.33	 19.00	 58	 0.65	 
p_116	 2	 8	 4606.jpg	 1.667491e+03	 11	 9.197061e+02	 110	 7.338923e+02	 98	 1.668546e+03	 750.00	 783.33	 22.00	 25	 0.64	 
p_116	 2	 8	 4603.jpg	 1.671484e+03	 12	 999000	 120	 999000	 999	 1.672526e+03	 750.00	 783.33	 21.00	 24	 0.65	 
p_116	 2	 8	 1721.jpg	 1.673487e+03	 12	 999000	 120	 999000	 999	 1.674529e+03	 750.00	 783.33	 27.00	 5	 0.54	 
p_116	 2	 8	 2158.jpg	 1.675490e+03	 24	 999000	 240	 999000	 999	 1.676532e+03	 750.00	 783.33	 39.00	 11	 0.42	 
p_116	 2	 8	 2303.jpg	 1.679496e+03	 11	 9.627676e+02	 110	 7.505560e+02	 98	 1.680551e+03	 766.67	 783.33	 16.00	 14	 0.68	 
p_116	 2	 8	 5480.jpg	 1.681485e+03	 24	 999000	 240	 999000	 999	 1.682527e+03	 766.67	 783.33	 52.00	 33	 0.21	 
p_116	 2	 8	 8420.jpg	 1.686493e+03	 12	 999000	 120	 999000	 999	 1.687535e+03	 766.67	 783.33	 28.00	 56	 0.53	 
p_116	 2	 8	 8001.jpg	 1.688496e+03	 12	 999000	 120	 999000	 999	 1.689538e+03	 766.67	 783.33	 18.00	 45	 0.66	 
p_116	 2	 8	 1660.jpg	 1.691487e+03	 24	 999000	 240	 999000	 999	 1.692529e+03	 766.67	 783.33	 60.00	 3	 0.07	 
p_116	 2	 8	 8280.jpg	 1.694492e+03	 11	 9.745564e+02	 110	 7.672210e+02	 98	 1.695547e+03	 783.33	 783.33	 17.00	 51	 0.66	 
p_116	 2	 8	 7291.jpg	 1.698484e+03	 24	 999000	 240	 999000	 999	 1.699526e+03	 783.33	 783.33	 55.00	 39	 0.17	 
p_116	 2	 8	 2057.jpg	 1.701489e+03	 12	 999000	 120	 999000	 999	 1.702531e+03	 783.33	 783.33	 7.00	 7	 0.80	 
p_116	 2	 8	 8371.jpg	 1.703492e+03	 22	 1.014200e+03	 2200	 7.839168e+02	 98	 1.704547e+03	 783.33	 733.33	 46.00	 54	 0.32	 
p_116	 2	 8	 8031.jpg	 1.706483e+03	 22	 9.509067e+02	 220	 7.339054e+02	 98	 1.707539e+03	 783.33	 750.00	 49.00	 46	 0.27	 
p_116	 2	 8	 2373.jpg	 1.710489e+03	 24	 999000	 240	 999000	 999	 1.711531e+03	 783.33	 750.00	 44.00	 20	 0.34	 
p_116	 2	 8	 1720.jpg	 1.713494e+03	 22	 9.483578e+02	 220	 7.505469e+02	 98	 1.714549e+03	 783.33	 766.67	 38.00	 4	 0.44	 
p_116	 2	 8	 7250.jpg	 1.715483e+03	 24	 999000	 240	 999000	 999	 1.716526e+03	 783.33	 766.67	 50.00	 36	 0.26	 
p_116	 2	 8	 2362.jpg	 1.717487e+03	 11	 6.356344e+02	 11	 7.839025e+02	 98	 1.718542e+03	 800.00	 766.67	 11.00	 19	 0.72	 
p_116	 2	 8	 5199.jpg	 1.722494e+03	 22	 9.878585e+02	 220	 7.672183e+02	 98	 1.723550e+03	 800.00	 783.33	 35.00	 31	 0.46	 
p_116	 2	 8	 1590.jpg	 1.726487e+03	 24	 999000	 240	 999000	 999	 1.727529e+03	 800.00	 783.33	 36.00	 2	 0.46	 
p_116	 2	 8	 5829.jpg	 1.730493e+03	 22	 1.004989e+03	 2200	 7.838917e+02	 98	 1.731548e+03	 800.00	 733.33	 54.00	 35	 0.18	 
p_116	 2	 8	 2347.jpg	 1.736489e+03	 12	 999000	 120	 999000	 999	 1.737531e+03	 800.00	 733.33	 4.00	 17	 0.85	 
p_116	 2	 8	 2345.jpg	 1.738492e+03	 12	 999000	 120	 999000	 999	 1.739534e+03	 800.00	 733.33	 10.00	 15	 0.72	 
p_116	 2	 8	 2352.1.jpg	 1.740495e+03	 12	 999000	 120	 999000	 999	 1.741537e+03	 800.00	 733.33	 3.00	 18	 0.85	 
p_116	 2	 8	 4610.jpg	 1.742484e+03	 11	 1.013458e+03	 1100	 8.005647e+02	 98	 1.743540e+03	 750.00	 733.33	 9.00	 26	 0.77	 
p_116	 2	 8	 2155.jpg	 1.744487e+03	 12	 999000	 120	 999000	 999	 1.745529e+03	 750.00	 733.33	 2.00	 10	 0.86	 
p_116	 2	 8	 7660.jpg	 1.748494e+03	 24	 999000	 240	 999000	 999	 1.749536e+03	 750.00	 733.33	 53.00	 44	 0.20	 
p_116	 2	 8	 2058.jpg	 1.750497e+03	 12	 999000	 120	 999000	 999	 1.751539e+03	 750.00	 733.33	 13.00	 8	 0.70	 
p_116	 2	 8	 7499.jpg	 1.754489e+03	 24	 999000	 240	 999000	 999	 1.755531e+03	 750.00	 733.33	 58.00	 43	 0.12	 
p_116	 2	 8	 4619.jpg	 1.756492e+03	 11	 9.413751e+02	 110	 7.505442e+02	 98	 1.757548e+03	 766.67	 733.33	 14.00	 27	 0.69	 
p_116	 2	 8	 5260.jpg	 1.758495e+03	 24	 999000	 240	 999000	 999	 1.759537e+03	 766.67	 733.33	 56.00	 32	 0.14	 
p_116	 2	 8	 1540.jpg	 1.760485e+03	 24	 999000	 240	 999000	 999	 1.761527e+03	 766.67	 733.33	 32.00	 1	 0.48	 
p_116	 2	 8	 2346.jpg	 1.765493e+03	 22	 9.329879e+02	 220	 7.338777e+02	 98	 1.766548e+03	 766.67	 750.00	 40.00	 16	 0.39	 
p_116	 2	 8	 2030.jpg	 1.767496e+03	 24	 999000	 240	 999000	 999	 1.768538e+03	 766.67	 750.00	 31.00	 6	 0.50	 
p_116	 2	 8	 4599.jpg	 1.769485e+03	 12	 999000	 120	 999000	 999	 1.770527e+03	 766.67	 750.00	 6.00	 22	 0.80	 
p_116	 2	 8	 8502.jpg	 1.772490e+03	 24	 999000	 240	 999000	 999	 1.773532e+03	 766.67	 750.00	 59.00	 59	 0.07	 
p_116	 2	 8	 7470.jpg	 1.779487e+03	 22	 9.703216e+02	 220	 7.505661e+02	 98	 1.780542e+03	 766.67	 766.67	 41.00	 41	 0.37	 
p_116	 2	 8	 2550.jpg	 1.783493e+03	 12	 999000	 120	 999000	 999	 1.784535e+03	 766.67	 766.67	 1.00	 21	 0.87	 
p_116	 2	 8	 8208.jpg	 1.790490e+03	 22	 9.588783e+02	 220	 7.672072e+02	 98	 1.791546e+03	 766.67	 783.33	 48.00	 48	 0.28	 
p_116	 2	 8	 5626.jpg	 1.792493e+03	 24	 999000	 240	 999000	 999	 1.793536e+03	 766.67	 783.33	 34.00	 34	 0.47	 
p_116	 2	 8	 8340.jpg	 1.796486e+03	 12	 999000	 120	 999000	 999	 1.797528e+03	 766.67	 783.33	 29.00	 52	 0.52	 
p_116	 2	 8	 7480.jpg	 1.800492e+03	 22	 9.889506e+02	 220	 7.838814e+02	 98	 1.801548e+03	 766.67	 800.00	 51.00	 42	 0.25	 
p_116	 2	 8	 8350.jpg	 1.802495e+03	 24	 999000	 240	 999000	 999	 1.803537e+03	 766.67	 800.00	 42.00	 53	 0.36	 
p_116	 2	 8	 4626.jpg	 1.806488e+03	 12	 999000	 120	 999000	 999	 1.807530e+03	 766.67	 800.00	 5.00	 28	 0.82	 
p_116	 2	 8	 8220.jpg	 1.808491e+03	 24	 999000	 240	 999000	 999	 1.809533e+03	 766.67	 800.00	 45.00	 50	 0.34	 
p_116	 2	 8	 8470.jpg	 1.810494e+03	 12	 999000	 120	 999000	 999	 1.811536e+03	 766.67	 800.00	 24.00	 57	 0.61	 
p_116	 2	 8	 2091.jpg	 1.816490e+03	 12	 999000	 120	 999000	 999	 1.817532e+03	 766.67	 800.00	 15.00	 9	 0.68	 
p_116	 2	 8	 8510.jpg	 1.818493e+03	 24	 999000	 240	 999000	 999	 1.819535e+03	 766.67	 800.00	 57.00	 60	 0.14	 
p_116	 2	 8	 4641.jpg	 1.821484e+03	 11	 9.889601e+02	 110	 7.672375e+02	 98	 1.822539e+03	 783.33	 800.00	 23.00	 30	 0.62	 
p_116	 2	 8	 4601.jpg	 1.824489e+03	 12	 999000	 120	 999000	 999	 1.825531e+03	 783.33	 800.00	 25.00	 23	 0.57	 
p_116	 2	 8	 2165.jpg	 1.826492e+03	 12	 999000	 120	 999000	 999	 1.827534e+03	 783.33	 800.00	 20.00	 12	 0.65	 
p_116	 2	 8	 8210.jpg	 1.828495e+03	 24	 999000	 240	 999000	 999	 1.829537e+03	 783.33	 800.00	 47.00	 49	 0.32	 
p_116	 2	 8	 4640.jpg	 1.830484e+03	 12	 999000	 120	 999000	 999	 1.831526e+03	 783.33	 800.00	 12.00	 29	 0.71	 
p_116	 2	 8	 2209.jpg	 1.836493e+03	 11	 1.003405e+03	 1100	 7.838942e+02	 98	 1.837549e+03	 733.33	 800.00	 8.00	 13	 0.78	 
p_116	 2	 8	 8033.jpg	 1.838496e+03	 11	 1.048390e+03	 1100	 7.338935e+02	 98	 1.839552e+03	 683.33	 800.00	 26.00	 47	 0.57	 
p_116	 2	 8	 7430.jpg	 1.840486e+03	 24	 999000	 240	 999000	 999	 1.841528e+03	 683.33	 800.00	 37.00	 40	 0.45	 
p_116	 2	 8	 8380.jpg	 1.842489e+03	 24	 999000	 240	 999000	 999	 1.843531e+03	 683.33	 800.00	 33.00	 55	 0.48	 
p_116	 2	 8	 7282.jpg	 1.845494e+03	 22	 1.123042e+03	 2200	 8.005493e+02	 98	 1.846549e+03	 683.33	 750.00	 43.00	 38	 0.36	 
p_116	 2	 8	 7260.jpg	 1.848485e+03	 12	 999000	 120	 999000	 999	 1.849527e+03	 683.33	 750.00	 30.00	 37	 0.50	 
