subjectID	 order	 runNum	 itemName	 onsetTime	 shuff_trialType	 RT	 respInTime	 AudioTime	 response	 fixationTime	 ladder1	 ladder2	 bidIndex	 itemNameIndex	 bidValue	 
p_119	 1	 6	 7282.jpg	 9.628347e+02	 24	 999000	 240	 999000	 999	 9.638767e+02	 650.00	 650.00	 58.00	 38	 0.12	 
p_119	 1	 6	 1660.jpg	 9.648244e+02	 12	 999000	 120	 999000	 999	 9.658664e+02	 650.00	 650.00	 27.00	 3	 0.54	 
p_119	 1	 6	 8380.jpg	 9.688171e+02	 24	 999000	 240	 999000	 999	 9.698591e+02	 650.00	 650.00	 48.00	 55	 0.30	 
p_119	 1	 6	 8220.jpg	 9.718217e+02	 24	 999000	 240	 999000	 999	 9.728637e+02	 650.00	 650.00	 54.00	 50	 0.17	 
p_119	 1	 6	 2345.jpg	 9.738247e+02	 11	 9.803893e+02	 110	 6.505779e+02	 98	 9.748801e+02	 666.67	 650.00	 13.00	 15	 0.71	 
p_119	 1	 6	 5480.jpg	 9.768293e+02	 11	 9.677579e+02	 110	 6.672152e+02	 98	 9.778847e+02	 683.33	 650.00	 18.00	 33	 0.67	 
p_119	 1	 6	 2347.jpg	 9.808220e+02	 11	 9.750268e+02	 110	 6.838885e+02	 98	 9.818774e+02	 700.00	 650.00	 24.00	 17	 0.57	 
p_119	 1	 6	 2209.jpg	 9.848281e+02	 24	 1.448910e+03	 24	 999000	 98	 9.858701e+02	 700.00	 650.00	 33.00	 13	 0.48	 
p_119	 1	 6	 7291.jpg	 9.868178e+02	 24	 999000	 240	 999000	 999	 9.878598e+02	 700.00	 650.00	 59.00	 39	 0.11	 
p_119	 1	 6	 7480.jpg	 9.918254e+02	 22	 8.995913e+02	 220	 6.505954e+02	 98	 9.928808e+02	 700.00	 666.67	 37.00	 42	 0.42	 
p_119	 1	 6	 7470.jpg	 9.938284e+02	 12	 999000	 120	 999000	 999	 9.948705e+02	 700.00	 666.67	 11.00	 41	 0.74	 
p_119	 1	 6	 2158.jpg	 9.958181e+02	 11	 9.548581e+02	 110	 7.005587e+02	 98	 9.968735e+02	 716.67	 666.67	 12.00	 11	 0.71	 
p_119	 1	 6	 8420.jpg	 1.001827e+03	 24	 999000	 240	 999000	 999	 1.002869e+03	 716.67	 666.67	 38.00	 56	 0.41	 
p_119	 1	 6	 2155.jpg	 1.003817e+03	 12	 999000	 120	 999000	 999	 1.004859e+03	 716.67	 666.67	 23.00	 10	 0.58	 
p_119	 1	 6	 5199.jpg	 1.005820e+03	 12	 999000	 120	 999000	 999	 1.006862e+03	 716.67	 666.67	 4.00	 31	 0.83	 
p_119	 1	 6	 8340.jpg	 1.007823e+03	 22	 9.338833e+02	 220	 6.686553e+02	 98	 1.008878e+03	 716.67	 683.33	 52.00	 52	 0.19	 
p_119	 1	 6	 8350.jpg	 1.011829e+03	 22	 9.597481e+02	 220	 6.838651e+02	 98	 1.012884e+03	 716.67	 700.00	 53.00	 53	 0.18	 
p_119	 1	 6	 2362.jpg	 1.015822e+03	 12	 999000	 120	 999000	 999	 1.016864e+03	 716.67	 700.00	 22.00	 19	 0.61	 
p_119	 1	 6	 4619.jpg	 1.018826e+03	 12	 999000	 120	 999000	 999	 1.019868e+03	 716.67	 700.00	 28.00	 27	 0.54	 
p_119	 1	 6	 8496.jpg	 1.022819e+03	 22	 9.456747e+02	 220	 7.005510e+02	 98	 1.023874e+03	 716.67	 716.67	 36.00	 58	 0.44	 
p_119	 1	 6	 8371.jpg	 1.025824e+03	 12	 999000	 120	 999000	 999	 1.026866e+03	 716.67	 716.67	 29.00	 54	 0.52	 
p_119	 1	 6	 8502.jpg	 1.027827e+03	 24	 999000	 240	 999000	 999	 1.028869e+03	 716.67	 716.67	 60.00	 59	 0.05	 
p_119	 1	 6	 1590.jpg	 1.031819e+03	 12	 999000	 120	 999000	 999	 1.032861e+03	 716.67	 716.67	 9.00	 2	 0.76	 
p_119	 1	 6	 4601.jpg	 1.033822e+03	 24	 999000	 240	 999000	 999	 1.034864e+03	 716.67	 716.67	 40.00	 23	 0.40	 
p_119	 1	 6	 5829.jpg	 1.035825e+03	 11	 1.043230e+03	 1100	 7.172164e+02	 98	 1.036881e+03	 666.67	 716.67	 7.00	 35	 0.81	 
p_119	 1	 6	 8510.jpg	 1.039818e+03	 24	 999000	 240	 999000	 999	 1.040860e+03	 666.67	 716.67	 55.00	 60	 0.16	 
p_119	 1	 6	 2091.jpg	 1.041821e+03	 12	 999000	 120	 999000	 999	 1.042863e+03	 666.67	 716.67	 19.00	 9	 0.65	 
p_119	 1	 6	 1720.jpg	 1.045827e+03	 12	 999000	 120	 999000	 999	 1.046869e+03	 666.67	 716.67	 5.00	 4	 0.83	 
p_119	 1	 6	 4641.jpg	 1.049820e+03	 12	 999000	 120	 999000	 999	 1.050862e+03	 666.67	 716.67	 26.00	 30	 0.54	 
p_119	 1	 6	 5260.jpg	 1.052825e+03	 12	 999000	 120	 999000	 999	 1.053867e+03	 666.67	 716.67	 3.00	 32	 0.84	 
p_119	 1	 6	 8031.jpg	 1.058820e+03	 24	 999000	 240	 999000	 999	 1.059862e+03	 666.67	 716.67	 32.00	 46	 0.48	 
p_119	 1	 6	 8210.jpg	 1.060824e+03	 24	 999000	 240	 999000	 999	 1.061865e+03	 666.67	 716.67	 34.00	 49	 0.47	 
p_119	 1	 6	 2373.jpg	 1.064830e+03	 12	 999000	 120	 999000	 999	 1.065872e+03	 666.67	 716.67	 2.00	 20	 0.87	 
p_119	 1	 6	 2030.jpg	 1.066819e+03	 22	 1.057335e+03	 2200	 7.172050e+02	 98	 1.067875e+03	 666.67	 666.67	 42.00	 6	 0.39	 
p_119	 1	 6	 4610.jpg	 1.068822e+03	 24	 999000	 240	 999000	 999	 1.069864e+03	 666.67	 666.67	 56.00	 26	 0.15	 
p_119	 1	 6	 4603.jpg	 1.070825e+03	 24	 999000	 240	 999000	 999	 1.071867e+03	 666.67	 666.67	 46.00	 24	 0.35	 
p_119	 1	 6	 8033.jpg	 1.075820e+03	 22	 9.208703e+02	 220	 6.672382e+02	 98	 1.076875e+03	 666.67	 683.33	 47.00	 47	 0.32	 
p_119	 1	 6	 4606.jpg	 1.077823e+03	 22	 9.818694e+02	 220	 6.838708e+02	 98	 1.078878e+03	 666.67	 700.00	 45.00	 25	 0.36	 
p_119	 1	 6	 7499.jpg	 1.079826e+03	 12	 999000	 120	 999000	 999	 1.080868e+03	 666.67	 700.00	 8.00	 43	 0.79	 
p_119	 1	 6	 4640.jpg	 1.082817e+03	 11	 9.475346e+02	 110	 6.671982e+02	 98	 1.083872e+03	 683.33	 700.00	 25.00	 29	 0.55	 
p_119	 1	 6	 7260.jpg	 1.085821e+03	 24	 999000	 240	 999000	 999	 1.086863e+03	 683.33	 700.00	 51.00	 37	 0.22	 
p_119	 1	 6	 2352.1.jpg	 1.089827e+03	 12	 999000	 120	 999000	 999	 1.090869e+03	 683.33	 700.00	 14.00	 18	 0.70	 
p_119	 1	 6	 8208.jpg	 1.091817e+03	 24	 999000	 240	 999000	 999	 1.092859e+03	 683.33	 700.00	 35.00	 48	 0.46	 
p_119	 1	 6	 8280.jpg	 1.093820e+03	 24	 999000	 240	 999000	 999	 1.094862e+03	 683.33	 700.00	 57.00	 51	 0.12	 
p_119	 1	 6	 2058.jpg	 1.096825e+03	 12	 999000	 120	 999000	 999	 1.097867e+03	 683.33	 700.00	 17.00	 8	 0.69	 
p_119	 1	 6	 1721.jpg	 1.099829e+03	 11	 9.749418e+02	 110	 6.838970e+02	 98	 1.100885e+03	 700.00	 700.00	 10.00	 5	 0.76	 
p_119	 1	 6	 2057.jpg	 1.101819e+03	 12	 999000	 120	 999000	 999	 1.102861e+03	 700.00	 700.00	 1.00	 7	 0.92	 
p_119	 1	 6	 2346.jpg	 1.103822e+03	 12	 999000	 120	 999000	 999	 1.104864e+03	 700.00	 700.00	 30.00	 16	 0.52	 
p_119	 1	 6	 5626.jpg	 1.105825e+03	 12	 999000	 120	 999000	 999	 1.106867e+03	 700.00	 700.00	 16.00	 34	 0.70	 
p_119	 1	 6	 7250.jpg	 1.110819e+03	 24	 999000	 240	 999000	 999	 1.111861e+03	 700.00	 700.00	 43.00	 36	 0.37	 
p_119	 1	 6	 1540.jpg	 1.112822e+03	 24	 999000	 240	 999000	 999	 1.113864e+03	 700.00	 700.00	 41.00	 1	 0.40	 
p_119	 1	 6	 4626.jpg	 1.114825e+03	 24	 999000	 240	 999000	 999	 1.115867e+03	 700.00	 700.00	 31.00	 28	 0.49	 
p_119	 1	 6	 2165.jpg	 1.116828e+03	 11	 1.127760e+03	 1100	 7.005574e+02	 98	 1.117884e+03	 650.00	 700.00	 21.00	 12	 0.63	 
p_119	 1	 6	 7660.jpg	 1.123826e+03	 11	 9.303681e+02	 110	 6.505345e+02	 98	 1.124881e+03	 666.67	 700.00	 20.00	 44	 0.65	 
p_119	 1	 6	 7430.jpg	 1.125829e+03	 11	 9.593375e+02	 110	 6.672252e+02	 98	 1.126884e+03	 683.33	 700.00	 15.00	 40	 0.70	 
p_119	 1	 6	 8001.jpg	 1.132826e+03	 22	 1.036568e+03	 2200	 7.005589e+02	 98	 1.133881e+03	 683.33	 650.00	 50.00	 45	 0.24	 
p_119	 1	 6	 8470.jpg	 1.135817e+03	 24	 -1.652127e+02	 24	 999000	 98	 1.136859e+03	 683.33	 650.00	 49.00	 57	 0.26	 
p_119	 1	 6	 2303.jpg	 1.138822e+03	 22	 9.741611e+02	 220	 6.505526e+02	 98	 1.139877e+03	 683.33	 666.67	 44.00	 14	 0.36	 
p_119	 1	 6	 2550.jpg	 1.144818e+03	 12	 999000	 120	 999000	 999	 1.145860e+03	 683.33	 666.67	 6.00	 21	 0.82	 
p_119	 1	 6	 4599.jpg	 1.146821e+03	 22	 9.433102e+02	 220	 6.672227e+02	 98	 1.147876e+03	 683.33	 683.33	 39.00	 22	 0.41	 
