subjectID	 order	 runNum	 itemName	 onsetTime	 shuff_trialType	 RT	 respInTime	 AudioTime	 response	 fixationTime	 ladder1	 ladder2	 bidIndex	 itemNameIndex	 bidValue	 
p_116	 2	 4	 5260.jpg	 8.870823e+02	 24	 999000	 240	 999000	 999	 8.881244e+02	 716.67	 716.67	 56.00	 32	 0.14	 
p_116	 2	 4	 4603.jpg	 8.900735e+02	 12	 999000	 120	 999000	 999	 8.911156e+02	 716.67	 716.67	 21.00	 24	 0.65	 
p_116	 2	 4	 2362.jpg	 8.940662e+02	 11	 9.600303e+02	 110	 7.172481e+02	 98	 8.951216e+02	 733.33	 716.67	 11.00	 19	 0.72	 
p_116	 2	 4	 7250.jpg	 8.960693e+02	 24	 999000	 240	 999000	 999	 8.971113e+02	 733.33	 716.67	 50.00	 36	 0.26	 
p_116	 2	 4	 2158.jpg	 8.980723e+02	 24	 999000	 240	 999000	 999	 8.991143e+02	 733.33	 716.67	 39.00	 11	 0.42	 
p_116	 2	 4	 4641.jpg	 9.020784e+02	 11	 1.029005e+03	 1100	 7.338873e+02	 98	 9.031338e+02	 683.33	 716.67	 23.00	 30	 0.62	 
p_116	 2	 4	 7470.jpg	 9.040680e+02	 22	 9.421560e+02	 220	 7.172498e+02	 98	 9.051234e+02	 683.33	 733.33	 41.00	 41	 0.37	 
p_116	 2	 4	 4599.jpg	 9.090756e+02	 12	 999000	 120	 999000	 999	 9.101177e+02	 683.33	 733.33	 6.00	 22	 0.80	 
p_116	 2	 4	 2352.1.jpg	 9.110653e+02	 12	 999000	 120	 999000	 999	 9.121073e+02	 683.33	 733.33	 3.00	 18	 0.85	 
p_116	 2	 4	 2030.jpg	 9.140699e+02	 24	 999000	 240	 999000	 999	 9.151119e+02	 683.33	 733.33	 31.00	 6	 0.50	 
p_116	 2	 4	 4610.jpg	 9.170744e+02	 11	 9.436860e+02	 110	 6.839045e+02	 98	 9.181298e+02	 700.00	 733.33	 9.00	 26	 0.77	 
p_116	 2	 4	 4606.jpg	 9.210671e+02	 11	 9.189996e+02	 110	 7.005633e+02	 98	 9.221225e+02	 716.67	 733.33	 22.00	 25	 0.64	 
p_116	 2	 4	 2209.jpg	 9.240717e+02	 11	 9.224212e+02	 110	 7.172151e+02	 98	 9.251271e+02	 733.33	 733.33	 8.00	 13	 0.78	 
p_116	 2	 4	 8470.jpg	 9.260747e+02	 12	 999000	 120	 999000	 999	 9.271167e+02	 733.33	 733.33	 24.00	 57	 0.61	 
p_116	 2	 4	 8340.jpg	 9.290659e+02	 12	 999000	 120	 999000	 999	 9.301079e+02	 733.33	 733.33	 29.00	 52	 0.52	 
p_116	 2	 4	 5480.jpg	 9.330720e+02	 24	 999000	 240	 999000	 999	 9.341140e+02	 733.33	 733.33	 52.00	 33	 0.21	 
p_116	 2	 4	 7291.jpg	 9.360765e+02	 24	 999000	 240	 999000	 999	 9.371185e+02	 733.33	 733.33	 55.00	 39	 0.17	 
p_116	 2	 4	 1720.jpg	 9.380662e+02	 22	 1.023757e+03	 2200	 7.338898e+02	 98	 9.391216e+02	 733.33	 683.33	 38.00	 4	 0.44	 
p_116	 2	 4	 2091.jpg	 9.400692e+02	 12	 999000	 120	 999000	 999	 9.411113e+02	 733.33	 683.33	 15.00	 9	 0.68	 
p_116	 2	 4	 2347.jpg	 9.450768e+02	 12	 999000	 120	 999000	 999	 9.461188e+02	 733.33	 683.33	 4.00	 17	 0.85	 
p_116	 2	 4	 8031.jpg	 9.490695e+02	 22	 9.162047e+02	 220	 6.838750e+02	 98	 9.501249e+02	 733.33	 700.00	 49.00	 46	 0.27	 
p_116	 2	 4	 2346.jpg	 9.530756e+02	 22	 9.580807e+02	 220	 7.005386e+02	 98	 9.541310e+02	 733.33	 716.67	 40.00	 16	 0.39	 
p_116	 2	 4	 1660.jpg	 9.590714e+02	 24	 999000	 240	 999000	 999	 9.601134e+02	 733.33	 716.67	 60.00	 3	 0.07	 
p_116	 2	 4	 7282.jpg	 9.610744e+02	 22	 9.752331e+02	 220	 7.172280e+02	 98	 9.621298e+02	 733.33	 733.33	 43.00	 38	 0.36	 
p_116	 2	 4	 8280.jpg	 9.630774e+02	 11	 9.401815e+02	 110	 7.338842e+02	 98	 9.641328e+02	 750.00	 733.33	 17.00	 51	 0.66	 
p_116	 2	 4	 7480.jpg	 9.650671e+02	 22	 9.985152e+02	 220	 7.338984e+02	 98	 9.661225e+02	 750.00	 750.00	 51.00	 42	 0.25	 
p_116	 2	 4	 8208.jpg	 9.670701e+02	 22	 9.634331e+02	 220	 7.505509e+02	 98	 9.681255e+02	 750.00	 766.67	 48.00	 48	 0.28	 
p_116	 2	 4	 1590.jpg	 9.710762e+02	 24	 999000	 240	 999000	 999	 9.721182e+02	 750.00	 766.67	 36.00	 2	 0.46	 
p_116	 2	 4	 8420.jpg	 9.730659e+02	 12	 999000	 120	 999000	 999	 9.741079e+02	 750.00	 766.67	 28.00	 56	 0.53	 
p_116	 2	 4	 8210.jpg	 9.770720e+02	 24	 999000	 240	 999000	 999	 9.781140e+02	 750.00	 766.67	 47.00	 49	 0.32	 
p_116	 2	 4	 2550.jpg	 9.790750e+02	 12	 999000	 120	 999000	 999	 9.801170e+02	 750.00	 766.67	 1.00	 21	 0.87	 
p_116	 2	 4	 2373.jpg	 9.810780e+02	 24	 999000	 240	 999000	 999	 9.821468e+02	 750.00	 766.67	 44.00	 20	 0.34	 
p_116	 2	 4	 4626.jpg	 9.830677e+02	 12	 999000	 120	 999000	 999	 9.841097e+02	 750.00	 766.67	 5.00	 28	 0.82	 
p_116	 2	 4	 4640.jpg	 9.880753e+02	 12	 999000	 120	 999000	 999	 9.891173e+02	 750.00	 766.67	 12.00	 29	 0.71	 
p_116	 2	 4	 8350.jpg	 9.900783e+02	 24	 999000	 240	 999000	 999	 9.911203e+02	 750.00	 766.67	 42.00	 53	 0.36	 
p_116	 2	 4	 8502.jpg	 9.920680e+02	 24	 999000	 240	 999000	 999	 9.931100e+02	 750.00	 766.67	 59.00	 59	 0.07	 
p_116	 2	 4	 8033.jpg	 9.950725e+02	 11	 9.768722e+02	 110	 7.505518e+02	 98	 9.961279e+02	 766.67	 766.67	 26.00	 47	 0.57	 
p_116	 2	 4	 8496.jpg	 1.002070e+03	 11	 1.003424e+03	 1100	 7.672265e+02	 98	 1.003125e+03	 716.67	 766.67	 19.00	 58	 0.65	 
p_116	 2	 4	 8220.jpg	 1.006076e+03	 24	 999000	 240	 999000	 999	 1.007118e+03	 716.67	 766.67	 45.00	 50	 0.34	 
p_116	 2	 4	 2057.jpg	 1.013073e+03	 12	 999000	 120	 999000	 999	 1.014115e+03	 716.67	 766.67	 7.00	 7	 0.80	 
p_116	 2	 4	 2058.jpg	 1.015076e+03	 12	 999000	 120	 999000	 999	 1.016118e+03	 716.67	 766.67	 13.00	 8	 0.70	 
p_116	 2	 4	 8371.jpg	 1.019069e+03	 22	 1.029613e+03	 2200	 7.672089e+02	 98	 1.020124e+03	 716.67	 716.67	 46.00	 54	 0.32	 
p_116	 2	 4	 5199.jpg	 1.023075e+03	 22	 9.740543e+02	 220	 7.172277e+02	 98	 1.024130e+03	 716.67	 733.33	 35.00	 31	 0.46	 
p_116	 2	 4	 7660.jpg	 1.025078e+03	 24	 999000	 240	 999000	 999	 1.026120e+03	 716.67	 733.33	 53.00	 44	 0.20	 
p_116	 2	 4	 5829.jpg	 1.029071e+03	 22	 9.942243e+02	 220	 7.338773e+02	 98	 1.030126e+03	 716.67	 750.00	 54.00	 35	 0.18	 
p_116	 2	 4	 5626.jpg	 1.031074e+03	 24	 999000	 240	 999000	 999	 1.032116e+03	 716.67	 750.00	 34.00	 34	 0.47	 
p_116	 2	 4	 1721.jpg	 1.033077e+03	 12	 999000	 120	 999000	 999	 1.034119e+03	 716.67	 750.00	 27.00	 5	 0.54	 
p_116	 2	 4	 7260.jpg	 1.039073e+03	 12	 999000	 120	 999000	 999	 1.040115e+03	 716.67	 750.00	 30.00	 37	 0.50	 
p_116	 2	 4	 8510.jpg	 1.041076e+03	 24	 999000	 240	 999000	 999	 1.042118e+03	 716.67	 750.00	 57.00	 60	 0.14	 
p_116	 2	 4	 2345.jpg	 1.044067e+03	 12	 999000	 120	 999000	 999	 1.045109e+03	 716.67	 750.00	 10.00	 15	 0.72	 
p_116	 2	 4	 2155.jpg	 1.047071e+03	 12	 999000	 120	 999000	 999	 1.048113e+03	 716.67	 750.00	 2.00	 10	 0.86	 
p_116	 2	 4	 8380.jpg	 1.049074e+03	 24	 999000	 240	 999000	 999	 1.050116e+03	 716.67	 750.00	 33.00	 55	 0.48	 
p_116	 2	 4	 2303.jpg	 1.051077e+03	 11	 1.003405e+03	 1100	 7.172039e+02	 98	 1.052133e+03	 666.67	 750.00	 16.00	 14	 0.68	 
p_116	 2	 4	 1540.jpg	 1.053067e+03	 24	 999000	 240	 999000	 999	 1.054109e+03	 666.67	 750.00	 32.00	 1	 0.48	 
p_116	 2	 4	 4601.jpg	 1.059076e+03	 12	 999000	 120	 999000	 999	 1.060118e+03	 666.67	 750.00	 25.00	 23	 0.57	 
p_116	 2	 4	 4619.jpg	 1.061066e+03	 11	 8.708195e+02	 110	 6.672121e+02	 98	 1.062121e+03	 683.33	 750.00	 14.00	 27	 0.69	 
p_116	 2	 4	 7430.jpg	 1.063069e+03	 24	 999000	 240	 999000	 999	 1.064111e+03	 683.33	 750.00	 37.00	 40	 0.45	 
p_116	 2	 4	 2165.jpg	 1.065072e+03	 12	 999000	 120	 999000	 999	 1.066114e+03	 683.33	 750.00	 20.00	 12	 0.65	 
p_116	 2	 4	 7499.jpg	 1.068076e+03	 24	 999000	 240	 999000	 999	 1.069118e+03	 683.33	 750.00	 58.00	 43	 0.12	 
p_116	 2	 4	 8001.jpg	 1.071068e+03	 12	 999000	 120	 999000	 999	 1.072110e+03	 683.33	 750.00	 18.00	 45	 0.66	 
