subjectID	 order	 runNum	 itemName	 onsetTime	 shuff_trialType	 RT	 respInTime	 AudioTime	 response	 fixationTime	 ladder1	 ladder2	 bidIndex	 itemNameIndex	 bidValue	 
p_131	 1	 11	 2362.jpg	 1.972127e+03	 12	 999000	 120	 999000	 999	 1.973169e+03	 750.00	 750.00	 22.00	 19	 0.63	 
p_131	 1	 11	 8502.jpg	 1.975118e+03	 24	 999000	 240	 999000	 999	 1.976160e+03	 750.00	 750.00	 34.00	 59	 0.47	 
p_131	 1	 11	 8208.jpg	 1.979111e+03	 24	 999000	 240	 999000	 999	 1.980153e+03	 750.00	 750.00	 49.00	 48	 0.23	 
p_131	 1	 11	 4619.jpg	 1.981114e+03	 24	 999000	 240	 999000	 999	 1.982156e+03	 750.00	 750.00	 38.00	 27	 0.41	 
p_131	 1	 11	 2209.jpg	 1.983117e+03	 12	 999000	 120	 999000	 999	 1.984159e+03	 750.00	 750.00	 27.00	 13	 0.52	 
p_131	 1	 11	 5480.jpg	 1.987110e+03	 11	 9.712175e+02	 110	 7.505607e+02	 98	 1.988165e+03	 766.67	 750.00	 25.00	 33	 0.54	 
p_131	 1	 11	 1721.jpg	 1.989113e+03	 12	 999000	 120	 999000	 999	 1.990155e+03	 766.67	 750.00	 6.00	 5	 0.80	 
p_131	 1	 11	 2058.jpg	 1.994107e+03	 11	 9.977288e+02	 110	 7.672049e+02	 98	 1.995163e+03	 783.33	 750.00	 10.00	 8	 0.76	 
p_131	 1	 11	 5626.jpg	 1.996110e+03	 11	 9.948620e+02	 110	 7.838673e+02	 98	 1.997166e+03	 800.00	 750.00	 12.00	 34	 0.75	 
p_131	 1	 11	 7660.jpg	 1.999115e+03	 24	 999000	 240	 999000	 999	 2.000157e+03	 800.00	 750.00	 57.00	 44	 0.16	 
p_131	 1	 11	 2550.jpg	 2.002119e+03	 12	 999000	 120	 999000	 999	 2.003161e+03	 800.00	 750.00	 2.00	 21	 0.89	 
p_131	 1	 11	 4626.jpg	 2.006112e+03	 22	 9.608936e+02	 220	 7.505830e+02	 98	 2.007167e+03	 800.00	 766.67	 50.00	 28	 0.23	 
p_131	 1	 11	 2091.jpg	 2.009116e+03	 12	 999000	 120	 999000	 999	 2.010159e+03	 800.00	 766.67	 19.00	 9	 0.68	 
p_131	 1	 11	 8031.jpg	 2.011119e+03	 22	 8.812842e+02	 220	 7.672203e+02	 98	 2.012175e+03	 800.00	 783.33	 47.00	 46	 0.27	 
p_131	 1	 11	 4640.jpg	 2.014111e+03	 24	 999000	 240	 999000	 999	 2.015153e+03	 800.00	 783.33	 56.00	 29	 0.17	 
p_131	 1	 11	 4601.jpg	 2.018117e+03	 12	 999000	 120	 999000	 999	 2.019159e+03	 800.00	 783.33	 23.00	 23	 0.62	 
p_131	 1	 11	 2165.jpg	 2.021108e+03	 12	 999000	 120	 999000	 999	 2.022150e+03	 800.00	 783.33	 3.00	 12	 0.85	 
p_131	 1	 11	 8210.jpg	 2.023111e+03	 22	 1.017657e+03	 2200	 7.838824e+02	 98	 2.024166e+03	 800.00	 733.33	 44.00	 49	 0.29	 
p_131	 1	 11	 4603.jpg	 2.025114e+03	 24	 999000	 240	 999000	 999	 2.026156e+03	 800.00	 733.33	 43.00	 24	 0.30	 
p_131	 1	 11	 7470.jpg	 2.030108e+03	 11	 1.044335e+03	 1100	 8.005386e+02	 98	 2.031164e+03	 750.00	 733.33	 24.00	 41	 0.55	 
p_131	 1	 11	 2345.jpg	 2.034114e+03	 12	 999000	 120	 999000	 999	 2.035156e+03	 750.00	 733.33	 14.00	 15	 0.74	 
p_131	 1	 11	 4610.jpg	 2.038120e+03	 12	 999000	 120	 999000	 999	 2.039162e+03	 750.00	 733.33	 30.00	 26	 0.49	 
p_131	 1	 11	 4641.jpg	 2.044116e+03	 24	 999000	 240	 999000	 999	 2.045158e+03	 750.00	 733.33	 32.00	 30	 0.47	 
p_131	 1	 11	 2057.jpg	 2.046119e+03	 11	 9.852737e+02	 110	 7.505431e+02	 98	 2.047174e+03	 766.67	 733.33	 13.00	 7	 0.75	 
p_131	 1	 11	 7430.jpg	 2.048109e+03	 12	 999000	 120	 999000	 999	 2.049151e+03	 766.67	 733.33	 4.00	 40	 0.83	 
p_131	 1	 11	 1720.jpg	 2.050112e+03	 11	 9.765172e+02	 110	 7.672205e+02	 98	 2.051167e+03	 783.33	 733.33	 7.00	 4	 0.78	 
p_131	 1	 11	 8510.jpg	 2.052115e+03	 22	 9.414895e+02	 220	 7.338859e+02	 98	 2.053170e+03	 783.33	 750.00	 45.00	 60	 0.28	 
p_131	 1	 11	 2158.jpg	 2.056107e+03	 22	 9.326743e+02	 220	 7.505455e+02	 98	 2.057163e+03	 783.33	 766.67	 36.00	 11	 0.44	 
p_131	 1	 11	 8033.jpg	 2.058110e+03	 22	 9.936605e+02	 220	 7.672204e+02	 98	 2.059167e+03	 783.33	 783.33	 37.00	 47	 0.42	 
p_131	 1	 11	 2346.jpg	 2.062117e+03	 24	 999000	 240	 999000	 999	 2.063159e+03	 783.33	 783.33	 48.00	 16	 0.26	 
p_131	 1	 11	 8220.jpg	 2.064120e+03	 12	 999000	 120	 999000	 999	 2.065162e+03	 783.33	 783.33	 29.00	 50	 0.50	 
p_131	 1	 11	 1590.jpg	 2.066109e+03	 12	 999000	 120	 999000	 999	 2.067151e+03	 783.33	 783.33	 1.00	 2	 0.89	 
p_131	 1	 11	 7282.jpg	 2.068112e+03	 12	 999000	 120	 999000	 999	 2.069154e+03	 783.33	 783.33	 28.00	 38	 0.51	 
p_131	 1	 11	 2352.1.jpg	 2.073120e+03	 12	 999000	 120	 999000	 999	 2.074162e+03	 783.33	 783.33	 17.00	 18	 0.71	 
p_131	 1	 11	 8380.jpg	 2.075109e+03	 11	 1.019930e+03	 1100	 7.838767e+02	 98	 2.076165e+03	 733.33	 783.33	 21.00	 55	 0.66	 
p_131	 1	 11	 8470.jpg	 2.077113e+03	 24	 999000	 240	 999000	 999	 2.078155e+03	 733.33	 783.33	 40.00	 57	 0.40	 
p_131	 1	 11	 7499.jpg	 2.080117e+03	 24	 999000	 240	 999000	 999	 2.081159e+03	 733.33	 783.33	 35.00	 43	 0.45	 
p_131	 1	 11	 4606.jpg	 2.087114e+03	 24	 999000	 240	 999000	 999	 2.088156e+03	 733.33	 783.33	 31.00	 25	 0.49	 
p_131	 1	 11	 7250.jpg	 2.091120e+03	 12	 999000	 120	 999000	 999	 2.092162e+03	 733.33	 783.33	 16.00	 36	 0.72	 
p_131	 1	 11	 8001.jpg	 2.098118e+03	 24	 999000	 240	 999000	 999	 2.099160e+03	 733.33	 783.33	 60.00	 45	 0.14	 
p_131	 1	 11	 8496.jpg	 2.100107e+03	 24	 999000	 240	 999000	 999	 2.101149e+03	 733.33	 783.33	 55.00	 58	 0.17	 
p_131	 1	 11	 1660.jpg	 2.104113e+03	 12	 999000	 120	 999000	 999	 2.105155e+03	 733.33	 783.33	 8.00	 3	 0.77	 
p_131	 1	 11	 7291.jpg	 2.108119e+03	 12	 999000	 120	 999000	 999	 2.109161e+03	 733.33	 783.33	 26.00	 39	 0.53	 
p_131	 1	 11	 7260.jpg	 2.110109e+03	 22	 1.010410e+03	 2200	 7.838840e+02	 98	 2.111164e+03	 733.33	 733.33	 39.00	 37	 0.40	 
p_131	 1	 11	 8371.jpg	 2.114115e+03	 24	 999000	 240	 999000	 999	 2.115157e+03	 733.33	 733.33	 51.00	 54	 0.21	 
p_131	 1	 11	 8350.jpg	 2.116118e+03	 24	 999000	 240	 999000	 999	 2.117160e+03	 733.33	 733.33	 46.00	 53	 0.28	 
p_131	 1	 11	 1540.jpg	 2.118108e+03	 11	 9.955401e+02	 110	 7.338918e+02	 98	 2.119163e+03	 750.00	 733.33	 18.00	 1	 0.71	 
p_131	 1	 11	 2373.jpg	 2.124117e+03	 24	 999000	 240	 999000	 999	 2.125159e+03	 750.00	 733.33	 59.00	 20	 0.15	 
p_131	 1	 11	 4599.jpg	 2.126120e+03	 24	 999000	 240	 999000	 999	 2.127162e+03	 750.00	 733.33	 41.00	 22	 0.39	 
p_131	 1	 11	 8420.jpg	 2.129111e+03	 24	 999000	 240	 999000	 999	 2.130153e+03	 750.00	 733.33	 58.00	 56	 0.15	 
p_131	 1	 11	 5260.jpg	 2.132116e+03	 12	 999000	 120	 999000	 999	 2.133158e+03	 750.00	 733.33	 11.00	 32	 0.75	 
p_131	 1	 11	 2030.jpg	 2.134119e+03	 22	 1.016435e+03	 2200	 7.338906e+02	 98	 2.135174e+03	 750.00	 683.33	 42.00	 6	 0.38	 
p_131	 1	 11	 8340.jpg	 2.136108e+03	 22	 8.827650e+02	 220	 6.838850e+02	 98	 2.137164e+03	 750.00	 700.00	 52.00	 52	 0.21	 
p_131	 1	 11	 2303.jpg	 2.138111e+03	 12	 999000	 120	 999000	 999	 2.139153e+03	 750.00	 700.00	 9.00	 14	 0.76	 
p_131	 1	 11	 5199.jpg	 2.144107e+03	 12	 999000	 120	 999000	 999	 2.145149e+03	 750.00	 700.00	 5.00	 31	 0.81	 
p_131	 1	 11	 5829.jpg	 2.146110e+03	 11	 9.608664e+02	 110	 7.505347e+02	 98	 2.147166e+03	 766.67	 700.00	 20.00	 35	 0.67	 
p_131	 1	 11	 8280.jpg	 2.148113e+03	 22	 9.098130e+02	 220	 7.005467e+02	 98	 2.149169e+03	 766.67	 716.67	 53.00	 51	 0.20	 
p_131	 1	 11	 2155.jpg	 2.150116e+03	 24	 999000	 240	 999000	 999	 2.151158e+03	 766.67	 716.67	 54.00	 10	 0.19	 
p_131	 1	 11	 2347.jpg	 2.153107e+03	 11	 1.083513e+03	 1100	 7.672166e+02	 98	 2.154163e+03	 716.67	 716.67	 15.00	 17	 0.73	 
p_131	 1	 11	 7480.jpg	 2.156112e+03	 24	 999000	 240	 999000	 999	 2.157154e+03	 716.67	 716.67	 33.00	 42	 0.47	 
