subjectID	 order	 runNum	 itemName	 onsetTime	 shuff_trialType	 RT	 respInTime	 AudioTime	 response	 fixationTime	 ladder1	 ladder2	 bidIndex	 itemNameIndex	 bidValue	 
p_131	 1	 2	 8510.jpg	 1.893801e+02	 22	 9.490579e+02	 220	 7.172357e+02	 98	 1.904355e+02	 716.67	 733.33	 45.00	 60	 0.28	 
p_131	 1	 2	 8470.jpg	 1.923713e+02	 24	 999000	 240	 999000	 999	 1.934133e+02	 716.67	 733.33	 40.00	 57	 0.40	 
p_131	 1	 2	 7660.jpg	 1.943743e+02	 24	 999000	 240	 999000	 999	 1.954163e+02	 716.67	 733.33	 57.00	 44	 0.16	 
p_131	 1	 2	 8208.jpg	 1.963773e+02	 24	 999000	 240	 999000	 999	 1.974194e+02	 716.67	 733.33	 49.00	 48	 0.23	 
p_131	 1	 2	 7430.jpg	 1.983670e+02	 12	 999000	 120	 999000	 999	 1.994090e+02	 716.67	 733.33	 4.00	 40	 0.83	 
p_131	 1	 2	 7470.jpg	 2.013716e+02	 11	 1.021523e+03	 1100	 7.172232e+02	 98	 2.024269e+02	 666.67	 733.33	 24.00	 41	 0.55	 
p_131	 1	 2	 2155.jpg	 2.033746e+02	 24	 999000	 240	 999000	 999	 2.044166e+02	 666.67	 733.33	 54.00	 10	 0.19	 
p_131	 1	 2	 5626.jpg	 2.073673e+02	 11	 9.296023e+02	 110	 6.672039e+02	 98	 2.084227e+02	 683.33	 733.33	 12.00	 34	 0.75	 
p_131	 1	 2	 1540.jpg	 2.093703e+02	 11	 1.102564e+03	 1100	 6.838862e+02	 98	 2.104257e+02	 633.33	 733.33	 18.00	 1	 0.71	 
p_131	 1	 2	 7260.jpg	 2.143779e+02	 22	 1.038942e+03	 2200	 7.338899e+02	 98	 2.154333e+02	 633.33	 683.33	 39.00	 37	 0.40	 
p_131	 1	 2	 2347.jpg	 2.163675e+02	 11	 9.212552e+02	 110	 6.338875e+02	 98	 2.174229e+02	 650.00	 683.33	 15.00	 17	 0.73	 
p_131	 1	 2	 2158.jpg	 2.203736e+02	 22	 9.471144e+02	 220	 6.839053e+02	 98	 2.214290e+02	 650.00	 700.00	 36.00	 11	 0.44	 
p_131	 1	 2	 5480.jpg	 2.223766e+02	 11	 9.120775e+02	 110	 6.505569e+02	 98	 2.234320e+02	 666.67	 700.00	 25.00	 33	 0.54	 
p_131	 1	 2	 2345.jpg	 2.253678e+02	 12	 999000	 120	 999000	 999	 2.264098e+02	 666.67	 700.00	 14.00	 15	 0.74	 
p_131	 1	 2	 2058.jpg	 2.303754e+02	 11	 9.131830e+02	 110	 6.672377e+02	 98	 2.314308e+02	 683.33	 700.00	 10.00	 8	 0.76	 
p_131	 1	 2	 4619.jpg	 2.323784e+02	 24	 999000	 240	 999000	 999	 2.334204e+02	 683.33	 700.00	 38.00	 27	 0.41	 
p_131	 1	 2	 5829.jpg	 2.343681e+02	 11	 9.204264e+02	 110	 6.838683e+02	 98	 2.354235e+02	 700.00	 700.00	 20.00	 35	 0.67	 
p_131	 1	 2	 2352.1.jpg	 2.383741e+02	 12	 999000	 120	 999000	 999	 2.394162e+02	 700.00	 700.00	 17.00	 18	 0.71	 
p_131	 1	 2	 8220.jpg	 2.423669e+02	 12	 999000	 120	 999000	 999	 2.434089e+02	 700.00	 700.00	 29.00	 50	 0.50	 
p_131	 1	 2	 8380.jpg	 2.463729e+02	 11	 9.954622e+02	 110	 7.005520e+02	 98	 2.474283e+02	 716.67	 700.00	 21.00	 55	 0.66	 
p_131	 1	 2	 8502.jpg	 2.483759e+02	 24	 999000	 240	 999000	 999	 2.494179e+02	 716.67	 700.00	 34.00	 59	 0.47	 
p_131	 1	 2	 8420.jpg	 2.503656e+02	 24	 999000	 240	 999000	 999	 2.514076e+02	 716.67	 700.00	 58.00	 56	 0.15	 
p_131	 1	 2	 8340.jpg	 2.523686e+02	 22	 9.837052e+02	 220	 7.005439e+02	 98	 2.534240e+02	 716.67	 716.67	 52.00	 52	 0.21	 
p_131	 1	 2	 8496.jpg	 2.543717e+02	 24	 999000	 240	 999000	 999	 2.554137e+02	 716.67	 716.67	 55.00	 58	 0.17	 
p_131	 1	 2	 4599.jpg	 2.603674e+02	 24	 999000	 240	 999000	 999	 2.614094e+02	 716.67	 716.67	 41.00	 22	 0.39	 
p_131	 1	 2	 4610.jpg	 2.633719e+02	 12	 999000	 120	 999000	 999	 2.644139e+02	 716.67	 716.67	 30.00	 26	 0.49	 
p_131	 1	 2	 7291.jpg	 2.653749e+02	 12	 999000	 120	 999000	 999	 2.664170e+02	 716.67	 716.67	 26.00	 39	 0.53	 
p_131	 1	 2	 8350.jpg	 2.673779e+02	 24	 999000	 240	 999000	 999	 2.684200e+02	 716.67	 716.67	 46.00	 53	 0.28	 
p_131	 1	 2	 4601.jpg	 2.703691e+02	 12	 999000	 120	 999000	 999	 2.714112e+02	 716.67	 716.67	 23.00	 23	 0.62	 
p_131	 1	 2	 1590.jpg	 2.723721e+02	 12	 999000	 120	 999000	 999	 2.734142e+02	 716.67	 716.67	 1.00	 2	 0.89	 
p_131	 1	 2	 8280.jpg	 2.743752e+02	 22	 1.008770e+03	 2200	 7.172316e+02	 98	 2.754573e+02	 716.67	 666.67	 53.00	 51	 0.20	 
p_131	 1	 2	 8001.jpg	 2.763782e+02	 24	 999000	 240	 999000	 999	 2.774203e+02	 716.67	 666.67	 60.00	 45	 0.14	 
p_131	 1	 2	 7480.jpg	 2.793694e+02	 24	 999000	 240	 999000	 999	 2.804114e+02	 716.67	 666.67	 33.00	 42	 0.47	 
p_131	 1	 2	 2346.jpg	 2.813724e+02	 24	 999000	 240	 999000	 999	 2.824145e+02	 716.67	 666.67	 48.00	 16	 0.26	 
p_131	 1	 2	 1720.jpg	 2.833755e+02	 11	 1.000463e+03	 1100	 7.172202e+02	 98	 2.844308e+02	 666.67	 666.67	 7.00	 4	 0.78	 
p_131	 1	 2	 2165.jpg	 2.853785e+02	 12	 999000	 120	 999000	 999	 2.864205e+02	 666.67	 666.67	 3.00	 12	 0.85	 
p_131	 1	 2	 8031.jpg	 2.873681e+02	 22	 9.276639e+02	 220	 6.672019e+02	 98	 2.884235e+02	 666.67	 683.33	 47.00	 46	 0.27	 
p_131	 1	 2	 7499.jpg	 2.933773e+02	 24	 999000	 240	 999000	 999	 2.944193e+02	 666.67	 683.33	 35.00	 43	 0.45	 
p_131	 1	 2	 2030.jpg	 2.963685e+02	 22	 9.672307e+02	 220	 6.838781e+02	 98	 2.974238e+02	 666.67	 700.00	 42.00	 6	 0.38	 
p_131	 1	 2	 8371.jpg	 3.003745e+02	 24	 999000	 240	 999000	 999	 3.014165e+02	 666.67	 700.00	 51.00	 54	 0.21	 
p_131	 1	 2	 2303.jpg	 3.063702e+02	 12	 999000	 120	 999000	 999	 3.074122e+02	 666.67	 700.00	 9.00	 14	 0.76	 
p_131	 1	 2	 7282.jpg	 3.083732e+02	 12	 999000	 120	 999000	 999	 3.094153e+02	 666.67	 700.00	 28.00	 38	 0.51	 
p_131	 1	 2	 1660.jpg	 3.133675e+02	 12	 999000	 120	 999000	 999	 3.144095e+02	 666.67	 700.00	 8.00	 3	 0.77	 
p_131	 1	 2	 4626.jpg	 3.163720e+02	 22	 9.314112e+02	 220	 7.005568e+02	 98	 3.174274e+02	 666.67	 716.67	 50.00	 28	 0.23	 
p_131	 1	 2	 2091.jpg	 3.183750e+02	 12	 999000	 120	 999000	 999	 3.194170e+02	 666.67	 716.67	 19.00	 9	 0.68	 
p_131	 1	 2	 5199.jpg	 3.213662e+02	 12	 999000	 120	 999000	 999	 3.224082e+02	 666.67	 716.67	 5.00	 31	 0.81	 
p_131	 1	 2	 2550.jpg	 3.233692e+02	 12	 999000	 120	 999000	 999	 3.249053e+02	 666.67	 716.67	 2.00	 21	 0.89	 
p_131	 1	 2	 5260.jpg	 3.273753e+02	 12	 999000	 120	 999000	 999	 3.284173e+02	 666.67	 716.67	 11.00	 32	 0.75	 
p_131	 1	 2	 7250.jpg	 3.313680e+02	 12	 999000	 120	 999000	 999	 3.324100e+02	 666.67	 716.67	 16.00	 36	 0.72	 
p_131	 1	 2	 4640.jpg	 3.333710e+02	 24	 999000	 240	 999000	 999	 3.344130e+02	 666.67	 716.67	 56.00	 29	 0.17	 
p_131	 1	 2	 2057.jpg	 3.403683e+02	 11	 9.188480e+02	 110	 6.672260e+02	 98	 3.414236e+02	 683.33	 716.67	 13.00	 7	 0.75	 
p_131	 1	 2	 8210.jpg	 3.423712e+02	 22	 1.107841e+03	 2200	 7.172197e+02	 98	 3.434267e+02	 683.33	 666.67	 44.00	 49	 0.29	 
p_131	 1	 2	 4603.jpg	 3.453759e+02	 24	 999000	 240	 999000	 999	 3.469119e+02	 683.33	 666.67	 43.00	 24	 0.30	 
p_131	 1	 2	 2362.jpg	 3.493685e+02	 12	 999000	 120	 999000	 999	 3.504105e+02	 683.33	 666.67	 22.00	 19	 0.63	 
p_131	 1	 2	 8033.jpg	 3.533746e+02	 22	 9.203447e+02	 220	 6.672180e+02	 98	 3.544300e+02	 683.33	 683.33	 37.00	 47	 0.42	 
p_131	 1	 2	 2209.jpg	 3.573673e+02	 12	 999000	 120	 999000	 999	 3.584093e+02	 683.33	 683.33	 27.00	 13	 0.52	 
p_131	 1	 2	 4606.jpg	 3.603718e+02	 24	 999000	 240	 999000	 999	 3.614138e+02	 683.33	 683.33	 31.00	 25	 0.49	 
p_131	 1	 2	 4641.jpg	 3.623748e+02	 24	 999000	 240	 999000	 999	 3.634169e+02	 683.33	 683.33	 32.00	 30	 0.47	 
p_131	 1	 2	 1721.jpg	 3.663676e+02	 12	 999000	 120	 999000	 999	 3.674096e+02	 683.33	 683.33	 6.00	 5	 0.80	 
p_131	 1	 2	 2373.jpg	 3.733782e+02	 24	 999000	 240	 999000	 999	 3.744202e+02	 683.33	 683.33	 59.00	 20	 0.15	 
