subjectID	 order	 runNum	 itemName	 onsetTime	 shuff_trialType	 RT	 respInTime	 CueTime	 response	 fixationTime	 ladder1	 ladder2	 bidIndex	 itemNameIndex	 bidValue	 
n_205	 1	 10	 9290.jpg	 1.169313e+03	 11	 9.152527e+02	 110	 5.166546e+02	 98	 1.170329e+03	 533.33	 716.67	 13.00	 38	 0.73	 
n_205	 1	 10	 6210.jpg	 1.171313e+03	 24	 999000	 240	 999000	 999	 1.172329e+03	 533.33	 716.67	 55.00	 19	 0.19	 
n_205	 1	 10	 2457.jpg	 1.175313e+03	 12	 999000	 120	 999000	 999	 1.176329e+03	 533.33	 716.67	 21.00	 13	 0.61	 
n_205	 1	 10	 9321.jpg	 1.178313e+03	 24	 999000	 240	 999000	 999	 1.179329e+03	 533.33	 716.67	 39.00	 42	 0.39	 
n_205	 1	 10	 9050.jpg	 1.180313e+03	 22	 1.163196e+03	 2200	 7.166021e+02	 98	 1.181346e+03	 533.33	 666.67	 45.00	 36	 0.29	 
n_205	 1	 10	 7359.jpg	 1.183313e+03	 12	 999000	 120	 999000	 999	 1.184329e+03	 533.33	 666.67	 9.00	 31	 0.80	 
n_205	 1	 10	 2039.jpg	 1.187313e+03	 12	 999000	 120	 999000	 999	 1.188329e+03	 533.33	 666.67	 3.00	 9	 0.89	 
n_205	 1	 10	 6570.JPG	 1.191313e+03	 22	 8.991319e+02	 220	 6.665682e+02	 98	 1.192346e+03	 533.33	 683.33	 44.00	 25	 0.29	 
n_205	 1	 10	 1304.jpg	 1.193313e+03	 24	 999000	 240	 999000	 999	 1.194329e+03	 533.33	 683.33	 41.00	 8	 0.33	 
n_205	 1	 10	 9395.jpg	 1.198313e+03	 11	 7.951650e+02	 110	 5.332338e+02	 98	 1.199346e+03	 550.00	 683.33	 7.00	 50	 0.86	 
n_205	 1	 10	 9903.jpg	 1.200313e+03	 24	 999000	 240	 999000	 999	 1.201329e+03	 550.00	 683.33	 40.00	 58	 0.37	 
n_205	 1	 10	 6560.JPG	 1.202313e+03	 24	 999000	 240	 999000	 999	 1.203329e+03	 550.00	 683.33	 58.00	 23	 0.10	 
n_205	 1	 10	 2205.jpg	 1.208313e+03	 11	 9.071791e+02	 110	 5.499024e+02	 98	 1.209346e+03	 566.67	 683.33	 12.00	 10	 0.76	 
n_205	 1	 10	 1001.jpg	 1.210313e+03	 11	 1.115191e+03	 1100	 5.665827e+02	 98	 1.211329e+03	 516.67	 683.33	 18.00	 2	 0.65	 
n_205	 1	 10	 6242.jpg	 1.212312e+03	 24	 999000	 240	 999000	 999	 1.213329e+03	 516.67	 683.33	 43.00	 20	 0.31	 
n_205	 1	 10	 9622.jpg	 1.214312e+03	 22	 1.051155e+03	 2200	 6.832502e+02	 98	 1.215346e+03	 516.67	 633.33	 53.00	 57	 0.23	 
n_205	 1	 10	 1111.jpg	 1.218312e+03	 12	 999000	 120	 999000	 999	 1.219329e+03	 516.67	 633.33	 22.00	 5	 0.61	 
n_205	 1	 10	 9930.jpg	 1.222312e+03	 24	 999000	 240	 999000	 999	 1.223329e+03	 516.67	 633.33	 56.00	 60	 0.19	 
n_205	 1	 10	 9600.jpg	 1.225312e+03	 24	 999000	 240	 999000	 999	 1.226329e+03	 516.67	 633.33	 57.00	 56	 0.15	 
n_205	 1	 10	 1019.jpg	 1.229312e+03	 12	 999000	 120	 999000	 999	 1.230329e+03	 516.67	 633.33	 6.00	 4	 0.86	 
n_205	 1	 10	 9340.jpg	 1.232312e+03	 12	 999000	 120	 999000	 999	 1.233329e+03	 516.67	 633.33	 16.00	 45	 0.67	 
n_205	 1	 10	 2455.jpg	 1.234312e+03	 12	 999000	 120	 999000	 999	 1.238329e+03	 516.67	 633.33	 11.00	 11	 0.77	 
n_205	 1	 10	 9425.jpg	 1.238846e+03	 22	 9.178923e+02	 220	 6.333265e+02	 98	 1.239862e+03	 516.67	 650.00	 52.00	 51	 0.24	 
n_205	 1	 10	 6312.jpg	 1.240379e+03	 24	 999000	 240	 999000	 999	 1.241396e+03	 516.67	 650.00	 51.00	 21	 0.24	 
n_205	 1	 10	 1271.jpg	 1.242312e+03	 12	 999000	 120	 999000	 999	 1.243329e+03	 516.67	 650.00	 8.00	 6	 0.84	 
n_205	 1	 10	 1002.jpg	 1.246312e+03	 11	 999000	 1	 5.165697e+02	 999	 1.247346e+03	 466.67	 650.00	 10.00	 3	 0.79	 
n_205	 1	 10	 6836.jpg	 1.248312e+03	 22	 1.019209e+03	 2200	 6.499126e+02	 98	 1.249346e+03	 466.67	 600.00	 50.00	 28	 0.25	 
n_205	 1	 10	 9390.jpg	 1.252312e+03	 12	 999000	 120	 999000	 999	 1.253329e+03	 466.67	 600.00	 5.00	 49	 0.86	 
n_205	 1	 10	 1000.jpg	 1.256312e+03	 12	 999000	 120	 999000	 999	 1.257329e+03	 466.67	 600.00	 14.00	 1	 0.73	 
n_205	 1	 10	 9322.jpg	 1.259312e+03	 12	 999000	 120	 999000	 999	 1.260329e+03	 466.67	 600.00	 20.00	 43	 0.63	 
n_205	 1	 10	 6571.jpg	 1.265312e+03	 24	 999000	 240	 999000	 999	 1.266329e+03	 466.67	 600.00	 54.00	 26	 0.21	 
n_205	 1	 10	 2683.jpg	 1.267312e+03	 24	 999000	 240	 999000	 999	 1.268329e+03	 466.67	 600.00	 49.00	 14	 0.27	 
n_205	 1	 10	 8485.jpg	 1.271312e+03	 24	 999000	 240	 999000	 999	 1.272329e+03	 466.67	 600.00	 46.00	 33	 0.28	 
n_205	 1	 10	 3103.jpg	 1.273312e+03	 24	 999000	 240	 999000	 999	 1.274329e+03	 466.67	 600.00	 48.00	 17	 0.27	 
n_205	 1	 10	 2456.jpg	 1.275312e+03	 12	 999000	 120	 999000	 999	 1.276329e+03	 466.67	 600.00	 17.00	 12	 0.66	 
n_205	 1	 10	 9291.jpg	 1.277312e+03	 12	 999000	 120	 999000	 999	 1.278329e+03	 466.67	 600.00	 19.00	 39	 0.64	 
n_205	 1	 10	 9909.jpg	 1.282312e+03	 11	 7.471556e+02	 110	 4.665670e+02	 98	 1.283345e+03	 483.33	 600.00	 15.00	 59	 0.70	 
n_205	 1	 10	 6562.jpg	 1.284312e+03	 22	 9.711588e+02	 220	 5.999103e+02	 98	 1.285345e+03	 483.33	 616.67	 47.00	 24	 0.27	 
n_205	 1	 10	 6838.jpg	 1.286312e+03	 24	 999000	 240	 999000	 999	 1.287329e+03	 483.33	 616.67	 42.00	 29	 0.32	 
n_205	 1	 10	 1274.jpg	 1.289312e+03	 12	 999000	 120	 999000	 999	 1.290329e+03	 483.33	 616.67	 4.00	 7	 0.87	 
