subjectID	 order	 runNum	 itemName	 onsetTime	 shuff_trialType	 RT	 respInTime	 CueTime	 response	 fixationTime	 ladder1	 ladder2	 bidIndex	 itemNameIndex	 bidValue	 
n_205	 1	 20	 1271.jpg	 2.446654e+03	 12	 999000	 120	 999000	 999	 2.447671e+03	 516.67	 716.67	 8.00	 6	 0.84	 
n_205	 1	 20	 9903.jpg	 2.449654e+03	 24	 999000	 240	 999000	 999	 2.450671e+03	 516.67	 716.67	 40.00	 58	 0.37	 
n_205	 1	 20	 9622.jpg	 2.453671e+03	 22	 9.809019e+02	 220	 7.165754e+02	 98	 2.454704e+03	 516.67	 733.33	 53.00	 57	 0.23	 
n_205	 1	 20	 9909.jpg	 2.455671e+03	 11	 1.044911e+03	 1100	 5.165830e+02	 98	 2.456688e+03	 466.67	 733.33	 15.00	 59	 0.70	 
n_205	 1	 20	 2457.jpg	 2.457671e+03	 12	 999000	 120	 999000	 999	 2.458687e+03	 466.67	 733.33	 21.00	 13	 0.61	 
n_205	 1	 20	 6210.jpg	 2.461671e+03	 24	 999000	 240	 999000	 999	 2.462687e+03	 466.67	 733.33	 55.00	 19	 0.19	 
n_205	 1	 20	 9050.jpg	 2.463671e+03	 22	 1.364939e+03	 2200	 7.332303e+02	 98	 2.464704e+03	 466.67	 683.33	 45.00	 36	 0.29	 
n_205	 1	 20	 9600.jpg	 2.468671e+03	 24	 999000	 240	 999000	 999	 2.469687e+03	 466.67	 683.33	 57.00	 56	 0.15	 
n_205	 1	 20	 9322.jpg	 2.470671e+03	 12	 999000	 120	 999000	 999	 2.471687e+03	 466.67	 683.33	 20.00	 43	 0.63	 
n_205	 1	 20	 2205.jpg	 2.473671e+03	 11	 7.089159e+02	 110	 4.665759e+02	 98	 2.474704e+03	 483.33	 683.33	 12.00	 10	 0.76	 
n_205	 1	 20	 2039.jpg	 2.476671e+03	 12	 999000	 120	 999000	 999	 2.477687e+03	 483.33	 683.33	 3.00	 9	 0.89	 
n_205	 1	 20	 9290.jpg	 2.480671e+03	 11	 7.169562e+02	 110	 4.832818e+02	 98	 2.481687e+03	 500.00	 683.33	 13.00	 38	 0.73	 
n_205	 1	 20	 6242.jpg	 2.483671e+03	 24	 999000	 240	 999000	 999	 2.484687e+03	 500.00	 683.33	 43.00	 20	 0.31	 
n_205	 1	 20	 6838.jpg	 2.485671e+03	 24	 999000	 240	 999000	 999	 2.486687e+03	 500.00	 683.33	 42.00	 29	 0.32	 
n_205	 1	 20	 9390.jpg	 2.488671e+03	 12	 999000	 120	 999000	 999	 2.489687e+03	 500.00	 683.33	 5.00	 49	 0.86	 
n_205	 1	 20	 2456.jpg	 2.492670e+03	 12	 999000	 120	 999000	 999	 2.493687e+03	 500.00	 683.33	 17.00	 12	 0.66	 
n_205	 1	 20	 8485.jpg	 2.495670e+03	 24	 999000	 240	 999000	 999	 2.496687e+03	 500.00	 683.33	 46.00	 33	 0.28	 
n_205	 1	 20	 9321.jpg	 2.497670e+03	 24	 999000	 240	 999000	 999	 2.498687e+03	 500.00	 683.33	 39.00	 42	 0.39	 
n_205	 1	 20	 2683.jpg	 2.499670e+03	 24	 999000	 240	 999000	 999	 2.500687e+03	 500.00	 683.33	 49.00	 14	 0.27	 
n_205	 1	 20	 6570.JPG	 2.504670e+03	 22	 1.292919e+03	 2200	 6.832423e+02	 98	 2.505704e+03	 500.00	 633.33	 44.00	 25	 0.29	 
n_205	 1	 20	 3103.jpg	 2.508670e+03	 24	 999000	 240	 999000	 999	 2.509687e+03	 500.00	 633.33	 48.00	 17	 0.27	 
n_205	 1	 20	 1019.jpg	 2.512670e+03	 12	 999000	 120	 999000	 999	 2.513687e+03	 500.00	 633.33	 6.00	 4	 0.86	 
n_205	 1	 20	 9930.jpg	 2.518670e+03	 24	 999000	 240	 999000	 999	 2.519687e+03	 500.00	 633.33	 56.00	 60	 0.19	 
n_205	 1	 20	 6312.jpg	 2.520670e+03	 24	 999000	 240	 999000	 999	 2.521687e+03	 500.00	 633.33	 51.00	 21	 0.24	 
n_205	 1	 20	 6571.jpg	 2.522670e+03	 24	 999000	 240	 999000	 999	 2.523687e+03	 500.00	 633.33	 54.00	 26	 0.21	 
n_205	 1	 20	 7359.jpg	 2.524670e+03	 12	 999000	 120	 999000	 999	 2.525687e+03	 500.00	 633.33	 9.00	 31	 0.80	 
n_205	 1	 20	 6836.jpg	 2.526670e+03	 22	 1.228983e+03	 2200	 6.332492e+02	 98	 2.527687e+03	 500.00	 583.33	 50.00	 28	 0.25	 
n_205	 1	 20	 1000.jpg	 2.530670e+03	 12	 999000	 120	 999000	 999	 2.531687e+03	 500.00	 583.33	 14.00	 1	 0.73	 
n_205	 1	 20	 1001.jpg	 2.532670e+03	 11	 7.169579e+02	 110	 4.999097e+02	 98	 2.533687e+03	 516.67	 583.33	 18.00	 2	 0.65	 
n_205	 1	 20	 9395.jpg	 2.536670e+03	 11	 6.369472e+02	 110	 5.165663e+02	 98	 2.537703e+03	 533.33	 583.33	 7.00	 50	 0.86	 
n_205	 1	 20	 1274.jpg	 2.538670e+03	 12	 999000	 120	 999000	 999	 2.539687e+03	 533.33	 583.33	 4.00	 7	 0.87	 
n_205	 1	 20	 2455.jpg	 2.540670e+03	 12	 999000	 120	 999000	 999	 2.541687e+03	 533.33	 583.33	 11.00	 11	 0.77	 
n_205	 1	 20	 6560.JPG	 2.542670e+03	 24	 999000	 240	 999000	 999	 2.543687e+03	 533.33	 583.33	 58.00	 23	 0.10	 
n_205	 1	 20	 6562.jpg	 2.547670e+03	 22	 8.369481e+02	 220	 5.832376e+02	 98	 2.548703e+03	 533.33	 600.00	 47.00	 24	 0.27	 
n_205	 1	 20	 1002.jpg	 2.549670e+03	 11	 9.650501e+02	 110	 5.332958e+02	 98	 2.550687e+03	 550.00	 600.00	 10.00	 3	 0.79	 
n_205	 1	 20	 9291.jpg	 2.551670e+03	 12	 999000	 120	 999000	 999	 2.552687e+03	 550.00	 600.00	 19.00	 39	 0.64	 
n_205	 1	 20	 9340.jpg	 2.554670e+03	 12	 999000	 120	 999000	 999	 2.555687e+03	 550.00	 600.00	 16.00	 45	 0.67	 
n_205	 1	 20	 1111.jpg	 2.561670e+03	 12	 999000	 120	 999000	 999	 2.562687e+03	 550.00	 600.00	 22.00	 5	 0.61	 
n_205	 1	 20	 9425.jpg	 2.565670e+03	 22	 8.529651e+02	 220	 5.999031e+02	 98	 2.566703e+03	 550.00	 616.67	 52.00	 51	 0.24	 
n_205	 1	 20	 1304.jpg	 2.572670e+03	 24	 999000	 240	 999000	 999	 2.573687e+03	 550.00	 616.67	 41.00	 8	 0.33	 
