subjectID	 order	 runNum	 itemName	 onsetTime	 shuff_trialType	 RT	 respInTime	 CueTime	 response	 fixationTime	 ladder1	 ladder2	 bidIndex	 itemNameIndex	 bidValue	 
N_202	 2	 17	 6571.jpg	 2.219830e+03	 12	 999000	 120	 999000	 999	 2.220847e+03	 550.00	 483.33	 6.00	 26	 0.75	 
N_202	 2	 17	 1000.jpg	 2.224830e+03	 24	 999000	 240	 999000	 999	 2.225847e+03	 550.00	 483.33	 42.00	 1	 0.37	 
N_202	 2	 17	 9300.jpg	 2.226830e+03	 22	 7.265335e+02	 220	 4.832627e+02	 98	 2.227863e+03	 550.00	 500.00	 51.00	 40	 0.30	 
N_202	 2	 17	 2039.jpg	 2.228830e+03	 11	 1.126563e+03	 1100	 5.499613e+02	 98	 2.229847e+03	 500.00	 500.00	 14.00	 9	 0.65	 
N_202	 2	 17	 9291.jpg	 2.234830e+03	 12	 999000	 120	 999000	 999	 2.235847e+03	 500.00	 500.00	 22.00	 39	 0.57	 
N_202	 2	 17	 9008.jpg	 2.236830e+03	 24	 999000	 240	 999000	 999	 2.237847e+03	 500.00	 500.00	 39.00	 34	 0.43	 
N_202	 2	 17	 2691.jpg	 2.239830e+03	 24	 999000	 240	 999000	 999	 2.240847e+03	 500.00	 500.00	 44.00	 15	 0.36	 
N_202	 2	 17	 9425.jpg	 2.241830e+03	 12	 999000	 120	 999000	 999	 2.242847e+03	 500.00	 500.00	 20.00	 51	 0.58	 
N_202	 2	 17	 6370.jpg	 2.245830e+03	 12	 999000	 120	 999000	 999	 2.246847e+03	 500.00	 500.00	 13.00	 22	 0.68	 
N_202	 2	 17	 9290.jpg	 2.247830e+03	 24	 999000	 240	 999000	 999	 2.248847e+03	 500.00	 500.00	 56.00	 38	 0.24	 
N_202	 2	 17	 6562.jpg	 2.252830e+03	 11	 8.545353e+02	 110	 4.998955e+02	 98	 2.253847e+03	 516.67	 500.00	 17.00	 24	 0.62	 
N_202	 2	 17	 6312.jpg	 2.259830e+03	 12	 999000	 120	 999000	 999	 2.260847e+03	 516.67	 500.00	 21.00	 21	 0.58	 
N_202	 2	 17	 6210.jpg	 2.261830e+03	 11	 3.026219e+02	 11	 5.166021e+02	 98	 2.262847e+03	 533.33	 500.00	 8.00	 19	 0.75	 
N_202	 2	 17	 9622.jpg	 2.264830e+03	 12	 999000	 120	 999000	 999	 2.265847e+03	 533.33	 500.00	 19.00	 57	 0.60	 
N_202	 2	 17	 9600.jpg	 2.267830e+03	 12	 999000	 120	 999000	 999	 2.268847e+03	 533.33	 500.00	 5.00	 56	 0.79	 
N_202	 2	 17	 9050.jpg	 2.271830e+03	 11	 9.265645e+02	 110	 5.332451e+02	 98	 2.272863e+03	 550.00	 500.00	 16.00	 36	 0.62	 
N_202	 2	 17	 2205.jpg	 2.275830e+03	 24	 999000	 240	 999000	 999	 2.276847e+03	 550.00	 500.00	 55.00	 10	 0.24	 
N_202	 2	 17	 9042.jpg	 2.279830e+03	 24	 999000	 240	 999000	 999	 2.280846e+03	 550.00	 500.00	 50.00	 35	 0.30	 
N_202	 2	 17	 2799.jpg	 2.282830e+03	 12	 999000	 120	 999000	 999	 2.283846e+03	 550.00	 500.00	 15.00	 16	 0.64	 
N_202	 2	 17	 9120.jpg	 2.288830e+03	 11	 9.186175e+02	 110	 5.499004e+02	 98	 2.289863e+03	 566.67	 500.00	 11.00	 37	 0.71	 
N_202	 2	 17	 1111.jpg	 2.290830e+03	 24	 999000	 240	 999000	 999	 2.291846e+03	 566.67	 500.00	 40.00	 5	 0.38	 
N_202	 2	 17	 9321.jpg	 2.293830e+03	 24	 999000	 240	 999000	 999	 2.294846e+03	 566.67	 500.00	 58.00	 42	 0.19	 
N_202	 2	 17	 9390.jpg	 2.295830e+03	 24	 999000	 240	 999000	 999	 2.296846e+03	 566.67	 500.00	 53.00	 49	 0.25	 
N_202	 2	 17	 9930.jpg	 2.297830e+03	 12	 999000	 120	 999000	 999	 2.298846e+03	 566.67	 500.00	 3.00	 60	 0.82	 
N_202	 2	 17	 9325.jpg	 2.299830e+03	 22	 7.986701e+02	 220	 4.999464e+02	 98	 2.300846e+03	 566.67	 516.67	 54.00	 44	 0.25	 
N_202	 2	 17	 9909.jpg	 2.302830e+03	 11	 8.225966e+02	 110	 5.665707e+02	 98	 2.303846e+03	 583.33	 516.67	 9.00	 59	 0.74	 
N_202	 2	 17	 9495.jpg	 2.306830e+03	 12	 999000	 120	 999000	 999	 2.307846e+03	 583.33	 516.67	 7.00	 54	 0.75	 
N_202	 2	 17	 1002.jpg	 2.308830e+03	 22	 8.386650e+02	 220	 5.165952e+02	 98	 2.309846e+03	 583.33	 533.33	 48.00	 3	 0.31	 
N_202	 2	 17	 6838.jpg	 2.310830e+03	 12	 999000	 120	 999000	 999	 2.311846e+03	 583.33	 533.33	 12.00	 29	 0.70	 
N_202	 2	 17	 9395.jpg	 2.312830e+03	 12	 999000	 120	 999000	 999	 2.313846e+03	 583.33	 533.33	 4.00	 50	 0.79	 
N_202	 2	 17	 1271.jpg	 2.314830e+03	 22	 9.666364e+02	 220	 5.332635e+02	 98	 2.315863e+03	 583.33	 550.00	 46.00	 6	 0.33	 
N_202	 2	 17	 6836.jpg	 2.316830e+03	 12	 999000	 120	 999000	 999	 2.317846e+03	 583.33	 550.00	 18.00	 28	 0.61	 
N_202	 2	 17	 9322.jpg	 2.320830e+03	 24	 999000	 240	 999000	 999	 2.321846e+03	 583.33	 550.00	 57.00	 43	 0.23	 
N_202	 2	 17	 1274.jpg	 2.324830e+03	 24	 999000	 240	 999000	 999	 2.325846e+03	 583.33	 550.00	 45.00	 7	 0.35	 
N_202	 2	 17	 1001.jpg	 2.326830e+03	 22	 999000	 2	 5.499360e+02	 999	 2.327846e+03	 583.33	 500.00	 49.00	 2	 0.30	 
N_202	 2	 17	 2457.jpg	 2.328830e+03	 12	 999000	 120	 999000	 999	 2.329846e+03	 583.33	 500.00	 10.00	 13	 0.73	 
N_202	 2	 17	 9903.jpg	 2.330830e+03	 24	 999000	 240	 999000	 999	 2.331846e+03	 583.33	 500.00	 47.00	 58	 0.32	 
N_202	 2	 17	 9373.jpg	 2.332830e+03	 24	 999000	 240	 999000	 999	 2.333846e+03	 583.33	 500.00	 52.00	 48	 0.27	 
N_202	 2	 17	 9301.jpg	 2.338830e+03	 22	 7.586615e+02	 220	 4.999009e+02	 98	 2.339846e+03	 583.33	 516.67	 43.00	 41	 0.37	 
N_202	 2	 17	 7078.jpg	 2.340830e+03	 24	 999000	 240	 999000	 999	 2.341846e+03	 583.33	 516.67	 41.00	 30	 0.37	 
