1	 8	 2683.jpg	 1	 1	 52	 0	 
2	 23	 9342.jpg	 1	 1	 49	 1	 
3	 20	 9300.jpg	 1	 1	 13	 0	 
4	 1	 1001.jpg	 1	 0	 18	 0	 
5	 17	 9008.jpg	 1	 1	 7	 0	 
6	 38	 3180.jpg	 0	 0	 0	 0	 
7	 28	 9622.jpg	 1	 1	 50	 0	 
8	 19	 9291.jpg	 1	 1	 17	 1	 
9	 42	 6313.jpg	 0	 0	 0	 0	 
10	 11	 6242.jpg	 1	 1	 54	 1	 
11	 9	 2799.jpg	 1	 1	 45	 0	 
12	 3	 1019.jpg	 1	 1	 11	 1	 
13	 53	 9423.jpg	 0	 0	 0	 0	 
14	 45	 9043.jpg	 0	 0	 0	 0	 
15	 13	 6562.jpg	 1	 1	 44	 0	 
16	 15	 6821.jpg	 1	 1	 48	 1	 
17	 41	 6211.jpg	 0	 0	 0	 0	 
18	 12	 6312.jpg	 1	 1	 56	 0	 
19	 54	 9429.jpg	 0	 0	 0	 0	 
20	 35	 2590.jpg	 0	 1	 0	 0	 
21	 22	 9322.jpg	 1	 1	 12	 0	 
22	 31	 1110.jpg	 0	 0	 0	 0	 
23	 6	 2039.jpg	 1	 1	 47	 0	 
24	 34	 1302.jpg	 0	 0	 0	 0	 
25	 4	 1111.jpg	 1	 1	 8	 1	 
26	 7	 2456.jpg	 1	 1	 43	 1	 
27	 21	 9301.jpg	 1	 1	 16	 1	 
28	 36	 2700.jpg	 0	 0	 0	 0	 
29	 24	 9390.jpg	 1	 1	 14	 1	 
30	 43	 7380.jpg	 0	 0	 0	 0	 
31	 25	 9395.jpg	 1	 1	 6	 0	 
32	 10	 3103.jpg	 1	 1	 46	 1	 
33	 18	 9290.jpg	 1	 1	 15	 0	 
34	 48	 9280.jpg	 0	 0	 0	 0	 
35	 14	 6571.jpg	 1	 1	 55	 0	 
36	 51	 9326.jpg	 0	 0	 0	 0	 
37	 46	 9090.jpg	 0	 0	 0	 0	 
38	 44	 9031.jpg	 0	 0	 0	 0	 
39	 30	 1004.jpg	 0	 0	 0	 0	 
40	 49	 9295.jpg	 0	 0	 0	 0	 
41	 5	 1274.jpg	 1	 1	 5	 0	 
42	 37	 2900.jpg	 0	 0	 0	 0	 
43	 2	 1002.jpg	 1	 1	 10	 0	 
44	 52	 9330.jpg	 0	 0	 0	 0	 
45	 39	 3230.jpg	 0	 0	 0	 0	 
46	 40	 3500.jpg	 0	 0	 0	 0	 
47	 16	 7359.jpg	 1	 1	 9	 1	 
48	 50	 9320.jpg	 0	 0	 0	 0	 
49	 32	 1205.jpg	 0	 0	 0	 0	 
50	 55	 9905.jpg	 0	 0	 0	 0	 
51	 56	 9941.jpg	 0	 0	 0	 0	 
52	 33	 1280.jpg	 0	 0	 0	 0	 
53	 29	 1003.jpg	 0	 0	 0	 0	 
54	 47	 9254.jpg	 0	 0	 0	 0	 
55	 26	 9425.jpg	 1	 0	 53	 0	 
56	 27	 9427.jpg	 1	 1	 51	 1	 
