subjectID	 order	 runNum	 itemName	 onsetTime	 shuff_trialType	 RT	 respInTime	 CueTime	 response	 fixationTime	 ladder1	 ladder2	 bidIndex	 itemNameIndex	 bidValue	 
n_213	 1	 5	 2683.jpg	 5.080789e+02	 22	 9.645214e+02	 220	 6.833280e+02	 98	 5.090955e+02	 616.67	 700.00	 50.00	 14	 0.27	 
n_213	 1	 5	 9325.jpg	 5.130623e+02	 24	 999000	 240	 999000	 999	 5.140790e+02	 616.67	 700.00	 55.00	 44	 0.25	 
n_213	 1	 5	 2039.jpg	 5.150624e+02	 12	 999000	 120	 999000	 999	 5.160790e+02	 616.67	 700.00	 3.00	 9	 0.82	 
n_213	 1	 5	 9909.jpg	 5.170624e+02	 12	 999000	 120	 999000	 999	 5.180790e+02	 616.67	 700.00	 20.00	 59	 0.64	 
n_213	 1	 5	 9622.jpg	 5.230625e+02	 11	 8.846857e+02	 110	 6.165712e+02	 98	 5.240958e+02	 633.33	 700.00	 18.00	 57	 0.64	 
n_213	 1	 5	 9322.jpg	 5.250625e+02	 24	 999000	 240	 999000	 999	 5.260791e+02	 633.33	 700.00	 41.00	 43	 0.38	 
n_213	 1	 5	 7078.jpg	 5.280625e+02	 12	 999000	 120	 999000	 999	 5.290792e+02	 633.33	 700.00	 5.00	 30	 0.75	 
n_213	 1	 5	 1002.jpg	 5.300626e+02	 24	 999000	 240	 999000	 999	 5.310792e+02	 633.33	 700.00	 56.00	 3	 0.22	 
n_213	 1	 5	 8485.jpg	 5.340626e+02	 12	 999000	 120	 999000	 999	 5.350792e+02	 633.33	 700.00	 21.00	 33	 0.64	 
n_213	 1	 5	 6370.jpg	 5.360626e+02	 11	 9.402853e+02	 110	 6.332516e+02	 98	 5.370793e+02	 650.00	 700.00	 10.00	 22	 0.69	 
n_213	 1	 5	 9301.jpg	 5.410627e+02	 22	 9.561715e+02	 220	 6.999188e+02	 98	 5.420793e+02	 650.00	 716.67	 53.00	 41	 0.25	 
n_213	 1	 5	 2691.jpg	 5.480628e+02	 12	 999000	 120	 999000	 999	 5.490794e+02	 650.00	 716.67	 16.00	 15	 0.66	 
n_213	 1	 5	 1019.jpg	 5.500628e+02	 11	 9.159013e+02	 110	 6.499436e+02	 98	 5.510796e+02	 666.67	 716.67	 7.00	 4	 0.71	 
n_213	 1	 5	 2456.jpg	 5.530629e+02	 11	 9.637963e+02	 110	 6.665894e+02	 98	 5.540963e+02	 683.33	 716.67	 12.00	 12	 0.68	 
n_213	 1	 5	 9930.jpg	 5.560629e+02	 12	 999000	 120	 999000	 999	 5.570795e+02	 683.33	 716.67	 17.00	 60	 0.64	 
n_213	 1	 5	 9495.jpg	 5.600630e+02	 22	 9.635678e+02	 220	 7.165841e+02	 98	 5.610797e+02	 683.33	 733.33	 47.00	 54	 0.31	 
n_213	 1	 5	 6836.jpg	 5.640630e+02	 12	 999000	 120	 999000	 999	 5.650796e+02	 683.33	 733.33	 4.00	 28	 0.82	 
n_213	 1	 5	 9427.jpg	 5.680631e+02	 12	 999000	 120	 999000	 999	 5.690799e+02	 683.33	 733.33	 22.00	 52	 0.62	 
n_213	 1	 5	 9600.jpg	 5.710631e+02	 24	 999000	 240	 999000	 999	 5.720797e+02	 683.33	 733.33	 40.00	 56	 0.39	 
n_213	 1	 5	 9342.jpg	 5.770632e+02	 24	 999000	 240	 999000	 999	 5.780798e+02	 683.33	 733.33	 49.00	 47	 0.28	 
n_213	 1	 5	 9008.jpg	 5.790632e+02	 24	 999000	 240	 999000	 999	 5.800798e+02	 683.33	 733.33	 42.00	 34	 0.38	 
n_213	 1	 5	 9341.jpg	 5.820633e+02	 24	 999000	 240	 999000	 999	 5.830799e+02	 683.33	 733.33	 51.00	 46	 0.27	 
n_213	 1	 5	 6821.jpg	 5.840633e+02	 12	 999000	 120	 999000	 999	 5.850799e+02	 683.33	 733.33	 11.00	 27	 0.69	 
n_213	 1	 5	 7359.jpg	 5.860633e+02	 11	 1.026884e+03	 1100	 6.832859e+02	 98	 5.870799e+02	 633.33	 733.33	 13.00	 31	 0.68	 
n_213	 1	 5	 1274.jpg	 5.880633e+02	 24	 999000	 240	 999000	 999	 5.890800e+02	 633.33	 733.33	 43.00	 7	 0.37	 
n_213	 1	 5	 9373.jpg	 5.910634e+02	 22	 1.018708e+03	 2200	 7.332505e+02	 98	 5.920968e+02	 633.33	 683.33	 52.00	 48	 0.26	 
n_213	 1	 5	 9395.jpg	 5.950634e+02	 12	 999000	 120	 999000	 999	 5.960800e+02	 633.33	 683.33	 6.00	 50	 0.73	 
n_213	 1	 5	 9561.jpg	 5.970634e+02	 12	 999000	 120	 999000	 999	 5.980801e+02	 633.33	 683.33	 9.00	 55	 0.70	 
n_213	 1	 5	 9321.jpg	 5.990635e+02	 24	 999000	 240	 999000	 999	 6.000801e+02	 633.33	 683.33	 39.00	 42	 0.40	 
n_213	 1	 5	 6838.jpg	 6.010635e+02	 12	 999000	 120	 999000	 999	 6.020801e+02	 633.33	 683.33	 14.00	 29	 0.67	 
n_213	 1	 5	 3160.jpg	 6.030635e+02	 24	 999000	 240	 999000	 999	 6.040802e+02	 633.33	 683.33	 58.00	 18	 0.20	 
n_213	 1	 5	 9300.jpg	 6.050636e+02	 24	 999000	 240	 999000	 999	 6.060803e+02	 633.33	 683.33	 48.00	 40	 0.29	 
n_213	 1	 5	 6571.jpg	 6.090636e+02	 11	 9.781461e+02	 110	 6.332478e+02	 98	 6.100802e+02	 650.00	 683.33	 15.00	 26	 0.66	 
n_213	 1	 5	 1271.jpg	 6.130637e+02	 24	 999000	 240	 999000	 999	 6.140803e+02	 650.00	 683.33	 46.00	 6	 0.31	 
n_213	 1	 5	 1001.jpg	 6.150637e+02	 24	 999000	 240	 999000	 999	 6.160803e+02	 650.00	 683.33	 54.00	 2	 0.25	 
n_213	 1	 5	 6312.jpg	 6.170637e+02	 12	 999000	 120	 999000	 999	 6.180803e+02	 650.00	 683.33	 19.00	 21	 0.64	 
n_213	 1	 5	 6210.jpg	 6.190637e+02	 12	 999000	 120	 999000	 999	 6.200804e+02	 650.00	 683.33	 8.00	 19	 0.71	 
n_213	 1	 5	 9290.jpg	 6.210637e+02	 22	 1.081826e+03	 2200	 6.832767e+02	 98	 6.220804e+02	 650.00	 633.33	 45.00	 38	 0.34	 
n_213	 1	 5	 1111.jpg	 6.270639e+02	 24	 999000	 240	 999000	 999	 6.280805e+02	 650.00	 633.33	 57.00	 5	 0.20	 
n_213	 1	 5	 9050.jpg	 6.290639e+02	 22	 9.935218e+02	 220	 6.332594e+02	 98	 6.300805e+02	 650.00	 650.00	 44.00	 36	 0.36	 
