subjectID	 order	 runNum	 itemName	 onsetTime	 shuff_trialType	 RT	 respInTime	 CueTime	 response	 fixationTime	 ladder1	 ladder2	 bidIndex	 itemNameIndex	 bidValue	 
n_214	 2	 3	 9290.jpg	 2.604304e+02	 11	 1.372746e+03	 1100	 6.833046e+02	 98	 2.614470e+02	 633.33	 616.67	 14.00	 38	 0.72	 
n_214	 2	 3	 9042.jpg	 2.654138e+02	 24	 999000	 240	 999000	 999	 2.664303e+02	 633.33	 616.67	 50.00	 35	 0.25	 
n_214	 2	 3	 9390.jpg	 2.674137e+02	 12	 999000	 120	 999000	 999	 2.684303e+02	 633.33	 616.67	 7.00	 49	 0.80	 
n_214	 2	 3	 9120.jpg	 2.694137e+02	 12	 999000	 120	 999000	 999	 2.704303e+02	 633.33	 616.67	 19.00	 37	 0.69	 
n_214	 2	 3	 2683.jpg	 2.754137e+02	 22	 9.333747e+02	 220	 6.165657e+02	 98	 2.764470e+02	 633.33	 633.33	 49.00	 14	 0.25	 
n_214	 2	 3	 6210.jpg	 2.774137e+02	 24	 999000	 240	 999000	 999	 2.784303e+02	 633.33	 633.33	 58.00	 19	 0.12	 
n_214	 2	 3	 2799.jpg	 2.804137e+02	 24	 999000	 240	 999000	 999	 2.814303e+02	 633.33	 633.33	 56.00	 16	 0.18	 
n_214	 2	 3	 9930.jpg	 2.824137e+02	 11	 9.573480e+02	 110	 6.332457e+02	 98	 2.834303e+02	 650.00	 633.33	 16.00	 60	 0.71	 
n_214	 2	 3	 9321.jpg	 2.864137e+02	 12	 999000	 120	 999000	 999	 2.874303e+02	 650.00	 633.33	 18.00	 42	 0.70	 
n_214	 2	 3	 8485.jpg	 2.884137e+02	 24	 999000	 240	 999000	 999	 2.894303e+02	 650.00	 633.33	 52.00	 33	 0.23	 
n_214	 2	 3	 1111.jpg	 2.934137e+02	 12	 999000	 120	 999000	 999	 2.944303e+02	 650.00	 633.33	 10.00	 5	 0.78	 
n_214	 2	 3	 9427.jpg	 3.004137e+02	 24	 999000	 240	 999000	 999	 3.014302e+02	 650.00	 633.33	 42.00	 52	 0.36	 
n_214	 2	 3	 1019.jpg	 3.024136e+02	 12	 999000	 120	 999000	 999	 3.034302e+02	 650.00	 633.33	 4.00	 4	 0.84	 
n_214	 2	 3	 9325.jpg	 3.054136e+02	 24	 999000	 240	 999000	 999	 3.064302e+02	 650.00	 633.33	 39.00	 44	 0.38	 
n_214	 2	 3	 7359.jpg	 3.084136e+02	 24	 999000	 240	 999000	 999	 3.094302e+02	 650.00	 633.33	 40.00	 31	 0.36	 
n_214	 2	 3	 6571.jpg	 3.124136e+02	 24	 999000	 240	 999000	 999	 3.134302e+02	 650.00	 633.33	 41.00	 26	 0.36	 
n_214	 2	 3	 2457.jpg	 3.164136e+02	 12	 999000	 120	 999000	 999	 3.174302e+02	 650.00	 633.33	 22.00	 13	 0.62	 
n_214	 2	 3	 2455.jpg	 3.204136e+02	 12	 999000	 120	 999000	 999	 3.214302e+02	 650.00	 633.33	 6.00	 11	 0.81	 
n_214	 2	 3	 2456.jpg	 3.234136e+02	 11	 1.029361e+03	 1100	 6.499109e+02	 98	 3.244468e+02	 600.00	 633.33	 11.00	 12	 0.78	 
n_214	 2	 3	 2039.jpg	 3.294136e+02	 12	 999000	 120	 999000	 999	 3.304302e+02	 600.00	 633.33	 3.00	 9	 0.86	 
n_214	 2	 3	 6821.jpg	 3.314136e+02	 24	 999000	 240	 999000	 999	 3.324302e+02	 600.00	 633.33	 45.00	 27	 0.31	 
n_214	 2	 3	 9373.jpg	 3.344136e+02	 11	 9.253107e+02	 110	 5.999323e+02	 98	 3.354470e+02	 616.67	 633.33	 9.00	 48	 0.78	 
n_214	 2	 3	 1304.jpg	 3.364135e+02	 12	 999000	 120	 999000	 999	 3.374302e+02	 616.67	 633.33	 21.00	 8	 0.63	 
n_214	 2	 3	 6836.jpg	 3.384135e+02	 22	 9.253093e+02	 220	 6.332477e+02	 98	 3.394301e+02	 616.67	 650.00	 43.00	 28	 0.35	 
n_214	 2	 3	 9322.jpg	 3.404135e+02	 24	 999000	 240	 999000	 999	 3.414301e+02	 616.67	 650.00	 44.00	 43	 0.32	 
n_214	 2	 3	 6570.JPG	 3.434135e+02	 24	 999000	 240	 999000	 999	 3.444301e+02	 616.67	 650.00	 55.00	 25	 0.19	 
n_214	 2	 3	 9341.jpg	 3.474135e+02	 11	 1.077346e+03	 1100	 6.165657e+02	 98	 3.484468e+02	 566.67	 650.00	 17.00	 46	 0.70	 
n_214	 2	 3	 9495.jpg	 3.494135e+02	 12	 999000	 120	 999000	 999	 3.504301e+02	 566.67	 650.00	 20.00	 54	 0.67	 
n_214	 2	 3	 6560.JPG	 3.514135e+02	 24	 999000	 240	 999000	 999	 3.524301e+02	 566.67	 650.00	 53.00	 23	 0.22	 
n_214	 2	 3	 9050.jpg	 3.534135e+02	 22	 9.332956e+02	 220	 6.499352e+02	 98	 3.544468e+02	 566.67	 666.67	 46.00	 36	 0.30	 
n_214	 2	 3	 2205.jpg	 3.554135e+02	 12	 999000	 120	 999000	 999	 3.564301e+02	 566.67	 666.67	 13.00	 10	 0.75	 
n_214	 2	 3	 6370.jpg	 3.574135e+02	 24	 999000	 240	 999000	 999	 3.584301e+02	 566.67	 666.67	 57.00	 22	 0.15	 
n_214	 2	 3	 9301.jpg	 3.614135e+02	 22	 1.189277e+03	 2200	 6.665152e+02	 98	 3.624469e+02	 566.67	 616.67	 54.00	 41	 0.20	 
n_214	 2	 3	 9490.jpg	 3.654135e+02	 22	 8.853274e+02	 220	 6.165750e+02	 98	 3.664468e+02	 566.67	 633.33	 51.00	 53	 0.24	 
n_214	 2	 3	 3103.jpg	 3.674135e+02	 24	 999000	 240	 999000	 999	 3.684301e+02	 566.67	 633.33	 47.00	 17	 0.29	 
n_214	 2	 3	 9340.jpg	 3.694135e+02	 12	 999000	 120	 999000	 999	 3.704301e+02	 566.67	 633.33	 15.00	 45	 0.71	 
n_214	 2	 3	 1002.jpg	 3.714135e+02	 11	 8.533356e+02	 110	 5.665789e+02	 98	 3.724301e+02	 583.33	 633.33	 8.00	 3	 0.79	 
n_214	 2	 3	 9291.jpg	 3.734135e+02	 12	 999000	 120	 999000	 999	 3.744301e+02	 583.33	 633.33	 12.00	 39	 0.76	 
n_214	 2	 3	 9425.jpg	 3.794134e+02	 22	 8.852785e+02	 220	 6.332327e+02	 98	 3.804300e+02	 583.33	 650.00	 48.00	 51	 0.26	 
n_214	 2	 3	 1274.jpg	 3.814134e+02	 12	 999000	 120	 999000	 999	 3.824300e+02	 583.33	 650.00	 5.00	 7	 0.82	 
