subjectID	 order	 runNum	 itemName	 onsetTime	 shuff_trialType	 RT	 respInTime	 CueTime	 response	 fixationTime	 ladder1	 ladder2	 bidIndex	 itemNameIndex	 bidValue	 
n_214	 2	 9	 9322.jpg	 1.164728e+03	 24	 999000	 240	 999000	 999	 1.165745e+03	 683.33	 683.33	 44.00	 43	 0.32	 
n_214	 2	 9	 2205.jpg	 1.169711e+03	 12	 999000	 120	 999000	 999	 1.170728e+03	 683.33	 683.33	 13.00	 10	 0.75	 
n_214	 2	 9	 6560.JPG	 1.171711e+03	 24	 999000	 240	 999000	 999	 1.172728e+03	 683.33	 683.33	 53.00	 23	 0.22	 
n_214	 2	 9	 6570.JPG	 1.173711e+03	 24	 999000	 240	 999000	 999	 1.174728e+03	 683.33	 683.33	 55.00	 25	 0.19	 
n_214	 2	 9	 9340.jpg	 1.179712e+03	 12	 999000	 120	 999000	 999	 1.180728e+03	 683.33	 683.33	 15.00	 45	 0.71	 
n_214	 2	 9	 9321.jpg	 1.181711e+03	 12	 999000	 120	 999000	 999	 1.182728e+03	 683.33	 683.33	 18.00	 42	 0.70	 
n_214	 2	 9	 9490.jpg	 1.184711e+03	 22	 1.136553e+03	 2200	 6.830497e+02	 98	 1.185745e+03	 683.33	 633.33	 51.00	 53	 0.24	 
n_214	 2	 9	 6821.jpg	 1.186711e+03	 24	 999000	 240	 999000	 999	 1.187728e+03	 683.33	 633.33	 45.00	 27	 0.31	 
n_214	 2	 9	 2457.jpg	 1.190712e+03	 12	 999000	 120	 999000	 999	 1.191728e+03	 683.33	 633.33	 22.00	 13	 0.62	 
n_214	 2	 9	 9325.jpg	 1.192711e+03	 24	 999000	 240	 999000	 999	 1.193728e+03	 683.33	 633.33	 39.00	 44	 0.38	 
n_214	 2	 9	 9425.jpg	 1.197712e+03	 22	 9.365143e+02	 220	 6.329849e+02	 98	 1.198745e+03	 683.33	 650.00	 48.00	 51	 0.26	 
n_214	 2	 9	 2683.jpg	 1.204711e+03	 22	 9.447531e+02	 220	 6.498890e+02	 98	 1.205745e+03	 683.33	 666.67	 49.00	 14	 0.25	 
n_214	 2	 9	 8485.jpg	 1.206711e+03	 24	 999000	 240	 999000	 999	 1.207728e+03	 683.33	 666.67	 52.00	 33	 0.23	 
n_214	 2	 9	 2039.jpg	 1.209711e+03	 12	 999000	 120	 999000	 999	 1.210728e+03	 683.33	 666.67	 3.00	 9	 0.86	 
n_214	 2	 9	 9291.jpg	 1.212711e+03	 12	 999000	 120	 999000	 999	 1.213728e+03	 683.33	 666.67	 12.00	 39	 0.76	 
n_214	 2	 9	 6571.jpg	 1.216711e+03	 24	 999000	 240	 999000	 999	 1.217728e+03	 683.33	 666.67	 41.00	 26	 0.36	 
n_214	 2	 9	 9495.jpg	 1.220711e+03	 12	 999000	 120	 999000	 999	 1.221728e+03	 683.33	 666.67	 20.00	 54	 0.67	 
n_214	 2	 9	 1304.jpg	 1.224711e+03	 12	 999000	 120	 999000	 999	 1.225728e+03	 683.33	 666.67	 21.00	 8	 0.63	 
n_214	 2	 9	 2455.jpg	 1.227711e+03	 12	 999000	 120	 999000	 999	 1.228728e+03	 683.33	 666.67	 6.00	 11	 0.81	 
n_214	 2	 9	 1002.jpg	 1.233711e+03	 11	 1.048458e+03	 1100	 6.829426e+02	 98	 1.234744e+03	 633.33	 666.67	 8.00	 3	 0.79	 
n_214	 2	 9	 6370.jpg	 1.235711e+03	 24	 999000	 240	 999000	 999	 1.236728e+03	 633.33	 666.67	 57.00	 22	 0.15	 
n_214	 2	 9	 9042.jpg	 1.238711e+03	 24	 999000	 240	 999000	 999	 1.239728e+03	 633.33	 666.67	 50.00	 35	 0.25	 
n_214	 2	 9	 3103.jpg	 1.240711e+03	 24	 999000	 240	 999000	 999	 1.244728e+03	 633.33	 666.67	 47.00	 17	 0.29	 
n_214	 2	 9	 9120.jpg	 1.245244e+03	 12	 999000	 120	 999000	 999	 1.246261e+03	 633.33	 666.67	 19.00	 37	 0.69	 
n_214	 2	 9	 1019.jpg	 1.246778e+03	 12	 999000	 120	 999000	 999	 1.247794e+03	 633.33	 666.67	 4.00	 4	 0.84	 
n_214	 2	 9	 1274.jpg	 1.248311e+03	 12	 999000	 120	 999000	 999	 1.249328e+03	 633.33	 666.67	 5.00	 7	 0.82	 
n_214	 2	 9	 2799.jpg	 1.251711e+03	 24	 999000	 240	 999000	 999	 1.252728e+03	 633.33	 666.67	 56.00	 16	 0.18	 
n_214	 2	 9	 9390.jpg	 1.253711e+03	 12	 999000	 120	 999000	 999	 1.257728e+03	 633.33	 666.67	 7.00	 49	 0.80	 
n_214	 2	 9	 7359.jpg	 1.258244e+03	 24	 999000	 240	 999000	 999	 1.259261e+03	 633.33	 666.67	 40.00	 31	 0.36	 
n_214	 2	 9	 9373.jpg	 1.259778e+03	 11	 9.181272e+02	 110	 6.333298e+02	 98	 1.260794e+03	 650.00	 666.67	 9.00	 48	 0.78	 
n_214	 2	 9	 1111.jpg	 1.261311e+03	 12	 999000	 120	 999000	 999	 1.262328e+03	 650.00	 666.67	 10.00	 5	 0.78	 
n_214	 2	 9	 9427.jpg	 1.262844e+03	 24	 999000	 240	 999000	 999	 1.263861e+03	 650.00	 666.67	 42.00	 52	 0.36	 
n_214	 2	 9	 6210.jpg	 1.265712e+03	 24	 999000	 240	 999000	 999	 1.266728e+03	 650.00	 666.67	 58.00	 19	 0.12	 
n_214	 2	 9	 9301.jpg	 1.269711e+03	 22	 9.364640e+02	 220	 6.663400e+02	 98	 1.270744e+03	 650.00	 683.33	 54.00	 41	 0.20	 
n_214	 2	 9	 6836.jpg	 1.271712e+03	 22	 1.064243e+03	 2200	 6.827496e+02	 98	 1.272744e+03	 650.00	 633.33	 43.00	 28	 0.35	 
n_214	 2	 9	 9050.jpg	 1.273711e+03	 22	 8.565436e+02	 220	 6.330910e+02	 98	 1.274744e+03	 650.00	 650.00	 46.00	 36	 0.30	 
n_214	 2	 9	 9930.jpg	 1.275728e+03	 11	 8.880437e+02	 110	 6.499259e+02	 98	 1.276744e+03	 666.67	 650.00	 16.00	 60	 0.71	 
n_214	 2	 9	 2456.jpg	 1.277712e+03	 11	 8.882401e+02	 110	 6.660772e+02	 98	 1.278744e+03	 683.33	 650.00	 11.00	 12	 0.78	 
n_214	 2	 9	 9341.jpg	 1.283728e+03	 11	 9.360075e+02	 110	 6.832270e+02	 98	 1.284761e+03	 700.00	 650.00	 17.00	 46	 0.70	 
n_214	 2	 9	 9290.jpg	 1.285728e+03	 11	 9.520776e+02	 110	 6.999154e+02	 98	 1.286744e+03	 716.67	 650.00	 14.00	 38	 0.72	 
