1	4	1271.jpg	1	1	0	0	18
2	28	9930.jpg	1	1	1	1	16
3	3	1111.jpg	1	0	1	1	49
4	7	2455.jpg	1	1	0	0	7
5	8	2691.jpg	1	1	1	1	43
6	6	1304.jpg	1	1	0	0	6
7	16	9008.jpg	1	1	1	1	46
8	27	9903.jpg	1	1	1	1	17
9	5	1274.jpg	1	1	0	0	47
10	20	9301.jpg	1	1	0	0	44
11	1	1002.jpg	1	1	0	0	50
12	25	9425.jpg	1	1	1	1	51
13	22	9341.jpg	1	1	1	1	54
14	18	9290.jpg	1	1	0	0	45
15	13	6838.jpg	1	1	1	1	14
16	12	6836.jpg	1	1	0	0	13
17	10	6242.jpg	1	1	0	0	12
18	14	8480.jpg	1	1	0	1	5
19	26	9490.jpg	1	1	0	0	52
20	24	9390.jpg	1	1	0	0	15
21	17	9050.jpg	1	1	1	1	11
22	19	9300.jpg	1	1	0	0	53
23	2	1019.jpg	1	1	0	0	10
24	23	9342.jpg	1	1	0	0	56
25	11	6312.jpg	1	1	1	1	48
26	15	8485.jpg	1	1	1	1	9
27	9	3160.jpg	1	1	1	1	8
28	21	9322.jpg	1	1	0	0	55
