subjectID	 order	 runNum	 itemName	 onsetTime	 shuff_trialType	 RT	 respInTime	 CueTime	 response	 fixationTime	 ladder1	 ladder2	 bidIndex	 itemNameIndex	 bidValue	 
N_228	 2	 6	 6838.jpg	 6.309176e+02	 22	 1.125431e+03	 2200	 7.166745e+02	 98	 6.319342e+02	 716.67	 666.67	 49.00	 29	 0.27	 
N_228	 2	 6	 7078.jpg	 6.359177e+02	 12	 999000	 120	 999000	 999	 6.369343e+02	 716.67	 666.67	 3.00	 30	 0.87	 
N_228	 2	 6	 9341.jpg	 6.379177e+02	 12	 999000	 120	 999000	 999	 6.389344e+02	 716.67	 666.67	 13.00	 46	 0.70	 
N_228	 2	 6	 9301.jpg	 6.399178e+02	 24	 999000	 240	 999000	 999	 6.409344e+02	 716.67	 666.67	 57.00	 41	 0.16	 
N_228	 2	 6	 6562.jpg	 6.459179e+02	 12	 999000	 120	 999000	 999	 6.469345e+02	 716.67	 666.67	 15.00	 24	 0.68	 
N_228	 2	 6	 9425.jpg	 6.479179e+02	 24	 999000	 240	 999000	 999	 6.489345e+02	 716.67	 666.67	 39.00	 51	 0.37	 
N_228	 2	 6	 2039.jpg	 6.509180e+02	 12	 999000	 120	 999000	 999	 6.519346e+02	 716.67	 666.67	 7.00	 9	 0.80	 
N_228	 2	 6	 2691.jpg	 6.529180e+02	 12	 999000	 120	 999000	 999	 6.539346e+02	 716.67	 666.67	 19.00	 15	 0.64	 
N_228	 2	 6	 9290.jpg	 6.569180e+02	 12	 999000	 120	 999000	 999	 6.579347e+02	 716.67	 666.67	 12.00	 38	 0.74	 
N_228	 2	 6	 9291.jpg	 6.589180e+02	 12	 999000	 120	 999000	 999	 6.599347e+02	 716.67	 666.67	 10.00	 39	 0.76	 
N_228	 2	 6	 9340.jpg	 6.639181e+02	 12	 999000	 120	 999000	 999	 6.649348e+02	 716.67	 666.67	 4.00	 45	 0.87	 
N_228	 2	 6	 9909.jpg	 6.709183e+02	 24	 999000	 240	 999000	 999	 6.719349e+02	 716.67	 666.67	 47.00	 59	 0.29	 
N_228	 2	 6	 9120.jpg	 6.729182e+02	 24	 999000	 240	 999000	 999	 6.739349e+02	 716.67	 666.67	 41.00	 37	 0.34	 
N_228	 2	 6	 1271.jpg	 6.759183e+02	 24	 999000	 240	 999000	 999	 6.769349e+02	 716.67	 666.67	 44.00	 6	 0.32	 
N_228	 2	 6	 1001.jpg	 6.789184e+02	 24	 999000	 240	 999000	 999	 6.799350e+02	 716.67	 666.67	 58.00	 2	 0.13	 
N_228	 2	 6	 9903.jpg	 6.829184e+02	 12	 999000	 120	 999000	 999	 6.839350e+02	 716.67	 666.67	 21.00	 58	 0.62	 
N_228	 2	 6	 8480.jpg	 6.869185e+02	 22	 1.011746e+03	 220	 6.665791e+02	 98	 6.879519e+02	 716.67	 683.33	 51.00	 32	 0.26	 
N_228	 2	 6	 9395.jpg	 6.909186e+02	 11	 1.019652e+03	 1100	 7.165896e+02	 98	 6.919353e+02	 666.67	 683.33	 9.00	 50	 0.79	 
N_228	 2	 6	 1111.jpg	 6.939186e+02	 22	 1.035558e+03	 2200	 6.832493e+02	 98	 6.949519e+02	 666.67	 633.33	 48.00	 5	 0.28	 
N_228	 2	 6	 6370.jpg	 6.999187e+02	 24	 999000	 240	 999000	 999	 7.009353e+02	 666.67	 633.33	 45.00	 22	 0.31	 
N_228	 2	 6	 9490.jpg	 7.019187e+02	 24	 999000	 240	 999000	 999	 7.029353e+02	 666.67	 633.33	 56.00	 53	 0.18	 
N_228	 2	 6	 6242.jpg	 7.049188e+02	 11	 9.551906e+02	 110	 6.665863e+02	 98	 7.059523e+02	 683.33	 633.33	 14.00	 20	 0.68	 
N_228	 2	 6	 9342.jpg	 7.069188e+02	 11	 9.791904e+02	 110	 6.832708e+02	 98	 7.079354e+02	 700.00	 633.33	 16.00	 47	 0.68	 
N_228	 2	 6	 6570.JPG	 7.089188e+02	 24	 999000	 240	 999000	 999	 7.099354e+02	 700.00	 633.33	 50.00	 25	 0.27	 
N_228	 2	 6	 3160.jpg	 7.109188e+02	 12	 999000	 120	 999000	 999	 7.119355e+02	 700.00	 633.33	 20.00	 18	 0.63	 
N_228	 2	 6	 9050.jpg	 7.139189e+02	 24	 999000	 240	 999000	 999	 7.149355e+02	 700.00	 633.33	 42.00	 36	 0.33	 
N_228	 2	 6	 9300.jpg	 7.179190e+02	 24	 999000	 240	 999000	 999	 7.189356e+02	 700.00	 633.33	 53.00	 40	 0.22	 
N_228	 2	 6	 2205.jpg	 7.199190e+02	 12	 999000	 120	 999000	 999	 7.209356e+02	 700.00	 633.33	 5.00	 10	 0.86	 
N_228	 2	 6	 9008.jpg	 7.219190e+02	 22	 9.707805e+02	 220	 6.332732e+02	 98	 7.229356e+02	 700.00	 650.00	 43.00	 34	 0.33	 
N_228	 2	 6	 9322.jpg	 7.239190e+02	 22	 1.010693e+03	 2200	 6.499414e+02	 98	 7.249358e+02	 700.00	 600.00	 46.00	 43	 0.30	 
N_228	 2	 6	 1304.jpg	 7.259191e+02	 11	 9.626544e+02	 110	 6.999345e+02	 98	 7.269357e+02	 716.67	 600.00	 8.00	 8	 0.80	 
N_228	 2	 6	 2455.jpg	 7.279191e+02	 11	 1.042611e+03	 1100	 7.166030e+02	 98	 7.289359e+02	 666.67	 600.00	 11.00	 11	 0.75	 
N_228	 2	 6	 2456.jpg	 7.319192e+02	 11	 9.384308e+02	 110	 6.665842e+02	 98	 7.329526e+02	 683.33	 600.00	 17.00	 12	 0.68	 
N_228	 2	 6	 9325.jpg	 7.359192e+02	 24	 999000	 240	 999000	 999	 7.369358e+02	 683.33	 600.00	 52.00	 44	 0.23	 
N_228	 2	 6	 9390.jpg	 7.379192e+02	 12	 999000	 120	 999000	 999	 7.389359e+02	 683.33	 600.00	 6.00	 49	 0.84	 
N_228	 2	 6	 1002.jpg	 7.399193e+02	 24	 999000	 240	 999000	 999	 7.409359e+02	 683.33	 600.00	 55.00	 3	 0.19	 
N_228	 2	 6	 9373.jpg	 7.419193e+02	 22	 9.542192e+02	 220	 5.999462e+02	 98	 7.429359e+02	 683.33	 616.67	 54.00	 48	 0.20	 
N_228	 2	 6	 9495.jpg	 7.439193e+02	 12	 999000	 120	 999000	 999	 7.449360e+02	 683.33	 616.67	 18.00	 54	 0.66	 
N_228	 2	 6	 6312.jpg	 7.499194e+02	 24	 999000	 240	 999000	 999	 7.509361e+02	 683.33	 616.67	 40.00	 21	 0.36	 
N_228	 2	 6	 3103.jpg	 7.519194e+02	 12	 999000	 120	 999000	 999	 7.529361e+02	 683.33	 616.67	 22.00	 17	 0.62	 
