subjectID	 order	 runNum	 itemName	 onsetTime	 shuff_trialType	 RT	 respInTime	 CueTime	 response	 fixationTime	 ladder1	 ladder2	 bidIndex	 itemNameIndex	 bidValue	 
N_222	 2	 10	 6571.jpg	 1.301804e+03	 12	 999000	 120	 999000	 999	 1.302821e+03	 650.00	 650.00	 13.00	 26	 0.70	 
N_222	 2	 10	 9342.jpg	 1.303804e+03	 11	 8.982885e+02	 110	 6.499624e+02	 98	 1.304821e+03	 666.67	 650.00	 17.00	 47	 0.68	 
N_222	 2	 10	 9490.jpg	 1.307804e+03	 24	 999000	 240	 999000	 999	 1.308821e+03	 666.67	 650.00	 45.00	 53	 0.29	 
N_222	 2	 10	 9322.jpg	 1.310804e+03	 24	 999000	 240	 999000	 999	 1.311821e+03	 666.67	 650.00	 56.00	 43	 0.15	 
N_222	 2	 10	 1274.jpg	 1.312804e+03	 22	 8.980688e+02	 220	 6.499573e+02	 98	 1.316821e+03	 666.67	 666.67	 54.00	 7	 0.18	 
N_222	 2	 10	 9325.jpg	 1.317338e+03	 24	 999000	 240	 999000	 999	 1.318354e+03	 666.67	 666.67	 58.00	 44	 0.09	 
N_222	 2	 10	 9008.jpg	 1.319804e+03	 24	 999000	 240	 999000	 999	 1.323821e+03	 666.67	 666.67	 44.00	 34	 0.36	 
N_222	 2	 10	 3103.jpg	 1.324338e+03	 24	 999000	 240	 999000	 999	 1.325354e+03	 666.67	 666.67	 52.00	 17	 0.21	 
N_222	 2	 10	 9321.jpg	 1.325871e+03	 24	 999000	 240	 999000	 999	 1.326888e+03	 666.67	 666.67	 53.00	 42	 0.19	 
N_222	 2	 10	 9930.jpg	 1.330805e+03	 12	 999000	 120	 999000	 999	 1.331821e+03	 666.67	 666.67	 19.00	 60	 0.65	 
N_222	 2	 10	 6560.JPG	 1.332805e+03	 22	 1.033507e+03	 2200	 6.666101e+02	 98	 1.333821e+03	 666.67	 616.67	 51.00	 23	 0.22	 
N_222	 2	 10	 2799.jpg	 1.334805e+03	 11	 9.374033e+02	 110	 6.666104e+02	 98	 1.335821e+03	 683.33	 616.67	 11.00	 16	 0.71	 
N_222	 2	 10	 9561.jpg	 1.340805e+03	 22	 1.001242e+03	 220	 6.165798e+02	 98	 1.341838e+03	 683.33	 633.33	 46.00	 55	 0.29	 
N_222	 2	 10	 2455.jpg	 1.342805e+03	 12	 999000	 120	 999000	 999	 1.343821e+03	 683.33	 633.33	 3.00	 11	 0.84	 
N_222	 2	 10	 7078.jpg	 1.344805e+03	 12	 999000	 120	 999000	 999	 1.345821e+03	 683.33	 633.33	 7.00	 30	 0.79	 
N_222	 2	 10	 9395.jpg	 1.346805e+03	 12	 999000	 120	 999000	 999	 1.347822e+03	 683.33	 633.33	 6.00	 50	 0.81	 
N_222	 2	 10	 9495.jpg	 1.350805e+03	 24	 999000	 240	 999000	 999	 1.351822e+03	 683.33	 633.33	 40.00	 54	 0.41	 
N_222	 2	 10	 6242.jpg	 1.354805e+03	 12	 999000	 120	 999000	 999	 1.355822e+03	 683.33	 633.33	 12.00	 20	 0.71	 
N_222	 2	 10	 9903.jpg	 1.357805e+03	 12	 999000	 120	 999000	 999	 1.358822e+03	 683.33	 633.33	 20.00	 58	 0.63	 
N_222	 2	 10	 6838.jpg	 1.361805e+03	 12	 999000	 120	 999000	 999	 1.362822e+03	 683.33	 633.33	 21.00	 29	 0.62	 
N_222	 2	 10	 6821.jpg	 1.364805e+03	 11	 9.605094e+02	 110	 6.832485e+02	 98	 1.365839e+03	 700.00	 633.33	 16.00	 27	 0.68	 
N_222	 2	 10	 2205.jpg	 1.366805e+03	 11	 1.032521e+03	 1100	 6.999383e+02	 98	 1.367822e+03	 650.00	 633.33	 14.00	 10	 0.70	 
N_222	 2	 10	 1111.jpg	 1.370805e+03	 24	 999000	 240	 999000	 999	 1.371822e+03	 650.00	 633.33	 41.00	 5	 0.40	 
N_222	 2	 10	 2457.jpg	 1.372805e+03	 12	 999000	 120	 999000	 999	 1.373822e+03	 650.00	 633.33	 10.00	 13	 0.75	 
N_222	 2	 10	 7359.jpg	 1.374805e+03	 22	 9.202513e+02	 220	 6.332847e+02	 98	 1.375822e+03	 650.00	 650.00	 49.00	 31	 0.22	 
N_222	 2	 10	 1271.jpg	 1.378805e+03	 24	 999000	 240	 999000	 999	 1.379822e+03	 650.00	 650.00	 57.00	 6	 0.14	 
N_222	 2	 10	 9042.jpg	 1.380806e+03	 22	 9.920746e+02	 220	 6.499429e+02	 98	 1.381822e+03	 650.00	 666.67	 43.00	 35	 0.36	 
N_222	 2	 10	 6312.jpg	 1.384806e+03	 24	 999000	 240	 999000	 999	 1.385822e+03	 650.00	 666.67	 42.00	 21	 0.37	 
N_222	 2	 10	 9340.jpg	 1.388806e+03	 12	 999000	 120	 999000	 999	 1.389822e+03	 650.00	 666.67	 5.00	 45	 0.81	 
N_222	 2	 10	 2683.jpg	 1.391806e+03	 12	 999000	 120	 999000	 999	 1.392822e+03	 650.00	 666.67	 22.00	 14	 0.62	 
N_222	 2	 10	 2691.jpg	 1.397806e+03	 12	 999000	 120	 999000	 999	 1.398822e+03	 650.00	 666.67	 15.00	 15	 0.69	 
N_222	 2	 10	 1001.jpg	 1.399806e+03	 24	 999000	 240	 999000	 999	 1.400823e+03	 650.00	 666.67	 55.00	 2	 0.15	 
N_222	 2	 10	 9390.jpg	 1.403806e+03	 12	 999000	 120	 999000	 999	 1.404823e+03	 650.00	 666.67	 4.00	 49	 0.82	 
N_222	 2	 10	 9300.jpg	 1.405806e+03	 24	 999000	 240	 999000	 999	 1.406823e+03	 650.00	 666.67	 47.00	 40	 0.28	 
N_222	 2	 10	 1000.jpg	 1.407806e+03	 24	 999000	 240	 999000	 999	 1.408823e+03	 650.00	 666.67	 50.00	 1	 0.22	 
N_222	 2	 10	 9291.jpg	 1.409806e+03	 12	 999000	 120	 999000	 999	 1.410823e+03	 650.00	 666.67	 18.00	 39	 0.67	 
N_222	 2	 10	 3160.jpg	 1.414806e+03	 22	 1.007079e+03	 220	 6.665906e+02	 98	 1.415840e+03	 650.00	 683.33	 48.00	 18	 0.23	 
N_222	 2	 10	 9600.jpg	 1.416806e+03	 11	 1.079089e+03	 1100	 6.499374e+02	 98	 1.417823e+03	 600.00	 683.33	 8.00	 56	 0.77	 
N_222	 2	 10	 9909.jpg	 1.418806e+03	 11	 1.022985e+03	 1100	 5.999377e+02	 98	 1.419823e+03	 550.00	 683.33	 9.00	 59	 0.75	 
N_222	 2	 10	 6570.JPG	 1.421806e+03	 24	 999000	 240	 999000	 999	 1.422823e+03	 550.00	 683.33	 39.00	 25	 0.41	 
