subjectID	 order	 runNum	 itemName	 onsetTime	 shuff_trialType	 RT	 respInTime	 CueTime	 response	 fixationTime	 ladder1	 ladder2	 bidIndex	 itemNameIndex	 bidValue	 
N_233	 1	 6	 9395.jpg	 6.572807e+02	 12	 999000	 120	 999000	 999	 6.582974e+02	 583.33	 450.00	 3.00	 50	 0.88	 
N_233	 1	 6	 9325.jpg	 6.592808e+02	 24	 999000	 240	 999000	 999	 6.602974e+02	 583.33	 450.00	 55.00	 44	 0.18	 
N_233	 1	 6	 9930.jpg	 6.632807e+02	 24	 999000	 240	 999000	 999	 6.642973e+02	 583.33	 450.00	 46.00	 60	 0.31	 
N_233	 1	 6	 2457.jpg	 6.662807e+02	 11	 1.130116e+03	 1100	 5.832360e+02	 98	 6.673140e+02	 533.33	 450.00	 18.00	 13	 0.67	 
N_233	 1	 6	 9622.jpg	 6.682807e+02	 24	 999000	 240	 999000	 999	 6.692973e+02	 533.33	 450.00	 54.00	 57	 0.21	 
N_233	 1	 6	 6571.jpg	 6.712806e+02	 24	 999000	 240	 999000	 999	 6.722972e+02	 533.33	 450.00	 39.00	 26	 0.42	 
N_233	 1	 6	 2455.jpg	 6.752806e+02	 11	 9.461248e+02	 110	 5.332360e+02	 98	 6.763140e+02	 550.00	 450.00	 13.00	 11	 0.74	 
N_233	 1	 6	 6838.jpg	 6.792805e+02	 24	 999000	 240	 999000	 999	 6.802971e+02	 550.00	 450.00	 56.00	 29	 0.17	 
N_233	 1	 6	 9425.jpg	 6.812805e+02	 22	 9.140799e+02	 220	 4.498994e+02	 98	 6.823138e+02	 550.00	 466.67	 52.00	 51	 0.24	 
N_233	 1	 6	 9340.jpg	 6.862804e+02	 12	 999000	 120	 999000	 999	 6.872970e+02	 550.00	 466.67	 11.00	 45	 0.75	 
N_233	 1	 6	 9390.jpg	 6.882804e+02	 11	 1.034170e+03	 1100	 5.499233e+02	 98	 6.893137e+02	 500.00	 466.67	 7.00	 49	 0.79	 
N_233	 1	 6	 9321.jpg	 6.902804e+02	 22	 1.082148e+03	 2200	 4.665761e+02	 98	 6.913138e+02	 500.00	 416.67	 53.00	 42	 0.24	 
N_233	 1	 6	 1304.jpg	 6.962803e+02	 12	 999000	 120	 999000	 999	 6.972969e+02	 500.00	 416.67	 5.00	 8	 0.82	 
N_233	 1	 6	 6560.JPG	 6.982802e+02	 24	 999000	 240	 999000	 999	 6.992968e+02	 500.00	 416.67	 43.00	 23	 0.36	 
N_233	 1	 6	 8485.jpg	 7.002802e+02	 22	 9.861703e+02	 220	 4.165806e+02	 98	 7.012968e+02	 500.00	 433.33	 45.00	 33	 0.33	 
N_233	 1	 6	 2456.jpg	 7.022802e+02	 12	 999000	 120	 999000	 999	 7.062970e+02	 500.00	 433.33	 8.00	 12	 0.79	 
N_233	 1	 6	 6312.jpg	 7.068134e+02	 24	 999000	 240	 999000	 999	 7.078300e+02	 500.00	 433.33	 58.00	 21	 0.15	 
N_233	 1	 6	 8480.jpg	 7.102801e+02	 24	 999000	 240	 999000	 999	 7.112967e+02	 500.00	 433.33	 49.00	 32	 0.29	 
N_233	 1	 6	 9342.jpg	 7.132800e+02	 12	 999000	 120	 999000	 999	 7.142966e+02	 500.00	 433.33	 22.00	 47	 0.56	 
N_233	 1	 6	 9300.jpg	 7.172800e+02	 12	 999000	 120	 999000	 999	 7.182966e+02	 500.00	 433.33	 9.00	 40	 0.77	 
N_233	 1	 6	 7078.jpg	 7.202799e+02	 11	 8.581598e+02	 110	 4.998932e+02	 98	 7.212965e+02	 516.67	 433.33	 12.00	 30	 0.75	 
N_233	 1	 6	 1111.jpg	 7.222799e+02	 11	 9.061382e+02	 110	 5.165771e+02	 98	 7.233133e+02	 533.33	 433.33	 15.00	 5	 0.73	 
N_233	 1	 6	 1274.jpg	 7.262799e+02	 12	 999000	 120	 999000	 999	 7.272964e+02	 533.33	 433.33	 14.00	 7	 0.74	 
N_233	 1	 6	 2039.jpg	 7.282798e+02	 12	 999000	 120	 999000	 999	 7.292964e+02	 533.33	 433.33	 20.00	 9	 0.58	 
N_233	 1	 6	 2205.jpg	 7.302798e+02	 12	 999000	 120	 999000	 999	 7.312964e+02	 533.33	 433.33	 19.00	 10	 0.61	 
N_233	 1	 6	 1271.jpg	 7.342798e+02	 12	 999000	 120	 999000	 999	 7.382966e+02	 533.33	 433.33	 21.00	 6	 0.57	 
N_233	 1	 6	 1002.jpg	 7.388129e+02	 11	 8.849032e+02	 110	 5.333233e+02	 98	 7.398296e+02	 550.00	 433.33	 10.00	 3	 0.76	 
N_233	 1	 6	 9322.jpg	 7.403463e+02	 22	 8.555603e+02	 220	 4.332720e+02	 98	 7.413629e+02	 550.00	 450.00	 47.00	 43	 0.31	 
N_233	 1	 6	 9495.jpg	 7.442796e+02	 24	 999000	 240	 999000	 999	 7.452962e+02	 550.00	 450.00	 51.00	 54	 0.26	 
N_233	 1	 6	 9290.jpg	 7.472796e+02	 12	 999000	 120	 999000	 999	 7.482961e+02	 550.00	 450.00	 6.00	 38	 0.79	 
N_233	 1	 6	 3103.jpg	 7.532795e+02	 24	 999000	 240	 999000	 999	 7.542961e+02	 550.00	 450.00	 41.00	 17	 0.37	 
N_233	 1	 6	 9561.jpg	 7.552794e+02	 22	 1.026216e+03	 2200	 4.499148e+02	 98	 7.563127e+02	 550.00	 400.00	 44.00	 55	 0.34	 
N_233	 1	 6	 9490.jpg	 7.592794e+02	 24	 999000	 240	 999000	 999	 7.602960e+02	 550.00	 400.00	 48.00	 53	 0.30	 
N_233	 1	 6	 6570.JPG	 7.612793e+02	 24	 999000	 240	 999000	 999	 7.622959e+02	 550.00	 400.00	 57.00	 25	 0.16	 
N_233	 1	 6	 9341.jpg	 7.632793e+02	 12	 999000	 120	 999000	 999	 7.642959e+02	 550.00	 400.00	 16.00	 46	 0.73	 
N_233	 1	 6	 1000.jpg	 7.652793e+02	 12	 999000	 120	 999000	 999	 7.662959e+02	 550.00	 400.00	 17.00	 1	 0.72	 
N_233	 1	 6	 9600.jpg	 7.702792e+02	 24	 999000	 240	 999000	 999	 7.712958e+02	 550.00	 400.00	 40.00	 56	 0.37	 
N_233	 1	 6	 2683.jpg	 7.722792e+02	 22	 8.101743e+02	 220	 3.999025e+02	 98	 7.733126e+02	 550.00	 416.67	 50.00	 14	 0.28	 
N_233	 1	 6	 7359.jpg	 7.742792e+02	 12	 999000	 120	 999000	 999	 7.752958e+02	 550.00	 416.67	 4.00	 31	 0.83	 
N_233	 1	 6	 9050.jpg	 7.772791e+02	 24	 999000	 240	 999000	 999	 7.782957e+02	 550.00	 416.67	 42.00	 36	 0.36	 
