subjectID	 order	 runNum	 itemName	 onsetTime	 shuff_trialType	 RT	 respInTime	 CueTime	 response	 fixationTime	 ladder1	 ladder2	 bidIndex	 itemNameIndex	 bidValue	 
N_231	 1	 15	 9042.jpg	 1.887389e+03	 24	 999000	 240	 999000	 999	 1.888406e+03	 616.67	 550.00	 48.00	 35	 0.25	 
N_231	 1	 15	 1000.jpg	 1.889389e+03	 24	 999000	 240	 999000	 999	 1.890405e+03	 616.67	 550.00	 40.00	 1	 0.38	 
N_231	 1	 15	 2799.jpg	 1.893389e+03	 24	 999000	 240	 999000	 999	 1.894405e+03	 616.67	 550.00	 39.00	 16	 0.40	 
N_231	 1	 15	 1271.jpg	 1.896405e+03	 22	 9.736378e+02	 220	 5.499065e+02	 98	 1.897439e+03	 616.67	 566.67	 45.00	 6	 0.33	 
N_231	 1	 15	 9290.jpg	 1.898389e+03	 11	 9.575462e+02	 110	 6.157452e+02	 98	 1.899422e+03	 633.33	 566.67	 18.00	 38	 0.65	 
N_231	 1	 15	 9373.jpg	 1.901405e+03	 24	 999000	 240	 999000	 999	 1.902422e+03	 633.33	 566.67	 46.00	 48	 0.29	 
N_231	 1	 15	 1019.jpg	 1.905389e+03	 24	 999000	 240	 999000	 999	 1.906405e+03	 633.33	 566.67	 43.00	 4	 0.36	 
N_231	 1	 15	 9300.jpg	 1.909389e+03	 24	 999000	 240	 999000	 999	 1.910405e+03	 633.33	 566.67	 51.00	 40	 0.22	 
N_231	 1	 15	 1111.jpg	 1.911389e+03	 22	 9.655769e+02	 220	 5.654126e+02	 98	 1.912421e+03	 633.33	 583.33	 50.00	 5	 0.24	 
N_231	 1	 15	 1274.jpg	 1.916405e+03	 12	 999000	 120	 999000	 999	 1.917421e+03	 633.33	 583.33	 11.00	 7	 0.73	 
N_231	 1	 15	 9008.jpg	 1.918404e+03	 24	 999000	 240	 999000	 999	 1.919421e+03	 633.33	 583.33	 58.00	 34	 0.12	 
N_231	 1	 15	 9395.jpg	 1.920404e+03	 12	 999000	 120	 999000	 999	 1.921421e+03	 633.33	 583.33	 14.00	 50	 0.70	 
N_231	 1	 15	 9321.jpg	 1.926404e+03	 22	 9.105031e+02	 220	 5.832148e+02	 98	 1.927437e+03	 633.33	 600.00	 53.00	 42	 0.19	 
N_231	 1	 15	 9390.jpg	 1.928404e+03	 12	 999000	 120	 999000	 999	 1.929421e+03	 633.33	 600.00	 3.00	 49	 0.86	 
N_231	 1	 15	 2205.jpg	 1.930404e+03	 12	 999000	 120	 999000	 999	 1.931420e+03	 633.33	 600.00	 4.00	 10	 0.86	 
N_231	 1	 15	 2457.jpg	 1.932404e+03	 12	 999000	 120	 999000	 999	 1.933420e+03	 633.33	 600.00	 16.00	 13	 0.67	 
N_231	 1	 15	 6312.jpg	 1.936404e+03	 11	 9.588270e+02	 110	 6.332496e+02	 98	 1.937420e+03	 650.00	 600.00	 15.00	 21	 0.68	 
N_231	 1	 15	 6210.jpg	 1.940404e+03	 22	 9.428576e+02	 220	 5.998815e+02	 98	 1.941437e+03	 650.00	 616.67	 44.00	 19	 0.36	 
N_231	 1	 15	 6562.jpg	 1.943403e+03	 22	 9.989560e+02	 220	 6.165664e+02	 98	 1.944420e+03	 650.00	 633.33	 47.00	 24	 0.25	 
N_231	 1	 15	 9322.jpg	 1.947403e+03	 24	 999000	 240	 999000	 999	 1.948420e+03	 650.00	 633.33	 56.00	 43	 0.14	 
N_231	 1	 15	 9050.jpg	 1.950403e+03	 11	 9.431943e+02	 110	 6.499010e+02	 98	 1.951436e+03	 666.67	 633.33	 12.00	 36	 0.72	 
N_231	 1	 15	 6370.jpg	 1.952403e+03	 12	 999000	 120	 999000	 999	 1.953420e+03	 666.67	 633.33	 17.00	 22	 0.66	 
N_231	 1	 15	 7359.jpg	 1.956403e+03	 24	 999000	 240	 999000	 999	 1.957419e+03	 666.67	 633.33	 49.00	 31	 0.25	 
N_231	 1	 15	 9291.jpg	 1.958403e+03	 12	 999000	 120	 999000	 999	 1.959419e+03	 666.67	 633.33	 9.00	 39	 0.76	 
N_231	 1	 15	 6242.jpg	 1.960403e+03	 11	 1.071498e+03	 1100	 6.666242e+02	 98	 1.961419e+03	 616.67	 633.33	 10.00	 20	 0.75	 
N_231	 1	 15	 9341.jpg	 1.964403e+03	 11	 1.439563e+03	 1100	 6.165524e+02	 98	 1.965436e+03	 566.67	 633.33	 13.00	 46	 0.70	 
N_231	 1	 15	 2039.jpg	 1.966402e+03	 12	 999000	 120	 999000	 999	 1.967419e+03	 566.67	 633.33	 5.00	 9	 0.85	 
N_231	 1	 15	 9120.jpg	 1.970402e+03	 11	 8.317004e+02	 110	 5.665514e+02	 98	 1.971419e+03	 583.33	 633.33	 7.00	 37	 0.78	 
N_231	 1	 15	 9340.jpg	 1.974402e+03	 12	 999000	 120	 999000	 999	 1.975419e+03	 583.33	 633.33	 21.00	 45	 0.64	 
N_231	 1	 15	 9622.jpg	 1.977402e+03	 24	 999000	 240	 999000	 999	 1.978419e+03	 583.33	 633.33	 42.00	 57	 0.37	 
N_231	 1	 15	 9561.jpg	 1.983402e+03	 22	 1.208120e+03	 2200	 6.332185e+02	 98	 1.984418e+03	 583.33	 583.33	 52.00	 55	 0.20	 
N_231	 1	 15	 9342.jpg	 1.985402e+03	 12	 999000	 120	 999000	 999	 1.986418e+03	 583.33	 583.33	 8.00	 47	 0.78	 
N_231	 1	 15	 1001.jpg	 1.989401e+03	 24	 999000	 240	 999000	 999	 1.990418e+03	 583.33	 583.33	 57.00	 2	 0.12	 
N_231	 1	 15	 9495.jpg	 1.991401e+03	 12	 999000	 120	 999000	 999	 1.992418e+03	 583.33	 583.33	 22.00	 54	 0.61	 
N_231	 1	 15	 3160.jpg	 1.993401e+03	 24	 999000	 240	 999000	 999	 1.994418e+03	 583.33	 583.33	 54.00	 18	 0.18	 
N_231	 1	 15	 7078.jpg	 1.995401e+03	 12	 999000	 120	 999000	 999	 1.996418e+03	 583.33	 583.33	 6.00	 30	 0.79	 
N_231	 1	 15	 6836.jpg	 2.000401e+03	 12	 999000	 120	 999000	 999	 2.001418e+03	 583.33	 583.33	 19.00	 28	 0.64	 
N_231	 1	 15	 6570.JPG	 2.002401e+03	 24	 999000	 240	 999000	 999	 2.003418e+03	 583.33	 583.33	 41.00	 25	 0.38	 
N_231	 1	 15	 9325.jpg	 2.004401e+03	 24	 999000	 240	 999000	 999	 2.005417e+03	 583.33	 583.33	 55.00	 44	 0.15	 
N_231	 1	 15	 1304.jpg	 2.007401e+03	 12	 999000	 120	 999000	 999	 2.008417e+03	 583.33	 583.33	 20.00	 8	 0.64	 
