subjectID	order	runNum	itemName	onsetTime	shuff_trialType	RT	respInTime	AudioTime	response	fixationTime	ladder1	ladder2	bidIndex	BDMtrialIndex	bidValue
CAr_116	 2	 13	 DoritosNatural.bmp	 1.705185e+03	 12	 999000	 120	 999000	 999	 1.706203e+03	 916.67	 916.67	 19.00	 27	 4.89	 
CAr_116	 2	 13	 Keifli.bmp	 1.710174e+03	 24	 999000	 240	 999000	 999	 1.711192e+03	 916.67	 916.67	 39.00	 36	 1.78	 
CAr_116	 2	 13	 Mekupelet.bmp	 1.712176e+03	 11	 4.947953e+02	 11	 9.166880e+02	 98	 1.713194e+03	 916.67	 916.67	 11.00	 20	 7.04	 
CAr_116	 2	 13	 BagaleShtuhim.bmp	 1.714178e+03	 12	 999000	 120	 999000	 999	 1.715196e+03	 916.67	 916.67	 22.00	 51	 3.91	 
CAr_116	 2	 13	 ClickBisquit2.bmp	 1.720168e+03	 12	 999000	 120	 999000	 999	 1.721186e+03	 916.67	 916.67	 3.00	 34	 9.87	 
CAr_116	 2	 13	 PesekZman.bmp	 1.722171e+03	 12	 4.441567e+02	 12	 999000	 98	 1.723188e+03	 916.67	 916.67	 13.00	 35	 6.96	 
CAr_116	 2	 13	 Twist.bmp	 1.725174e+03	 24	 999000	 240	 999000	 999	 1.726192e+03	 916.67	 916.67	 41.00	 43	 1.69	 
CAr_116	 2	 13	 Taami.bmp	 1.727176e+03	 24	 999000	 240	 999000	 999	 1.728194e+03	 916.67	 916.67	 40.00	 13	 1.69	 
CAr_116	 2	 13	 BabyDoll.bmp	 1.731181e+03	 24	 999000	 240	 999000	 999	 1.732198e+03	 916.67	 916.67	 55.00	 1	 0.62	 
CAr_116	 2	 13	 Kitkat.bmp	 1.733166e+03	 24	 999000	 240	 999000	 999	 1.734184e+03	 916.67	 916.67	 50.00	 55	 1.62	 
CAr_116	 2	 13	 Bamba.bmp	 1.738172e+03	 11	 5.481667e+02	 11	 9.166749e+02	 98	 1.739190e+03	 916.67	 916.67	 14.00	 37	 6.93	 
CAr_116	 2	 13	 Loacker.bmp	 1.745180e+03	 12	 999000	 120	 999000	 999	 1.746197e+03	 916.67	 916.67	 12.00	 60	 7.02	 
CAr_116	 2	 13	 DoritosSourSpicy.bmp	 1.747182e+03	 24	 999000	 240	 999000	 999	 1.748200e+03	 916.67	 916.67	 58.00	 6	 0.53	 
CAr_116	 2	 13	 HispusimShatiah.bmp	 1.750169e+03	 24	 999000	 240	 999000	 999	 1.751186e+03	 916.67	 916.67	 56.00	 25	 0.60	 
CAr_116	 2	 13	 Smarties.bmp	 1.753172e+03	 22	 5.226165e+02	 22	 9.166954e+02	 98	 1.754190e+03	 916.67	 916.67	 46.00	 39	 1.64	 
CAr_116	 2	 13	 Mentos.bmp	 1.757177e+03	 24	 999000	 240	 999000	 999	 1.758194e+03	 916.67	 916.67	 47.00	 3	 1.62	 
CAr_116	 2	 13	 Tapuchips.bmp	 1.761181e+03	 12	 999000	 120	 999000	 999	 1.762199e+03	 916.67	 916.67	 20.00	 15	 4.87	 
CAr_116	 2	 13	 Shugi.bmp	 1.765169e+03	 11	 6.458450e+02	 11	 9.166848e+02	 98	 1.766187e+03	 916.67	 916.67	 17.00	 31	 5.31	 
CAr_116	 2	 13	 Egozi.bmp	 1.768172e+03	 22	 5.384751e+02	 22	 9.166769e+02	 98	 1.769190e+03	 916.67	 916.67	 49.00	 44	 1.62	 
CAr_116	 2	 13	 TapuchipsCrunch.bmp	 1.774179e+03	 12	 999000	 120	 999000	 999	 1.775197e+03	 916.67	 916.67	 21.00	 7	 4.24	 
CAr_116	 2	 13	 CrunchBisquitBrown3.bmp	 1.776181e+03	 12	 999000	 120	 999000	 999	 1.777199e+03	 916.67	 916.67	 5.00	 52	 9.49	 
CAr_116	 2	 13	 KinderBuenoBrown3.bmp	 1.779168e+03	 12	 999000	 120	 999000	 999	 1.780186e+03	 916.67	 916.67	 10.00	 11	 7.04	 
CAr_116	 2	 13	 KinderBuenoWhite2.bmp	 1.781170e+03	 12	 999000	 120	 999000	 999	 1.782188e+03	 916.67	 916.67	 6.00	 58	 9.16	 
CAr_116	 2	 13	 BambaSweet.bmp	 1.783172e+03	 22	 4.904074e+02	 22	 9.166758e+02	 98	 1.784190e+03	 916.67	 916.67	 51.00	 28	 1.60	 
CAr_116	 2	 13	 BisliOnion.bmp	 1.785175e+03	 24	 999000	 240	 999000	 999	 1.786192e+03	 916.67	 916.67	 45.00	 38	 1.64	 
CAr_116	 2	 13	 GumiSnakes3.bmp	 1.788178e+03	 24	 999000	 240	 999000	 999	 1.789196e+03	 916.67	 916.67	 57.00	 2	 0.56	 
CAr_116	 2	 13	 Dubonim.bmp	 1.792183e+03	 12	 999000	 120	 999000	 999	 1.793200e+03	 916.67	 916.67	 15.00	 4	 5.89	 
CAr_116	 2	 13	 Apropo.bmp	 1.794168e+03	 11	 7.106389e+02	 11	 9.166771e+02	 98	 1.795186e+03	 916.67	 916.67	 8.00	 16	 8.07	 
CAr_116	 2	 13	 Halva2.bmp	 1.796170e+03	 24	 999000	 240	 999000	 999	 1.797188e+03	 916.67	 916.67	 52.00	 33	 1.53	 
CAr_116	 2	 13	 ChocolateParaSucariotKoftzot2.bmp	 1.798172e+03	 12	 999000	 120	 999000	 999	 1.799190e+03	 916.67	 916.67	 18.00	 18	 4.89	 
CAr_116	 2	 13	 GumiWine2.bmp	 1.800175e+03	 22	 5.439770e+02	 22	 9.166785e+02	 98	 1.801192e+03	 916.67	 916.67	 54.00	 10	 0.64	 
CAr_116	 2	 13	 Cheetos.bmp	 1.802177e+03	 24	 999000	 240	 999000	 999	 1.803195e+03	 916.67	 916.67	 44.00	 42	 1.67	 
CAr_116	 2	 13	 SkittlesSour4.bmp	 1.806181e+03	 22	 5.212874e+02	 22	 9.166774e+02	 98	 1.807199e+03	 916.67	 916.67	 48.00	 5	 1.62	 
CAr_116	 2	 13	 Popco.bmp	 1.810169e+03	 22	 4.694242e+02	 22	 9.166773e+02	 98	 1.811187e+03	 916.67	 916.67	 43.00	 22	 1.67	 
CAr_116	 2	 13	 Twix.bmp	 1.812172e+03	 12	 6.030703e+02	 12	 999000	 98	 1.813189e+03	 916.67	 916.67	 7.00	 57	 9.07	 
CAr_116	 2	 13	 KinderJoy.bmp	 1.814174e+03	 11	 6.329418e+02	 11	 9.166814e+02	 98	 1.815192e+03	 916.67	 916.67	 16.00	 47	 5.87	 
CAr_116	 2	 13	 Snickers.bmp	 1.816176e+03	 24	 999000	 240	 999000	 999	 1.817194e+03	 916.67	 916.67	 42.00	 56	 1.69	 
CAr_116	 2	 13	 KashitSour.bmp	 1.818178e+03	 24	 999000	 240	 999000	 999	 1.819196e+03	 916.67	 916.67	 53.00	 24	 0.67	 
CAr_116	 2	 13	 Hit.bmp	 1.824168e+03	 11	 5.022442e+02	 11	 9.166795e+02	 98	 1.825186e+03	 916.67	 916.67	 9.00	 41	 8.04	 
CAr_116	 2	 13	 ClickBlackWhite3.bmp	 1.826171e+03	 12	 999000	 120	 999000	 999	 1.827188e+03	 916.67	 916.67	 4.00	 53	 9.51	 
