subjectID	order	runNum	itemName	onsetTime	shuff_trialType	RT	respInTime	AudioTime	response	fixationTime	ladder1	ladder2	bidIndex	BDMtrialIndex	bidValue
CAr_119	 1	 3	 Tictac.bmp	 2.603650e+02	 22	 9.373520e+02	 220	 6.166886e+02	 98	 2.613828e+02	 616.67	 633.33	 50.00	 56	 0.11	 
CAr_119	 1	 3	 ChocolateParaCookies5.bmp	 2.623506e+02	 12	 999000	 120	 999000	 999	 2.633684e+02	 616.67	 633.33	 16.00	 34	 1.64	 
CAr_119	 1	 3	 KashitSour.bmp	 2.663550e+02	 11	 8.753053e+02	 110	 6.166817e+02	 98	 2.673729e+02	 633.33	 633.33	 13.00	 3	 2.73	 
CAr_119	 1	 3	 Twist.bmp	 2.693583e+02	 24	 999000	 240	 999000	 999	 2.703762e+02	 633.33	 633.33	 55.00	 39	 0.07	 
CAr_119	 1	 3	 CrunchBisquitWhite2.bmp	 2.713606e+02	 11	 9.337443e+02	 110	 6.333498e+02	 98	 2.723784e+02	 650.00	 633.33	 10.00	 54	 3.82	 
CAr_119	 1	 3	 ClickBlackWhite3.bmp	 2.743475e+02	 12	 999000	 120	 999000	 999	 2.753650e+02	 650.00	 633.33	 19.00	 17	 1.11	 
CAr_119	 1	 3	 BabyDoll.bmp	 2.783519e+02	 22	 9.904076e+02	 220	 6.333418e+02	 98	 2.793696e+02	 650.00	 650.00	 52.00	 32	 0.09	 
CAr_119	 1	 3	 CrunchBisquitBrown3.bmp	 2.823564e+02	 12	 999000	 120	 999000	 999	 2.833740e+02	 650.00	 650.00	 9.00	 50	 3.82	 
CAr_119	 1	 3	 DoritosSourSpicy.bmp	 2.843586e+02	 11	 1.063780e+03	 1100	 6.500146e+02	 98	 2.853763e+02	 600.00	 650.00	 18.00	 21	 1.49	 
CAr_119	 1	 3	 Tapuchips.bmp	 2.893472e+02	 12	 999000	 120	 999000	 999	 2.903654e+02	 600.00	 650.00	 8.00	 9	 3.82	 
CAr_119	 1	 3	 KinderBuenoBrown3.bmp	 2.913498e+02	 12	 999000	 120	 999000	 999	 2.923675e+02	 600.00	 650.00	 17.00	 18	 1.56	 
CAr_119	 1	 3	 ClickBalls5.bmp	 2.933520e+02	 12	 999000	 120	 999000	 999	 2.943697e+02	 600.00	 650.00	 22.00	 20	 0.71	 
CAr_119	 1	 3	 DoritosGrill.bmp	 2.993587e+02	 24	 999000	 240	 999000	 999	 3.003765e+02	 600.00	 650.00	 43.00	 47	 0.13	 
CAr_119	 1	 3	 Tortit.bmp	 3.013610e+02	 22	 1.029307e+03	 2200	 6.500172e+02	 98	 3.023789e+02	 600.00	 600.00	 47.00	 41	 0.11	 
CAr_119	 1	 3	 Keifli.bmp	 3.033632e+02	 22	 9.951634e+02	 220	 6.000136e+02	 98	 3.043810e+02	 600.00	 616.67	 53.00	 51	 0.09	 
CAr_119	 1	 3	 HispusimShatiah.bmp	 3.053488e+02	 12	 999000	 120	 999000	 999	 3.063665e+02	 600.00	 616.67	 11.00	 43	 2.80	 
CAr_119	 1	 3	 HappyHippo.bmp	 3.093532e+02	 24	 999000	 240	 999000	 999	 3.103710e+02	 600.00	 616.67	 58.00	 2	 0.02	 
CAr_119	 1	 3	 Shugi.bmp	 3.133578e+02	 24	 999000	 240	 999000	 999	 3.143755e+02	 600.00	 616.67	 56.00	 49	 0.07	 
CAr_119	 1	 3	 Kitkat.bmp	 3.163612e+02	 11	 9.971654e+02	 110	 6.000105e+02	 98	 3.173789e+02	 616.67	 616.67	 15.00	 60	 2.64	 
CAr_119	 1	 3	 Taami.bmp	 3.203490e+02	 12	 999000	 120	 999000	 999	 3.213667e+02	 616.67	 616.67	 6.00	 1	 3.84	 
CAr_119	 1	 3	 BagaleShtuhim.bmp	 3.233523e+02	 22	 9.900203e+02	 220	 6.166753e+02	 98	 3.243701e+02	 616.67	 633.33	 44.00	 52	 0.13	 
CAr_119	 1	 3	 Twix.bmp	 3.253547e+02	 24	 999000	 240	 999000	 999	 3.263724e+02	 616.67	 633.33	 46.00	 23	 0.11	 
CAr_119	 1	 3	 Dubonim.bmp	 3.293590e+02	 12	 999000	 120	 999000	 999	 3.303768e+02	 616.67	 633.33	 5.00	 14	 4.38	 
CAr_119	 1	 3	 SkittlesFruits2.bmp	 3.313612e+02	 24	 999000	 240	 999000	 999	 3.323790e+02	 616.67	 633.33	 49.00	 55	 0.11	 
CAr_119	 1	 3	 BambaSweet.bmp	 3.333465e+02	 24	 999000	 240	 999000	 999	 3.343646e+02	 616.67	 633.33	 39.00	 12	 0.13	 
CAr_119	 1	 3	 Bamba.bmp	 3.373514e+02	 12	 999000	 120	 999000	 999	 3.383691e+02	 616.67	 633.33	 14.00	 22	 2.73	 
CAr_119	 1	 3	 WerthersOriginal.bmp	 3.393536e+02	 24	 999000	 240	 999000	 999	 3.403714e+02	 616.67	 633.33	 48.00	 42	 0.11	 
CAr_119	 1	 3	 ChocolateParaMarir2.bmp	 3.433581e+02	 24	 999000	 240	 999000	 999	 3.443759e+02	 616.67	 633.33	 40.00	 13	 0.13	 
CAr_119	 1	 3	 Snickers.bmp	 3.473626e+02	 24	 999000	 240	 999000	 999	 3.483804e+02	 616.67	 633.33	 51.00	 19	 0.09	 
CAr_119	 1	 3	 TapuchipsCrunch.bmp	 3.503492e+02	 12	 999000	 120	 999000	 999	 3.513671e+02	 616.67	 633.33	 4.00	 48	 4.89	 
CAr_119	 1	 3	 ClickBisquit2.bmp	 3.563560e+02	 12	 999000	 120	 999000	 999	 3.573737e+02	 616.67	 633.33	 20.00	 16	 1.07	 
CAr_119	 1	 3	 BisliGrill.bmp	 3.583582e+02	 12	 999000	 120	 999000	 999	 3.593761e+02	 616.67	 633.33	 3.00	 6	 4.89	 
CAr_119	 1	 3	 Mekupelet.bmp	 3.623629e+02	 12	 999000	 120	 999000	 999	 3.633805e+02	 616.67	 633.33	 21.00	 11	 1.02	 
CAr_119	 1	 3	 KifkefMaklot2.bmp	 3.643485e+02	 24	 999000	 240	 999000	 999	 3.653661e+02	 616.67	 633.33	 41.00	 30	 0.13	 
CAr_119	 1	 3	 BisliOnion.bmp	 3.663506e+02	 11	 9.597272e+02	 110	 6.166842e+02	 98	 3.673684e+02	 633.33	 633.33	 12.00	 38	 2.76	 
CAr_119	 1	 3	 BisliPizza3.bmp	 3.683529e+02	 11	 1.061459e+03	 1100	 6.333429e+02	 98	 3.693706e+02	 583.33	 633.33	 7.00	 8	 3.82	 
CAr_119	 1	 3	 ClickXLbrown4.bmp	 3.733585e+02	 22	 9.838595e+02	 220	 6.333513e+02	 98	 3.743763e+02	 583.33	 650.00	 45.00	 53	 0.13	 
CAr_119	 1	 3	 SkittlesSour4.bmp	 3.753607e+02	 24	 999000	 240	 999000	 999	 3.763785e+02	 583.33	 650.00	 54.00	 5	 0.07	 
CAr_119	 1	 3	 Bounty.bmp	 3.773459e+02	 24	 999000	 240	 999000	 999	 3.783640e+02	 583.33	 650.00	 42.00	 35	 0.13	 
CAr_119	 1	 3	 Egozi.bmp	 3.803496e+02	 24	 999000	 240	 999000	 999	 3.813674e+02	 583.33	 650.00	 57.00	 7	 0.04	 
