subjectID	order	runNum	itemName	onsetTime	shuff_trialType	RT	respInTime	AudioTime	response	fixationTime	ladder1	ladder2	bidIndex	BDMtrialIndex	bidValue
CAr_114	 2	 11	 Bounty.bmp	 1.342507e+03	 24	 999000	 240	 999000	 999	 1.343525e+03	 683.33	 616.67	 45.00	 4	 2.98	 
CAr_114	 2	 11	 CrunchBisquitBrown3.bmp	 1.345494e+03	 11	 9.603392e+02	 110	 6.833542e+02	 98	 1.346512e+03	 700.00	 616.67	 11.00	 49	 5.91	 
CAr_114	 2	 11	 SkittlesFruits2.bmp	 1.349498e+03	 22	 9.317732e+02	 220	 6.166805e+02	 98	 1.350516e+03	 700.00	 633.33	 46.00	 38	 2.93	 
CAr_114	 2	 11	 ClickXLwhite4.bmp	 1.351501e+03	 12	 999000	 120	 999000	 999	 1.352518e+03	 700.00	 633.33	 21.00	 16	 5.02	 
CAr_114	 2	 11	 ClickBlackWhite3.bmp	 1.353503e+03	 12	 999000	 120	 999000	 999	 1.354521e+03	 700.00	 633.33	 22.00	 27	 4.93	 
CAr_114	 2	 11	 KinderJoy.bmp	 1.357507e+03	 11	 1.002879e+03	 1100	 7.000125e+02	 98	 1.358525e+03	 650.00	 633.33	 9.00	 51	 5.93	 
CAr_114	 2	 11	 Kitkat.bmp	 1.359493e+03	 12	 999000	 120	 999000	 999	 1.360511e+03	 650.00	 633.33	 13.00	 59	 5.62	 
CAr_114	 2	 11	 KashitSour.bmp	 1.364499e+03	 24	 999000	 240	 999000	 999	 1.365516e+03	 650.00	 633.33	 58.00	 7	 1.04	 
CAr_114	 2	 11	 Loacker.bmp	 1.366501e+03	 12	 999000	 120	 999000	 999	 1.367519e+03	 650.00	 633.33	 5.00	 52	 6.31	 
CAr_114	 2	 11	 ChocolateParaCookies5.bmp	 1.369504e+03	 11	 1.054144e+03	 1100	 6.500077e+02	 98	 1.370522e+03	 600.00	 633.33	 16.00	 31	 5.33	 
CAr_114	 2	 11	 BambaNugat.bmp	 1.372508e+03	 11	 8.986019e+02	 110	 6.000177e+02	 98	 1.373525e+03	 616.67	 633.33	 14.00	 5	 5.40	 
CAr_114	 2	 11	 Tictac.bmp	 1.376495e+03	 24	 999000	 240	 999000	 999	 1.377513e+03	 616.67	 633.33	 56.00	 13	 1.71	 
CAr_114	 2	 11	 Twix.bmp	 1.379499e+03	 12	 999000	 120	 999000	 999	 1.380516e+03	 616.67	 633.33	 4.00	 28	 6.62	 
CAr_114	 2	 11	 Snickers.bmp	 1.381501e+03	 12	 999000	 120	 999000	 999	 1.382519e+03	 616.67	 633.33	 3.00	 19	 6.91	 
CAr_114	 2	 11	 DoritosGrill.bmp	 1.384504e+03	 12	 999000	 120	 999000	 999	 1.385522e+03	 616.67	 633.33	 7.00	 36	 6.04	 
CAr_114	 2	 11	 Keifli.bmp	 1.388492e+03	 22	 9.383730e+02	 220	 6.333484e+02	 98	 1.389510e+03	 616.67	 650.00	 54.00	 41	 2.09	 
CAr_114	 2	 11	 KifkefMaklot2.bmp	 1.391496e+03	 11	 9.586559e+02	 110	 6.166742e+02	 98	 1.392513e+03	 633.33	 650.00	 8.00	 40	 5.96	 
CAr_114	 2	 11	 BisliOnion.bmp	 1.393498e+03	 24	 999000	 240	 999000	 999	 1.394516e+03	 633.33	 650.00	 41.00	 11	 3.13	 
CAr_114	 2	 11	 HispusimShatiah.bmp	 1.395500e+03	 24	 999000	 240	 999000	 999	 1.396518e+03	 633.33	 650.00	 57.00	 21	 1.49	 
CAr_114	 2	 11	 Mentos.bmp	 1.400506e+03	 12	 999000	 120	 999000	 999	 1.401523e+03	 633.33	 650.00	 19.00	 42	 5.24	 
CAr_114	 2	 11	 BisliGrill.bmp	 1.404494e+03	 22	 1.120751e+03	 2200	 6.500159e+02	 98	 1.405511e+03	 633.33	 600.00	 49.00	 50	 2.80	 
CAr_114	 2	 11	 GumiWine2.bmp	 1.408498e+03	 24	 999000	 240	 999000	 999	 1.409516e+03	 633.33	 600.00	 44.00	 56	 3.04	 
CAr_114	 2	 11	 Cheetos.bmp	 1.414505e+03	 24	 999000	 240	 999000	 999	 1.415522e+03	 633.33	 600.00	 50.00	 43	 2.67	 
CAr_114	 2	 11	 PesekZman.bmp	 1.416490e+03	 12	 999000	 120	 999000	 999	 1.417508e+03	 633.33	 600.00	 15.00	 32	 5.40	 
CAr_114	 2	 11	 BagaleShtuhim.bmp	 1.418492e+03	 24	 999000	 240	 999000	 999	 1.419510e+03	 633.33	 600.00	 42.00	 45	 3.11	 
CAr_114	 2	 11	 BisliPizza3.bmp	 1.420495e+03	 24	 999000	 240	 999000	 999	 1.421512e+03	 633.33	 600.00	 47.00	 30	 2.89	 
CAr_114	 2	 11	 Egozi.bmp	 1.422497e+03	 24	 999000	 240	 999000	 999	 1.423515e+03	 633.33	 600.00	 39.00	 25	 3.64	 
CAr_114	 2	 11	 KinderBuenoWhite2.bmp	 1.426501e+03	 12	 999000	 120	 999000	 999	 1.427519e+03	 633.33	 600.00	 6.00	 47	 6.16	 
CAr_114	 2	 11	 Tortit.bmp	 1.428504e+03	 22	 9.585986e+02	 220	 6.000118e+02	 98	 1.429521e+03	 633.33	 616.67	 51.00	 22	 2.58	 
CAr_114	 2	 11	 Smarties.bmp	 1.432491e+03	 22	 8.590020e+02	 220	 6.166809e+02	 98	 1.433509e+03	 633.33	 633.33	 43.00	 48	 3.09	 
CAr_114	 2	 11	 SkittlesSour4.bmp	 1.434494e+03	 24	 999000	 240	 999000	 999	 1.435511e+03	 633.33	 633.33	 55.00	 53	 1.76	 
CAr_114	 2	 11	 WerthersOriginal.bmp	 1.436496e+03	 12	 999000	 120	 999000	 999	 1.437514e+03	 633.33	 633.33	 12.00	 14	 5.89	 
CAr_114	 2	 11	 ClickBalls5.bmp	 1.438498e+03	 12	 999000	 120	 999000	 999	 1.439516e+03	 633.33	 633.33	 18.00	 33	 5.31	 
CAr_114	 2	 11	 KinderBuenoBrown3.bmp	 1.443504e+03	 12	 999000	 120	 999000	 999	 1.444522e+03	 633.33	 633.33	 10.00	 10	 5.91	 
CAr_114	 2	 11	 ChocolateParaMarir2.bmp	 1.445506e+03	 22	 9.002690e+02	 220	 6.333403e+02	 98	 1.446524e+03	 633.33	 650.00	 48.00	 57	 2.89	 
CAr_114	 2	 11	 DoritosNatural.bmp	 1.447491e+03	 24	 999000	 240	 999000	 999	 1.448509e+03	 633.33	 650.00	 52.00	 54	 2.36	 
CAr_114	 2	 11	 Bamba.bmp	 1.450495e+03	 24	 7.673571e+02	 24	 999000	 98	 1.451513e+03	 633.33	 650.00	 40.00	 24	 3.29	 
CAr_114	 2	 11	 GumiSnakes3.bmp	 1.457503e+03	 24	 999000	 240	 999000	 999	 1.458521e+03	 633.33	 650.00	 53.00	 3	 2.11	 
CAr_114	 2	 11	 TapuchipsCrunch.bmp	 1.461507e+03	 11	 1.082946e+03	 1100	 6.333519e+02	 98	 1.462525e+03	 583.33	 650.00	 17.00	 17	 5.31	 
CAr_114	 2	 11	 HappyHippo.bmp	 1.468499e+03	 12	 999000	 120	 999000	 999	 1.469516e+03	 583.33	 650.00	 20.00	 12	 5.09	 
