subjectID	order	runNum	itemName	onsetTime	shuff_trialType	RT	respInTime	AudioTime	response	fixationTime	ladder1	ladder2	bidIndex	BDMtrialIndex	bidValue
CAr_122	 2	 9	 Halva2.bmp	 1.071657e+03	 22	 9.653774e+02	 220	 6.166841e+02	 98	 1.072675e+03	 616.67	 633.33	 46.00	 12	 1.09	 
CAr_122	 2	 9	 Tortit.bmp	 1.074661e+03	 24	 999000	 240	 999000	 999	 1.075678e+03	 616.67	 633.33	 44.00	 18	 1.64	 
CAr_122	 2	 9	 DoritosNatural.bmp	 1.076646e+03	 24	 999000	 240	 999000	 999	 1.077664e+03	 616.67	 633.33	 53.00	 20	 0.07	 
CAr_122	 2	 9	 BambaSweet.bmp	 1.078649e+03	 24	 999000	 240	 999000	 999	 1.079666e+03	 616.67	 633.33	 58.00	 50	 0.07	 
CAr_122	 2	 9	 Kitkat.bmp	 1.080651e+03	 11	 8.836505e+02	 110	 6.166935e+02	 98	 1.081669e+03	 633.33	 633.33	 17.00	 34	 4.82	 
CAr_122	 2	 9	 Snickers.bmp	 1.083654e+03	 22	 9.283422e+02	 220	 6.333484e+02	 98	 1.084672e+03	 633.33	 650.00	 51.00	 17	 0.51	 
CAr_122	 2	 9	 CrunchShokoVanil.bmp	 1.085656e+03	 24	 999000	 240	 999000	 999	 1.086674e+03	 633.33	 650.00	 45.00	 14	 1.60	 
CAr_122	 2	 9	 ChocolateParaMarir2.bmp	 1.089661e+03	 12	 999000	 120	 999000	 999	 1.090679e+03	 633.33	 650.00	 7.00	 37	 5.91	 
CAr_122	 2	 9	 Hit.bmp	 1.091646e+03	 12	 999000	 120	 999000	 999	 1.092664e+03	 633.33	 650.00	 10.00	 60	 5.80	 
CAr_122	 2	 9	 BabyDoll.bmp	 1.096652e+03	 24	 999000	 240	 999000	 999	 1.097670e+03	 633.33	 650.00	 41.00	 4	 2.13	 
CAr_122	 2	 9	 Loacker.bmp	 1.098654e+03	 12	 999000	 120	 999000	 999	 1.099672e+03	 633.33	 650.00	 12.00	 8	 4.87	 
CAr_122	 2	 9	 Keifli.bmp	 1.102659e+03	 24	 999000	 240	 999000	 999	 1.103677e+03	 633.33	 650.00	 56.00	 41	 0.07	 
CAr_122	 2	 9	 Dubonim.bmp	 1.104661e+03	 12	 999000	 120	 999000	 999	 1.105679e+03	 633.33	 650.00	 22.00	 11	 4.29	 
CAr_122	 2	 9	 PesekZman.bmp	 1.107648e+03	 12	 999000	 120	 999000	 999	 1.108666e+03	 633.33	 650.00	 6.00	 9	 5.93	 
CAr_122	 2	 9	 GumiSnakes3.bmp	 1.112653e+03	 12	 999000	 120	 999000	 999	 1.113671e+03	 633.33	 650.00	 18.00	 40	 4.73	 
CAr_122	 2	 9	 Twist.bmp	 1.114656e+03	 24	 999000	 240	 999000	 999	 1.115673e+03	 633.33	 650.00	 57.00	 46	 0.07	 
CAr_122	 2	 9	 BisliOnion.bmp	 1.116658e+03	 12	 999000	 120	 999000	 999	 1.117676e+03	 633.33	 650.00	 19.00	 6	 4.40	 
CAr_122	 2	 9	 Mekupelet.bmp	 1.120662e+03	 11	 9.441158e+02	 110	 6.333688e+02	 98	 1.121680e+03	 650.00	 650.00	 11.00	 24	 4.89	 
CAr_122	 2	 9	 ChocolateParaCookies5.bmp	 1.124650e+03	 11	 9.402230e+02	 110	 6.500167e+02	 98	 1.125668e+03	 666.67	 650.00	 9.00	 16	 5.87	 
CAr_122	 2	 9	 Bounty.bmp	 1.128655e+03	 24	 999000	 240	 999000	 999	 1.129672e+03	 666.67	 650.00	 55.00	 35	 0.07	 
CAr_122	 2	 9	 Tictac.bmp	 1.130657e+03	 24	 999000	 240	 999000	 999	 1.131675e+03	 666.67	 650.00	 47.00	 31	 0.64	 
CAr_122	 2	 9	 Bamba.bmp	 1.132659e+03	 24	 999000	 240	 999000	 999	 1.133677e+03	 666.67	 650.00	 39.00	 56	 2.22	 
CAr_122	 2	 9	 Taami.bmp	 1.134661e+03	 22	 9.450050e+02	 220	 6.500121e+02	 98	 1.135679e+03	 666.67	 666.67	 43.00	 51	 1.67	 
CAr_122	 2	 9	 KifkefMaklot2.bmp	 1.136647e+03	 11	 9.596814e+02	 110	 6.666756e+02	 98	 1.137665e+03	 683.33	 666.67	 16.00	 21	 4.82	 
CAr_122	 2	 9	 ChocolateParaMilk3.bmp	 1.142654e+03	 12	 999000	 120	 999000	 999	 1.143672e+03	 683.33	 666.67	 13.00	 33	 4.87	 
CAr_122	 2	 9	 BisliPizza3.bmp	 1.145657e+03	 12	 999000	 120	 999000	 999	 1.146675e+03	 683.33	 666.67	 21.00	 38	 4.31	 
CAr_122	 2	 9	 ClickXLwhite4.bmp	 1.147659e+03	 22	 1.091019e+03	 2200	 6.666859e+02	 98	 1.148677e+03	 683.33	 616.67	 54.00	 32	 0.07	 
CAr_122	 2	 9	 Shugi.bmp	 1.149662e+03	 24	 999000	 240	 999000	 999	 1.150679e+03	 683.33	 616.67	 40.00	 7	 2.16	 
CAr_122	 2	 9	 CrunchBisquitBrown3.bmp	 1.152648e+03	 12	 999000	 120	 999000	 999	 1.153666e+03	 683.33	 616.67	 5.00	 59	 6.91	 
CAr_122	 2	 9	 ChocolateParaSucariotKoftzot2.bmp	 1.154651e+03	 12	 999000	 120	 999000	 999	 1.155668e+03	 683.33	 616.67	 15.00	 10	 4.82	 
CAr_122	 2	 9	 ClickBlackWhite3.bmp	 1.156653e+03	 12	 999000	 120	 999000	 999	 1.157671e+03	 683.33	 616.67	 4.00	 48	 6.96	 
CAr_122	 2	 9	 Mars.bmp	 1.158655e+03	 24	 999000	 240	 999000	 999	 1.159673e+03	 683.33	 616.67	 50.00	 44	 0.58	 
CAr_122	 2	 9	 ClickBisquit2.bmp	 1.161658e+03	 12	 999000	 120	 999000	 999	 1.162676e+03	 683.33	 616.67	 3.00	 22	 6.96	 
CAr_122	 2	 9	 ClickXLbrown4.bmp	 1.163661e+03	 24	 999000	 240	 999000	 999	 1.164678e+03	 683.33	 616.67	 52.00	 55	 0.11	 
CAr_122	 2	 9	 Popco.bmp	 1.165663e+03	 12	 999000	 120	 999000	 999	 1.166681e+03	 683.33	 616.67	 20.00	 53	 4.40	 
CAr_122	 2	 9	 KinderBuenoWhite2.bmp	 1.167649e+03	 11	 9.737985e+02	 110	 6.833428e+02	 98	 1.168666e+03	 700.00	 616.67	 8.00	 42	 5.89	 
CAr_122	 2	 9	 Smarties.bmp	 1.169651e+03	 22	 9.155674e+02	 220	 6.166771e+02	 98	 1.170669e+03	 700.00	 633.33	 48.00	 13	 0.62	 
CAr_122	 2	 9	 GumiWine2.bmp	 1.175657e+03	 11	 1.109015e+03	 1100	 7.000140e+02	 98	 1.176675e+03	 650.00	 633.33	 14.00	 45	 4.84	 
CAr_122	 2	 9	 BagaleShtuhim.bmp	 1.178661e+03	 22	 1.009505e+03	 2200	 6.333492e+02	 98	 1.179683e+03	 650.00	 583.33	 49.00	 30	 0.58	 
CAr_122	 2	 9	 Mentos.bmp	 1.182649e+03	 24	 999000	 240	 999000	 999	 1.183666e+03	 650.00	 583.33	 42.00	 25	 2.02	 
