subjectID	order	runNum	itemName	onsetTime	shuff_trialType	RT	respInTime	AudioTime	response	fixationTime	ladder1	ladder2	bidIndex	BDMtrialIndex	bidValue
CAr_113	 1	 7	 Hit.bmp	 7.823497e+02	 24	 999000	 240	 999000	 999	 7.833675e+02	 683.33	 683.33	 49.00	 58	 1.58	 
CAr_113	 1	 7	 Smarties.bmp	 7.873386e+02	 22	 9.642818e+02	 220	 6.833499e+02	 98	 7.883564e+02	 683.33	 700.00	 53.00	 17	 0.53	 
CAr_113	 1	 7	 DoritosGrill.bmp	 7.893410e+02	 24	 999000	 240	 999000	 999	 7.903586e+02	 683.33	 700.00	 43.00	 38	 2.71	 
CAr_113	 1	 7	 Popco.bmp	 7.913430e+02	 11	 9.358872e+02	 110	 6.833519e+02	 98	 7.923609e+02	 700.00	 700.00	 18.00	 26	 8.11	 
CAr_113	 1	 7	 CrunchBisquitWhite2.bmp	 7.973333e+02	 22	 9.376588e+02	 220	 7.000080e+02	 98	 7.983508e+02	 700.00	 716.67	 44.00	 12	 2.69	 
CAr_113	 1	 7	 Loacker.bmp	 7.993354e+02	 12	 999000	 120	 999000	 999	 8.003533e+02	 700.00	 716.67	 8.00	 52	 9.20	 
CAr_113	 1	 7	 HispusimShatiah.bmp	 8.023387e+02	 24	 999000	 240	 999000	 999	 8.033565e+02	 700.00	 716.67	 58.00	 51	 0.07	 
CAr_113	 1	 7	 ClickXLwhite4.bmp	 8.043411e+02	 22	 9.538416e+02	 220	 7.166769e+02	 98	 8.053589e+02	 700.00	 733.33	 47.00	 37	 1.64	 
CAr_113	 1	 7	 Twix.bmp	 8.083286e+02	 12	 999000	 120	 999000	 999	 8.093467e+02	 700.00	 733.33	 3.00	 53	 9.58	 
CAr_113	 1	 7	 KashitSour.bmp	 8.103308e+02	 24	 999000	 240	 999000	 999	 8.113489e+02	 700.00	 733.33	 51.00	 44	 0.62	 
CAr_113	 1	 7	 Mentos.bmp	 8.153368e+02	 12	 999000	 120	 999000	 999	 8.163544e+02	 700.00	 733.33	 14.00	 59	 8.13	 
CAr_113	 1	 7	 DoritosSourSpicy.bmp	 8.223446e+02	 24	 999000	 240	 999000	 999	 8.233623e+02	 700.00	 733.33	 55.00	 48	 0.49	 
CAr_113	 1	 7	 Mars.bmp	 8.243299e+02	 11	 1.133073e+03	 1100	 7.000165e+02	 98	 8.253479e+02	 650.00	 733.33	 7.00	 57	 9.22	 
CAr_113	 1	 7	 Keifli.bmp	 8.273335e+02	 22	 9.853832e+02	 220	 7.333511e+02	 98	 8.283513e+02	 650.00	 750.00	 52.00	 21	 0.56	 
CAr_113	 1	 7	 GumiSnakes3.bmp	 8.303367e+02	 24	 999000	 240	 999000	 999	 8.313545e+02	 650.00	 750.00	 57.00	 9	 0.09	 
CAr_113	 1	 7	 Tictac.bmp	 8.343413e+02	 24	 999000	 240	 999000	 999	 8.353592e+02	 650.00	 750.00	 46.00	 4	 1.64	 
CAr_113	 1	 7	 Tortit.bmp	 8.383289e+02	 12	 999000	 120	 999000	 999	 8.393470e+02	 650.00	 750.00	 6.00	 54	 9.22	 
CAr_113	 1	 7	 ClickBisquit2.bmp	 8.423335e+02	 12	 999000	 120	 999000	 999	 8.433514e+02	 650.00	 750.00	 9.00	 5	 9.13	 
CAr_113	 1	 7	 ClickBalls5.bmp	 8.453370e+02	 24	 999000	 240	 999000	 999	 8.463547e+02	 650.00	 750.00	 41.00	 19	 3.76	 
CAr_113	 1	 7	 TapuchipsCrunch.bmp	 8.513437e+02	 24	 999000	 240	 999000	 999	 8.523614e+02	 650.00	 750.00	 42.00	 16	 2.73	 
CAr_113	 1	 7	 Mekupelet.bmp	 8.533459e+02	 12	 999000	 120	 999000	 999	 8.543637e+02	 650.00	 750.00	 21.00	 36	 7.62	 
CAr_113	 1	 7	 Egozi.bmp	 8.563326e+02	 12	 999000	 120	 999000	 999	 8.573504e+02	 650.00	 750.00	 22.00	 49	 7.62	 
CAr_113	 1	 7	 KinderJoy.bmp	 8.583349e+02	 24	 999000	 240	 999000	 999	 8.593527e+02	 650.00	 750.00	 56.00	 35	 0.11	 
CAr_113	 1	 7	 BagaleShtuhim.bmp	 8.603371e+02	 12	 999000	 120	 999000	 999	 8.613548e+02	 650.00	 750.00	 16.00	 20	 8.11	 
CAr_113	 1	 7	 GumiWine2.bmp	 8.623394e+02	 22	 1.267533e+03	 2200	 7.500127e+02	 98	 8.633571e+02	 650.00	 700.00	 50.00	 10	 0.62	 
CAr_113	 1	 7	 KinderBuenoWhite2.bmp	 8.653428e+02	 11	 9.121692e+02	 110	 6.500113e+02	 98	 8.663606e+02	 666.67	 700.00	 12.00	 34	 8.78	 
CAr_113	 1	 7	 Twist.bmp	 8.693303e+02	 12	 999000	 120	 999000	 999	 8.703483e+02	 666.67	 700.00	 20.00	 14	 7.67	 
CAr_113	 1	 7	 Cheetos.bmp	 8.713329e+02	 12	 999000	 120	 999000	 999	 8.723506e+02	 666.67	 700.00	 11.00	 46	 8.80	 
CAr_113	 1	 7	 ChocolateParaCookies5.bmp	 8.733350e+02	 22	 9.519581e+02	 220	 7.000177e+02	 98	 8.743529e+02	 666.67	 716.67	 45.00	 43	 2.00	 
CAr_113	 1	 7	 ClickBlackWhite3.bmp	 8.753373e+02	 11	 9.416506e+02	 110	 6.666831e+02	 98	 8.763551e+02	 683.33	 716.67	 15.00	 6	 8.11	 
CAr_113	 1	 7	 Snickers.bmp	 8.773395e+02	 11	 9.714689e+02	 110	 6.833439e+02	 98	 8.783573e+02	 700.00	 716.67	 13.00	 11	 8.58	 
CAr_113	 1	 7	 KifkefMaklot2.bmp	 8.793418e+02	 24	 999000	 240	 999000	 999	 8.803595e+02	 700.00	 716.67	 48.00	 33	 1.62	 
CAr_113	 1	 7	 BisliOnion.bmp	 8.833462e+02	 24	 999000	 240	 999000	 999	 8.843639e+02	 700.00	 716.67	 40.00	 25	 3.80	 
CAr_113	 1	 7	 CrunchBisquitBrown3.bmp	 8.873340e+02	 11	 9.529638e+02	 110	 7.000145e+02	 98	 8.883519e+02	 716.67	 716.67	 10.00	 50	 9.09	 
CAr_113	 1	 7	 Kitkat.bmp	 8.893364e+02	 12	 999000	 120	 999000	 999	 8.903541e+02	 716.67	 716.67	 19.00	 29	 8.11	 
CAr_113	 1	 7	 ChocolateParaMilk3.bmp	 8.913386e+02	 24	 999000	 240	 999000	 999	 8.923563e+02	 716.67	 716.67	 54.00	 7	 0.51	 
CAr_113	 1	 7	 Taami.bmp	 8.933407e+02	 12	 999000	 120	 999000	 999	 8.943586e+02	 716.67	 716.67	 5.00	 13	 9.24	 
CAr_113	 1	 7	 KinderBuenoBrown3.bmp	 8.953430e+02	 12	 999000	 120	 999000	 999	 8.963608e+02	 716.67	 716.67	 4.00	 27	 9.53	 
CAr_113	 1	 7	 DoritosNatural.bmp	 9.013332e+02	 24	 999000	 240	 999000	 999	 9.023508e+02	 716.67	 716.67	 39.00	 47	 3.82	 
CAr_113	 1	 7	 SkittlesFruits2.bmp	 9.033354e+02	 12	 999000	 120	 999000	 999	 9.043531e+02	 716.67	 716.67	 17.00	 22	 8.11	 
