subjectID	order	runNum	itemName	onsetTime	shuff_trialType	RT	respInTime	AudioTime	response	fixationTime	ladder1	ladder2	bidIndex	BDMtrialIndex	bidValue
CAr_113	 1	 2	 ClickBisquit2.bmp	 1.259306e+02	 12	 999000	 120	 999000	 999	 1.269484e+02	 650.00	 583.33	 9.00	 5	 9.13	 
CAr_113	 1	 2	 GumiSnakes3.bmp	 1.289340e+02	 24	 999000	 240	 999000	 999	 1.299518e+02	 650.00	 583.33	 57.00	 9	 0.09	 
CAr_113	 1	 2	 Tortit.bmp	 1.329386e+02	 12	 999000	 120	 999000	 999	 1.339562e+02	 650.00	 583.33	 6.00	 54	 9.22	 
CAr_113	 1	 2	 Mekupelet.bmp	 1.349242e+02	 12	 999000	 120	 999000	 999	 1.359420e+02	 650.00	 583.33	 21.00	 36	 7.62	 
CAr_113	 1	 2	 TapuchipsCrunch.bmp	 1.369264e+02	 24	 999000	 240	 999000	 999	 1.379442e+02	 650.00	 583.33	 42.00	 16	 2.73	 
CAr_113	 1	 2	 DoritosSourSpicy.bmp	 1.409309e+02	 24	 999000	 240	 999000	 999	 1.419485e+02	 650.00	 583.33	 55.00	 48	 0.49	 
CAr_113	 1	 2	 GumiWine2.bmp	 1.429331e+02	 22	 1.025817e+03	 2200	 5.833445e+02	 98	 1.439509e+02	 650.00	 533.33	 50.00	 10	 0.62	 
CAr_113	 1	 2	 Twist.bmp	 1.479219e+02	 12	 999000	 120	 999000	 999	 1.489397e+02	 650.00	 533.33	 20.00	 14	 7.67	 
CAr_113	 1	 2	 Kitkat.bmp	 1.499243e+02	 12	 999000	 120	 999000	 999	 1.509420e+02	 650.00	 533.33	 19.00	 29	 8.11	 
CAr_113	 1	 2	 DoritosGrill.bmp	 1.529276e+02	 24	 999000	 240	 999000	 999	 1.539454e+02	 650.00	 533.33	 43.00	 38	 2.71	 
CAr_113	 1	 2	 ChocolateParaCookies5.bmp	 1.559306e+02	 22	 9.403004e+02	 220	 5.333454e+02	 98	 1.569486e+02	 650.00	 550.00	 45.00	 43	 2.00	 
CAr_113	 1	 2	 HispusimShatiah.bmp	 1.599354e+02	 24	 999000	 240	 999000	 999	 1.609532e+02	 650.00	 550.00	 58.00	 51	 0.07	 
CAr_113	 1	 2	 Taami.bmp	 1.629218e+02	 12	 999000	 120	 999000	 999	 1.639398e+02	 650.00	 550.00	 5.00	 13	 9.24	 
CAr_113	 1	 2	 ClickXLwhite4.bmp	 1.649244e+02	 22	 9.705169e+02	 220	 5.500152e+02	 98	 1.659421e+02	 650.00	 566.67	 47.00	 37	 1.64	 
CAr_113	 1	 2	 DoritosNatural.bmp	 1.679275e+02	 24	 999000	 240	 999000	 999	 1.689455e+02	 650.00	 566.67	 39.00	 47	 3.82	 
CAr_113	 1	 2	 BagaleShtuhim.bmp	 1.719323e+02	 12	 999000	 120	 999000	 999	 1.729500e+02	 650.00	 566.67	 16.00	 20	 8.11	 
CAr_113	 1	 2	 Cheetos.bmp	 1.749355e+02	 12	 999000	 120	 999000	 999	 1.759533e+02	 650.00	 566.67	 11.00	 46	 8.80	 
CAr_113	 1	 2	 ClickBalls5.bmp	 1.769379e+02	 24	 999000	 240	 999000	 999	 1.779556e+02	 650.00	 566.67	 41.00	 19	 3.76	 
CAr_113	 1	 2	 KinderBuenoBrown3.bmp	 1.789235e+02	 12	 999000	 120	 999000	 999	 1.799411e+02	 650.00	 566.67	 4.00	 27	 9.53	 
CAr_113	 1	 2	 ClickBlackWhite3.bmp	 1.839290e+02	 11	 1.045914e+03	 1100	 6.500158e+02	 98	 1.849469e+02	 600.00	 566.67	 15.00	 6	 8.11	 
CAr_113	 1	 2	 Mentos.bmp	 1.879335e+02	 12	 999000	 120	 999000	 999	 1.889512e+02	 600.00	 566.67	 14.00	 59	 8.13	 
CAr_113	 1	 2	 Popco.bmp	 1.919380e+02	 11	 9.089558e+02	 110	 6.000084e+02	 98	 1.929557e+02	 616.67	 566.67	 18.00	 26	 8.11	 
CAr_113	 1	 2	 Tictac.bmp	 1.979281e+02	 24	 999000	 240	 999000	 999	 1.989458e+02	 616.67	 566.67	 46.00	 4	 1.64	 
CAr_113	 1	 2	 Twix.bmp	 1.999302e+02	 12	 999000	 120	 999000	 999	 2.009480e+02	 616.67	 566.67	 3.00	 53	 9.58	 
CAr_113	 1	 2	 KinderBuenoWhite2.bmp	 2.019325e+02	 11	 1.010479e+03	 1100	 6.166811e+02	 98	 2.029519e+02	 566.67	 566.67	 12.00	 34	 8.78	 
CAr_113	 1	 2	 Mars.bmp	 2.039349e+02	 11	 9.760665e+02	 110	 5.666877e+02	 98	 2.049525e+02	 583.33	 566.67	 7.00	 57	 9.22	 
CAr_113	 1	 2	 Egozi.bmp	 2.059371e+02	 12	 999000	 120	 999000	 999	 2.069547e+02	 583.33	 566.67	 22.00	 49	 7.62	 
CAr_113	 1	 2	 Smarties.bmp	 2.099249e+02	 22	 8.660171e+02	 220	 5.666813e+02	 98	 2.109426e+02	 583.33	 583.33	 53.00	 17	 0.53	 
CAr_113	 1	 2	 KashitSour.bmp	 2.119270e+02	 24	 999000	 240	 999000	 999	 2.129449e+02	 583.33	 583.33	 51.00	 44	 0.62	 
CAr_113	 1	 2	 KinderJoy.bmp	 2.159316e+02	 24	 999000	 240	 999000	 999	 2.169493e+02	 583.33	 583.33	 56.00	 35	 0.11	 
CAr_113	 1	 2	 Snickers.bmp	 2.179337e+02	 11	 8.732054e+02	 110	 5.833496e+02	 98	 2.189516e+02	 600.00	 583.33	 13.00	 11	 8.58	 
CAr_113	 1	 2	 KifkefMaklot2.bmp	 2.199360e+02	 24	 999000	 240	 999000	 999	 2.209537e+02	 600.00	 583.33	 48.00	 33	 1.62	 
CAr_113	 1	 2	 Loacker.bmp	 2.219384e+02	 12	 999000	 120	 999000	 999	 2.229561e+02	 600.00	 583.33	 8.00	 52	 9.20	 
CAr_113	 1	 2	 BisliOnion.bmp	 2.269273e+02	 24	 999000	 240	 999000	 999	 2.279450e+02	 600.00	 583.33	 40.00	 25	 3.80	 
CAr_113	 1	 2	 SkittlesFruits2.bmp	 2.289295e+02	 12	 999000	 120	 999000	 999	 2.299472e+02	 600.00	 583.33	 17.00	 22	 8.11	 
CAr_113	 1	 2	 CrunchBisquitWhite2.bmp	 2.309317e+02	 22	 8.432402e+02	 220	 5.833493e+02	 98	 2.319494e+02	 600.00	 600.00	 44.00	 12	 2.69	 
CAr_113	 1	 2	 Keifli.bmp	 2.339350e+02	 22	 9.038968e+02	 220	 6.000144e+02	 98	 2.349528e+02	 600.00	 616.67	 52.00	 21	 0.56	 
CAr_113	 1	 2	 CrunchBisquitBrown3.bmp	 2.409263e+02	 11	 8.646084e+02	 110	 6.000084e+02	 98	 2.419439e+02	 616.67	 616.67	 10.00	 50	 9.09	 
CAr_113	 1	 2	 Hit.bmp	 2.449308e+02	 24	 999000	 240	 999000	 999	 2.459484e+02	 616.67	 616.67	 49.00	 58	 1.58	 
CAr_113	 1	 2	 ChocolateParaMilk3.bmp	 2.519386e+02	 24	 999000	 240	 999000	 999	 2.529563e+02	 616.67	 616.67	 54.00	 7	 0.51	 
