subjectID	order	runNum	itemName	onsetTime	shuff_trialType	RT	respInTime	AudioTime	response	fixationTime	ladder1	ladder2	bidIndex	BDMtrialIndex	bidValue
CAr_121	 1	 9	 ClickBlackWhite3.bmp	 1.090174e+03	 12	 999000	 120	 999000	 999	 1.091192e+03	 350.00	 83.33	 6.00	 46	 5.56	 
CAr_121	 1	 9	 BambaSweet.bmp	 1.093178e+03	 22	 8.932178e+02	 220	 8.334852e+01	 98	 1.094195e+03	 350.00	 100.00	 53.00	 36	 1.20	 
CAr_121	 1	 9	 KashitSour.bmp	 1.097182e+03	 22	 8.405564e+02	 220	 1.000122e+02	 98	 1.098200e+03	 350.00	 116.67	 52.00	 47	 1.36	 
CAr_121	 1	 9	 ChocolateParaMarir2.bmp	 1.099168e+03	 12	 999000	 120	 999000	 999	 1.100186e+03	 350.00	 116.67	 5.00	 15	 5.58	 
CAr_121	 1	 9	 Bamba.bmp	 1.101170e+03	 11	 6.848611e+02	 110	 3.500256e+02	 98	 1.102188e+03	 366.67	 116.67	 18.00	 14	 4.96	 
CAr_121	 1	 9	 Halva2.bmp	 1.105174e+03	 12	 999000	 120	 999000	 999	 1.106192e+03	 366.67	 116.67	 9.00	 51	 5.40	 
CAr_121	 1	 9	 Shugi.bmp	 1.107177e+03	 24	 999000	 240	 999000	 999	 1.108195e+03	 366.67	 116.67	 51.00	 25	 1.49	 
CAr_121	 1	 9	 BisliOnion.bmp	 1.112166e+03	 12	 999000	 120	 999000	 999	 1.113184e+03	 366.67	 116.67	 4.00	 56	 5.67	 
CAr_121	 1	 9	 CrunchBisquitBrown3.bmp	 1.114168e+03	 12	 999000	 120	 999000	 999	 1.115186e+03	 366.67	 116.67	 20.00	 9	 4.91	 
CAr_121	 1	 9	 Smarties.bmp	 1.117171e+03	 24	 999000	 240	 999000	 999	 1.118189e+03	 366.67	 116.67	 56.00	 24	 1.04	 
CAr_121	 1	 9	 CrunchShokoVanil.bmp	 1.120175e+03	 24	 999000	 240	 999000	 999	 1.121192e+03	 366.67	 116.67	 43.00	 35	 2.36	 
CAr_121	 1	 9	 ChocolateParaSucariotKoftzot2.bmp	 1.124179e+03	 12	 999000	 120	 999000	 999	 1.125197e+03	 366.67	 116.67	 14.00	 31	 5.11	 
CAr_121	 1	 9	 CrunchBisquitWhite2.bmp	 1.127166e+03	 11	 9.293128e+02	 110	 3.666853e+02	 98	 1.128184e+03	 383.33	 116.67	 10.00	 10	 5.38	 
CAr_121	 1	 9	 Egozi.bmp	 1.129168e+03	 22	 8.308285e+02	 220	 1.166745e+02	 98	 1.130186e+03	 383.33	 133.33	 44.00	 40	 2.24	 
CAr_121	 1	 9	 Mekupelet.bmp	 1.132172e+03	 24	 999000	 240	 999000	 999	 1.133189e+03	 383.33	 133.33	 40.00	 49	 2.71	 
CAr_121	 1	 9	 BambaNugat.bmp	 1.136176e+03	 12	 999000	 120	 999000	 999	 1.137194e+03	 383.33	 133.33	 17.00	 3	 4.96	 
CAr_121	 1	 9	 KinderJoy.bmp	 1.139179e+03	 11	 7.874729e+02	 110	 3.833527e+02	 98	 1.140197e+03	 400.00	 133.33	 15.00	 57	 5.04	 
CAr_121	 1	 9	 ClickXLbrown4.bmp	 1.141182e+03	 12	 999000	 120	 999000	 999	 1.142199e+03	 400.00	 133.33	 22.00	 52	 4.84	 
CAr_121	 1	 9	 Tictac.bmp	 1.143167e+03	 24	 999000	 240	 999000	 999	 1.144185e+03	 400.00	 133.33	 58.00	 38	 0.93	 
CAr_121	 1	 9	 SkittlesSour4.bmp	 1.148173e+03	 24	 999000	 240	 999000	 999	 1.149191e+03	 400.00	 133.33	 41.00	 20	 2.62	 
CAr_121	 1	 9	 HispusimShatiah.bmp	 1.152177e+03	 22	 1.005519e+03	 2200	 1.333436e+02	 98	 1.153197e+03	 400.00	 83.33	 45.00	 32	 1.82	 
CAr_121	 1	 9	 Dubonim.bmp	 1.156182e+03	 24	 999000	 240	 999000	 999	 1.157200e+03	 400.00	 83.33	 49.00	 1	 1.69	 
CAr_121	 1	 9	 PesekZman.bmp	 1.162172e+03	 12	 999000	 120	 999000	 999	 1.163190e+03	 400.00	 83.33	 8.00	 13	 5.49	 
CAr_121	 1	 9	 Popco.bmp	 1.164174e+03	 24	 999000	 240	 999000	 999	 1.165192e+03	 400.00	 83.33	 46.00	 8	 1.80	 
CAr_121	 1	 9	 ChocolateParaCookies5.bmp	 1.166176e+03	 12	 999000	 120	 999000	 999	 1.167194e+03	 400.00	 83.33	 3.00	 17	 5.76	 
CAr_121	 1	 9	 WerthersOriginal.bmp	 1.168179e+03	 12	 999000	 120	 999000	 999	 1.169196e+03	 400.00	 83.33	 21.00	 16	 4.89	 
CAr_121	 1	 9	 ClickBalls5.bmp	 1.170181e+03	 12	 999000	 120	 999000	 999	 1.171199e+03	 400.00	 83.33	 11.00	 21	 5.38	 
CAr_121	 1	 9	 GumiSnakes3.bmp	 1.174169e+03	 24	 999000	 240	 999000	 999	 1.175186e+03	 400.00	 83.33	 57.00	 28	 0.98	 
CAr_121	 1	 9	 Kitkat.bmp	 1.176171e+03	 11	 8.279689e+02	 110	 4.000104e+02	 98	 1.177189e+03	 416.67	 83.33	 12.00	 33	 5.33	 
CAr_121	 1	 9	 Mars.bmp	 1.180175e+03	 22	 9.114772e+02	 220	 8.334284e+01	 98	 1.181193e+03	 416.67	 100.00	 47.00	 37	 1.71	 
CAr_121	 1	 9	 Mentos.bmp	 1.182178e+03	 24	 999000	 240	 999000	 999	 1.183195e+03	 416.67	 100.00	 54.00	 48	 1.18	 
CAr_121	 1	 9	 ClickXLwhite4.bmp	 1.184180e+03	 11	 9.869814e+02	 110	 4.166846e+02	 98	 1.185198e+03	 433.33	 100.00	 7.00	 34	 5.51	 
CAr_121	 1	 9	 BagaleShtuhim.bmp	 1.186182e+03	 22	 9.126764e+02	 220	 1.000126e+02	 98	 1.187200e+03	 433.33	 116.67	 50.00	 12	 1.64	 
CAr_121	 1	 9	 ClickBisquit2.bmp	 1.191171e+03	 11	 8.517008e+02	 110	 4.333520e+02	 98	 1.192189e+03	 450.00	 116.67	 13.00	 58	 5.20	 
CAr_121	 1	 9	 BisliPizza3.bmp	 1.193173e+03	 12	 999000	 120	 999000	 999	 1.194191e+03	 450.00	 116.67	 16.00	 60	 4.98	 
CAr_121	 1	 9	 Twist.bmp	 1.195176e+03	 24	 999000	 240	 999000	 999	 1.196193e+03	 450.00	 116.67	 55.00	 54	 1.18	 
CAr_121	 1	 9	 GumiWine2.bmp	 1.198179e+03	 24	 999000	 240	 999000	 999	 1.199197e+03	 450.00	 116.67	 48.00	 43	 1.71	 
CAr_121	 1	 9	 Bounty.bmp	 1.205170e+03	 24	 999000	 240	 999000	 999	 1.206188e+03	 450.00	 116.67	 39.00	 39	 2.73	 
CAr_121	 1	 9	 Loacker.bmp	 1.209175e+03	 12	 999000	 120	 999000	 999	 1.210192e+03	 450.00	 116.67	 19.00	 50	 4.93	 
CAr_121	 1	 9	 Taami.bmp	 1.216166e+03	 24	 999000	 240	 999000	 999	 1.217184e+03	 450.00	 116.67	 42.00	 55	 2.62	 
