subjectID	order	runNum	itemName	onsetTime	shuff_trialType	RT	respInTime	AudioTime	response	fixationTime	ladder1	ladder2	bidIndex	BDMtrialIndex	bidValue
CAr_122	 2	 10	 BisliPizza3.bmp	 1.186369e+03	 12	 999000	 120	 999000	 999	 1.187387e+03	 650.00	 583.33	 21.00	 38	 4.31	 
CAr_122	 2	 10	 ClickBisquit2.bmp	 1.188355e+03	 12	 999000	 120	 999000	 999	 1.189373e+03	 650.00	 583.33	 3.00	 22	 6.96	 
CAr_122	 2	 10	 Snickers.bmp	 1.192360e+03	 22	 8.628864e+02	 220	 5.833541e+02	 98	 1.193377e+03	 650.00	 600.00	 51.00	 17	 0.51	 
CAr_122	 2	 10	 BagaleShtuhim.bmp	 1.195363e+03	 22	 8.834768e+02	 220	 6.000159e+02	 98	 1.196381e+03	 650.00	 616.67	 49.00	 30	 0.58	 
CAr_122	 2	 10	 DoritosNatural.bmp	 1.197365e+03	 24	 999000	 240	 999000	 999	 1.198383e+03	 650.00	 616.67	 53.00	 20	 0.07	 
CAr_122	 2	 10	 Twist.bmp	 1.200369e+03	 24	 999000	 240	 999000	 999	 1.201386e+03	 650.00	 616.67	 57.00	 46	 0.07	 
CAr_122	 2	 10	 ChocolateParaSucariotKoftzot2.bmp	 1.204356e+03	 12	 999000	 120	 999000	 999	 1.205374e+03	 650.00	 616.67	 15.00	 10	 4.82	 
CAr_122	 2	 10	 ClickXLwhite4.bmp	 1.208361e+03	 22	 1.029525e+03	 2200	 6.166778e+02	 98	 1.209379e+03	 650.00	 566.67	 54.00	 32	 0.07	 
CAr_122	 2	 10	 Shugi.bmp	 1.210363e+03	 24	 999000	 240	 999000	 999	 1.211381e+03	 650.00	 566.67	 40.00	 7	 2.16	 
CAr_122	 2	 10	 Tictac.bmp	 1.215369e+03	 24	 999000	 240	 999000	 999	 1.216387e+03	 650.00	 566.67	 47.00	 31	 0.64	 
CAr_122	 2	 10	 BisliOnion.bmp	 1.217354e+03	 12	 999000	 120	 999000	 999	 1.218372e+03	 650.00	 566.67	 19.00	 6	 4.40	 
CAr_122	 2	 10	 ChocolateParaMilk3.bmp	 1.219357e+03	 12	 999000	 120	 999000	 999	 1.220374e+03	 650.00	 566.67	 13.00	 33	 4.87	 
CAr_122	 2	 10	 Smarties.bmp	 1.225363e+03	 22	 8.909975e+02	 220	 5.666854e+02	 98	 1.226381e+03	 650.00	 583.33	 48.00	 13	 0.62	 
CAr_122	 2	 10	 GumiWine2.bmp	 1.227366e+03	 11	 1.072834e+03	 1100	 6.500256e+02	 98	 1.228383e+03	 600.00	 583.33	 14.00	 45	 4.84	 
CAr_122	 2	 10	 Loacker.bmp	 1.229368e+03	 12	 999000	 120	 999000	 999	 1.230386e+03	 600.00	 583.33	 12.00	 8	 4.87	 
CAr_122	 2	 10	 ClickBlackWhite3.bmp	 1.231370e+03	 12	 999000	 120	 999000	 999	 1.232388e+03	 600.00	 583.33	 4.00	 48	 6.96	 
CAr_122	 2	 10	 BambaSweet.bmp	 1.235358e+03	 24	 999000	 240	 999000	 999	 1.236376e+03	 600.00	 583.33	 58.00	 50	 0.07	 
CAr_122	 2	 10	 Bamba.bmp	 1.239362e+03	 24	 999000	 240	 999000	 999	 1.240380e+03	 600.00	 583.33	 39.00	 56	 2.22	 
CAr_122	 2	 10	 KifkefMaklot2.bmp	 1.242366e+03	 11	 9.207557e+02	 110	 6.000112e+02	 98	 1.243384e+03	 616.67	 583.33	 16.00	 21	 4.82	 
CAr_122	 2	 10	 Mentos.bmp	 1.246370e+03	 24	 999000	 240	 999000	 999	 1.247388e+03	 616.67	 583.33	 42.00	 25	 2.02	 
CAr_122	 2	 10	 CrunchBisquitBrown3.bmp	 1.249357e+03	 12	 999000	 120	 999000	 999	 1.250375e+03	 616.67	 583.33	 5.00	 59	 6.91	 
CAr_122	 2	 10	 ChocolateParaMarir2.bmp	 1.251359e+03	 12	 999000	 120	 999000	 999	 1.252377e+03	 616.67	 583.33	 7.00	 37	 5.91	 
CAr_122	 2	 10	 Halva2.bmp	 1.255364e+03	 22	 8.828638e+02	 220	 5.833499e+02	 98	 1.256381e+03	 616.67	 600.00	 46.00	 12	 1.09	 
CAr_122	 2	 10	 Popco.bmp	 1.257366e+03	 12	 999000	 120	 999000	 999	 1.258384e+03	 616.67	 600.00	 20.00	 53	 4.40	 
CAr_122	 2	 10	 Taami.bmp	 1.259368e+03	 22	 9.361194e+02	 220	 6.000190e+02	 98	 1.260386e+03	 616.67	 616.67	 43.00	 51	 1.67	 
CAr_122	 2	 10	 Tortit.bmp	 1.263356e+03	 24	 999000	 240	 999000	 999	 1.264374e+03	 616.67	 616.67	 44.00	 18	 1.64	 
CAr_122	 2	 10	 ChocolateParaCookies5.bmp	 1.265358e+03	 11	 9.602051e+02	 110	 6.166825e+02	 98	 1.266376e+03	 633.33	 616.67	 9.00	 16	 5.87	 
CAr_122	 2	 10	 Mars.bmp	 1.269363e+03	 24	 999000	 240	 999000	 999	 1.270381e+03	 633.33	 616.67	 50.00	 44	 0.58	 
CAr_122	 2	 10	 Mekupelet.bmp	 1.273367e+03	 11	 9.592163e+02	 110	 6.333493e+02	 98	 1.274385e+03	 650.00	 616.67	 11.00	 24	 4.89	 
CAr_122	 2	 10	 ClickXLbrown4.bmp	 1.276371e+03	 24	 999000	 240	 999000	 999	 1.277388e+03	 650.00	 616.67	 52.00	 55	 0.11	 
CAr_122	 2	 10	 PesekZman.bmp	 1.282361e+03	 12	 999000	 120	 999000	 999	 1.283378e+03	 650.00	 616.67	 6.00	 9	 5.93	 
CAr_122	 2	 10	 Keifli.bmp	 1.284363e+03	 24	 999000	 240	 999000	 999	 1.285381e+03	 650.00	 616.67	 56.00	 41	 0.07	 
CAr_122	 2	 10	 Kitkat.bmp	 1.288367e+03	 11	 9.510231e+02	 110	 6.500079e+02	 98	 1.289385e+03	 666.67	 616.67	 17.00	 34	 4.82	 
CAr_122	 2	 10	 BabyDoll.bmp	 1.290370e+03	 24	 999000	 240	 999000	 999	 1.291387e+03	 666.67	 616.67	 41.00	 4	 2.13	 
CAr_122	 2	 10	 Bounty.bmp	 1.292355e+03	 24	 999000	 240	 999000	 999	 1.293373e+03	 666.67	 616.67	 55.00	 35	 0.07	 
CAr_122	 2	 10	 GumiSnakes3.bmp	 1.294357e+03	 12	 999000	 120	 999000	 999	 1.295375e+03	 666.67	 616.67	 18.00	 40	 4.73	 
CAr_122	 2	 10	 Dubonim.bmp	 1.299363e+03	 12	 999000	 120	 999000	 999	 1.300381e+03	 666.67	 616.67	 22.00	 11	 4.29	 
CAr_122	 2	 10	 Hit.bmp	 1.301365e+03	 12	 999000	 120	 999000	 999	 1.302383e+03	 666.67	 616.67	 10.00	 60	 5.80	 
CAr_122	 2	 10	 CrunchShokoVanil.bmp	 1.303368e+03	 24	 999000	 240	 999000	 999	 1.304385e+03	 666.67	 616.67	 45.00	 14	 1.60	 
CAr_122	 2	 10	 KinderBuenoWhite2.bmp	 1.306371e+03	 11	 9.873997e+02	 110	 6.666856e+02	 98	 1.307389e+03	 683.33	 616.67	 8.00	 42	 5.89	 
