subjectID	order	runNum	itemName	onsetTime	shuff_trialType	RT	respInTime	AudioTime	response	fixationTime	ladder1	ladder2	bidIndex	BDMtrialIndex	bidValue
CAr_125	 2	 20	 DoritosSourSpicy.bmp	 2.489869e+03	 11	 1.009230e+03	 1100	 7.166915e+02	 98	 2.490889e+03	 666.67	 583.33	 8.00	 16	 9.04	 
CAr_125	 2	 20	 Mekupelet.bmp	 2.492856e+03	 11	 9.827907e+02	 110	 6.666743e+02	 98	 2.493874e+03	 683.33	 583.33	 14.00	 18	 8.16	 
CAr_125	 2	 20	 BambaSweet.bmp	 2.494858e+03	 24	 999000	 240	 999000	 999	 2.495876e+03	 683.33	 583.33	 58.00	 13	 0.04	 
CAr_125	 2	 20	 Smarties.bmp	 2.496861e+03	 22	 8.821946e+02	 220	 5.833549e+02	 98	 2.497879e+03	 683.33	 600.00	 54.00	 41	 1.53	 
CAr_125	 2	 20	 TapuchipsCrunch.bmp	 2.498863e+03	 12	 999000	 120	 999000	 999	 2.499881e+03	 683.33	 600.00	 20.00	 51	 7.02	 
CAr_125	 2	 20	 Tictac.bmp	 2.501866e+03	 22	 8.443136e+02	 220	 6.000181e+02	 98	 2.502884e+03	 683.33	 616.67	 48.00	 50	 1.67	 
CAr_125	 2	 20	 Keifli.bmp	 2.503869e+03	 24	 999000	 240	 999000	 999	 2.504886e+03	 683.33	 616.67	 41.00	 40	 2.82	 
CAr_125	 2	 20	 GumiWine2.bmp	 2.507856e+03	 22	 9.025842e+02	 220	 6.166795e+02	 98	 2.508874e+03	 683.33	 633.33	 46.00	 7	 1.69	 
CAr_125	 2	 20	 Tapuchips.bmp	 2.509859e+03	 22	 8.918614e+02	 220	 6.333481e+02	 98	 2.510876e+03	 683.33	 650.00	 43.00	 22	 2.76	 
CAr_125	 2	 20	 ChocolateParaSucariotKoftzot2.bmp	 2.514864e+03	 12	 999000	 120	 999000	 999	 2.515882e+03	 683.33	 650.00	 6.00	 29	 9.18	 
CAr_125	 2	 20	 BisliGrill.bmp	 2.516867e+03	 12	 999000	 120	 999000	 999	 2.517884e+03	 683.33	 650.00	 15.00	 30	 8.16	 
CAr_125	 2	 20	 ChocolateParaCookies5.bmp	 2.520871e+03	 12	 999000	 120	 999000	 999	 2.521889e+03	 683.33	 650.00	 5.00	 27	 9.96	 
CAr_125	 2	 20	 Twist.bmp	 2.522857e+03	 12	 999000	 120	 999000	 999	 2.523874e+03	 683.33	 650.00	 19.00	 56	 7.04	 
CAr_125	 2	 20	 SkittlesFruits2.bmp	 2.525860e+03	 12	 999000	 120	 999000	 999	 2.526878e+03	 683.33	 650.00	 3.00	 8	 9.96	 
CAr_125	 2	 20	 BagaleShtuhim.bmp	 2.530866e+03	 24	 999000	 240	 999000	 999	 2.531883e+03	 683.33	 650.00	 50.00	 20	 1.62	 
CAr_125	 2	 20	 GumiSnakes3.bmp	 2.532868e+03	 24	 999000	 240	 999000	 999	 2.533886e+03	 683.33	 650.00	 47.00	 10	 1.67	 
CAr_125	 2	 20	 BisliPizza3.bmp	 2.534870e+03	 24	 999000	 240	 999000	 999	 2.535888e+03	 683.33	 650.00	 55.00	 24	 0.64	 
CAr_125	 2	 20	 CrunchBisquitBrown3.bmp	 2.538858e+03	 12	 999000	 120	 999000	 999	 2.539876e+03	 683.33	 650.00	 7.00	 5	 9.04	 
CAr_125	 2	 20	 Tortit.bmp	 2.542862e+03	 24	 999000	 240	 999000	 999	 2.543880e+03	 683.33	 650.00	 42.00	 15	 2.80	 
CAr_125	 2	 20	 BabyDoll.bmp	 2.546867e+03	 24	 999000	 240	 999000	 999	 2.547885e+03	 683.33	 650.00	 56.00	 28	 0.40	 
CAr_125	 2	 20	 DoritosNatural.bmp	 2.548869e+03	 12	 999000	 120	 999000	 999	 2.549887e+03	 683.33	 650.00	 12.00	 12	 8.91	 
CAr_125	 2	 20	 Apropo.bmp	 2.550871e+03	 12	 999000	 120	 999000	 999	 2.551889e+03	 683.33	 650.00	 4.00	 19	 9.96	 
CAr_125	 2	 20	 CrunchBisquitWhite2.bmp	 2.552857e+03	 12	 999000	 120	 999000	 999	 2.553875e+03	 683.33	 650.00	 22.00	 44	 6.98	 
CAr_125	 2	 20	 ClickBisquit2.bmp	 2.554859e+03	 24	 999000	 240	 999000	 999	 2.555877e+03	 683.33	 650.00	 40.00	 32	 3.67	 
CAr_125	 2	 20	 Popco.bmp	 2.560866e+03	 24	 999000	 240	 999000	 999	 2.561884e+03	 683.33	 650.00	 44.00	 36	 1.78	 
CAr_125	 2	 20	 Halva2.bmp	 2.563869e+03	 22	 9.133824e+02	 220	 6.500166e+02	 98	 2.564887e+03	 683.33	 666.67	 49.00	 60	 1.67	 
CAr_125	 2	 20	 ClickXLwhite4.bmp	 2.565871e+03	 11	 9.351824e+02	 110	 6.833434e+02	 98	 2.566889e+03	 700.00	 666.67	 16.00	 57	 8.04	 
CAr_125	 2	 20	 Twix.bmp	 2.567857e+03	 12	 999000	 120	 999000	 999	 2.568875e+03	 700.00	 666.67	 18.00	 33	 7.04	 
CAr_125	 2	 20	 Dubonim.bmp	 2.570860e+03	 24	 999000	 240	 999000	 999	 2.571878e+03	 700.00	 666.67	 45.00	 47	 1.76	 
CAr_125	 2	 20	 Mars.bmp	 2.572863e+03	 12	 999000	 120	 999000	 999	 2.573881e+03	 700.00	 666.67	 21.00	 39	 6.98	 
CAr_125	 2	 20	 KinderJoy.bmp	 2.574865e+03	 24	 999000	 240	 999000	 999	 2.575883e+03	 700.00	 666.67	 39.00	 31	 3.78	 
CAr_125	 2	 20	 ChocolateParaMilk3.bmp	 2.576867e+03	 12	 999000	 120	 999000	 999	 2.577885e+03	 700.00	 666.67	 13.00	 35	 8.91	 
CAr_125	 2	 20	 Bamba.bmp	 2.579871e+03	 24	 999000	 240	 999000	 999	 2.580888e+03	 700.00	 666.67	 52.00	 25	 1.56	 
CAr_125	 2	 20	 Bounty.bmp	 2.581856e+03	 11	 9.906835e+02	 110	 7.000127e+02	 98	 2.582874e+03	 716.67	 666.67	 9.00	 9	 9.02	 
CAr_125	 2	 20	 KashitSour.bmp	 2.583859e+03	 22	 8.601316e+02	 220	 6.666795e+02	 98	 2.584876e+03	 716.67	 683.33	 51.00	 34	 1.62	 
CAr_125	 2	 20	 Kitkat.bmp	 2.585861e+03	 12	 999000	 120	 999000	 999	 2.586878e+03	 716.67	 683.33	 10.00	 4	 9.00	 
CAr_125	 2	 20	 WerthersOriginal.bmp	 2.587863e+03	 24	 999000	 240	 999000	 999	 2.588881e+03	 716.67	 683.33	 53.00	 55	 1.56	 
CAr_125	 2	 20	 ChocolateParaMarir2.bmp	 2.593870e+03	 24	 999000	 240	 999000	 999	 2.594887e+03	 716.67	 683.33	 57.00	 49	 0.07	 
CAr_125	 2	 20	 BisliOnion.bmp	 2.596856e+03	 11	 1.002729e+03	 1100	 7.166794e+02	 98	 2.597874e+03	 666.67	 683.33	 11.00	 45	 8.96	 
CAr_125	 2	 20	 Cheetos.bmp	 2.600861e+03	 11	 1.017907e+03	 1100	 6.666790e+02	 98	 2.601879e+03	 616.67	 683.33	 17.00	 53	 7.09	 
