subjectID	order	runNum	itemName	onsetTime	shuff_trialType	RT	respInTime	AudioTime	response	fixationTime	ladder1	ladder2	bidIndex	BDMtrialIndex	bidValue
CAr_102	 1	 4	 BisliOnion.bmp	 4.009075e+02	 22	 9.312176e+02	 220	 5.833520e+02	 98	 4.019255e+02	 583.33	 600.00	 44.00	 57	 1.20	 
CAr_102	 1	 4	 PesekZman.bmp	 4.059135e+02	 12	 999000	 120	 999000	 999	 4.069311e+02	 583.33	 600.00	 3.00	 23	 8.09	 
CAr_102	 1	 4	 DoritosNatural.bmp	 4.079158e+02	 24	 999000	 240	 999000	 999	 4.089334e+02	 583.33	 600.00	 40.00	 24	 2.60	 
CAr_102	 1	 4	 Tictac.bmp	 4.099180e+02	 22	 1.008709e+03	 2200	 6.000145e+02	 98	 4.109358e+02	 583.33	 550.00	 53.00	 49	 0.18	 
CAr_102	 1	 4	 Egozi.bmp	 4.159080e+02	 11	 9.467102e+02	 110	 5.833523e+02	 98	 4.169259e+02	 600.00	 550.00	 15.00	 36	 7.04	 
CAr_102	 1	 4	 ClickXLbrown4.bmp	 4.179103e+02	 12	 999000	 120	 999000	 999	 4.189279e+02	 600.00	 550.00	 19.00	 41	 6.98	 
CAr_102	 1	 4	 KinderBuenoBrown3.bmp	 4.209135e+02	 11	 9.732029e+02	 110	 6.000096e+02	 98	 4.219314e+02	 616.67	 550.00	 18.00	 8	 7.00	 
CAr_102	 1	 4	 ChocolateParaSucariotKoftzot2.bmp	 4.229159e+02	 22	 8.748386e+02	 220	 5.500110e+02	 98	 4.239337e+02	 616.67	 566.67	 45.00	 14	 1.00	 
CAr_102	 1	 4	 Shugi.bmp	 4.269035e+02	 11	 9.512426e+02	 110	 6.166777e+02	 98	 4.279214e+02	 633.33	 566.67	 13.00	 33	 7.07	 
CAr_102	 1	 4	 Halva2.bmp	 4.289058e+02	 24	 999000	 240	 999000	 999	 4.299236e+02	 633.33	 566.67	 49.00	 52	 0.31	 
CAr_102	 1	 4	 ClickBisquit2.bmp	 4.339115e+02	 12	 999000	 120	 999000	 999	 4.349294e+02	 633.33	 566.67	 16.00	 42	 7.04	 
CAr_102	 1	 4	 Mentos.bmp	 4.409195e+02	 24	 999000	 240	 999000	 999	 4.419372e+02	 633.33	 566.67	 56.00	 7	 0.09	 
CAr_102	 1	 4	 Keifli.bmp	 4.429046e+02	 24	 999000	 240	 999000	 999	 4.439227e+02	 633.33	 566.67	 46.00	 45	 0.93	 
CAr_102	 1	 4	 Mekupelet.bmp	 4.459084e+02	 24	 999000	 240	 999000	 999	 4.469260e+02	 633.33	 566.67	 39.00	 1	 2.71	 
CAr_102	 1	 4	 CrunchShokoVanil.bmp	 4.489116e+02	 12	 999000	 120	 999000	 999	 4.499294e+02	 633.33	 566.67	 6.00	 59	 7.20	 
CAr_102	 1	 4	 CrunchBisquitWhite2.bmp	 4.529162e+02	 12	 999000	 120	 999000	 999	 4.539339e+02	 633.33	 566.67	 20.00	 6	 6.91	 
CAr_102	 1	 4	 DoritosGrill.bmp	 4.569037e+02	 24	 999000	 240	 999000	 999	 4.579217e+02	 633.33	 566.67	 41.00	 44	 2.53	 
CAr_102	 1	 4	 Twist.bmp	 4.609083e+02	 11	 9.704117e+02	 110	 6.333486e+02	 98	 4.619263e+02	 650.00	 566.67	 7.00	 48	 7.18	 
CAr_102	 1	 4	 ClickXLwhite4.bmp	 4.639118e+02	 11	 9.589463e+02	 110	 6.500100e+02	 98	 4.649296e+02	 666.67	 566.67	 12.00	 15	 7.07	 
CAr_102	 1	 4	 Popco.bmp	 4.699187e+02	 22	 8.800435e+02	 220	 5.666800e+02	 98	 4.709363e+02	 666.67	 583.33	 50.00	 50	 0.27	 
CAr_102	 1	 4	 KinderBuenoWhite2.bmp	 4.719039e+02	 12	 999000	 120	 999000	 999	 4.729220e+02	 666.67	 583.33	 11.00	 30	 7.09	 
CAr_102	 1	 4	 BabyDoll.bmp	 4.749075e+02	 24	 999000	 240	 999000	 999	 4.759254e+02	 666.67	 583.33	 57.00	 26	 0.09	 
CAr_102	 1	 4	 ClickBalls5.bmp	 4.769097e+02	 12	 999000	 120	 999000	 999	 4.779276e+02	 666.67	 583.33	 14.00	 38	 7.07	 
CAr_102	 1	 4	 Dubonim.bmp	 4.789120e+02	 22	 1.022728e+03	 2200	 5.833450e+02	 98	 4.799299e+02	 666.67	 533.33	 47.00	 47	 0.69	 
CAr_102	 1	 4	 Tortit.bmp	 4.809144e+02	 12	 999000	 120	 999000	 999	 4.819320e+02	 666.67	 533.33	 9.00	 53	 7.11	 
CAr_102	 1	 4	 SkittlesFruits2.bmp	 4.839176e+02	 24	 999000	 240	 999000	 999	 4.849355e+02	 666.67	 533.33	 51.00	 56	 0.20	 
CAr_102	 1	 4	 WerthersOriginal.bmp	 4.879056e+02	 24	 999000	 240	 999000	 999	 4.889231e+02	 666.67	 533.33	 58.00	 40	 0.09	 
CAr_102	 1	 4	 ChocolateParaCookies5.bmp	 4.899076e+02	 12	 999000	 120	 999000	 999	 4.909255e+02	 666.67	 533.33	 5.00	 10	 7.31	 
CAr_102	 1	 4	 KashitSour.bmp	 4.919100e+02	 22	 9.526985e+02	 220	 5.333418e+02	 98	 4.929277e+02	 666.67	 550.00	 52.00	 13	 0.18	 
CAr_102	 1	 4	 ClickBlackWhite3.bmp	 4.939123e+02	 12	 999000	 120	 999000	 999	 4.949300e+02	 666.67	 550.00	 17.00	 27	 7.02	 
CAr_102	 1	 4	 Twix.bmp	 4.959145e+02	 12	 999000	 120	 999000	 999	 4.969322e+02	 666.67	 550.00	 4.00	 12	 7.76	 
CAr_102	 1	 4	 BambaSweet.bmp	 4.979166e+02	 24	 999000	 240	 999000	 999	 4.989344e+02	 666.67	 550.00	 43.00	 28	 1.40	 
CAr_102	 1	 4	 Loacker.bmp	 5.019043e+02	 12	 999000	 120	 999000	 999	 5.029222e+02	 666.67	 550.00	 8.00	 43	 7.11	 
CAr_102	 1	 4	 GumiSnakes3.bmp	 5.059091e+02	 24	 999000	 240	 999000	 999	 5.069269e+02	 666.67	 550.00	 54.00	 32	 0.16	 
CAr_102	 1	 4	 SkittlesSour4.bmp	 5.079112e+02	 24	 999000	 240	 999000	 999	 5.089291e+02	 666.67	 550.00	 55.00	 19	 0.13	 
CAr_102	 1	 4	 DoritosSourSpicy.bmp	 5.099135e+02	 24	 999000	 240	 999000	 999	 5.109313e+02	 666.67	 550.00	 42.00	 4	 1.64	 
CAr_102	 1	 4	 Taami.bmp	 5.119158e+02	 12	 999000	 120	 999000	 999	 5.129335e+02	 666.67	 550.00	 22.00	 22	 6.89	 
CAr_102	 1	 4	 Smarties.bmp	 5.139180e+02	 24	 999000	 240	 999000	 999	 5.149358e+02	 666.67	 550.00	 48.00	 21	 0.51	 
CAr_102	 1	 4	 Hit.bmp	 5.199081e+02	 12	 999000	 120	 999000	 999	 5.209258e+02	 666.67	 550.00	 21.00	 25	 6.91	 
CAr_102	 1	 4	 CrunchBisquitBrown3.bmp	 5.219104e+02	 11	 1.144346e+03	 1100	 6.666778e+02	 98	 5.229280e+02	 616.67	 550.00	 10.00	 60	 7.11	 
