subjectID	order	runNum	itemName	onsetTime	shuff_trialType	RT	respInTime	AudioTime	response	fixationTime	ladder1	ladder2	bidIndex	BDMtrialIndex	bidValue
CAr_112	 2	 3	 Tortit.bmp	 2.523019e+02	 24	 999000	 240	 999000	 999	 2.533196e+02	 416.67	 350.00	 52.00	 18	 3.44	 
CAr_112	 2	 3	 SkittlesSour4.bmp	 2.572908e+02	 24	 999000	 240	 999000	 999	 2.583086e+02	 416.67	 350.00	 50.00	 29	 3.78	 
CAr_112	 2	 3	 Snickers.bmp	 2.592931e+02	 12	 999000	 120	 999000	 999	 2.603108e+02	 416.67	 350.00	 7.00	 7	 7.31	 
CAr_112	 2	 3	 Bamba.bmp	 2.612954e+02	 24	 999000	 240	 999000	 999	 2.623131e+02	 416.67	 350.00	 55.00	 37	 2.73	 
CAr_112	 2	 3	 Loacker.bmp	 2.673021e+02	 12	 999000	 120	 999000	 999	 2.683198e+02	 416.67	 350.00	 12.00	 9	 6.89	 
CAr_112	 2	 3	 BagaleShtuhim.bmp	 2.693043e+02	 24	 999000	 240	 999000	 999	 2.703221e+02	 416.67	 350.00	 57.00	 47	 2.51	 
CAr_112	 2	 3	 Mars.bmp	 2.722910e+02	 12	 999000	 120	 999000	 999	 2.733087e+02	 416.67	 350.00	 4.00	 28	 8.00	 
CAr_112	 2	 3	 BisliPizza3.bmp	 2.742932e+02	 24	 999000	 240	 999000	 999	 2.753110e+02	 416.67	 350.00	 45.00	 21	 4.40	 
CAr_112	 2	 3	 Hit.bmp	 2.782977e+02	 12	 999000	 120	 999000	 999	 2.793155e+02	 416.67	 350.00	 21.00	 31	 5.96	 
CAr_112	 2	 3	 Shugi.bmp	 2.802999e+02	 11	 8.348467e+02	 110	 4.166808e+02	 98	 2.813177e+02	 433.33	 350.00	 17.00	 14	 6.29	 
CAr_112	 2	 3	 Kitkat.bmp	 2.852886e+02	 12	 999000	 120	 999000	 999	 2.863067e+02	 433.33	 350.00	 10.00	 34	 6.98	 
CAr_112	 2	 3	 BambaSweet.bmp	 2.922967e+02	 22	 8.060035e+02	 220	 3.500145e+02	 98	 2.933145e+02	 433.33	 366.67	 46.00	 11	 4.20	 
CAr_112	 2	 3	 ChocolateParaCookies5.bmp	 2.942989e+02	 12	 999000	 120	 999000	 999	 2.953167e+02	 433.33	 366.67	 20.00	 6	 6.00	 
CAr_112	 2	 3	 HappyHippo.bmp	 2.973023e+02	 12	 999000	 120	 999000	 999	 2.983200e+02	 433.33	 366.67	 19.00	 22	 6.07	 
CAr_112	 2	 3	 ClickBisquit2.bmp	 3.002890e+02	 11	 1.101719e+03	 1100	 4.333443e+02	 98	 3.013068e+02	 383.33	 366.67	 8.00	 5	 7.11	 
CAr_112	 2	 3	 WerthersOriginal.bmp	 3.042934e+02	 24	 999000	 240	 999000	 999	 3.053113e+02	 383.33	 366.67	 56.00	 36	 2.67	 
CAr_112	 2	 3	 Egozi.bmp	 3.082980e+02	 24	 999000	 240	 999000	 999	 3.093158e+02	 383.33	 366.67	 53.00	 55	 3.44	 
CAr_112	 2	 3	 ClickBalls5.bmp	 3.123024e+02	 12	 999000	 120	 999000	 999	 3.133203e+02	 383.33	 366.67	 15.00	 8	 6.60	 
CAr_112	 2	 3	 Apropo.bmp	 3.152891e+02	 24	 999000	 240	 999000	 999	 3.163070e+02	 383.33	 366.67	 42.00	 12	 4.51	 
CAr_112	 2	 3	 KinderBuenoBrown3.bmp	 3.212959e+02	 11	 8.387979e+02	 110	 3.833433e+02	 98	 3.223137e+02	 400.00	 366.67	 11.00	 32	 6.96	 
CAr_112	 2	 3	 Keifli.bmp	 3.232981e+02	 24	 999000	 240	 999000	 999	 3.243159e+02	 400.00	 366.67	 39.00	 23	 4.62	 
CAr_112	 2	 3	 TapuchipsCrunch.bmp	 3.263014e+02	 24	 999000	 240	 999000	 999	 3.273193e+02	 400.00	 366.67	 41.00	 44	 4.60	 
CAr_112	 2	 3	 Bounty.bmp	 3.283038e+02	 11	 1.174959e+03	 1100	 4.000157e+02	 98	 3.293216e+02	 350.00	 366.67	 9.00	 1	 7.00	 
CAr_112	 2	 3	 GumiWine2.bmp	 3.302893e+02	 24	 999000	 240	 999000	 999	 3.313070e+02	 350.00	 366.67	 58.00	 16	 2.07	 
CAr_112	 2	 3	 SkittlesFruits2.bmp	 3.322915e+02	 12	 999000	 120	 999000	 999	 3.333093e+02	 350.00	 366.67	 22.00	 33	 5.93	 
CAr_112	 2	 3	 Smarties.bmp	 3.352949e+02	 22	 7.918471e+02	 220	 3.666740e+02	 98	 3.363126e+02	 350.00	 383.33	 51.00	 30	 3.73	 
CAr_112	 2	 3	 BambaNugat.bmp	 3.392993e+02	 24	 999000	 240	 999000	 999	 3.403171e+02	 350.00	 383.33	 44.00	 54	 4.47	 
CAr_112	 2	 3	 ClickXLbrown4.bmp	 3.413018e+02	 12	 999000	 120	 999000	 999	 3.423194e+02	 350.00	 383.33	 6.00	 35	 7.93	 
CAr_112	 2	 3	 Mentos.bmp	 3.433039e+02	 12	 999000	 120	 999000	 999	 3.443216e+02	 350.00	 383.33	 13.00	 20	 6.82	 
CAr_112	 2	 3	 BisliOnion.bmp	 3.452894e+02	 22	 9.972790e+02	 220	 3.833396e+02	 98	 3.463072e+02	 350.00	 400.00	 43.00	 25	 4.51	 
CAr_112	 2	 3	 CrunchBisquitBrown3.bmp	 3.472917e+02	 12	 999000	 120	 999000	 999	 3.483094e+02	 350.00	 400.00	 5.00	 17	 7.98	 
CAr_112	 2	 3	 Tapuchips.bmp	 3.492940e+02	 22	 5.767484e+02	 220	 4.000122e+02	 98	 3.503117e+02	 350.00	 416.67	 48.00	 46	 4.11	 
CAr_112	 2	 3	 KashitSour.bmp	 3.532984e+02	 22	 8.763565e+02	 220	 4.166802e+02	 98	 3.543162e+02	 350.00	 433.33	 49.00	 19	 3.91	 
CAr_112	 2	 3	 ClickXLwhite4.bmp	 3.573029e+02	 11	 7.518437e+02	 110	 3.500124e+02	 98	 3.583207e+02	 366.67	 433.33	 14.00	 15	 6.62	 
CAr_112	 2	 3	 KinderJoy.bmp	 3.592885e+02	 12	 999000	 120	 999000	 999	 3.603063e+02	 366.67	 433.33	 3.00	 42	 8.44	 
CAr_112	 2	 3	 Halva2.bmp	 3.612907e+02	 12	 999000	 120	 999000	 999	 3.623086e+02	 366.67	 433.33	 18.00	 27	 6.11	 
CAr_112	 2	 3	 Dubonim.bmp	 3.632929e+02	 24	 999000	 240	 999000	 999	 3.643107e+02	 366.67	 433.33	 40.00	 13	 4.60	 
CAr_112	 2	 3	 BabyDoll.bmp	 3.652952e+02	 11	 9.675075e+02	 110	 3.666803e+02	 98	 3.663129e+02	 383.33	 433.33	 16.00	 24	 6.51	 
CAr_112	 2	 3	 BisliGrill.bmp	 3.713019e+02	 24	 999000	 240	 999000	 999	 3.723197e+02	 383.33	 433.33	 47.00	 38	 4.20	 
CAr_112	 2	 3	 Mekupelet.bmp	 3.732874e+02	 22	 8.392872e+02	 220	 4.333482e+02	 98	 3.743053e+02	 383.33	 450.00	 54.00	 39	 3.36	 
