subjectID	order	runNum	itemName	onsetTime	shuff_trialType	RT	respInTime	AudioTime	response	fixationTime	ladder1	ladder2	bidIndex	BDMtrialIndex	bidValue
CAr_123	 1	 5	 ChocolateParaSucariotKoftzot2.bmp	 6.558540e+02	 24	 999000	 240	 999000	 999	 6.568718e+02	 550.00	 550.00	 48.00	 11	 2.69	 
CAr_123	 1	 5	 ClickXLbrown4.bmp	 6.608429e+02	 12	 999000	 120	 999000	 999	 6.618607e+02	 550.00	 550.00	 9.00	 26	 4.89	 
CAr_123	 1	 5	 BisliOnion.bmp	 6.628451e+02	 12	 999000	 120	 999000	 999	 6.638631e+02	 550.00	 550.00	 17.00	 20	 4.82	 
CAr_123	 1	 5	 PesekZman.bmp	 6.648474e+02	 11	 9.110396e+02	 110	 5.500206e+02	 98	 6.658652e+02	 566.67	 550.00	 7.00	 8	 5.42	 
CAr_123	 1	 5	 BabyDoll.bmp	 6.708375e+02	 24	 999000	 240	 999000	 999	 6.718554e+02	 566.67	 550.00	 56.00	 12	 1.60	 
CAr_123	 1	 5	 Halva2.bmp	 6.728398e+02	 24	 999000	 240	 999000	 999	 6.738575e+02	 566.67	 550.00	 40.00	 58	 3.36	 
CAr_123	 1	 5	 SkittlesFruits2.bmp	 6.758432e+02	 22	 8.832198e+02	 220	 5.500185e+02	 98	 6.768609e+02	 566.67	 566.67	 44.00	 25	 2.73	 
CAr_123	 1	 5	 Bamba.bmp	 6.778455e+02	 22	 9.289608e+02	 220	 5.666909e+02	 98	 6.788632e+02	 566.67	 583.33	 50.00	 33	 2.67	 
CAr_123	 1	 5	 KinderBuenoWhite2.bmp	 6.818499e+02	 12	 999000	 120	 999000	 999	 6.828678e+02	 566.67	 583.33	 8.00	 60	 4.91	 
CAr_123	 1	 5	 KinderBuenoBrown3.bmp	 6.838521e+02	 11	 8.743231e+02	 110	 5.666750e+02	 98	 6.848699e+02	 583.33	 583.33	 13.00	 35	 4.87	 
CAr_123	 1	 5	 CrunchBisquitBrown3.bmp	 6.888412e+02	 12	 999000	 120	 999000	 999	 6.898590e+02	 583.33	 583.33	 3.00	 13	 5.91	 
CAr_123	 1	 5	 BagaleShtuhim.bmp	 6.958491e+02	 24	 999000	 240	 999000	 999	 6.968667e+02	 583.33	 583.33	 41.00	 45	 3.33	 
CAr_123	 1	 5	 Shugi.bmp	 6.978512e+02	 24	 999000	 240	 999000	 999	 6.988689e+02	 583.33	 583.33	 51.00	 32	 2.20	 
CAr_123	 1	 5	 CrunchShokoVanil.bmp	 7.008375e+02	 11	 9.128628e+02	 110	 5.833465e+02	 98	 7.018557e+02	 600.00	 583.33	 12.00	 21	 4.87	 
CAr_123	 1	 5	 ChocolateParaCookies5.bmp	 7.038412e+02	 12	 999000	 120	 999000	 999	 7.048591e+02	 600.00	 583.33	 4.00	 17	 5.89	 
CAr_123	 1	 5	 DoritosSourSpicy.bmp	 7.078457e+02	 12	 999000	 120	 999000	 999	 7.088636e+02	 600.00	 583.33	 16.00	 18	 4.82	 
CAr_123	 1	 5	 SkittlesSour4.bmp	 7.118503e+02	 22	 9.241843e+02	 220	 5.833445e+02	 98	 7.128681e+02	 600.00	 600.00	 53.00	 56	 1.80	 
CAr_123	 1	 5	 Dubonim.bmp	 7.158382e+02	 12	 999000	 120	 999000	 999	 7.168558e+02	 600.00	 600.00	 22.00	 30	 4.60	 
CAr_123	 1	 5	 BambaSweet.bmp	 7.188414e+02	 22	 9.651182e+02	 220	 6.000128e+02	 98	 7.198593e+02	 600.00	 616.67	 47.00	 1	 2.69	 
CAr_123	 1	 5	 BisliGrill.bmp	 7.248482e+02	 12	 999000	 120	 999000	 999	 7.258660e+02	 600.00	 616.67	 5.00	 16	 5.69	 
CAr_123	 1	 5	 KinderJoy.bmp	 7.268504e+02	 24	 999000	 240	 999000	 999	 7.278682e+02	 600.00	 616.67	 46.00	 52	 2.73	 
CAr_123	 1	 5	 Mentos.bmp	 7.298370e+02	 24	 999000	 240	 999000	 999	 7.308549e+02	 600.00	 616.67	 54.00	 6	 1.62	 
CAr_123	 1	 5	 GumiSnakes3.bmp	 7.318394e+02	 24	 999000	 240	 999000	 999	 7.328573e+02	 600.00	 616.67	 42.00	 5	 2.76	 
CAr_123	 1	 5	 GumiWine2.bmp	 7.338416e+02	 24	 999000	 240	 999000	 999	 7.348594e+02	 600.00	 616.67	 57.00	 55	 1.60	 
CAr_123	 1	 5	 Loacker.bmp	 7.358439e+02	 11	 9.065298e+02	 110	 6.000134e+02	 98	 7.368617e+02	 616.67	 616.67	 18.00	 28	 4.82	 
CAr_123	 1	 5	 BambaNugat.bmp	 7.388473e+02	 24	 999000	 240	 999000	 999	 7.398650e+02	 616.67	 616.67	 39.00	 10	 3.76	 
CAr_123	 1	 5	 ClickBisquit2.bmp	 7.428517e+02	 12	 999000	 120	 999000	 999	 7.438696e+02	 616.67	 616.67	 20.00	 59	 4.82	 
CAr_123	 1	 5	 Smarties.bmp	 7.448372e+02	 24	 999000	 240	 999000	 999	 7.458551e+02	 616.67	 616.67	 55.00	 23	 1.62	 
CAr_123	 1	 5	 Keifli.bmp	 7.468395e+02	 11	 1.054917e+03	 1100	 6.166804e+02	 98	 7.478574e+02	 566.67	 616.67	 10.00	 39	 4.89	 
CAr_123	 1	 5	 CrunchBisquitWhite2.bmp	 7.488418e+02	 12	 999000	 120	 999000	 999	 7.498597e+02	 566.67	 616.67	 6.00	 14	 5.58	 
CAr_123	 1	 5	 Twist.bmp	 7.508441e+02	 24	 999000	 240	 999000	 999	 7.518619e+02	 566.67	 616.67	 43.00	 19	 2.73	 
CAr_123	 1	 5	 Mekupelet.bmp	 7.528462e+02	 22	 9.281813e+02	 220	 6.166746e+02	 98	 7.538641e+02	 566.67	 633.33	 45.00	 36	 2.73	 
CAr_123	 1	 5	 WerthersOriginal.bmp	 7.568509e+02	 24	 999000	 240	 999000	 999	 7.578686e+02	 566.67	 633.33	 49.00	 31	 2.69	 
CAr_123	 1	 5	 ChocolateParaMarir2.bmp	 7.608387e+02	 12	 999000	 120	 999000	 999	 7.618564e+02	 566.67	 633.33	 11.00	 3	 4.87	 
CAr_123	 1	 5	 Snickers.bmp	 7.628409e+02	 11	 9.014913e+02	 110	 5.666844e+02	 98	 7.638588e+02	 583.33	 633.33	 15.00	 7	 4.82	 
CAr_123	 1	 5	 Popco.bmp	 7.648432e+02	 12	 999000	 120	 999000	 999	 7.658609e+02	 583.33	 633.33	 21.00	 48	 4.78	 
CAr_123	 1	 5	 Taami.bmp	 7.668454e+02	 12	 999000	 120	 999000	 999	 7.678632e+02	 583.33	 633.33	 14.00	 15	 4.84	 
CAr_123	 1	 5	 HappyHippo.bmp	 7.688476e+02	 22	 9.988294e+02	 220	 6.333426e+02	 98	 7.698654e+02	 583.33	 650.00	 52.00	 24	 2.16	 
CAr_123	 1	 5	 BisliPizza3.bmp	 7.748377e+02	 12	 999000	 120	 999000	 999	 7.758556e+02	 583.33	 650.00	 19.00	 29	 4.82	 
CAr_123	 1	 5	 Tictac.bmp	 7.768401e+02	 24	 999000	 240	 999000	 999	 7.778578e+02	 583.33	 650.00	 58.00	 43	 1.20	 
