subjectID	order	runNum	itemName	onsetTime	shuff_trialType	RT	respInTime	AudioTime	response	fixationTime	ladder1	ladder2	bidIndex	BDMtrialIndex	bidValue
CAr_124	 2	 10	 Tortit.bmp	 1.150401e+03	 22	 1.037559e+03	 2200	 6.500159e+02	 98	 1.151419e+03	 650.00	 600.00	 51.00	 45	 0.33	 
CAr_124	 2	 10	 Taami.bmp	 1.153405e+03	 24	 999000	 240	 999000	 999	 1.154423e+03	 650.00	 600.00	 56.00	 18	 0.18	 
CAr_124	 2	 10	 SkittlesSour4.bmp	 1.157409e+03	 24	 999000	 240	 999000	 999	 1.158427e+03	 650.00	 600.00	 41.00	 22	 1.53	 
CAr_124	 2	 10	 Twix.bmp	 1.159395e+03	 11	 9.796652e+02	 110	 6.500216e+02	 98	 1.160413e+03	 666.67	 600.00	 9.00	 42	 4.82	 
CAr_124	 2	 10	 Smarties.bmp	 1.161397e+03	 22	 999000	 2	 6.000175e+02	 999	 1.162415e+03	 666.67	 550.00	 43.00	 59	 1.09	 
CAr_124	 2	 10	 HispusimShatiah.bmp	 1.165401e+03	 24	 999000	 240	 999000	 999	 1.166419e+03	 666.67	 550.00	 53.00	 12	 0.29	 
CAr_124	 2	 10	 Keifli.bmp	 1.167404e+03	 12	 999000	 120	 999000	 999	 1.168422e+03	 666.67	 550.00	 10.00	 36	 4.40	 
CAr_124	 2	 10	 CrunchShokoVanil.bmp	 1.172393e+03	 12	 1.397891e+03	 12	 999000	 98	 1.173410e+03	 666.67	 550.00	 3.00	 7	 6.00	 
CAr_124	 2	 10	 Mentos.bmp	 1.174395e+03	 24	 999000	 240	 999000	 999	 1.175413e+03	 666.67	 550.00	 47.00	 39	 0.62	 
CAr_124	 2	 10	 Halva2.bmp	 1.177398e+03	 24	 999000	 240	 999000	 999	 1.178416e+03	 666.67	 550.00	 52.00	 9	 0.29	 
CAr_124	 2	 10	 TapuchipsCrunch.bmp	 1.180402e+03	 12	 999000	 120	 999000	 999	 1.181419e+03	 666.67	 550.00	 20.00	 53	 3.38	 
CAr_124	 2	 10	 ClickXLbrown4.bmp	 1.184406e+03	 12	 999000	 120	 999000	 999	 1.185424e+03	 666.67	 550.00	 19.00	 48	 3.40	 
CAr_124	 2	 10	 Egozi.bmp	 1.187393e+03	 22	 9.099543e+02	 220	 5.500153e+02	 98	 1.188411e+03	 666.67	 566.67	 54.00	 15	 0.29	 
CAr_124	 2	 10	 Snickers.bmp	 1.189395e+03	 11	 1.035546e+03	 1100	 6.666799e+02	 98	 1.190413e+03	 616.67	 566.67	 11.00	 43	 4.22	 
CAr_124	 2	 10	 Popco.bmp	 1.192399e+03	 24	 999000	 240	 999000	 999	 1.193416e+03	 616.67	 566.67	 55.00	 35	 0.22	 
CAr_124	 2	 10	 Tapuchips.bmp	 1.196403e+03	 12	 999000	 120	 999000	 999	 1.197421e+03	 616.67	 566.67	 7.00	 38	 4.87	 
CAr_124	 2	 10	 KifkefMaklot2.bmp	 1.199406e+03	 24	 999000	 240	 999000	 999	 1.200424e+03	 616.67	 566.67	 45.00	 51	 0.78	 
CAr_124	 2	 10	 BisliGrill.bmp	 1.201409e+03	 12	 999000	 120	 999000	 999	 1.202426e+03	 616.67	 566.67	 12.00	 14	 3.91	 
CAr_124	 2	 10	 Mekupelet.bmp	 1.203394e+03	 24	 999000	 240	 999000	 999	 1.204412e+03	 616.67	 566.67	 40.00	 17	 1.62	 
CAr_124	 2	 10	 Cheetos.bmp	 1.208400e+03	 12	 999000	 120	 999000	 999	 1.209417e+03	 616.67	 566.67	 4.00	 40	 5.93	 
CAr_124	 2	 10	 KinderJoy.bmp	 1.212404e+03	 22	 8.743325e+02	 220	 5.666830e+02	 98	 1.213422e+03	 616.67	 583.33	 49.00	 55	 0.53	 
CAr_124	 2	 10	 KinderBuenoWhite2.bmp	 1.216392e+03	 24	 999000	 240	 999000	 999	 1.217410e+03	 616.67	 583.33	 42.00	 37	 1.24	 
CAr_124	 2	 10	 ClickBisquit2.bmp	 1.222399e+03	 11	 9.198279e+02	 110	 6.166853e+02	 98	 1.223417e+03	 633.33	 583.33	 17.00	 29	 3.76	 
CAr_124	 2	 10	 Shugi.bmp	 1.224401e+03	 11	 9.896106e+02	 110	 6.333448e+02	 98	 1.225419e+03	 650.00	 583.33	 8.00	 11	 4.84	 
CAr_124	 2	 10	 Kitkat.bmp	 1.226403e+03	 12	 999000	 120	 999000	 999	 1.227421e+03	 650.00	 583.33	 5.00	 25	 4.91	 
CAr_124	 2	 10	 Apropo.bmp	 1.228406e+03	 12	 999000	 120	 999000	 999	 1.229423e+03	 650.00	 583.33	 6.00	 3	 4.89	 
CAr_124	 2	 10	 SkittlesFruits2.bmp	 1.230408e+03	 24	 999000	 240	 999000	 999	 1.231425e+03	 650.00	 583.33	 50.00	 52	 0.51	 
CAr_124	 2	 10	 Bounty.bmp	 1.234396e+03	 22	 9.470433e+02	 220	 5.833431e+02	 98	 1.235413e+03	 650.00	 600.00	 48.00	 49	 0.62	 
CAr_124	 2	 10	 Mars.bmp	 1.236398e+03	 11	 9.847896e+02	 110	 6.500107e+02	 98	 1.237416e+03	 666.67	 600.00	 16.00	 54	 3.78	 
CAr_124	 2	 10	 DoritosSourSpicy.bmp	 1.240402e+03	 12	 999000	 120	 999000	 999	 1.241420e+03	 666.67	 600.00	 21.00	 34	 3.31	 
CAr_124	 2	 10	 BagaleShtuhim.bmp	 1.242405e+03	 12	 999000	 120	 999000	 999	 1.243422e+03	 666.67	 600.00	 22.00	 26	 3.29	 
CAr_124	 2	 10	 Hit.bmp	 1.244407e+03	 24	 999000	 240	 999000	 999	 1.245424e+03	 666.67	 600.00	 39.00	 6	 1.67	 
CAr_124	 2	 10	 CrunchBisquitWhite2.bmp	 1.246409e+03	 12	 999000	 120	 999000	 999	 1.247427e+03	 666.67	 600.00	 15.00	 2	 3.82	 
CAr_124	 2	 10	 WerthersOriginal.bmp	 1.251398e+03	 22	 1.144637e+03	 2200	 6.000114e+02	 98	 1.252416e+03	 666.67	 550.00	 46.00	 24	 0.67	 
CAr_124	 2	 10	 Dubonim.bmp	 1.253400e+03	 12	 999000	 120	 999000	 999	 1.254418e+03	 666.67	 550.00	 13.00	 5	 3.84	 
CAr_124	 2	 10	 ChocolateParaMarir2.bmp	 1.255403e+03	 24	 999000	 240	 999000	 999	 1.256420e+03	 666.67	 550.00	 58.00	 41	 0.09	 
CAr_124	 2	 10	 Twist.bmp	 1.258406e+03	 24	 999000	 240	 999000	 999	 1.259424e+03	 666.67	 550.00	 44.00	 27	 1.00	 
CAr_124	 2	 10	 Loacker.bmp	 1.265397e+03	 12	 999000	 120	 999000	 999	 1.266415e+03	 666.67	 550.00	 18.00	 31	 3.76	 
CAr_124	 2	 10	 ChocolateParaCookies5.bmp	 1.269401e+03	 11	 1.109232e+03	 1100	 6.666762e+02	 98	 1.270419e+03	 616.67	 550.00	 14.00	 21	 3.84	 
CAr_124	 2	 10	 BambaSweet.bmp	 1.276409e+03	 24	 999000	 240	 999000	 999	 1.277427e+03	 616.67	 550.00	 57.00	 19	 0.09	 
