subjectID	order	runNum	itemName	onsetTime	shuff_trialType	RT	respInTime	AudioTime	response	fixationTime	ladder1	ladder2	bidIndex	BDMtrialIndex	bidValue
CAr_117	 1	 12	 Twist.bmp	 1.392725e+03	 22	 8.419881e+02	 220	 5.166840e+02	 98	 1.393742e+03	 516.67	 533.33	 47.00	 11	 1.53	 
CAr_117	 1	 12	 ClickBlackWhite3.bmp	 1.394727e+03	 11	 8.716773e+02	 110	 5.166887e+02	 98	 1.395744e+03	 533.33	 533.33	 13.00	 8	 5.82	 
CAr_117	 1	 12	 ClickXLbrown4.bmp	 1.398715e+03	 11	 2.998763e+02	 11	 5.333511e+02	 98	 1.399732e+03	 550.00	 533.33	 7.00	 48	 6.56	 
CAr_117	 1	 12	 KinderJoy.bmp	 1.401718e+03	 12	 999000	 120	 999000	 999	 1.402736e+03	 550.00	 533.33	 14.00	 42	 5.47	 
CAr_117	 1	 12	 Kitkat.bmp	 1.403720e+03	 12	 999000	 120	 999000	 999	 1.404738e+03	 550.00	 533.33	 20.00	 12	 4.82	 
CAr_117	 1	 12	 Halva2.bmp	 1.406724e+03	 24	 999000	 240	 999000	 999	 1.407741e+03	 550.00	 533.33	 55.00	 39	 0.27	 
CAr_117	 1	 12	 Tapuchips.bmp	 1.410711e+03	 24	 999000	 240	 999000	 999	 1.411729e+03	 550.00	 533.33	 54.00	 21	 0.40	 
CAr_117	 1	 12	 BambaNugat.bmp	 1.414716e+03	 12	 999000	 120	 999000	 999	 1.415734e+03	 550.00	 533.33	 21.00	 14	 4.73	 
CAr_117	 1	 12	 DoritosNatural.bmp	 1.416718e+03	 22	 8.802779e+02	 220	 5.333474e+02	 98	 1.417736e+03	 550.00	 550.00	 45.00	 6	 1.67	 
CAr_117	 1	 12	 KinderBuenoWhite2.bmp	 1.421724e+03	 12	 999000	 120	 999000	 999	 1.422741e+03	 550.00	 550.00	 5.00	 28	 6.84	 
CAr_117	 1	 12	 CrunchShokoVanil.bmp	 1.423726e+03	 12	 999000	 120	 999000	 999	 1.424744e+03	 550.00	 550.00	 22.00	 60	 4.69	 
CAr_117	 1	 12	 Taami.bmp	 1.425711e+03	 11	 9.673757e+02	 110	 5.500135e+02	 98	 1.426729e+03	 566.67	 550.00	 12.00	 34	 5.84	 
CAr_117	 1	 12	 Tictac.bmp	 1.431718e+03	 24	 999000	 240	 999000	 999	 1.432736e+03	 566.67	 550.00	 56.00	 58	 0.18	 
CAr_117	 1	 12	 Mekupelet.bmp	 1.433721e+03	 24	 999000	 240	 999000	 999	 1.434738e+03	 566.67	 550.00	 40.00	 22	 1.91	 
CAr_117	 1	 12	 KashitSour.bmp	 1.435723e+03	 24	 999000	 240	 999000	 999	 1.436741e+03	 566.67	 550.00	 49.00	 46	 1.29	 
CAr_117	 1	 12	 ClickBisquit2.bmp	 1.437725e+03	 12	 999000	 120	 999000	 999	 1.438743e+03	 566.67	 550.00	 17.00	 25	 4.84	 
CAr_117	 1	 12	 ClickBalls5.bmp	 1.441713e+03	 24	 999000	 240	 999000	 999	 1.442731e+03	 566.67	 550.00	 39.00	 19	 2.56	 
CAr_117	 1	 12	 GumiSnakes3.bmp	 1.445717e+03	 24	 999000	 240	 999000	 999	 1.446735e+03	 566.67	 550.00	 46.00	 45	 1.56	 
CAr_117	 1	 12	 KinderBuenoBrown3.bmp	 1.448721e+03	 11	 9.737846e+02	 110	 5.666810e+02	 98	 1.449738e+03	 583.33	 550.00	 15.00	 41	 5.38	 
CAr_117	 1	 12	 SkittlesSour4.bmp	 1.452725e+03	 11	 9.708421e+02	 110	 5.833441e+02	 98	 1.453743e+03	 600.00	 550.00	 10.00	 26	 5.96	 
CAr_117	 1	 12	 KifkefMaklot2.bmp	 1.455712e+03	 22	 1.126856e+03	 2200	 5.500083e+02	 98	 1.456730e+03	 600.00	 500.00	 52.00	 10	 0.51	 
CAr_117	 1	 12	 Loacker.bmp	 1.457714e+03	 22	 8.374217e+02	 220	 5.000184e+02	 98	 1.458732e+03	 600.00	 516.67	 53.00	 40	 0.49	 
CAr_117	 1	 12	 ChocolateParaMilk3.bmp	 1.461719e+03	 24	 999000	 240	 999000	 999	 1.462736e+03	 600.00	 516.67	 57.00	 18	 0.16	 
CAr_117	 1	 12	 ChocolateParaSucariotKoftzot2.bmp	 1.463721e+03	 12	 999000	 120	 999000	 999	 1.464739e+03	 600.00	 516.67	 9.00	 13	 5.96	 
CAr_117	 1	 12	 HappyHippo.bmp	 1.465723e+03	 12	 999000	 120	 999000	 999	 1.466741e+03	 600.00	 516.67	 19.00	 7	 4.82	 
CAr_117	 1	 12	 BisliGrill.bmp	 1.469711e+03	 12	 999000	 120	 999000	 999	 1.470729e+03	 600.00	 516.67	 16.00	 32	 4.87	 
CAr_117	 1	 12	 Shugi.bmp	 1.471713e+03	 24	 999000	 240	 999000	 999	 1.472731e+03	 600.00	 516.67	 43.00	 20	 1.78	 
CAr_117	 1	 12	 PesekZman.bmp	 1.475718e+03	 12	 999000	 120	 999000	 999	 1.476735e+03	 600.00	 516.67	 4.00	 31	 6.91	 
CAr_117	 1	 12	 Mentos.bmp	 1.479722e+03	 24	 999000	 240	 999000	 999	 1.480740e+03	 600.00	 516.67	 41.00	 35	 1.87	 
CAr_117	 1	 12	 BambaSweet.bmp	 1.482726e+03	 22	 9.209442e+02	 220	 5.166797e+02	 98	 1.483743e+03	 600.00	 533.33	 50.00	 53	 1.11	 
CAr_117	 1	 12	 HispusimShatiah.bmp	 1.488716e+03	 24	 999000	 240	 999000	 999	 1.489733e+03	 600.00	 533.33	 58.00	 44	 0.16	 
CAr_117	 1	 12	 Bounty.bmp	 1.490718e+03	 12	 999000	 120	 999000	 999	 1.491736e+03	 600.00	 533.33	 8.00	 15	 6.00	 
CAr_117	 1	 12	 BagaleShtuhim.bmp	 1.494722e+03	 24	 999000	 240	 999000	 999	 1.495740e+03	 600.00	 533.33	 48.00	 47	 1.53	 
CAr_117	 1	 12	 Keifli.bmp	 1.496725e+03	 22	 9.939330e+02	 220	 5.333508e+02	 98	 1.497742e+03	 600.00	 550.00	 44.00	 9	 1.76	 
CAr_117	 1	 12	 CrunchBisquitBrown3.bmp	 1.498727e+03	 12	 999000	 120	 999000	 999	 1.499745e+03	 600.00	 550.00	 6.00	 56	 6.84	 
CAr_117	 1	 12	 Bamba.bmp	 1.500712e+03	 24	 999000	 240	 999000	 999	 1.501730e+03	 600.00	 550.00	 42.00	 3	 1.80	 
CAr_117	 1	 12	 Snickers.bmp	 1.505718e+03	 12	 999000	 120	 999000	 999	 1.506736e+03	 600.00	 550.00	 11.00	 29	 5.89	 
CAr_117	 1	 12	 GumiWine2.bmp	 1.507720e+03	 24	 999000	 240	 999000	 999	 1.508738e+03	 600.00	 550.00	 51.00	 49	 0.58	 
CAr_117	 1	 12	 BisliOnion.bmp	 1.509723e+03	 11	 9.479594e+02	 110	 6.000106e+02	 98	 1.510740e+03	 616.67	 550.00	 18.00	 38	 4.84	 
CAr_117	 1	 12	 ClickXLwhite4.bmp	 1.512726e+03	 12	 999000	 120	 999000	 999	 1.513744e+03	 616.67	 550.00	 3.00	 36	 6.96	 
