subjectID	order	runNum	itemName	onsetTime	shuff_trialType	RT	respInTime	AudioTime	response	fixationTime	ladder1	ladder2	bidIndex	BDMtrialIndex	bidValue
CAr_121	 1	 18	 Bamba.bmp	 2.324728e+03	 11	 5.429749e+02	 110	 4.500259e+02	 98	 2.325746e+03	 466.67	 183.33	 18.00	 14	 4.96	 
CAr_121	 1	 18	 Smarties.bmp	 2.326730e+03	 24	 999000	 240	 999000	 999	 2.327748e+03	 466.67	 183.33	 56.00	 24	 1.04	 
CAr_121	 1	 18	 BisliPizza3.bmp	 2.330718e+03	 12	 999000	 120	 999000	 999	 2.331736e+03	 466.67	 183.33	 16.00	 60	 4.98	 
CAr_121	 1	 18	 ClickBalls5.bmp	 2.333721e+03	 12	 999000	 120	 999000	 999	 2.334739e+03	 466.67	 183.33	 11.00	 21	 5.38	 
CAr_121	 1	 18	 Egozi.bmp	 2.335724e+03	 22	 6.512854e+02	 220	 1.833536e+02	 98	 2.336741e+03	 466.67	 200.00	 44.00	 40	 2.24	 
CAr_121	 1	 18	 SkittlesSour4.bmp	 2.338727e+03	 24	 999000	 240	 999000	 999	 2.339745e+03	 466.67	 200.00	 41.00	 20	 2.62	 
CAr_121	 1	 18	 Dubonim.bmp	 2.342732e+03	 24	 999000	 240	 999000	 999	 2.343749e+03	 466.67	 200.00	 49.00	 1	 1.69	 
CAr_121	 1	 18	 Mars.bmp	 2.346719e+03	 22	 7.834951e+02	 220	 2.000192e+02	 98	 2.347737e+03	 466.67	 216.67	 47.00	 37	 1.71	 
CAr_121	 1	 18	 Halva2.bmp	 2.348722e+03	 12	 999000	 120	 999000	 999	 2.349739e+03	 466.67	 216.67	 9.00	 51	 5.40	 
CAr_121	 1	 18	 KinderJoy.bmp	 2.353727e+03	 11	 7.756867e+02	 110	 4.666806e+02	 98	 2.354745e+03	 483.33	 216.67	 15.00	 57	 5.04	 
CAr_121	 1	 18	 ClickBisquit2.bmp	 2.355729e+03	 11	 9.014576e+02	 110	 4.833529e+02	 98	 2.356747e+03	 500.00	 216.67	 13.00	 58	 5.20	 
CAr_121	 1	 18	 Bounty.bmp	 2.357732e+03	 24	 999000	 240	 999000	 999	 2.358749e+03	 500.00	 216.67	 39.00	 39	 2.73	 
CAr_121	 1	 18	 Twist.bmp	 2.363722e+03	 24	 999000	 240	 999000	 999	 2.364740e+03	 500.00	 216.67	 55.00	 54	 1.18	 
CAr_121	 1	 18	 ChocolateParaCookies5.bmp	 2.365724e+03	 12	 999000	 120	 999000	 999	 2.366742e+03	 500.00	 216.67	 3.00	 17	 5.76	 
CAr_121	 1	 18	 HispusimShatiah.bmp	 2.367726e+03	 22	 9.686987e+02	 220	 2.166746e+02	 98	 2.368744e+03	 500.00	 233.33	 45.00	 32	 1.82	 
CAr_121	 1	 18	 Taami.bmp	 2.369728e+03	 24	 999000	 240	 999000	 999	 2.370746e+03	 500.00	 233.33	 42.00	 55	 2.62	 
CAr_121	 1	 18	 BagaleShtuhim.bmp	 2.373716e+03	 22	 1.242760e+03	 2200	 2.333513e+02	 98	 2.374734e+03	 500.00	 183.33	 50.00	 12	 1.64	 
CAr_121	 1	 18	 Mekupelet.bmp	 2.377721e+03	 24	 999000	 240	 999000	 999	 2.378738e+03	 500.00	 183.33	 40.00	 49	 2.71	 
CAr_121	 1	 18	 CrunchBisquitWhite2.bmp	 2.380724e+03	 11	 9.386288e+02	 110	 5.000147e+02	 98	 2.381742e+03	 516.67	 183.33	 10.00	 10	 5.38	 
CAr_121	 1	 18	 ChocolateParaSucariotKoftzot2.bmp	 2.384729e+03	 12	 999000	 120	 999000	 999	 2.385747e+03	 516.67	 183.33	 14.00	 31	 5.11	 
CAr_121	 1	 18	 BambaNugat.bmp	 2.387715e+03	 12	 999000	 120	 999000	 999	 2.388733e+03	 516.67	 183.33	 17.00	 3	 4.96	 
CAr_121	 1	 18	 BambaSweet.bmp	 2.389718e+03	 22	 6.891899e+02	 220	 1.833439e+02	 98	 2.390736e+03	 516.67	 200.00	 53.00	 36	 1.20	 
CAr_121	 1	 18	 ClickBlackWhite3.bmp	 2.393722e+03	 12	 999000	 120	 999000	 999	 2.394740e+03	 516.67	 200.00	 6.00	 46	 5.56	 
CAr_121	 1	 18	 CrunchBisquitBrown3.bmp	 2.395724e+03	 12	 999000	 120	 999000	 999	 2.396742e+03	 516.67	 200.00	 20.00	 9	 4.91	 
CAr_121	 1	 18	 Shugi.bmp	 2.397727e+03	 24	 999000	 240	 999000	 999	 2.398744e+03	 516.67	 200.00	 51.00	 25	 1.49	 
CAr_121	 1	 18	 ClickXLwhite4.bmp	 2.401731e+03	 11	 1.075675e+03	 1100	 5.166757e+02	 98	 2.402749e+03	 466.67	 200.00	 7.00	 34	 5.51	 
CAr_121	 1	 18	 BisliOnion.bmp	 2.403716e+03	 12	 999000	 120	 999000	 999	 2.404734e+03	 466.67	 200.00	 4.00	 56	 5.67	 
CAr_121	 1	 18	 ChocolateParaMarir2.bmp	 2.407721e+03	 12	 999000	 120	 999000	 999	 2.408739e+03	 466.67	 200.00	 5.00	 15	 5.58	 
CAr_121	 1	 18	 Mentos.bmp	 2.411726e+03	 24	 999000	 240	 999000	 999	 2.412743e+03	 466.67	 200.00	 54.00	 48	 1.18	 
CAr_121	 1	 18	 PesekZman.bmp	 2.414729e+03	 12	 999000	 120	 999000	 999	 2.415747e+03	 466.67	 200.00	 8.00	 13	 5.49	 
CAr_121	 1	 18	 CrunchShokoVanil.bmp	 2.420719e+03	 24	 999000	 240	 999000	 999	 2.421737e+03	 466.67	 200.00	 43.00	 35	 2.36	 
CAr_121	 1	 18	 Loacker.bmp	 2.422721e+03	 12	 999000	 120	 999000	 999	 2.423739e+03	 466.67	 200.00	 19.00	 50	 4.93	 
CAr_121	 1	 18	 Tictac.bmp	 2.426726e+03	 24	 999000	 240	 999000	 999	 2.427744e+03	 466.67	 200.00	 58.00	 38	 0.93	 
CAr_121	 1	 18	 GumiSnakes3.bmp	 2.428728e+03	 24	 999000	 240	 999000	 999	 2.429746e+03	 466.67	 200.00	 57.00	 28	 0.98	 
CAr_121	 1	 18	 ClickXLbrown4.bmp	 2.430730e+03	 12	 999000	 120	 999000	 999	 2.431748e+03	 466.67	 200.00	 22.00	 52	 4.84	 
CAr_121	 1	 18	 KashitSour.bmp	 2.432716e+03	 22	 8.750850e+02	 220	 2.000153e+02	 98	 2.433734e+03	 466.67	 216.67	 52.00	 47	 1.36	 
CAr_121	 1	 18	 GumiWine2.bmp	 2.437722e+03	 24	 999000	 240	 999000	 999	 2.438739e+03	 466.67	 216.67	 48.00	 43	 1.71	 
CAr_121	 1	 18	 Kitkat.bmp	 2.439724e+03	 11	 1.098914e+03	 1100	 4.666843e+02	 98	 2.440742e+03	 416.67	 216.67	 12.00	 33	 5.33	 
CAr_121	 1	 18	 Popco.bmp	 2.441726e+03	 24	 999000	 240	 999000	 999	 2.442744e+03	 416.67	 216.67	 46.00	 8	 1.80	 
CAr_121	 1	 18	 WerthersOriginal.bmp	 2.444729e+03	 12	 999000	 120	 999000	 999	 2.445747e+03	 416.67	 216.67	 21.00	 16	 4.89	 
