subjectID	order	runNum	itemName	onsetTime	shuff_trialType	RT	respInTime	AudioTime	response	fixationTime	ladder1	ladder2	bidIndex	BDMtrialIndex	bidValue
CAr_126	 2	 13	 Cheetos.bmp	 1.669960e+03	 24	 999000	 240	 999000	 999	 1.670978e+03	 683.33	 683.33	 58.00	 3	 1.62	 
CAr_126	 2	 13	 BagaleShtuhim.bmp	 1.672964e+03	 24	 999000	 240	 999000	 999	 1.673981e+03	 683.33	 683.33	 45.00	 44	 3.76	 
CAr_126	 2	 13	 KashitSour.bmp	 1.676968e+03	 22	 7.828566e+02	 220	 6.833506e+02	 98	 1.677986e+03	 683.33	 700.00	 49.00	 32	 3.27	 
CAr_126	 2	 13	 ChocolateParaMilk3.bmp	 1.678953e+03	 12	 999000	 120	 999000	 999	 1.679971e+03	 683.33	 700.00	 15.00	 53	 5.93	 
CAr_126	 2	 13	 Taami.bmp	 1.680956e+03	 24	 999000	 240	 999000	 999	 1.681974e+03	 683.33	 700.00	 50.00	 47	 3.27	 
CAr_126	 2	 13	 Mekupelet.bmp	 1.684960e+03	 12	 999000	 120	 999000	 999	 1.685978e+03	 683.33	 700.00	 5.00	 8	 6.93	 
CAr_126	 2	 13	 PesekZman.bmp	 1.686962e+03	 12	 999000	 120	 999000	 999	 1.687980e+03	 683.33	 700.00	 20.00	 28	 5.91	 
CAr_126	 2	 13	 Mars.bmp	 1.691968e+03	 24	 999000	 240	 999000	 999	 1.692986e+03	 683.33	 700.00	 52.00	 46	 3.22	 
CAr_126	 2	 13	 ClickBisquit2.bmp	 1.693954e+03	 11	 8.932154e+02	 110	 6.833528e+02	 98	 1.694971e+03	 700.00	 700.00	 14.00	 40	 5.93	 
CAr_126	 2	 13	 SkittlesFruits2.bmp	 1.696957e+03	 12	 999000	 120	 999000	 999	 1.697975e+03	 700.00	 700.00	 13.00	 13	 5.93	 
CAr_126	 2	 13	 SkittlesSour4.bmp	 1.699960e+03	 12	 999000	 120	 999000	 999	 1.700978e+03	 700.00	 700.00	 7.00	 41	 6.49	 
CAr_126	 2	 13	 Apropo.bmp	 1.703965e+03	 24	 999000	 240	 999000	 999	 1.704983e+03	 700.00	 700.00	 40.00	 43	 3.80	 
CAr_126	 2	 13	 Halva2.bmp	 1.706968e+03	 22	 9.024524e+02	 220	 7.000174e+02	 98	 1.707986e+03	 700.00	 716.67	 54.00	 54	 2.78	 
CAr_126	 2	 13	 BisliPizza3.bmp	 1.708954e+03	 24	 999000	 240	 999000	 999	 1.709972e+03	 700.00	 716.67	 55.00	 1	 2.73	 
CAr_126	 2	 13	 Mentos.bmp	 1.711957e+03	 11	 8.895018e+02	 110	 7.000144e+02	 98	 1.712975e+03	 716.67	 716.67	 11.00	 26	 6.02	 
CAr_126	 2	 13	 Loacker.bmp	 1.715962e+03	 24	 999000	 240	 999000	 999	 1.716979e+03	 716.67	 716.67	 56.00	 15	 2.73	 
CAr_126	 2	 13	 ClickXLwhite4.bmp	 1.718965e+03	 22	 9.137287e+02	 220	 7.166824e+02	 98	 1.719983e+03	 716.67	 733.33	 43.00	 20	 3.78	 
CAr_126	 2	 13	 Tortit.bmp	 1.720968e+03	 24	 999000	 240	 999000	 999	 1.721985e+03	 716.67	 733.33	 39.00	 14	 3.82	 
CAr_126	 2	 13	 Snickers.bmp	 1.722953e+03	 12	 999000	 120	 999000	 999	 1.723971e+03	 716.67	 733.33	 19.00	 24	 5.91	 
CAr_126	 2	 13	 KinderBuenoBrown3.bmp	 1.727958e+03	 12	 999000	 120	 999000	 999	 1.728976e+03	 716.67	 733.33	 21.00	 29	 5.91	 
CAr_126	 2	 13	 Popco.bmp	 1.731963e+03	 11	 6.758827e+02	 11	 7.166747e+02	 98	 1.732981e+03	 733.33	 733.33	 8.00	 50	 6.44	 
CAr_126	 2	 13	 DoritosGrill.bmp	 1.735967e+03	 24	 999000	 240	 999000	 999	 1.736985e+03	 733.33	 733.33	 41.00	 48	 3.80	 
CAr_126	 2	 13	 CrunchShokoVanil.bmp	 1.741958e+03	 12	 999000	 120	 999000	 999	 1.742975e+03	 733.33	 733.33	 6.00	 2	 6.89	 
CAr_126	 2	 13	 Bounty.bmp	 1.743960e+03	 24	 999000	 240	 999000	 999	 1.744977e+03	 733.33	 733.33	 53.00	 51	 3.04	 
CAr_126	 2	 13	 Bamba.bmp	 1.745962e+03	 22	 9.887255e+02	 220	 7.333441e+02	 98	 1.746980e+03	 733.33	 750.00	 48.00	 35	 3.29	 
CAr_126	 2	 13	 DoritosNatural.bmp	 1.747964e+03	 24	 999000	 240	 999000	 999	 1.748982e+03	 733.33	 750.00	 47.00	 37	 3.33	 
CAr_126	 2	 13	 ChocolateParaSucariotKoftzot2.bmp	 1.749967e+03	 24	 999000	 240	 999000	 999	 1.750984e+03	 733.33	 750.00	 57.00	 7	 2.71	 
CAr_126	 2	 13	 WerthersOriginal.bmp	 1.753954e+03	 11	 9.485357e+02	 110	 7.333415e+02	 98	 1.754972e+03	 750.00	 750.00	 16.00	 5	 5.91	 
CAr_126	 2	 13	 ClickXLbrown4.bmp	 1.755957e+03	 12	 999000	 120	 999000	 999	 1.756974e+03	 750.00	 750.00	 22.00	 36	 5.91	 
CAr_126	 2	 13	 Twix.bmp	 1.759961e+03	 12	 999000	 120	 999000	 999	 1.760979e+03	 750.00	 750.00	 4.00	 18	 7.00	 
CAr_126	 2	 13	 ChocolateParaMarir2.bmp	 1.761963e+03	 12	 999000	 120	 999000	 999	 1.762981e+03	 750.00	 750.00	 3.00	 17	 8.04	 
CAr_126	 2	 13	 GumiWine2.bmp	 1.763965e+03	 24	 999000	 240	 999000	 999	 1.764983e+03	 750.00	 750.00	 42.00	 16	 3.78	 
CAr_126	 2	 13	 ChocolateParaCookies5.bmp	 1.765968e+03	 12	 999000	 120	 999000	 999	 1.766986e+03	 750.00	 750.00	 12.00	 4	 5.93	 
CAr_126	 2	 13	 Hit.bmp	 1.770957e+03	 11	 8.818770e+02	 110	 7.500102e+02	 98	 1.771975e+03	 766.67	 750.00	 9.00	 58	 6.42	 
CAr_126	 2	 13	 BambaSweet.bmp	 1.772959e+03	 22	 8.318081e+02	 220	 7.500102e+02	 98	 1.773977e+03	 766.67	 766.67	 51.00	 52	 3.27	 
CAr_126	 2	 13	 CrunchBisquitBrown3.bmp	 1.774961e+03	 11	 1.157523e+03	 1100	 7.666807e+02	 98	 1.775979e+03	 716.67	 766.67	 17.00	 11	 5.91	 
CAr_126	 2	 13	 TapuchipsCrunch.bmp	 1.777965e+03	 12	 999000	 120	 999000	 999	 1.778983e+03	 716.67	 766.67	 18.00	 19	 5.91	 
CAr_126	 2	 13	 BabyDoll.bmp	 1.784956e+03	 24	 999000	 240	 999000	 999	 1.785974e+03	 716.67	 766.67	 44.00	 33	 3.76	 
CAr_126	 2	 13	 CrunchBisquitWhite2.bmp	 1.788961e+03	 12	 999000	 120	 999000	 999	 1.789978e+03	 716.67	 766.67	 10.00	 49	 6.33	 
CAr_126	 2	 13	 HappyHippo.bmp	 1.795968e+03	 22	 9.665212e+02	 220	 7.666832e+02	 98	 1.796986e+03	 716.67	 783.33	 46.00	 60	 3.40	 
