subjectID	order	runNum	itemName	onsetTime	shuff_trialType	RT	respInTime	AudioTime	response	fixationTime	ladder1	ladder2	bidIndex	BDMtrialIndex	bidValue
CAr_111	 1	 1	 BisliOnion.bmp	 1.190354e+00	 24	 999000	 240	 999000	 999	 2.207987e+00	 750.00	 750.00	 49.00	 43	 0.04	 
CAr_111	 1	 1	 Twix.bmp	 6.195985e+00	 22	 1.170905e+03	 2200	 7.500146e+02	 98	 7.213729e+00	 750.00	 700.00	 52.00	 52	 0.04	 
CAr_111	 1	 1	 ChocolateParaMilk3.bmp	 8.198183e+00	 24	 999000	 240	 999000	 999	 9.215843e+00	 750.00	 700.00	 51.00	 47	 0.04	 
CAr_111	 1	 1	 ClickXLbrown4.bmp	 1.018342e+01	 12	 999000	 120	 999000	 999	 1.120138e+01	 750.00	 700.00	 8.00	 22	 1.71	 
CAr_111	 1	 1	 Twist.bmp	 1.619043e+01	 22	 1.088457e+03	 2200	 7.000156e+02	 98	 1.720823e+01	 750.00	 650.00	 50.00	 44	 0.04	 
CAr_111	 1	 1	 KifkefMaklot2.bmp	 1.819265e+01	 12	 999000	 120	 999000	 999	 1.921042e+01	 750.00	 650.00	 17.00	 54	 1.67	 
CAr_111	 1	 1	 Dubonim.bmp	 2.119598e+01	 24	 999000	 240	 999000	 999	 2.221391e+01	 750.00	 650.00	 39.00	 12	 0.07	 
CAr_111	 1	 1	 KinderJoy.bmp	 2.319830e+01	 12	 999000	 120	 999000	 999	 2.421600e+01	 750.00	 650.00	 19.00	 20	 1.64	 
CAr_111	 1	 1	 CrunchShokoVanil.bmp	 2.718621e+01	 22	 1.092673e+03	 2200	 6.500077e+02	 98	 2.820383e+01	 750.00	 600.00	 45.00	 49	 0.07	 
CAr_111	 1	 1	 Mars.bmp	 2.918836e+01	 12	 999000	 120	 999000	 999	 3.020622e+01	 750.00	 600.00	 16.00	 60	 1.69	 
CAr_111	 1	 1	 ClickBisquit2.bmp	 3.419393e+01	 11	 1.260946e+03	 1100	 7.500234e+02	 98	 3.521163e+01	 700.00	 600.00	 7.00	 4	 1.71	 
CAr_111	 1	 1	 BambaSweet.bmp	 4.118515e+01	 24	 999000	 240	 999000	 999	 4.220287e+01	 700.00	 600.00	 54.00	 59	 0.04	 
CAr_111	 1	 1	 Tapuchips.bmp	 4.318733e+01	 24	 999000	 240	 999000	 999	 4.420513e+01	 700.00	 600.00	 41.00	 26	 0.07	 
CAr_111	 1	 1	 Bamba.bmp	 4.619091e+01	 11	 1.159963e+03	 1100	 7.000174e+02	 98	 4.720854e+01	 650.00	 600.00	 12.00	 1	 1.69	 
CAr_111	 1	 1	 Hit.bmp	 4.919417e+01	 12	 999000	 120	 999000	 999	 5.021189e+01	 650.00	 600.00	 21.00	 51	 0.69	 
CAr_111	 1	 1	 PesekZman.bmp	 5.318167e+01	 11	 1.505207e+03	 1100	 6.500079e+02	 98	 5.419968e+01	 600.00	 600.00	 18.00	 18	 1.64	 
CAr_111	 1	 1	 Smarties.bmp	 5.718639e+01	 22	 9.965176e+02	 220	 6.000174e+02	 98	 5.820420e+01	 600.00	 616.67	 53.00	 56	 0.04	 
CAr_111	 1	 1	 Taami.bmp	 6.119089e+01	 12	 999000	 120	 999000	 999	 6.220877e+01	 600.00	 616.67	 5.00	 38	 2.69	 
CAr_111	 1	 1	 Loacker.bmp	 6.419437e+01	 11	 1.084510e+03	 1100	 6.000183e+02	 98	 6.521198e+01	 550.00	 616.67	 15.00	 48	 1.69	 
CAr_111	 1	 1	 KinderBuenoBrown3.bmp	 7.018425e+01	 11	 9.906208e+02	 110	 5.500117e+02	 98	 7.120207e+01	 566.67	 616.67	 13.00	 19	 1.69	 
CAr_111	 1	 1	 Popco.bmp	 7.218654e+01	 24	 999000	 240	 999000	 999	 7.320437e+01	 566.67	 616.67	 40.00	 23	 0.07	 
CAr_111	 1	 1	 ClickBalls5.bmp	 7.518997e+01	 12	 999000	 120	 999000	 999	 7.620764e+01	 566.67	 616.67	 9.00	 29	 1.71	 
CAr_111	 1	 1	 ChocolateParaCookies5.bmp	 7.719232e+01	 12	 999000	 120	 999000	 999	 7.820991e+01	 566.67	 616.67	 22.00	 34	 0.67	 
CAr_111	 1	 1	 ClickBlackWhite3.bmp	 7.919449e+01	 12	 999000	 120	 999000	 999	 8.021214e+01	 566.67	 616.67	 4.00	 37	 2.69	 
CAr_111	 1	 1	 ChocolateParaSucariotKoftzot2.bmp	 8.119664e+01	 12	 999000	 120	 999000	 999	 8.221455e+01	 566.67	 616.67	 14.00	 35	 1.69	 
CAr_111	 1	 1	 Shugi.bmp	 8.418344e+01	 12	 999000	 120	 999000	 999	 8.520114e+01	 566.67	 616.67	 11.00	 32	 1.71	 
CAr_111	 1	 1	 Keifli.bmp	 8.818802e+01	 24	 999000	 240	 999000	 999	 8.920562e+01	 566.67	 616.67	 43.00	 30	 0.07	 
CAr_111	 1	 1	 HispusimShatiah.bmp	 9.019021e+01	 24	 999000	 240	 999000	 999	 9.120791e+01	 566.67	 616.67	 42.00	 27	 0.07	 
CAr_111	 1	 1	 Tictac.bmp	 9.219247e+01	 12	 999000	 120	 999000	 999	 9.321016e+01	 566.67	 616.67	 20.00	 39	 1.62	 
CAr_111	 1	 1	 Cheetos.bmp	 9.419469e+01	 24	 999000	 240	 999000	 999	 9.521234e+01	 566.67	 616.67	 57.00	 41	 0.02	 
CAr_111	 1	 1	 BambaNugat.bmp	 9.619691e+01	 24	 999000	 240	 999000	 999	 9.721467e+01	 566.67	 616.67	 56.00	 10	 0.02	 
CAr_111	 1	 1	 Egozi.bmp	 9.818212e+01	 22	 1.224764e+03	 2200	 6.166787e+02	 98	 9.920018e+01	 566.67	 566.67	 47.00	 16	 0.04	 
CAr_111	 1	 1	 DoritosNatural.bmp	 1.021870e+02	 22	 1.315866e+03	 2200	 5.666781e+02	 98	 1.032047e+02	 566.67	 516.67	 44.00	 40	 0.07	 
CAr_111	 1	 1	 Bounty.bmp	 1.061914e+02	 24	 999000	 240	 999000	 999	 1.072091e+02	 566.67	 516.67	 55.00	 5	 0.02	 
CAr_111	 1	 1	 SkittlesFruits2.bmp	 1.081937e+02	 12	 999000	 120	 999000	 999	 1.092113e+02	 566.67	 516.67	 3.00	 8	 2.69	 
CAr_111	 1	 1	 Mekupelet.bmp	 1.101959e+02	 24	 999000	 240	 999000	 999	 1.112137e+02	 566.67	 516.67	 58.00	 53	 0.02	 
CAr_111	 1	 1	 DoritosSourSpicy.bmp	 1.121982e+02	 24	 999000	 240	 999000	 999	 1.132159e+02	 566.67	 516.67	 46.00	 9	 0.04	 
CAr_111	 1	 1	 Kitkat.bmp	 1.141835e+02	 12	 999000	 120	 999000	 999	 1.152015e+02	 566.67	 516.67	 6.00	 21	 2.67	 
CAr_111	 1	 1	 Apropo.bmp	 1.201905e+02	 24	 999000	 240	 999000	 999	 1.212082e+02	 566.67	 516.67	 48.00	 25	 0.04	 
CAr_111	 1	 1	 HappyHippo.bmp	 1.221927e+02	 11	 1.206195e+03	 1100	 5.666770e+02	 98	 1.232105e+02	 516.67	 516.67	 10.00	 31	 1.71	 
