subjectID	order	runNum	itemName	onsetTime	shuff_trialType	RT	respInTime	AudioTime	response	fixationTime	ladder1	ladder2	bidIndex	BDMtrialIndex	bidValue
CAr_108	 2	 11	 DoritosNatural.bmp	 1.281695e+03	 24	 999000	 240	 999000	 999	 1.282713e+03	 916.67	 900.00	 42.00	 4	 1.76	 
CAr_108	 2	 11	 WerthersOriginal.bmp	 1.286684e+03	 11	 8.188258e+02	 11	 9.166942e+02	 98	 1.287701e+03	 916.67	 900.00	 8.00	 51	 7.07	 
CAr_108	 2	 11	 Mentos.bmp	 1.288686e+03	 24	 999000	 240	 999000	 999	 1.289704e+03	 916.67	 900.00	 58.00	 49	 0.58	 
CAr_108	 2	 11	 ChocolateParaSucariotKoftzot2.bmp	 1.290688e+03	 12	 999000	 120	 999000	 999	 1.291706e+03	 916.67	 900.00	 20.00	 14	 5.87	 
CAr_108	 2	 11	 Tapuchips.bmp	 1.296695e+03	 24	 999000	 240	 999000	 999	 1.297713e+03	 916.67	 900.00	 40.00	 3	 1.82	 
CAr_108	 2	 11	 Bounty.bmp	 1.298697e+03	 24	 999000	 240	 999000	 999	 1.299715e+03	 916.67	 900.00	 56.00	 52	 0.60	 
CAr_108	 2	 11	 TapuchipsCrunch.bmp	 1.301684e+03	 22	 8.186309e+02	 22	 9.000414e+02	 98	 1.302702e+03	 916.67	 916.67	 46.00	 58	 1.71	 
CAr_108	 2	 11	 ClickBisquit2.bmp	 1.303686e+03	 11	 8.323454e+02	 11	 9.166770e+02	 98	 1.304704e+03	 916.67	 916.67	 9.00	 45	 7.04	 
CAr_108	 2	 11	 Twix.bmp	 1.307691e+03	 12	 999000	 120	 999000	 999	 1.308708e+03	 916.67	 916.67	 3.00	 38	 8.04	 
CAr_108	 2	 11	 Tortit.bmp	 1.309693e+03	 24	 999000	 240	 999000	 999	 1.310711e+03	 916.67	 916.67	 52.00	 13	 1.56	 
CAr_108	 2	 11	 Tictac.bmp	 1.314682e+03	 24	 999000	 240	 999000	 999	 1.315700e+03	 916.67	 916.67	 53.00	 28	 0.64	 
CAr_108	 2	 11	 BisliPizza3.bmp	 1.321690e+03	 24	 999000	 240	 999000	 999	 1.322708e+03	 916.67	 916.67	 39.00	 20	 2.67	 
CAr_108	 2	 11	 CrunchBisquitWhite2.bmp	 1.323692e+03	 12	 999000	 120	 999000	 999	 1.324710e+03	 916.67	 916.67	 5.00	 37	 8.00	 
CAr_108	 2	 11	 Apropo.bmp	 1.326695e+03	 24	 999000	 240	 999000	 999	 1.327713e+03	 916.67	 916.67	 57.00	 56	 0.60	 
CAr_108	 2	 11	 BagaleShtuhim.bmp	 1.329682e+03	 12	 999000	 120	 999000	 999	 1.330700e+03	 916.67	 916.67	 22.00	 19	 5.84	 
CAr_108	 2	 11	 KinderBuenoBrown3.bmp	 1.333687e+03	 12	 999000	 120	 999000	 999	 1.334704e+03	 916.67	 916.67	 6.00	 31	 7.93	 
CAr_108	 2	 11	 ChocolateParaCookies5.bmp	 1.337691e+03	 12	 999000	 120	 999000	 999	 1.338709e+03	 916.67	 916.67	 12.00	 54	 6.98	 
CAr_108	 2	 11	 CrunchBisquitBrown3.bmp	 1.341695e+03	 12	 999000	 120	 999000	 999	 1.342713e+03	 916.67	 916.67	 15.00	 8	 6.02	 
CAr_108	 2	 11	 Cheetos.bmp	 1.344682e+03	 12	 999000	 120	 999000	 999	 1.345700e+03	 916.67	 916.67	 13.00	 11	 6.96	 
CAr_108	 2	 11	 GumiSnakes3.bmp	 1.350689e+03	 24	 999000	 240	 999000	 999	 1.351707e+03	 916.67	 916.67	 44.00	 30	 1.73	 
CAr_108	 2	 11	 Shugi.bmp	 1.352691e+03	 24	 999000	 240	 999000	 999	 1.353709e+03	 916.67	 916.67	 41.00	 42	 1.78	 
CAr_108	 2	 11	 KashitSour.bmp	 1.355695e+03	 22	 8.641597e+02	 22	 9.166771e+02	 98	 1.356712e+03	 916.67	 916.67	 49.00	 24	 1.64	 
CAr_108	 2	 11	 ClickBlackWhite3.bmp	 1.357697e+03	 11	 8.216759e+02	 11	 9.166739e+02	 98	 1.358715e+03	 916.67	 916.67	 16.00	 6	 5.96	 
CAr_108	 2	 11	 KinderJoy.bmp	 1.359682e+03	 12	 999000	 120	 999000	 999	 1.360700e+03	 916.67	 916.67	 19.00	 50	 5.91	 
CAr_108	 2	 11	 KinderBuenoWhite2.bmp	 1.361685e+03	 12	 999000	 120	 999000	 999	 1.362702e+03	 916.67	 916.67	 10.00	 2	 7.02	 
CAr_108	 2	 11	 ClickBalls5.bmp	 1.364688e+03	 12	 999000	 120	 999000	 999	 1.365706e+03	 916.67	 916.67	 7.00	 29	 7.07	 
CAr_108	 2	 11	 ClickXLbrown4.bmp	 1.368693e+03	 12	 999000	 120	 999000	 999	 1.369710e+03	 916.67	 916.67	 4.00	 53	 8.02	 
CAr_108	 2	 11	 DoritosSourSpicy.bmp	 1.370695e+03	 24	 999000	 240	 999000	 999	 1.371713e+03	 916.67	 916.67	 50.00	 47	 1.60	 
CAr_108	 2	 11	 Popco.bmp	 1.372697e+03	 24	 999000	 240	 999000	 999	 1.373715e+03	 916.67	 916.67	 45.00	 36	 1.71	 
CAr_108	 2	 11	 GumiWine2.bmp	 1.374682e+03	 22	 9.004625e+02	 22	 9.166778e+02	 98	 1.375700e+03	 916.67	 916.67	 54.00	 59	 0.64	 
CAr_108	 2	 11	 PesekZman.bmp	 1.376685e+03	 11	 8.659316e+02	 11	 9.166834e+02	 98	 1.377703e+03	 916.67	 916.67	 11.00	 35	 7.00	 
CAr_108	 2	 11	 BabyDoll.bmp	 1.378687e+03	 24	 999000	 240	 999000	 999	 1.379705e+03	 916.67	 916.67	 47.00	 12	 1.67	 
CAr_108	 2	 11	 Hit.bmp	 1.382692e+03	 12	 999000	 120	 999000	 999	 1.383709e+03	 916.67	 916.67	 18.00	 48	 5.93	 
CAr_108	 2	 11	 DoritosGrill.bmp	 1.386696e+03	 22	 8.785639e+02	 22	 9.166745e+02	 98	 1.387714e+03	 916.67	 916.67	 51.00	 40	 1.58	 
CAr_108	 2	 11	 Egozi.bmp	 1.388698e+03	 22	 8.283350e+02	 22	 9.166827e+02	 98	 1.389716e+03	 916.67	 916.67	 48.00	 34	 1.67	 
CAr_108	 2	 11	 Twist.bmp	 1.390684e+03	 22	 9.228522e+02	 220	 9.166816e+02	 98	 1.391702e+03	 916.67	 916.67	 43.00	 18	 1.73	 
CAr_108	 2	 11	 BisliOnion.bmp	 1.392686e+03	 12	 999000	 120	 999000	 999	 1.393704e+03	 916.67	 916.67	 21.00	 44	 5.87	 
CAr_108	 2	 11	 Halva2.bmp	 1.394688e+03	 24	 999000	 240	 999000	 999	 1.395706e+03	 916.67	 916.67	 55.00	 1	 0.62	 
CAr_108	 2	 11	 BambaNugat.bmp	 1.400695e+03	 11	 6.715833e+02	 11	 9.166750e+02	 98	 1.401713e+03	 916.67	 916.67	 14.00	 46	 6.93	 
CAr_108	 2	 11	 KifkefMaklot2.bmp	 1.402697e+03	 11	 7.573668e+02	 11	 9.166769e+02	 98	 1.403715e+03	 916.67	 916.67	 17.00	 26	 5.93	 
