subjectID	order	runNum	itemName	onsetTime	shuff_trialType	RT	respInTime	AudioTime	response	fixationTime	ladder1	ladder2	bidIndex	BDMtrialIndex	bidValue
CAr_106	 2	 10	 Tortit.bmp	 1.216095e+03	 24	 999000	 240	 999000	 999	 1.217113e+03	 316.67	 450.00	 53.00	 35	 6.96	 
CAr_106	 2	 10	 Twist.bmp	 1.218081e+03	 24	 999000	 240	 999000	 999	 1.219099e+03	 316.67	 450.00	 55.00	 32	 6.91	 
CAr_106	 2	 10	 Apropo.bmp	 1.222085e+03	 12	 999000	 120	 999000	 999	 1.223103e+03	 316.67	 450.00	 6.00	 58	 9.20	 
CAr_106	 2	 10	 ChocolateParaMarir2.bmp	 1.225089e+03	 12	 999000	 120	 999000	 999	 1.226106e+03	 316.67	 450.00	 10.00	 29	 9.00	 
CAr_106	 2	 10	 ClickBisquit2.bmp	 1.227091e+03	 12	 999000	 120	 999000	 999	 1.228109e+03	 316.67	 450.00	 7.00	 23	 9.09	 
CAr_106	 2	 10	 DoritosGrill.bmp	 1.230077e+03	 12	 999000	 120	 999000	 999	 1.231095e+03	 316.67	 450.00	 12.00	 20	 8.64	 
CAr_106	 2	 10	 BambaNugat.bmp	 1.234082e+03	 12	 999000	 120	 999000	 999	 1.235100e+03	 316.67	 450.00	 18.00	 47	 8.13	 
CAr_106	 2	 10	 KinderBuenoBrown3.bmp	 1.238087e+03	 11	 8.400233e+02	 110	 3.166814e+02	 98	 1.239104e+03	 333.33	 450.00	 16.00	 60	 8.29	 
CAr_106	 2	 10	 BisliOnion.bmp	 1.240089e+03	 24	 999000	 240	 999000	 999	 1.241107e+03	 333.33	 450.00	 42.00	 25	 7.47	 
CAr_106	 2	 10	 BisliPizza3.bmp	 1.245078e+03	 24	 999000	 240	 999000	 999	 1.246096e+03	 333.33	 450.00	 44.00	 24	 7.27	 
CAr_106	 2	 10	 Mars.bmp	 1.247080e+03	 22	 1.086506e+03	 2200	 4.500187e+02	 98	 1.248098e+03	 333.33	 400.00	 49.00	 18	 7.02	 
CAr_106	 2	 10	 CrunchBisquitWhite2.bmp	 1.249082e+03	 11	 8.523841e+02	 110	 3.333416e+02	 98	 1.250100e+03	 350.00	 400.00	 14.00	 59	 8.40	 
CAr_106	 2	 10	 CrunchBisquitBrown3.bmp	 1.255089e+03	 11	 6.295924e+02	 110	 3.500168e+02	 98	 1.256107e+03	 366.67	 400.00	 9.00	 41	 9.04	 
CAr_106	 2	 10	 ChocolateParaMilk3.bmp	 1.257091e+03	 24	 999000	 240	 999000	 999	 1.258109e+03	 366.67	 400.00	 39.00	 55	 7.69	 
CAr_106	 2	 10	 KinderJoy.bmp	 1.259094e+03	 22	 8.331591e+02	 220	 4.000179e+02	 98	 1.260111e+03	 366.67	 416.67	 46.00	 48	 7.16	 
CAr_106	 2	 10	 Taami.bmp	 1.261079e+03	 24	 999000	 240	 999000	 999	 1.262097e+03	 366.67	 416.67	 50.00	 31	 7.00	 
CAr_106	 2	 10	 PesekZman.bmp	 1.265084e+03	 12	 999000	 120	 999000	 999	 1.266101e+03	 366.67	 416.67	 15.00	 21	 8.38	 
CAr_106	 2	 10	 ChocolateParaSucariotKoftzot2.bmp	 1.269088e+03	 12	 999000	 120	 999000	 999	 1.270106e+03	 366.67	 416.67	 3.00	 7	 9.76	 
CAr_106	 2	 10	 ChocolateParaCookies5.bmp	 1.272091e+03	 11	 6.592893e+02	 110	 3.666781e+02	 98	 1.273109e+03	 383.33	 416.67	 8.00	 30	 9.07	 
CAr_106	 2	 10	 BambaSweet.bmp	 1.276079e+03	 24	 999000	 240	 999000	 999	 1.277097e+03	 383.33	 416.67	 52.00	 15	 6.96	 
CAr_106	 2	 10	 HappyHippo.bmp	 1.279083e+03	 24	 999000	 240	 999000	 999	 1.280100e+03	 383.33	 416.67	 58.00	 12	 4.87	 
CAr_106	 2	 10	 Smarties.bmp	 1.281085e+03	 22	 8.098132e+02	 220	 4.166816e+02	 98	 1.282103e+03	 383.33	 433.33	 54.00	 14	 6.93	 
CAr_106	 2	 10	 GumiWine2.bmp	 1.285089e+03	 24	 999000	 240	 999000	 999	 1.286107e+03	 383.33	 433.33	 47.00	 9	 7.09	 
CAr_106	 2	 10	 ClickXLbrown4.bmp	 1.287092e+03	 12	 999000	 120	 999000	 999	 1.288109e+03	 383.33	 433.33	 4.00	 57	 9.36	 
CAr_106	 2	 10	 Loacker.bmp	 1.289094e+03	 24	 999000	 240	 999000	 999	 1.290112e+03	 383.33	 433.33	 45.00	 27	 7.22	 
CAr_106	 2	 10	 Kitkat.bmp	 1.293082e+03	 24	 999000	 240	 999000	 999	 1.294100e+03	 383.33	 433.33	 40.00	 49	 7.67	 
CAr_106	 2	 10	 TapuchipsCrunch.bmp	 1.295084e+03	 22	 8.107416e+02	 220	 4.333407e+02	 98	 1.296102e+03	 383.33	 450.00	 43.00	 54	 7.33	 
CAr_106	 2	 10	 Twix.bmp	 1.299088e+03	 22	 7.582456e+02	 220	 4.500085e+02	 98	 1.300106e+03	 383.33	 466.67	 51.00	 3	 6.96	 
CAr_106	 2	 10	 KashitSour.bmp	 1.303093e+03	 24	 999000	 240	 999000	 999	 1.304111e+03	 383.33	 466.67	 41.00	 52	 7.60	 
CAr_106	 2	 10	 Bounty.bmp	 1.306080e+03	 12	 999000	 120	 999000	 999	 1.307097e+03	 383.33	 466.67	 19.00	 37	 8.11	 
CAr_106	 2	 10	 Mentos.bmp	 1.312086e+03	 24	 999000	 240	 999000	 999	 1.313104e+03	 383.33	 466.67	 56.00	 33	 6.89	 
CAr_106	 2	 10	 Keifli.bmp	 1.314089e+03	 12	 999000	 120	 999000	 999	 1.315106e+03	 383.33	 466.67	 13.00	 56	 8.64	 
CAr_106	 2	 10	 Tictac.bmp	 1.318093e+03	 12	 999000	 120	 999000	 999	 1.319111e+03	 383.33	 466.67	 20.00	 42	 8.11	 
CAr_106	 2	 10	 Bamba.bmp	 1.320079e+03	 24	 999000	 240	 999000	 999	 1.321096e+03	 383.33	 466.67	 57.00	 10	 6.11	 
CAr_106	 2	 10	 BagaleShtuhim.bmp	 1.322081e+03	 11	 7.257821e+02	 110	 3.833443e+02	 98	 1.323099e+03	 400.00	 466.67	 11.00	 4	 8.87	 
CAr_106	 2	 10	 Mekupelet.bmp	 1.324083e+03	 11	 8.035082e+02	 110	 4.000172e+02	 98	 1.325101e+03	 416.67	 466.67	 17.00	 36	 8.27	 
CAr_106	 2	 10	 GumiSnakes3.bmp	 1.329089e+03	 22	 8.232704e+02	 220	 4.666803e+02	 98	 1.330107e+03	 416.67	 483.33	 48.00	 45	 7.07	 
CAr_106	 2	 10	 Cheetos.bmp	 1.331091e+03	 12	 999000	 120	 999000	 999	 1.332109e+03	 416.67	 483.33	 22.00	 6	 8.07	 
CAr_106	 2	 10	 Snickers.bmp	 1.333093e+03	 12	 999000	 120	 999000	 999	 1.334111e+03	 416.67	 483.33	 21.00	 51	 8.11	 
CAr_106	 2	 10	 KifkefMaklot2.bmp	 1.336080e+03	 12	 999000	 120	 999000	 999	 1.337098e+03	 416.67	 483.33	 5.00	 19	 9.29	 
