subjectID	order	runNum	itemName	onsetTime	shuff_trialType	RT	respInTime	AudioTime	response	fixationTime	ladder1	ladder2	bidIndex	BDMtrialIndex	bidValue
CAr_108	 2	 2	 GumiSnakes3.bmp	 1.159200e+02	 24	 999000	 240	 999000	 999	 1.169378e+02	 716.67	 716.67	 44.00	 30	 1.73	 
CAr_108	 2	 2	 KifkefMaklot2.bmp	 1.209091e+02	 11	 9.695697e+02	 110	 7.166850e+02	 98	 1.219268e+02	 733.33	 716.67	 17.00	 26	 5.93	 
CAr_108	 2	 2	 Tortit.bmp	 1.229114e+02	 24	 999000	 240	 999000	 999	 1.239289e+02	 733.33	 716.67	 52.00	 13	 1.56	 
CAr_108	 2	 2	 Cheetos.bmp	 1.249134e+02	 12	 999000	 120	 999000	 999	 1.259312e+02	 733.33	 716.67	 13.00	 11	 6.96	 
CAr_108	 2	 2	 CrunchBisquitWhite2.bmp	 1.309034e+02	 12	 999000	 120	 999000	 999	 1.319213e+02	 733.33	 716.67	 5.00	 37	 8.00	 
CAr_108	 2	 2	 KinderJoy.bmp	 1.329057e+02	 12	 999000	 120	 999000	 999	 1.339237e+02	 733.33	 716.67	 19.00	 50	 5.91	 
CAr_108	 2	 2	 ChocolateParaSucariotKoftzot2.bmp	 1.359092e+02	 12	 999000	 120	 999000	 999	 1.369268e+02	 733.33	 716.67	 20.00	 14	 5.87	 
CAr_108	 2	 2	 Tapuchips.bmp	 1.379115e+02	 24	 999000	 240	 999000	 999	 1.389292e+02	 733.33	 716.67	 40.00	 3	 1.82	 
CAr_108	 2	 2	 TapuchipsCrunch.bmp	 1.419159e+02	 22	 9.867984e+02	 220	 7.166840e+02	 98	 1.429336e+02	 733.33	 733.33	 46.00	 58	 1.71	 
CAr_108	 2	 2	 Hit.bmp	 1.439182e+02	 12	 999000	 120	 999000	 999	 1.449359e+02	 733.33	 733.33	 18.00	 48	 5.93	 
CAr_108	 2	 2	 ClickBalls5.bmp	 1.489071e+02	 12	 999000	 120	 999000	 999	 1.499249e+02	 733.33	 733.33	 7.00	 29	 7.07	 
CAr_108	 2	 2	 Popco.bmp	 1.559150e+02	 24	 999000	 240	 999000	 999	 1.569327e+02	 733.33	 733.33	 45.00	 36	 1.71	 
CAr_108	 2	 2	 BisliPizza3.bmp	 1.579172e+02	 24	 999000	 240	 999000	 999	 1.589350e+02	 733.33	 733.33	 39.00	 20	 2.67	 
CAr_108	 2	 2	 DoritosSourSpicy.bmp	 1.609038e+02	 24	 999000	 240	 999000	 999	 1.619217e+02	 733.33	 733.33	 50.00	 47	 1.60	 
CAr_108	 2	 2	 Twix.bmp	 1.639072e+02	 12	 999000	 120	 999000	 999	 1.649250e+02	 733.33	 733.33	 3.00	 38	 8.04	 
CAr_108	 2	 2	 BisliOnion.bmp	 1.679118e+02	 12	 999000	 120	 999000	 999	 1.689295e+02	 733.33	 733.33	 21.00	 44	 5.87	 
CAr_108	 2	 2	 CrunchBisquitBrown3.bmp	 1.719163e+02	 12	 999000	 120	 999000	 999	 1.729339e+02	 733.33	 733.33	 15.00	 8	 6.02	 
CAr_108	 2	 2	 Tictac.bmp	 1.759041e+02	 24	 999000	 240	 999000	 999	 1.769217e+02	 733.33	 733.33	 53.00	 28	 0.64	 
CAr_108	 2	 2	 Halva2.bmp	 1.789074e+02	 24	 999000	 240	 999000	 999	 1.799252e+02	 733.33	 733.33	 55.00	 1	 0.62	 
CAr_108	 2	 2	 ClickXLbrown4.bmp	 1.849141e+02	 12	 999000	 120	 999000	 999	 1.859319e+02	 733.33	 733.33	 4.00	 53	 8.02	 
CAr_108	 2	 2	 Mentos.bmp	 1.869164e+02	 24	 999000	 240	 999000	 999	 1.879341e+02	 733.33	 733.33	 58.00	 49	 0.58	 
CAr_108	 2	 2	 ClickBlackWhite3.bmp	 1.899029e+02	 11	 1.015756e+03	 1100	 7.333418e+02	 98	 1.909208e+02	 683.33	 733.33	 16.00	 6	 5.96	 
CAr_108	 2	 2	 DoritosGrill.bmp	 1.919053e+02	 22	 1.093382e+03	 2200	 7.333415e+02	 98	 1.929230e+02	 683.33	 683.33	 51.00	 40	 1.58	 
CAr_108	 2	 2	 Shugi.bmp	 1.939076e+02	 24	 999000	 240	 999000	 999	 1.949253e+02	 683.33	 683.33	 41.00	 42	 1.78	 
CAr_108	 2	 2	 ChocolateParaCookies5.bmp	 1.959098e+02	 12	 999000	 120	 999000	 999	 1.969276e+02	 683.33	 683.33	 12.00	 54	 6.98	 
CAr_108	 2	 2	 BabyDoll.bmp	 1.989132e+02	 24	 999000	 240	 999000	 999	 1.999309e+02	 683.33	 683.33	 47.00	 12	 1.67	 
CAr_108	 2	 2	 WerthersOriginal.bmp	 2.029178e+02	 11	 9.689133e+02	 110	 6.833422e+02	 98	 2.039355e+02	 700.00	 683.33	 8.00	 51	 7.07	 
CAr_108	 2	 2	 PesekZman.bmp	 2.049033e+02	 11	 9.674083e+02	 110	 7.000153e+02	 98	 2.059210e+02	 716.67	 683.33	 11.00	 35	 7.00	 
CAr_108	 2	 2	 Apropo.bmp	 2.069056e+02	 24	 999000	 240	 999000	 999	 2.079233e+02	 716.67	 683.33	 57.00	 56	 0.60	 
CAr_108	 2	 2	 KinderBuenoBrown3.bmp	 2.089077e+02	 12	 999000	 120	 999000	 999	 2.099255e+02	 716.67	 683.33	 6.00	 31	 7.93	 
CAr_108	 2	 2	 Bounty.bmp	 2.109100e+02	 24	 999000	 240	 999000	 999	 2.119277e+02	 716.67	 683.33	 56.00	 52	 0.60	 
CAr_108	 2	 2	 Twist.bmp	 2.129121e+02	 22	 9.425166e+02	 220	 6.833471e+02	 98	 2.139299e+02	 716.67	 700.00	 43.00	 18	 1.73	 
CAr_108	 2	 2	 Egozi.bmp	 2.169167e+02	 22	 9.460390e+02	 220	 7.000289e+02	 98	 2.179344e+02	 716.67	 716.67	 48.00	 34	 1.67	 
CAr_108	 2	 2	 BagaleShtuhim.bmp	 2.209046e+02	 12	 999000	 120	 999000	 999	 2.219223e+02	 716.67	 716.67	 22.00	 19	 5.84	 
CAr_108	 2	 2	 BambaNugat.bmp	 2.229069e+02	 11	 1.043827e+03	 1100	 7.166810e+02	 98	 2.239245e+02	 666.67	 716.67	 14.00	 46	 6.93	 
CAr_108	 2	 2	 KashitSour.bmp	 2.249091e+02	 22	 9.695486e+02	 220	 7.166766e+02	 98	 2.259268e+02	 666.67	 733.33	 49.00	 24	 1.64	 
CAr_108	 2	 2	 KinderBuenoWhite2.bmp	 2.269112e+02	 12	 999000	 120	 999000	 999	 2.279290e+02	 666.67	 733.33	 10.00	 2	 7.02	 
CAr_108	 2	 2	 GumiWine2.bmp	 2.289135e+02	 22	 1.013122e+03	 2200	 7.333413e+02	 98	 2.299322e+02	 666.67	 683.33	 54.00	 59	 0.64	 
CAr_108	 2	 2	 ClickBisquit2.bmp	 2.349037e+02	 11	 9.270181e+02	 110	 6.666786e+02	 98	 2.359213e+02	 683.33	 683.33	 9.00	 45	 7.04	 
CAr_108	 2	 2	 DoritosNatural.bmp	 2.369057e+02	 24	 999000	 240	 999000	 999	 2.379236e+02	 683.33	 683.33	 42.00	 4	 1.76	 
