subjectID	order	runNum	itemName	onsetTime	shuff_trialType	RT	respInTime	AudioTime	response	fixationTime	ladder1	ladder2	bidIndex	BDMtrialIndex	bidValue
CAr_114	 2	 17	 Mentos.bmp	 2.166314e+03	 12	 999000	 120	 999000	 999	 2.167332e+03	 616.67	 616.67	 19.00	 42	 5.24	 
CAr_114	 2	 17	 Tortit.bmp	 2.171303e+03	 22	 5.596873e+02	 22	 6.166935e+02	 98	 2.172321e+03	 616.67	 633.33	 51.00	 22	 2.58	 
CAr_114	 2	 17	 BisliGrill.bmp	 2.173305e+03	 22	 8.692032e+02	 220	 6.333417e+02	 98	 2.174323e+03	 616.67	 650.00	 49.00	 50	 2.80	 
CAr_114	 2	 17	 HappyHippo.bmp	 2.175307e+03	 12	 999000	 120	 999000	 999	 2.176325e+03	 616.67	 650.00	 20.00	 12	 5.09	 
CAr_114	 2	 17	 DoritosGrill.bmp	 2.181314e+03	 12	 999000	 120	 999000	 999	 2.182332e+03	 616.67	 650.00	 7.00	 36	 6.04	 
CAr_114	 2	 17	 SkittlesSour4.bmp	 2.183316e+03	 24	 999000	 240	 999000	 999	 2.184334e+03	 616.67	 650.00	 55.00	 53	 1.76	 
CAr_114	 2	 17	 ChocolateParaCookies5.bmp	 2.186303e+03	 11	 7.432549e+02	 110	 6.166822e+02	 98	 2.187321e+03	 633.33	 650.00	 16.00	 31	 5.33	 
CAr_114	 2	 17	 Keifli.bmp	 2.188305e+03	 22	 8.050352e+02	 220	 6.500127e+02	 98	 2.189323e+03	 633.33	 666.67	 54.00	 41	 2.09	 
CAr_114	 2	 17	 KinderBuenoWhite2.bmp	 2.192310e+03	 12	 999000	 120	 999000	 999	 2.193327e+03	 633.33	 666.67	 6.00	 47	 6.16	 
CAr_114	 2	 17	 ChocolateParaMarir2.bmp	 2.194312e+03	 22	 6.302834e+02	 22	 6.666748e+02	 98	 2.195330e+03	 633.33	 683.33	 48.00	 57	 2.89	 
CAr_114	 2	 17	 SkittlesFruits2.bmp	 2.199318e+03	 22	 1.096589e+03	 2200	 6.833480e+02	 98	 2.200335e+03	 633.33	 633.33	 46.00	 38	 2.93	 
CAr_114	 2	 17	 GumiWine2.bmp	 2.206309e+03	 24	 999000	 240	 999000	 999	 2.207326e+03	 633.33	 633.33	 44.00	 56	 3.04	 
CAr_114	 2	 17	 KashitSour.bmp	 2.208311e+03	 24	 999000	 240	 999000	 999	 2.209329e+03	 633.33	 633.33	 58.00	 7	 1.04	 
CAr_114	 2	 17	 Egozi.bmp	 2.211314e+03	 24	 999000	 240	 999000	 999	 2.212332e+03	 633.33	 633.33	 39.00	 25	 3.64	 
CAr_114	 2	 17	 BagaleShtuhim.bmp	 2.214318e+03	 24	 999000	 240	 999000	 999	 2.215336e+03	 633.33	 633.33	 42.00	 45	 3.11	 
CAr_114	 2	 17	 WerthersOriginal.bmp	 2.218306e+03	 12	 999000	 120	 999000	 999	 2.219323e+03	 633.33	 633.33	 12.00	 14	 5.89	 
CAr_114	 2	 17	 CrunchBisquitBrown3.bmp	 2.222310e+03	 11	 6.802985e+02	 110	 6.333441e+02	 98	 2.223328e+03	 650.00	 633.33	 11.00	 49	 5.91	 
CAr_114	 2	 17	 PesekZman.bmp	 2.226314e+03	 12	 999000	 120	 999000	 999	 2.227332e+03	 650.00	 633.33	 15.00	 32	 5.40	 
CAr_114	 2	 17	 HispusimShatiah.bmp	 2.229301e+03	 24	 999000	 240	 999000	 999	 2.230319e+03	 650.00	 633.33	 57.00	 21	 1.49	 
CAr_114	 2	 17	 Tictac.bmp	 2.235308e+03	 24	 999000	 240	 999000	 999	 2.236326e+03	 650.00	 633.33	 56.00	 13	 1.71	 
CAr_114	 2	 17	 ClickBalls5.bmp	 2.237310e+03	 12	 999000	 120	 999000	 999	 2.238328e+03	 650.00	 633.33	 18.00	 33	 5.31	 
CAr_114	 2	 17	 Smarties.bmp	 2.240313e+03	 22	 6.687978e+02	 220	 6.333444e+02	 98	 2.241331e+03	 650.00	 650.00	 43.00	 48	 3.09	 
CAr_114	 2	 17	 Cheetos.bmp	 2.242316e+03	 24	 999000	 240	 999000	 999	 2.243333e+03	 650.00	 650.00	 50.00	 43	 2.67	 
CAr_114	 2	 17	 ClickBlackWhite3.bmp	 2.244318e+03	 12	 999000	 120	 999000	 999	 2.245336e+03	 650.00	 650.00	 22.00	 27	 4.93	 
CAr_114	 2	 17	 BisliOnion.bmp	 2.246304e+03	 24	 999000	 240	 999000	 999	 2.247321e+03	 650.00	 650.00	 41.00	 11	 3.13	 
CAr_114	 2	 17	 BambaNugat.bmp	 2.249307e+03	 11	 8.992840e+02	 110	 6.500124e+02	 98	 2.250325e+03	 666.67	 650.00	 14.00	 5	 5.40	 
CAr_114	 2	 17	 KifkefMaklot2.bmp	 2.253311e+03	 11	 7.748287e+02	 110	 6.666822e+02	 98	 2.254329e+03	 683.33	 650.00	 8.00	 40	 5.96	 
CAr_114	 2	 17	 Kitkat.bmp	 2.255314e+03	 12	 999000	 120	 999000	 999	 2.256331e+03	 683.33	 650.00	 13.00	 59	 5.62	 
CAr_114	 2	 17	 KinderBuenoBrown3.bmp	 2.257316e+03	 12	 999000	 120	 999000	 999	 2.258334e+03	 683.33	 650.00	 10.00	 10	 5.91	 
CAr_114	 2	 17	 DoritosNatural.bmp	 2.259318e+03	 24	 999000	 240	 999000	 999	 2.260336e+03	 683.33	 650.00	 52.00	 54	 2.36	 
CAr_114	 2	 17	 Loacker.bmp	 2.261304e+03	 12	 999000	 120	 999000	 999	 2.262321e+03	 683.33	 650.00	 5.00	 52	 6.31	 
CAr_114	 2	 17	 GumiSnakes3.bmp	 2.263306e+03	 24	 999000	 240	 999000	 999	 2.264324e+03	 683.33	 650.00	 53.00	 3	 2.11	 
CAr_114	 2	 17	 Snickers.bmp	 2.267310e+03	 12	 999000	 120	 999000	 999	 2.268328e+03	 683.33	 650.00	 3.00	 19	 6.91	 
CAr_114	 2	 17	 Twix.bmp	 2.271315e+03	 12	 999000	 120	 999000	 999	 2.272333e+03	 683.33	 650.00	 4.00	 28	 6.62	 
CAr_114	 2	 17	 TapuchipsCrunch.bmp	 2.273317e+03	 11	 1.121054e+03	 1100	 6.833423e+02	 98	 2.274335e+03	 633.33	 650.00	 17.00	 17	 5.31	 
CAr_114	 2	 17	 ClickXLwhite4.bmp	 2.275302e+03	 12	 999000	 120	 999000	 999	 2.276320e+03	 633.33	 650.00	 21.00	 16	 5.02	 
CAr_114	 2	 17	 KinderJoy.bmp	 2.277305e+03	 11	 5.572193e+02	 11	 6.333425e+02	 98	 2.278323e+03	 650.00	 650.00	 9.00	 51	 5.93	 
CAr_114	 2	 17	 Bamba.bmp	 2.279307e+03	 24	 1.338965e+03	 240	 999000	 82	 2.280325e+03	 650.00	 650.00	 40.00	 24	 3.29	 
CAr_114	 2	 17	 Bounty.bmp	 2.285314e+03	 24	 999000	 240	 999000	 999	 2.286332e+03	 650.00	 650.00	 45.00	 4	 2.98	 
CAr_114	 2	 17	 BisliPizza3.bmp	 2.287316e+03	 24	 999000	 240	 999000	 999	 2.288334e+03	 650.00	 650.00	 47.00	 30	 2.89	 
