subjectID	order	runNum	itemName	onsetTime	shuff_trialType	RT	respInTime	AudioTime	response	fixationTime	ladder1	ladder2	bidIndex	BDMtrialIndex	bidValue
CAr_125	 2	 11	 Kitkat.bmp	 1.337025e+03	 12	 999000	 120	 999000	 999	 1.338042e+03	 683.33	 683.33	 10.00	 4	 9.00	 
CAr_125	 2	 11	 Mekupelet.bmp	 1.340011e+03	 11	 4.512586e+02	 11	 6.833788e+02	 98	 1.341029e+03	 700.00	 683.33	 14.00	 18	 8.16	 
CAr_125	 2	 11	 ChocolateParaSucariotKoftzot2.bmp	 1.342014e+03	 12	 999000	 120	 999000	 999	 1.343031e+03	 700.00	 683.33	 6.00	 29	 9.18	 
CAr_125	 2	 11	 Popco.bmp	 1.344016e+03	 24	 999000	 240	 999000	 999	 1.345034e+03	 700.00	 683.33	 44.00	 36	 1.78	 
CAr_125	 2	 11	 Bounty.bmp	 1.346018e+03	 11	 9.484951e+02	 110	 7.000072e+02	 98	 1.347036e+03	 716.67	 683.33	 9.00	 9	 9.02	 
CAr_125	 2	 11	 Apropo.bmp	 1.349022e+03	 12	 999000	 120	 999000	 999	 1.350039e+03	 716.67	 683.33	 4.00	 19	 9.96	 
CAr_125	 2	 11	 Keifli.bmp	 1.351007e+03	 24	 999000	 240	 999000	 999	 1.352025e+03	 716.67	 683.33	 41.00	 40	 2.82	 
CAr_125	 2	 11	 Mars.bmp	 1.355012e+03	 12	 999000	 120	 999000	 999	 1.356029e+03	 716.67	 683.33	 21.00	 39	 6.98	 
CAr_125	 2	 11	 CrunchBisquitWhite2.bmp	 1.357014e+03	 12	 999000	 120	 999000	 999	 1.358032e+03	 716.67	 683.33	 22.00	 44	 6.98	 
CAr_125	 2	 11	 BisliPizza3.bmp	 1.362019e+03	 24	 999000	 240	 999000	 999	 1.363037e+03	 716.67	 683.33	 55.00	 24	 0.64	 
CAr_125	 2	 11	 GumiSnakes3.bmp	 1.364022e+03	 24	 999000	 240	 999000	 999	 1.365039e+03	 716.67	 683.33	 47.00	 10	 1.67	 
CAr_125	 2	 11	 ClickXLwhite4.bmp	 1.368010e+03	 11	 1.141143e+03	 1100	 7.166817e+02	 98	 1.369027e+03	 666.67	 683.33	 16.00	 57	 8.04	 
CAr_125	 2	 11	 Tortit.bmp	 1.370012e+03	 24	 999000	 240	 999000	 999	 1.371029e+03	 666.67	 683.33	 42.00	 15	 2.80	 
CAr_125	 2	 11	 TapuchipsCrunch.bmp	 1.373015e+03	 12	 999000	 120	 999000	 999	 1.374033e+03	 666.67	 683.33	 20.00	 51	 7.02	 
CAr_125	 2	 11	 Twist.bmp	 1.378021e+03	 12	 999000	 120	 999000	 999	 1.379038e+03	 666.67	 683.33	 19.00	 56	 7.04	 
CAr_125	 2	 11	 SkittlesFruits2.bmp	 1.380006e+03	 12	 999000	 120	 999000	 999	 1.381024e+03	 666.67	 683.33	 3.00	 8	 9.96	 
CAr_125	 2	 11	 Halva2.bmp	 1.382009e+03	 22	 9.260875e+02	 220	 6.833528e+02	 98	 1.383026e+03	 666.67	 700.00	 49.00	 60	 1.67	 
CAr_125	 2	 11	 Smarties.bmp	 1.386013e+03	 22	 9.616795e+02	 220	 7.000130e+02	 98	 1.387031e+03	 666.67	 716.67	 54.00	 41	 1.53	 
CAr_125	 2	 11	 CrunchBisquitBrown3.bmp	 1.390018e+03	 12	 999000	 120	 999000	 999	 1.391035e+03	 666.67	 716.67	 7.00	 5	 9.04	 
CAr_125	 2	 11	 BagaleShtuhim.bmp	 1.394005e+03	 24	 999000	 240	 999000	 999	 1.395023e+03	 666.67	 716.67	 50.00	 20	 1.62	 
CAr_125	 2	 11	 WerthersOriginal.bmp	 1.396008e+03	 24	 999000	 240	 999000	 999	 1.397025e+03	 666.67	 716.67	 53.00	 55	 1.56	 
CAr_125	 2	 11	 DoritosSourSpicy.bmp	 1.398010e+03	 11	 1.108690e+03	 1100	 6.666776e+02	 98	 1.399028e+03	 616.67	 716.67	 8.00	 16	 9.04	 
CAr_125	 2	 11	 ClickBisquit2.bmp	 1.400012e+03	 24	 999000	 240	 999000	 999	 1.401030e+03	 616.67	 716.67	 40.00	 32	 3.67	 
CAr_125	 2	 11	 BambaSweet.bmp	 1.402014e+03	 24	 999000	 240	 999000	 999	 1.403032e+03	 616.67	 716.67	 58.00	 13	 0.04	 
CAr_125	 2	 11	 ChocolateParaMarir2.bmp	 1.408004e+03	 24	 999000	 240	 999000	 999	 1.409022e+03	 616.67	 716.67	 57.00	 49	 0.07	 
CAr_125	 2	 11	 Tapuchips.bmp	 1.411008e+03	 22	 1.008711e+03	 2200	 7.166773e+02	 98	 1.412026e+03	 616.67	 666.67	 43.00	 22	 2.76	 
CAr_125	 2	 11	 Twix.bmp	 1.413010e+03	 12	 999000	 120	 999000	 999	 1.414028e+03	 616.67	 666.67	 18.00	 33	 7.04	 
CAr_125	 2	 11	 ChocolateParaMilk3.bmp	 1.415012e+03	 12	 999000	 120	 999000	 999	 1.416030e+03	 616.67	 666.67	 13.00	 35	 8.91	 
CAr_125	 2	 11	 BisliGrill.bmp	 1.418016e+03	 12	 999000	 120	 999000	 999	 1.419033e+03	 616.67	 666.67	 15.00	 30	 8.16	 
CAr_125	 2	 11	 ChocolateParaCookies5.bmp	 1.420018e+03	 12	 999000	 120	 999000	 999	 1.421036e+03	 616.67	 666.67	 5.00	 27	 9.96	 
CAr_125	 2	 11	 Dubonim.bmp	 1.422020e+03	 24	 999000	 240	 999000	 999	 1.423038e+03	 616.67	 666.67	 45.00	 47	 1.76	 
CAr_125	 2	 11	 GumiWine2.bmp	 1.424006e+03	 22	 9.451277e+02	 220	 6.666799e+02	 98	 1.425024e+03	 616.67	 683.33	 46.00	 7	 1.69	 
CAr_125	 2	 11	 KinderJoy.bmp	 1.427009e+03	 24	 999000	 240	 999000	 999	 1.428027e+03	 616.67	 683.33	 39.00	 31	 3.78	 
CAr_125	 2	 11	 Bamba.bmp	 1.429011e+03	 24	 999000	 240	 999000	 999	 1.430029e+03	 616.67	 683.33	 52.00	 25	 1.56	 
CAr_125	 2	 11	 DoritosNatural.bmp	 1.431014e+03	 12	 999000	 120	 999000	 999	 1.432031e+03	 616.67	 683.33	 12.00	 12	 8.91	 
CAr_125	 2	 11	 BabyDoll.bmp	 1.433016e+03	 24	 999000	 240	 999000	 999	 1.434034e+03	 616.67	 683.33	 56.00	 28	 0.40	 
CAr_125	 2	 11	 BisliOnion.bmp	 1.435018e+03	 11	 8.925571e+02	 110	 6.166750e+02	 98	 1.436036e+03	 633.33	 683.33	 11.00	 45	 8.96	 
CAr_125	 2	 11	 Tictac.bmp	 1.441008e+03	 22	 9.425630e+02	 220	 6.833506e+02	 98	 1.442026e+03	 633.33	 700.00	 48.00	 50	 1.67	 
CAr_125	 2	 11	 KashitSour.bmp	 1.444012e+03	 22	 9.815699e+02	 220	 7.000135e+02	 98	 1.445029e+03	 633.33	 716.67	 51.00	 34	 1.62	 
CAr_125	 2	 11	 Cheetos.bmp	 1.448016e+03	 11	 9.025573e+02	 110	 6.333461e+02	 98	 1.449034e+03	 650.00	 716.67	 17.00	 53	 7.09	 
