subjectID	order	runNum	itemName	onsetTime	shuff_trialType	RT	respInTime	AudioTime	response	fixationTime	ladder1	ladder2	bidIndex	BDMtrialIndex	bidValue
CAr_108	 2	 15	 DoritosGrill.bmp	 1.781990e+03	 22	 9.050527e+02	 220	 8.666865e+02	 98	 1.783008e+03	 916.67	 883.33	 51.00	 40	 1.58	 
CAr_108	 2	 15	 BambaNugat.bmp	 1.784993e+03	 11	 7.416429e+02	 11	 9.166968e+02	 98	 1.786011e+03	 916.67	 883.33	 14.00	 46	 6.93	 
CAr_108	 2	 15	 ChocolateParaSucariotKoftzot2.bmp	 1.786979e+03	 12	 999000	 120	 999000	 999	 1.787996e+03	 916.67	 883.33	 20.00	 14	 5.87	 
CAr_108	 2	 15	 KashitSour.bmp	 1.788981e+03	 22	 8.258143e+02	 22	 8.833467e+02	 98	 1.789999e+03	 916.67	 900.00	 49.00	 24	 1.64	 
CAr_108	 2	 15	 Apropo.bmp	 1.790983e+03	 24	 999000	 240	 999000	 999	 1.792001e+03	 916.67	 900.00	 57.00	 56	 0.60	 
CAr_108	 2	 15	 Tapuchips.bmp	 1.793987e+03	 24	 999000	 240	 999000	 999	 1.795004e+03	 916.67	 900.00	 40.00	 3	 1.82	 
CAr_108	 2	 15	 Cheetos.bmp	 1.795989e+03	 12	 999000	 120	 999000	 999	 1.797006e+03	 916.67	 900.00	 13.00	 11	 6.96	 
CAr_108	 2	 15	 WerthersOriginal.bmp	 1.799993e+03	 11	 7.354646e+02	 11	 9.166783e+02	 98	 1.801011e+03	 916.67	 900.00	 8.00	 51	 7.07	 
CAr_108	 2	 15	 CrunchBisquitWhite2.bmp	 1.801979e+03	 12	 999000	 120	 999000	 999	 1.802997e+03	 916.67	 900.00	 5.00	 37	 8.00	 
CAr_108	 2	 15	 Twix.bmp	 1.806984e+03	 12	 999000	 120	 999000	 999	 1.808002e+03	 916.67	 900.00	 3.00	 38	 8.04	 
CAr_108	 2	 15	 KifkefMaklot2.bmp	 1.808987e+03	 11	 8.521000e+02	 11	 9.166753e+02	 98	 1.810004e+03	 916.67	 900.00	 17.00	 26	 5.93	 
CAr_108	 2	 15	 BisliOnion.bmp	 1.812991e+03	 12	 999000	 120	 999000	 999	 1.814009e+03	 916.67	 900.00	 21.00	 44	 5.87	 
CAr_108	 2	 15	 Egozi.bmp	 1.814976e+03	 22	 8.302107e+02	 22	 9.000082e+02	 98	 1.815995e+03	 916.67	 916.67	 48.00	 34	 1.67	 
CAr_108	 2	 15	 Twist.bmp	 1.817980e+03	 22	 9.385581e+02	 220	 9.166809e+02	 98	 1.818998e+03	 916.67	 916.67	 43.00	 18	 1.73	 
CAr_108	 2	 15	 Halva2.bmp	 1.822986e+03	 24	 999000	 240	 999000	 999	 1.824003e+03	 916.67	 916.67	 55.00	 1	 0.62	 
CAr_108	 2	 15	 Hit.bmp	 1.824988e+03	 12	 999000	 120	 999000	 999	 1.826006e+03	 916.67	 916.67	 18.00	 48	 5.93	 
CAr_108	 2	 15	 Shugi.bmp	 1.826990e+03	 24	 999000	 240	 999000	 999	 1.828008e+03	 916.67	 916.67	 41.00	 42	 1.78	 
CAr_108	 2	 15	 ClickBlackWhite3.bmp	 1.830978e+03	 11	 8.366318e+02	 11	 9.166896e+02	 98	 1.831996e+03	 916.67	 916.67	 16.00	 6	 5.96	 
CAr_108	 2	 15	 PesekZman.bmp	 1.834982e+03	 11	 9.842551e+02	 110	 9.166779e+02	 98	 1.836000e+03	 916.67	 916.67	 11.00	 35	 7.00	 
CAr_108	 2	 15	 DoritosNatural.bmp	 1.838987e+03	 24	 999000	 240	 999000	 999	 1.840005e+03	 916.67	 916.67	 42.00	 4	 1.76	 
CAr_108	 2	 15	 KinderJoy.bmp	 1.840989e+03	 12	 999000	 120	 999000	 999	 1.842007e+03	 916.67	 916.67	 19.00	 50	 5.91	 
CAr_108	 2	 15	 Bounty.bmp	 1.842992e+03	 24	 999000	 240	 999000	 999	 1.844009e+03	 916.67	 916.67	 56.00	 52	 0.60	 
CAr_108	 2	 15	 GumiWine2.bmp	 1.844977e+03	 22	 9.259923e+02	 220	 9.166743e+02	 98	 1.845995e+03	 916.67	 916.67	 54.00	 59	 0.64	 
CAr_108	 2	 15	 KinderBuenoWhite2.bmp	 1.846979e+03	 12	 999000	 120	 999000	 999	 1.847997e+03	 916.67	 916.67	 10.00	 2	 7.02	 
CAr_108	 2	 15	 CrunchBisquitBrown3.bmp	 1.852986e+03	 12	 999000	 120	 999000	 999	 1.854004e+03	 916.67	 916.67	 15.00	 8	 6.02	 
CAr_108	 2	 15	 Mentos.bmp	 1.855989e+03	 24	 999000	 240	 999000	 999	 1.857007e+03	 916.67	 916.67	 58.00	 49	 0.58	 
CAr_108	 2	 15	 BabyDoll.bmp	 1.857992e+03	 24	 999000	 240	 999000	 999	 1.859010e+03	 916.67	 916.67	 47.00	 12	 1.67	 
CAr_108	 2	 15	 ClickXLbrown4.bmp	 1.859978e+03	 12	 999000	 120	 999000	 999	 1.860995e+03	 916.67	 916.67	 4.00	 53	 8.02	 
CAr_108	 2	 15	 KinderBuenoBrown3.bmp	 1.862981e+03	 12	 999000	 120	 999000	 999	 1.863998e+03	 916.67	 916.67	 6.00	 31	 7.93	 
CAr_108	 2	 15	 TapuchipsCrunch.bmp	 1.864983e+03	 22	 9.597227e+02	 220	 9.166833e+02	 98	 1.866001e+03	 916.67	 916.67	 46.00	 58	 1.71	 
CAr_108	 2	 15	 Popco.bmp	 1.866985e+03	 24	 999000	 240	 999000	 999	 1.868003e+03	 916.67	 916.67	 45.00	 36	 1.71	 
CAr_108	 2	 15	 BisliPizza3.bmp	 1.868987e+03	 24	 999000	 240	 999000	 999	 1.870005e+03	 916.67	 916.67	 39.00	 20	 2.67	 
CAr_108	 2	 15	 GumiSnakes3.bmp	 1.871991e+03	 24	 999000	 240	 999000	 999	 1.873008e+03	 916.67	 916.67	 44.00	 30	 1.73	 
CAr_108	 2	 15	 ChocolateParaCookies5.bmp	 1.873993e+03	 12	 999000	 120	 999000	 999	 1.875011e+03	 916.67	 916.67	 12.00	 54	 6.98	 
CAr_108	 2	 15	 ClickBalls5.bmp	 1.875979e+03	 12	 999000	 120	 999000	 999	 1.876996e+03	 916.67	 916.67	 7.00	 29	 7.07	 
CAr_108	 2	 15	 Tortit.bmp	 1.877981e+03	 24	 999000	 240	 999000	 999	 1.878999e+03	 916.67	 916.67	 52.00	 13	 1.56	 
CAr_108	 2	 15	 Tictac.bmp	 1.879983e+03	 24	 999000	 240	 999000	 999	 1.881001e+03	 916.67	 916.67	 53.00	 28	 0.64	 
CAr_108	 2	 15	 DoritosSourSpicy.bmp	 1.885990e+03	 24	 999000	 240	 999000	 999	 1.887007e+03	 916.67	 916.67	 50.00	 47	 1.60	 
CAr_108	 2	 15	 ClickBisquit2.bmp	 1.888993e+03	 11	 8.215871e+02	 11	 9.166828e+02	 98	 1.890011e+03	 916.67	 916.67	 9.00	 45	 7.04	 
CAr_108	 2	 15	 BagaleShtuhim.bmp	 1.892981e+03	 12	 999000	 120	 999000	 999	 1.893999e+03	 916.67	 916.67	 22.00	 19	 5.84	 
