subjectID	order	runNum	itemName	onsetTime	shuff_trialType	RT	respInTime	AudioTime	response	fixationTime	ladder1	ladder2	bidIndex	BDMtrialIndex	bidValue
CAr_123	 1	 3	 CrunchShokoVanil.bmp	 3.391479e+02	 11	 9.225410e+02	 110	 5.500215e+02	 98	 3.401661e+02	 566.67	 483.33	 12.00	 21	 4.87	 
CAr_123	 1	 3	 Bamba.bmp	 3.421515e+02	 22	 8.149012e+02	 220	 4.833736e+02	 98	 3.431693e+02	 566.67	 500.00	 50.00	 33	 2.67	 
CAr_123	 1	 3	 CrunchBisquitBrown3.bmp	 3.441538e+02	 12	 999000	 120	 999000	 999	 3.451717e+02	 566.67	 500.00	 3.00	 13	 5.91	 
CAr_123	 1	 3	 Loacker.bmp	 3.461560e+02	 11	 9.383907e+02	 110	 5.666836e+02	 98	 3.471740e+02	 583.33	 500.00	 18.00	 28	 4.82	 
CAr_123	 1	 3	 Twist.bmp	 3.481583e+02	 24	 999000	 240	 999000	 999	 3.491761e+02	 583.33	 500.00	 43.00	 19	 2.73	 
CAr_123	 1	 3	 HappyHippo.bmp	 3.511450e+02	 22	 8.534042e+02	 220	 5.000079e+02	 98	 3.521628e+02	 583.33	 516.67	 52.00	 24	 2.16	 
CAr_123	 1	 3	 SkittlesSour4.bmp	 3.531473e+02	 22	 8.431021e+02	 220	 5.166775e+02	 98	 3.541650e+02	 583.33	 533.33	 53.00	 56	 1.80	 
CAr_123	 1	 3	 Popco.bmp	 3.571518e+02	 12	 999000	 120	 999000	 999	 3.581696e+02	 583.33	 533.33	 21.00	 48	 4.78	 
CAr_123	 1	 3	 BagaleShtuhim.bmp	 3.591542e+02	 24	 999000	 240	 999000	 999	 3.601718e+02	 583.33	 533.33	 41.00	 45	 3.33	 
CAr_123	 1	 3	 ClickXLbrown4.bmp	 3.641427e+02	 12	 999000	 120	 999000	 999	 3.651608e+02	 583.33	 533.33	 9.00	 26	 4.89	 
CAr_123	 1	 3	 Mentos.bmp	 3.661452e+02	 24	 999000	 240	 999000	 999	 3.671630e+02	 583.33	 533.33	 54.00	 6	 1.62	 
CAr_123	 1	 3	 KinderJoy.bmp	 3.701497e+02	 24	 999000	 240	 999000	 999	 3.711675e+02	 583.33	 533.33	 46.00	 52	 2.73	 
CAr_123	 1	 3	 CrunchBisquitWhite2.bmp	 3.721521e+02	 12	 999000	 120	 999000	 999	 3.731696e+02	 583.33	 533.33	 6.00	 14	 5.58	 
CAr_123	 1	 3	 Halva2.bmp	 3.751553e+02	 24	 999000	 240	 999000	 999	 3.761730e+02	 583.33	 533.33	 40.00	 58	 3.36	 
CAr_123	 1	 3	 DoritosSourSpicy.bmp	 3.801440e+02	 12	 999000	 120	 999000	 999	 3.811621e+02	 583.33	 533.33	 16.00	 18	 4.82	 
CAr_123	 1	 3	 KinderBuenoWhite2.bmp	 3.821465e+02	 12	 999000	 120	 999000	 999	 3.831643e+02	 583.33	 533.33	 8.00	 60	 4.91	 
CAr_123	 1	 3	 GumiSnakes3.bmp	 3.841488e+02	 24	 999000	 240	 999000	 999	 3.851665e+02	 583.33	 533.33	 42.00	 5	 2.76	 
CAr_123	 1	 3	 SkittlesFruits2.bmp	 3.881534e+02	 22	 1.029041e+03	 2200	 5.333474e+02	 98	 3.891710e+02	 583.33	 483.33	 44.00	 25	 2.73	 
CAr_123	 1	 3	 BambaSweet.bmp	 3.921577e+02	 22	 8.806830e+02	 220	 4.833486e+02	 98	 3.931755e+02	 583.33	 500.00	 47.00	 1	 2.69	 
CAr_123	 1	 3	 Taami.bmp	 3.961456e+02	 12	 999000	 120	 999000	 999	 3.971633e+02	 583.33	 500.00	 14.00	 15	 4.84	 
CAr_123	 1	 3	 BabyDoll.bmp	 3.981479e+02	 24	 999000	 240	 999000	 999	 3.991656e+02	 583.33	 500.00	 56.00	 12	 1.60	 
CAr_123	 1	 3	 BisliOnion.bmp	 4.001501e+02	 12	 999000	 120	 999000	 999	 4.011678e+02	 583.33	 500.00	 17.00	 20	 4.82	 
CAr_123	 1	 3	 WerthersOriginal.bmp	 4.021525e+02	 24	 999000	 240	 999000	 999	 4.031702e+02	 583.33	 500.00	 49.00	 31	 2.69	 
CAr_123	 1	 3	 ChocolateParaMarir2.bmp	 4.041547e+02	 12	 999000	 120	 999000	 999	 4.051724e+02	 583.33	 500.00	 11.00	 3	 4.87	 
CAr_123	 1	 3	 KinderBuenoBrown3.bmp	 4.101446e+02	 11	 9.018528e+02	 110	 5.833429e+02	 98	 4.111624e+02	 600.00	 500.00	 13.00	 35	 4.87	 
CAr_123	 1	 3	 Keifli.bmp	 4.131480e+02	 11	 1.042401e+03	 1100	 6.000082e+02	 98	 4.141659e+02	 550.00	 500.00	 10.00	 39	 4.89	 
CAr_123	 1	 3	 Dubonim.bmp	 4.151503e+02	 12	 999000	 120	 999000	 999	 4.161681e+02	 550.00	 500.00	 22.00	 30	 4.60	 
CAr_123	 1	 3	 Shugi.bmp	 4.171525e+02	 24	 999000	 240	 999000	 999	 4.181703e+02	 550.00	 500.00	 51.00	 32	 2.20	 
CAr_123	 1	 3	 ChocolateParaSucariotKoftzot2.bmp	 4.201560e+02	 24	 999000	 240	 999000	 999	 4.211736e+02	 550.00	 500.00	 48.00	 11	 2.69	 
CAr_123	 1	 3	 ChocolateParaCookies5.bmp	 4.221581e+02	 12	 999000	 120	 999000	 999	 4.231759e+02	 550.00	 500.00	 4.00	 17	 5.89	 
CAr_123	 1	 3	 BisliGrill.bmp	 4.241434e+02	 12	 999000	 120	 999000	 999	 4.251616e+02	 550.00	 500.00	 5.00	 16	 5.69	 
CAr_123	 1	 3	 BambaNugat.bmp	 4.261459e+02	 24	 999000	 240	 999000	 999	 4.271638e+02	 550.00	 500.00	 39.00	 10	 3.76	 
CAr_123	 1	 3	 Smarties.bmp	 4.291494e+02	 24	 999000	 240	 999000	 999	 4.301671e+02	 550.00	 500.00	 55.00	 23	 1.62	 
CAr_123	 1	 3	 Snickers.bmp	 4.311516e+02	 11	 9.428065e+02	 110	 5.500099e+02	 98	 4.321693e+02	 566.67	 500.00	 15.00	 7	 4.82	 
CAr_123	 1	 3	 Mekupelet.bmp	 4.331538e+02	 22	 8.606477e+02	 220	 5.000147e+02	 98	 4.341716e+02	 566.67	 516.67	 45.00	 36	 2.73	 
CAr_123	 1	 3	 Tictac.bmp	 4.351560e+02	 24	 999000	 240	 999000	 999	 4.361739e+02	 566.67	 516.67	 58.00	 43	 1.20	 
CAr_123	 1	 3	 GumiWine2.bmp	 4.371583e+02	 24	 999000	 240	 999000	 999	 4.381761e+02	 566.67	 516.67	 57.00	 55	 1.60	 
CAr_123	 1	 3	 PesekZman.bmp	 4.431484e+02	 11	 1.058139e+03	 1100	 5.666742e+02	 98	 4.441662e+02	 516.67	 516.67	 7.00	 8	 5.42	 
CAr_123	 1	 3	 BisliPizza3.bmp	 4.461518e+02	 12	 999000	 120	 999000	 999	 4.471696e+02	 516.67	 516.67	 19.00	 29	 4.82	 
CAr_123	 1	 3	 ClickBisquit2.bmp	 4.501563e+02	 12	 999000	 120	 999000	 999	 4.511740e+02	 516.67	 516.67	 20.00	 59	 4.82	 
