subjectID	order	runNum	itemName	onsetTime	shuff_trialType	RT	respInTime	AudioTime	response	fixationTime	ladder1	ladder2	bidIndex	BDMtrialIndex	bidValue
CAr_114	 2	 9	 Keifli.bmp	 1.065597e+03	 22	 9.454233e+02	 220	 5.500273e+02	 98	 1.066615e+03	 683.33	 566.67	 54.00	 41	 2.09	 
CAr_114	 2	 9	 GumiSnakes3.bmp	 1.067583e+03	 24	 999000	 240	 999000	 999	 1.068600e+03	 683.33	 566.67	 53.00	 3	 2.11	 
CAr_114	 2	 9	 Cheetos.bmp	 1.071587e+03	 24	 999000	 240	 999000	 999	 1.072605e+03	 683.33	 566.67	 50.00	 43	 2.67	 
CAr_114	 2	 9	 Smarties.bmp	 1.074590e+03	 22	 8.160365e+02	 220	 5.666811e+02	 98	 1.075608e+03	 683.33	 583.33	 43.00	 48	 3.09	 
CAr_114	 2	 9	 Mentos.bmp	 1.076593e+03	 12	 999000	 120	 999000	 999	 1.077610e+03	 683.33	 583.33	 19.00	 42	 5.24	 
CAr_114	 2	 9	 SkittlesSour4.bmp	 1.079579e+03	 24	 999000	 240	 999000	 999	 1.080597e+03	 683.33	 583.33	 55.00	 53	 1.76	 
CAr_114	 2	 9	 Bounty.bmp	 1.083584e+03	 24	 999000	 240	 999000	 999	 1.084601e+03	 683.33	 583.33	 45.00	 4	 2.98	 
CAr_114	 2	 9	 BagaleShtuhim.bmp	 1.087588e+03	 24	 999000	 240	 999000	 999	 1.088606e+03	 683.33	 583.33	 42.00	 45	 3.11	 
CAr_114	 2	 9	 SkittlesFruits2.bmp	 1.089590e+03	 22	 8.878950e+02	 220	 5.833491e+02	 98	 1.090608e+03	 683.33	 600.00	 46.00	 38	 2.93	 
CAr_114	 2	 9	 DoritosGrill.bmp	 1.094579e+03	 12	 999000	 120	 999000	 999	 1.095597e+03	 683.33	 600.00	 7.00	 36	 6.04	 
CAr_114	 2	 9	 BisliOnion.bmp	 1.096582e+03	 24	 999000	 240	 999000	 999	 1.097599e+03	 683.33	 600.00	 41.00	 11	 3.13	 
CAr_114	 2	 9	 Kitkat.bmp	 1.098584e+03	 12	 999000	 120	 999000	 999	 1.099602e+03	 683.33	 600.00	 13.00	 59	 5.62	 
CAr_114	 2	 9	 Egozi.bmp	 1.104591e+03	 24	 999000	 240	 999000	 999	 1.105608e+03	 683.33	 600.00	 39.00	 25	 3.64	 
CAr_114	 2	 9	 BisliGrill.bmp	 1.106593e+03	 22	 9.573979e+02	 220	 6.000184e+02	 98	 1.107611e+03	 683.33	 616.67	 49.00	 50	 2.80	 
CAr_114	 2	 9	 KashitSour.bmp	 1.108595e+03	 24	 999000	 240	 999000	 999	 1.109613e+03	 683.33	 616.67	 58.00	 7	 1.04	 
CAr_114	 2	 9	 Tortit.bmp	 1.110581e+03	 22	 9.695230e+02	 220	 6.166760e+02	 98	 1.111598e+03	 683.33	 633.33	 51.00	 22	 2.58	 
CAr_114	 2	 9	 BisliPizza3.bmp	 1.114585e+03	 24	 999000	 240	 999000	 999	 1.115603e+03	 683.33	 633.33	 47.00	 30	 2.89	 
CAr_114	 2	 9	 ClickBlackWhite3.bmp	 1.118590e+03	 12	 999000	 120	 999000	 999	 1.119607e+03	 683.33	 633.33	 22.00	 27	 4.93	 
CAr_114	 2	 9	 Loacker.bmp	 1.121593e+03	 12	 999000	 120	 999000	 999	 1.122611e+03	 683.33	 633.33	 5.00	 52	 6.31	 
CAr_114	 2	 9	 GumiWine2.bmp	 1.125581e+03	 24	 999000	 240	 999000	 999	 1.126599e+03	 683.33	 633.33	 44.00	 56	 3.04	 
CAr_114	 2	 9	 Tictac.bmp	 1.128584e+03	 24	 999000	 240	 999000	 999	 1.129602e+03	 683.33	 633.33	 56.00	 13	 1.71	 
CAr_114	 2	 9	 KifkefMaklot2.bmp	 1.130586e+03	 11	 1.115914e+03	 1100	 6.833458e+02	 98	 1.131604e+03	 633.33	 633.33	 8.00	 40	 5.96	 
CAr_114	 2	 9	 TapuchipsCrunch.bmp	 1.134591e+03	 11	 1.031415e+03	 1100	 6.333450e+02	 98	 1.135609e+03	 583.33	 633.33	 17.00	 17	 5.31	 
CAr_114	 2	 9	 ClickXLwhite4.bmp	 1.136593e+03	 12	 999000	 120	 999000	 999	 1.137611e+03	 583.33	 633.33	 21.00	 16	 5.02	 
CAr_114	 2	 9	 WerthersOriginal.bmp	 1.138578e+03	 12	 999000	 120	 999000	 999	 1.139596e+03	 583.33	 633.33	 12.00	 14	 5.89	 
CAr_114	 2	 9	 Bamba.bmp	 1.142583e+03	 24	 999000	 240	 999000	 999	 1.143601e+03	 583.33	 633.33	 40.00	 24	 3.29	 
CAr_114	 2	 9	 KinderBuenoBrown3.bmp	 1.144586e+03	 12	 999000	 120	 999000	 999	 1.145603e+03	 583.33	 633.33	 10.00	 10	 5.91	 
CAr_114	 2	 9	 CrunchBisquitBrown3.bmp	 1.148590e+03	 11	 1.080555e+03	 1100	 5.833489e+02	 98	 1.149608e+03	 533.33	 633.33	 11.00	 49	 5.91	 
CAr_114	 2	 9	 Twix.bmp	 1.152578e+03	 12	 999000	 120	 999000	 999	 1.153595e+03	 533.33	 633.33	 4.00	 28	 6.62	 
CAr_114	 2	 9	 KinderBuenoWhite2.bmp	 1.155581e+03	 12	 999000	 120	 999000	 999	 1.156599e+03	 533.33	 633.33	 6.00	 47	 6.16	 
CAr_114	 2	 9	 ClickBalls5.bmp	 1.161588e+03	 12	 999000	 120	 999000	 999	 1.162606e+03	 533.33	 633.33	 18.00	 33	 5.31	 
CAr_114	 2	 9	 HispusimShatiah.bmp	 1.163590e+03	 24	 999000	 240	 999000	 999	 1.164608e+03	 533.33	 633.33	 57.00	 21	 1.49	 
CAr_114	 2	 9	 ChocolateParaMarir2.bmp	 1.167595e+03	 22	 9.236416e+02	 220	 6.333509e+02	 98	 1.168612e+03	 533.33	 650.00	 48.00	 57	 2.89	 
CAr_114	 2	 9	 ChocolateParaCookies5.bmp	 1.169580e+03	 11	 9.061375e+02	 110	 5.333469e+02	 98	 1.170598e+03	 550.00	 650.00	 16.00	 31	 5.33	 
CAr_114	 2	 9	 PesekZman.bmp	 1.171582e+03	 12	 999000	 120	 999000	 999	 1.172600e+03	 550.00	 650.00	 15.00	 32	 5.40	 
CAr_114	 2	 9	 BambaNugat.bmp	 1.173585e+03	 11	 8.697345e+02	 110	 5.500173e+02	 98	 1.174602e+03	 566.67	 650.00	 14.00	 5	 5.40	 
CAr_114	 2	 9	 HappyHippo.bmp	 1.178590e+03	 12	 999000	 120	 999000	 999	 1.179608e+03	 566.67	 650.00	 20.00	 12	 5.09	 
CAr_114	 2	 9	 Snickers.bmp	 1.180592e+03	 12	 999000	 120	 999000	 999	 1.181610e+03	 566.67	 650.00	 3.00	 19	 6.91	 
CAr_114	 2	 9	 DoritosNatural.bmp	 1.182595e+03	 24	 999000	 240	 999000	 999	 1.183612e+03	 566.67	 650.00	 52.00	 54	 2.36	 
CAr_114	 2	 9	 KinderJoy.bmp	 1.185581e+03	 11	 8.408627e+02	 110	 5.666805e+02	 98	 1.186599e+03	 583.33	 650.00	 9.00	 51	 5.93	 
