subjectID	order	runNum	itemName	onsetTime	shuff_trialType	RT	respInTime	AudioTime	response	fixationTime	ladder1	ladder2	bidIndex	BDMtrialIndex	bidValue
CAr_123	 1	 12	 BisliGrill.bmp	 1.789778e+03	 12	 999000	 120	 999000	 999	 1.790796e+03	 583.33	 516.67	 5.00	 16	 5.69	 
CAr_123	 1	 12	 SkittlesSour4.bmp	 1.791780e+03	 22	 9.460582e+02	 220	 5.166821e+02	 98	 1.792798e+03	 583.33	 533.33	 53.00	 56	 1.80	 
CAr_123	 1	 12	 Popco.bmp	 1.795785e+03	 12	 999000	 120	 999000	 999	 1.796803e+03	 583.33	 533.33	 21.00	 48	 4.78	 
CAr_123	 1	 12	 BambaSweet.bmp	 1.798788e+03	 22	 8.582528e+02	 220	 5.333497e+02	 98	 1.799806e+03	 583.33	 550.00	 47.00	 1	 2.69	 
CAr_123	 1	 12	 HappyHippo.bmp	 1.800774e+03	 22	 9.446636e+02	 220	 5.500147e+02	 98	 1.801792e+03	 583.33	 566.67	 52.00	 24	 2.16	 
CAr_123	 1	 12	 WerthersOriginal.bmp	 1.803777e+03	 24	 999000	 240	 999000	 999	 1.804795e+03	 583.33	 566.67	 49.00	 31	 2.69	 
CAr_123	 1	 12	 BabyDoll.bmp	 1.807782e+03	 24	 999000	 240	 999000	 999	 1.808799e+03	 583.33	 566.67	 56.00	 12	 1.60	 
CAr_123	 1	 12	 BisliPizza3.bmp	 1.811786e+03	 12	 999000	 120	 999000	 999	 1.812804e+03	 583.33	 566.67	 19.00	 29	 4.82	 
CAr_123	 1	 12	 Taami.bmp	 1.813788e+03	 12	 999000	 120	 999000	 999	 1.814806e+03	 583.33	 566.67	 14.00	 15	 4.84	 
CAr_123	 1	 12	 ClickBisquit2.bmp	 1.818777e+03	 12	 999000	 120	 999000	 999	 1.819795e+03	 583.33	 566.67	 20.00	 59	 4.82	 
CAr_123	 1	 12	 Loacker.bmp	 1.820780e+03	 11	 9.868294e+02	 110	 5.833498e+02	 98	 1.821797e+03	 600.00	 566.67	 18.00	 28	 4.82	 
CAr_123	 1	 12	 GumiSnakes3.bmp	 1.822782e+03	 24	 999000	 240	 999000	 999	 1.823800e+03	 600.00	 566.67	 42.00	 5	 2.76	 
CAr_123	 1	 12	 Twist.bmp	 1.828772e+03	 24	 999000	 240	 999000	 999	 1.829790e+03	 600.00	 566.67	 43.00	 19	 2.73	 
CAr_123	 1	 12	 SkittlesFruits2.bmp	 1.830774e+03	 22	 1.112285e+03	 2200	 5.666941e+02	 98	 1.831792e+03	 600.00	 516.67	 44.00	 25	 2.73	 
CAr_123	 1	 12	 Dubonim.bmp	 1.832776e+03	 12	 999000	 120	 999000	 999	 1.833794e+03	 600.00	 516.67	 22.00	 30	 4.60	 
CAr_123	 1	 12	 Halva2.bmp	 1.834779e+03	 24	 999000	 240	 999000	 999	 1.835796e+03	 600.00	 516.67	 40.00	 58	 3.36	 
CAr_123	 1	 12	 Shugi.bmp	 1.838783e+03	 24	 999000	 240	 999000	 999	 1.839801e+03	 600.00	 516.67	 51.00	 32	 2.20	 
CAr_123	 1	 12	 Snickers.bmp	 1.842788e+03	 11	 1.162873e+03	 1100	 6.000164e+02	 98	 1.843805e+03	 550.00	 516.67	 15.00	 7	 4.82	 
CAr_123	 1	 12	 GumiWine2.bmp	 1.845774e+03	 24	 999000	 240	 999000	 999	 1.846792e+03	 550.00	 516.67	 57.00	 55	 1.60	 
CAr_123	 1	 12	 ClickXLbrown4.bmp	 1.849779e+03	 12	 999000	 120	 999000	 999	 1.850797e+03	 550.00	 516.67	 9.00	 26	 4.89	 
CAr_123	 1	 12	 Mentos.bmp	 1.852782e+03	 24	 999000	 240	 999000	 999	 1.853800e+03	 550.00	 516.67	 54.00	 6	 1.62	 
CAr_123	 1	 12	 KinderBuenoWhite2.bmp	 1.854785e+03	 12	 999000	 120	 999000	 999	 1.855802e+03	 550.00	 516.67	 8.00	 60	 4.91	 
CAr_123	 1	 12	 Mekupelet.bmp	 1.858789e+03	 22	 9.222197e+02	 220	 5.166781e+02	 98	 1.859807e+03	 550.00	 533.33	 45.00	 36	 2.73	 
CAr_123	 1	 12	 ChocolateParaCookies5.bmp	 1.860775e+03	 12	 999000	 120	 999000	 999	 1.861792e+03	 550.00	 533.33	 4.00	 17	 5.89	 
CAr_123	 1	 12	 Keifli.bmp	 1.862777e+03	 11	 8.855891e+02	 110	 5.500132e+02	 98	 1.863795e+03	 566.67	 533.33	 10.00	 39	 4.89	 
CAr_123	 1	 12	 CrunchBisquitWhite2.bmp	 1.866781e+03	 12	 999000	 120	 999000	 999	 1.867799e+03	 566.67	 533.33	 6.00	 14	 5.58	 
CAr_123	 1	 12	 ChocolateParaSucariotKoftzot2.bmp	 1.868783e+03	 24	 999000	 240	 999000	 999	 1.869801e+03	 566.67	 533.33	 48.00	 11	 2.69	 
CAr_123	 1	 12	 Bamba.bmp	 1.872771e+03	 22	 9.713763e+02	 220	 5.334104e+02	 98	 1.873789e+03	 566.67	 550.00	 50.00	 33	 2.67	 
CAr_123	 1	 12	 ChocolateParaMarir2.bmp	 1.876776e+03	 12	 999000	 120	 999000	 999	 1.877793e+03	 566.67	 550.00	 11.00	 3	 4.87	 
CAr_123	 1	 12	 CrunchShokoVanil.bmp	 1.879779e+03	 11	 9.392151e+02	 110	 5.666816e+02	 98	 1.880797e+03	 583.33	 550.00	 12.00	 21	 4.87	 
CAr_123	 1	 12	 DoritosSourSpicy.bmp	 1.885786e+03	 12	 999000	 120	 999000	 999	 1.886804e+03	 583.33	 550.00	 16.00	 18	 4.82	 
CAr_123	 1	 12	 PesekZman.bmp	 1.887788e+03	 11	 9.462703e+02	 110	 5.833495e+02	 98	 1.888806e+03	 600.00	 550.00	 7.00	 8	 5.42	 
CAr_123	 1	 12	 KinderBuenoBrown3.bmp	 1.891776e+03	 11	 9.265035e+02	 110	 6.000096e+02	 98	 1.892794e+03	 616.67	 550.00	 13.00	 35	 4.87	 
CAr_123	 1	 12	 BisliOnion.bmp	 1.893778e+03	 12	 999000	 120	 999000	 999	 1.894796e+03	 616.67	 550.00	 17.00	 20	 4.82	 
CAr_123	 1	 12	 KinderJoy.bmp	 1.895781e+03	 24	 999000	 240	 999000	 999	 1.896798e+03	 616.67	 550.00	 46.00	 52	 2.73	 
CAr_123	 1	 12	 CrunchBisquitBrown3.bmp	 1.897783e+03	 12	 999000	 120	 999000	 999	 1.898800e+03	 616.67	 550.00	 3.00	 13	 5.91	 
CAr_123	 1	 12	 Smarties.bmp	 1.902788e+03	 24	 999000	 240	 999000	 999	 1.903806e+03	 616.67	 550.00	 55.00	 23	 1.62	 
CAr_123	 1	 12	 BambaNugat.bmp	 1.904774e+03	 24	 999000	 240	 999000	 999	 1.905792e+03	 616.67	 550.00	 39.00	 10	 3.76	 
CAr_123	 1	 12	 BagaleShtuhim.bmp	 1.906776e+03	 24	 999000	 240	 999000	 999	 1.907794e+03	 616.67	 550.00	 41.00	 45	 3.33	 
CAr_123	 1	 12	 Tictac.bmp	 1.909780e+03	 24	 999000	 240	 999000	 999	 1.910797e+03	 616.67	 550.00	 58.00	 43	 1.20	 
