subjid runnum itemname onsettime trialtype RT respInTime Ausdiotime response fixationtime ladder1 ladder2 bidindex itemnameIndex
BM2_294 6 Doritosranch.bmp 1.071339e+03 12 999000 120 999000 999 1072.36 6.166667e+02 6.166667e+02 12 13
BM2_294 6 FigNewton_small.bmp 1.074342e+03 24 999000 240 999000 999 1075.36 6.166667e+02 6.166667e+02 58 16
BM2_294 6 Skittles.bmp 1.078330e+03 12 999000 120 999000 999 1079.35 6.166667e+02 6.166667e+02 16 49
BM2_294 6 Oreos.bmp 1.080337e+03 12 999000 120 999000 999 1081.35 6.166667e+02 6.166667e+02 3 40
BM2_294 6 AnimalCrackers.bmp 1.082337e+03 12 999000 120 999000 999 1083.35 6.166667e+02 6.166667e+02 11 4
BM2_294 6 Reeses.bmp 1.086338e+03 12 999000 120 999000 999 1087.36 6.166667e+02 6.166667e+02 20 46
BM2_294 6 Chocolate_mm.bmp 1.088341e+03 24 999000 240 999000 999 1089.36 6.166667e+02 6.166667e+02 41 11
BM2_294 6 BabyRuth.bmp 1.093329e+03 24 999000 240 999000 999 1094.35 6.166667e+02 6.166667e+02 31 5
BM2_294 6 Whatchamacallit.bmp 1.095336e+03 24 999000 240 999000 999 1096.35 6.166667e+02 6.166667e+02 33 60
BM2_294 6 Cupcakes.bmp 1.098336e+03 22 9.240293e+02 220 6.168067e+02 98 1099.35 6.166667e+02 6.333333e+02 43 12
BM2_294 6 Cheetos.bmp 1.101338e+03 12 999000 120 999000 999 1102.36 6.166667e+02 6.333333e+02 4 8
BM2_294 6 100grand_small.bmp 1.105342e+03 24 999000 240 999000 999 1106.36 6.166667e+02 6.333333e+02 57 1
BM2_294 6 Butterfinger.bmp 1.108329e+03 24 999000 240 999000 999 1109.35 6.166667e+02 6.333333e+02 49 6
BM2_294 6 Riprolls.bmp 1.110331e+03 24 999000 240 999000 999 1111.35 6.166667e+02 6.333333e+02 32 47
BM2_294 6 ChipsAhoy_small.bmp 1.113337e+03 11 9.074766e+02 110 6.167919e+02 98 1114.35 6.333333e+02 6.333333e+02 22 10
BM2_294 6 Ghiradelli_milk.bmp 1.117338e+03 12 999000 120 999000 999 1118.36 6.333333e+02 6.333333e+02 6 21
BM2_294 6 Hersheymilk_several.bmp 1.120342e+03 12 999000 120 999000 999 1121.36 6.333333e+02 6.333333e+02 15 26
BM2_294 6 Slimjim.bmp 1.122327e+03 24 999000 240 999000 999 1123.34 6.333333e+02 6.333333e+02 46 50
BM2_294 6 Nutterbutter.bmp 1.124329e+03 24 999000 240 999000 999 1125.35 6.333333e+02 6.333333e+02 59 39
BM2_294 6 PringlesRed.bmp 1.129336e+03 22 9.879064e+02 220 6.334423e+02 98 1130.35 6.333333e+02 6.500000e+02 40 45
BM2_294 6 Almondjoy.bmp 1.133339e+03 22 9.933596e+02 220 6.500966e+02 98 1134.36 6.333333e+02 6.666667e+02 48 3
BM2_294 6 PopTartsStrawberry.bmp 1.137327e+03 24 999000 240 999000 999 1138.34 6.333333e+02 6.666667e+02 34 44
BM2_294 6 Funyuns_small.bmp 1.143337e+03 22 9.716724e+02 220 6.667744e+02 98 1144.35 6.333333e+02 6.833333e+02 51 20
BM2_294 6 Keeblerfudgestripes.bmp 1.145337e+03 12 999000 120 999000 999 1146.35 6.333333e+02 6.833333e+02 8 30
BM2_294 6 Laffytaffyred_one.bmp 1.147337e+03 24 999000 240 999000 999 1148.36 6.333333e+02 6.833333e+02 38 32
BM2_294 6 Twix.bmp 1.149339e+03 12 999000 120 999000 999 1150.36 6.333333e+02 6.833333e+02 26 59
BM2_294 6 SourSkittles.bmp 1.151342e+03 24 999000 240 999000 999 1152.36 6.333333e+02 6.833333e+02 42 53
BM2_294 6 Toberlorone.bmp 1.155329e+03 12 999000 120 999000 999 1156.35 6.333333e+02 6.833333e+02 2 57
BM2_294 6 FrootLoops.bmp 1.157336e+03 12 999000 120 999000 999 1158.35 6.333333e+02 6.833333e+02 30 19
BM2_294 6 FlamingCheetos.bmp 1.161336e+03 11 1.043782e+03 1100 6.334564e+02 98 1162.35 5.833333e+02 6.833333e+02 10 17
BM2_294 6 Cheezits.bmp 1.163338e+03 12 999000 120 999000 999 1164.36 5.833333e+02 6.833333e+02 24 9
BM2_294 6 FamousAmos_small.bmp 1.165340e+03 11 8.563065e+02 110 5.834569e+02 98 1166.36 6.000000e+02 6.833333e+02 21 15
BM2_294 6 Twinkie.bmp 1.167342e+03 12 4.380733e+02 12 999000 98 1168.36 6.000000e+02 6.833333e+02 19 58
BM2_294 6 RitzBitz2.bmp 1.172331e+03 11 9.773247e+02 110 6.001200e+02 98 1173.35 6.166667e+02 6.833333e+02 18 48
BM2_294 6 PopTartsCinnamon.bmp 1.174337e+03 24 999000 240 999000 999 1175.35 6.166667e+02 6.833333e+02 60 43
BM2_294 6 TeddyGrahamschocolate.bmp 1.176337e+03 24 999000 240 999000 999 1177.35 6.166667e+02 6.833333e+02 37 56
BM2_294 6 Laysclassic.bmp 1.179339e+03 12 999000 120 999000 999 1180.36 6.166667e+02 6.833333e+02 1 33
BM2_294 6 3Musketeers.bmp 1.186329e+03 22 9.389354e+02 220 6.834234e+02 98 1187.35 6.166667e+02 7.000000e+02 47 2
BM2_294 6 Dots_one.bmp 1.190336e+03 24 999000 240 999000 999 1191.35 6.166667e+02 7.000000e+02 50 14
BM2_294 6 SnoBall.bmp 1.197341e+03 24 999000 240 999000 999 1198.36 6.166667e+02 7.000000e+02 55 52
BM2_294 6 Snickers.bmp 1.199327e+03 11 9.174831e+02 110 6.167593e+02 98 1200.34 6.333333e+02 7.000000e+02 13 51
BM2_294 6 Fritos.bmp 1.203331e+03 11 9.373166e+02 110 6.334548e+02 98 1204.35 6.500000e+02 7.000000e+02 17 18
BM2_294 6 PeanutMMs.bmp 1.207337e+03 24 999000 240 999000 999 1208.35 6.500000e+02 7.000000e+02 36 42
BM2_294 6 Ghiradelli_milk_Almonds.bmp 1.209337e+03 22 1.066830e+03 2200 7.001123e+02 98 1210.36 6.500000e+02 6.500000e+02 52 22
BM2_294 6 MrGoodbar.bmp 1.213342e+03 24 999000 240 999000 999 1214.36 6.500000e+02 6.500000e+02 35 38
BM2_294 6 Sourpatch.bmp 1.215327e+03 24 999000 240 999000 999 1216.35 6.500000e+02 6.500000e+02 56 54
BM2_294 6 Milkduds.bmp 1.217330e+03 24 999000 240 999000 999 1218.35 6.500000e+02 6.500000e+02 54 36
BM2_294 6 MilkyWay.bmp 1.223337e+03 12 999000 120 999000 999 1224.35 6.500000e+02 6.500000e+02 28 37
BM2_294 6 Streusel.bmp 1.225338e+03 12 999000 120 999000 999 1226.36 6.500000e+02 6.500000e+02 27 55
BM2_294 6 Jollyrancherred.bmp 1.228341e+03 12 999000 120 999000 999 1229.36 6.500000e+02 6.500000e+02 25 29
BM2_294 6 Lollipopred.bmp 1.231328e+03 24 999000 240 999000 999 1232.35 6.500000e+02 6.500000e+02 53 34
BM2_294 6 Hersheykisses.bmp 1.233330e+03 11 9.061827e+02 110 6.501207e+02 98 1234.35 6.666667e+02 6.500000e+02 9 25
BM2_294 6 Granolabar.bmp 1.235337e+03 22 9.953026e+02 220 6.500935e+02 98 1236.35 6.666667e+02 6.666667e+02 39 24
BM2_294 6 Jollyranchergreen.bmp 1.237336e+03 12 999000 120 999000 999 1238.35 6.666667e+02 6.666667e+02 23 28
BM2_294 6 KitKat_small.bmp 1.243341e+03 12 999000 120 999000 999 1244.36 6.666667e+02 6.666667e+02 29 31
BM2_294 6 CheesyDoritos.bmp 1.245326e+03 12 999000 120 999000 999 1246.34 6.666667e+02 6.666667e+02 5 7
BM2_294 6 Goldfish.bmp 1.247328e+03 11 1.043888e+03 1100 6.667714e+02 98 1248.35 6.166667e+02 6.666667e+02 14 23
BM2_294 6 HoHo.bmp 1.249331e+03 22 9.537136e+02 220 6.667772e+02 98 1250.35 6.166667e+02 6.833333e+02 44 27
BM2_294 6 PayDay.bmp 1.252337e+03 24 999000 240 999000 999 1253.35 6.166667e+02 6.833333e+02 45 41
BM2_294 6 Milano.bmp 1.255337e+03 12 999000 120 999000 999 1256.35 6.166667e+02 6.833333e+02 7 35
