subjid runnum itemname onsettime trialtype RT respInTime Ausdiotime response fixationtime ladder1 ladder2 bidindex itemnameIndex
BM2_283 6 Doritosranch.bmp 1.002534e+03 11 9.336492e+02 110 6.834683e+02 98 1003.55 7.000000e+02 7.500000e+02 16 13
BM2_283 6 Cheezits.bmp 1.007523e+03 24 999000 240 999000 999 1008.54 7.000000e+02 7.500000e+02 34 9
BM2_283 6 FigNewton_small.bmp 1.009530e+03 24 999000 240 999000 999 1010.54 7.000000e+02 7.500000e+02 55 16
BM2_283 6 Hersheymilk_several.bmp 1.011530e+03 11 1.025733e+03 1100 7.001173e+02 98 1012.55 6.500000e+02 7.500000e+02 19 26
BM2_283 6 Ghiradelli_milk.bmp 1.017534e+03 12 999000 120 999000 999 1018.55 6.500000e+02 7.500000e+02 5 21
BM2_283 6 FrootLoops.bmp 1.019519e+03 22 9.324839e+02 220 7.501293e+02 98 1020.54 6.500000e+02 7.666667e+02 38 19
BM2_283 6 MrGoodbar.bmp 1.022522e+03 12 999000 120 999000 999 1023.54 6.500000e+02 7.666667e+02 30 38
BM2_283 6 PringlesRed.bmp 1.024529e+03 12 999000 120 999000 999 1025.54 6.500000e+02 7.666667e+02 14 45
BM2_283 6 Milkduds.bmp 1.028530e+03 24 999000 240 999000 999 1029.55 6.500000e+02 7.666667e+02 47 36
BM2_283 6 Nutterbutter.bmp 1.030531e+03 12 999000 120 999000 999 1031.55 6.500000e+02 7.666667e+02 18 39
BM2_283 6 Almondjoy.bmp 1.035520e+03 24 999000 240 999000 999 1036.54 6.500000e+02 7.666667e+02 58 3
BM2_283 6 3Musketeers.bmp 1.042530e+03 22 1.041984e+03 2200 7.667682e+02 98 1043.54 6.500000e+02 7.166667e+02 49 2
BM2_283 6 Laffytaffyred_one.bmp 1.044529e+03 24 1.050446e+03 24 999000 98 1045.55 6.500000e+02 7.166667e+02 39 32
BM2_283 6 Jollyranchergreen.bmp 1.047533e+03 24 999000 240 999000 999 1048.55 6.500000e+02 7.166667e+02 36 28
BM2_283 6 Laysclassic.bmp 1.050519e+03 11 9.405277e+02 110 6.501033e+02 98 1051.54 6.666667e+02 7.166667e+02 12 33
BM2_283 6 Ghiradelli_milk_Almonds.bmp 1.054523e+03 12 999000 120 999000 999 1055.54 6.666667e+02 7.166667e+02 3 22
BM2_283 6 FamousAmos_small.bmp 1.058530e+03 12 999000 120 999000 999 1059.55 6.666667e+02 7.166667e+02 7 15
BM2_283 6 Keeblerfudgestripes.bmp 1.062532e+03 12 999000 120 999000 999 1063.55 6.666667e+02 7.166667e+02 27 30
BM2_283 6 Sourpatch.bmp 1.065535e+03 11 9.484693e+02 110 6.667610e+02 98 1066.55 6.833333e+02 7.166667e+02 15 54
BM2_283 6 Dots_one.bmp 1.071529e+03 24 999000 240 999000 999 1072.54 6.833333e+02 7.166667e+02 57 14
BM2_283 6 KitKat_small.bmp 1.073530e+03 11 8.814398e+02 110 6.834607e+02 98 1074.55 7.000000e+02 7.166667e+02 11 31
BM2_283 6 Snickers.bmp 1.076530e+03 12 999000 120 999000 999 1077.55 7.000000e+02 7.166667e+02 22 51
BM2_283 6 TeddyGrahamschocolate.bmp 1.078533e+03 12 999000 120 999000 999 1079.55 7.000000e+02 7.166667e+02 10 56
BM2_283 6 BabyRuth.bmp 1.080535e+03 12 999000 120 999000 999 1081.55 7.000000e+02 7.166667e+02 21 5
BM2_283 6 Skittles.bmp 1.082520e+03 11 9.074923e+02 110 7.001051e+02 98 1083.54 7.166667e+02 7.166667e+02 20 49
BM2_283 6 Granolabar.bmp 1.085524e+03 11 9.121880e+02 110 7.167876e+02 98 1086.54 7.333333e+02 7.166667e+02 8 24
BM2_283 6 MilkyWay.bmp 1.089530e+03 22 9.540593e+02 220 7.167717e+02 98 1090.55 7.333333e+02 7.333333e+02 50 37
BM2_283 6 Toberlorone.bmp 1.091530e+03 12 999000 120 999000 999 1092.55 7.333333e+02 7.333333e+02 1 57
BM2_283 6 Riprolls.bmp 1.093532e+03 24 999000 240 999000 999 1094.55 7.333333e+02 7.333333e+02 32 47
BM2_283 6 Twix.bmp 1.095534e+03 12 999000 120 999000 999 1096.55 7.333333e+02 7.333333e+02 17 59
BM2_283 6 Funyuns_small.bmp 1.097520e+03 22 9.397182e+02 220 7.334473e+02 98 1098.54 7.333333e+02 7.500000e+02 41 20
BM2_283 6 ChipsAhoy_small.bmp 1.099522e+03 12 999000 120 999000 999 1100.54 7.333333e+02 7.500000e+02 29 10
BM2_283 6 AnimalCrackers.bmp 1.103530e+03 12 999000 120 999000 999 1104.54 7.333333e+02 7.500000e+02 4 4
BM2_283 6 100grand_small.bmp 1.107531e+03 24 999000 240 999000 999 1108.55 7.333333e+02 7.500000e+02 35 1
BM2_283 6 Whatchamacallit.bmp 1.109533e+03 24 999000 240 999000 999 1110.55 7.333333e+02 7.500000e+02 51 60
BM2_283 6 PopTartsCinnamon.bmp 1.111535e+03 24 999000 240 999000 999 1112.55 7.333333e+02 7.500000e+02 56 43
BM2_283 6 Jollyrancherred.bmp 1.113520e+03 24 999000 240 999000 999 1114.54 7.333333e+02 7.500000e+02 37 29
BM2_283 6 CheesyDoritos.bmp 1.115523e+03 12 999000 120 999000 999 1116.54 7.333333e+02 7.500000e+02 24 7
BM2_283 6 Reeses.bmp 1.121530e+03 12 999000 120 999000 999 1122.55 7.333333e+02 7.500000e+02 26 46
BM2_283 6 PopTartsStrawberry.bmp 1.123531e+03 12 999000 120 999000 999 1124.55 7.333333e+02 7.500000e+02 2 44
BM2_283 6 Cheetos.bmp 1.125533e+03 24 999000 240 999000 999 1126.55 7.333333e+02 7.500000e+02 40 8
BM2_283 6 Hersheykisses.bmp 1.127535e+03 24 999000 240 999000 999 1128.55 7.333333e+02 7.500000e+02 52 25
BM2_283 6 Twinkie.bmp 1.130522e+03 24 999000 240 999000 999 1131.54 7.333333e+02 7.500000e+02 60 58
BM2_283 6 SnoBall.bmp 1.132524e+03 22 9.435571e+02 220 7.501241e+02 98 1133.54 7.333333e+02 7.666667e+02 42 52
BM2_283 6 Slimjim.bmp 1.139532e+03 24 999000 240 999000 999 1140.55 7.333333e+02 7.666667e+02 43 50
BM2_283 6 Oreos.bmp 1.141534e+03 12 999000 120 999000 999 1142.55 7.333333e+02 7.666667e+02 13 40
BM2_283 6 Goldfish.bmp 1.145522e+03 12 999000 120 999000 999 1146.54 7.333333e+02 7.666667e+02 25 23
BM2_283 6 PeanutMMs.bmp 1.149530e+03 22 9.620994e+02 220 7.667638e+02 98 1150.54 7.333333e+02 7.833333e+02 46 42
BM2_283 6 HoHo.bmp 1.152530e+03 24 999000 240 999000 999 1153.55 7.333333e+02 7.833333e+02 48 27
BM2_283 6 Chocolate_mm.bmp 1.154531e+03 11 1.048513e+03 1100 7.334396e+02 98 1155.55 6.833333e+02 7.833333e+02 23 11
BM2_283 6 PayDay.bmp 1.158519e+03 24 999000 240 999000 999 1159.54 6.833333e+02 7.833333e+02 31 41
BM2_283 6 Lollipopred.bmp 1.160521e+03 24 999000 240 999000 999 1161.54 6.833333e+02 7.833333e+02 59 34
BM2_283 6 Fritos.bmp 1.163529e+03 22 1.034509e+03 2200 7.834716e+02 98 1164.54 6.833333e+02 7.333333e+02 53 18
BM2_283 6 Streusel.bmp 1.167529e+03 22 9.623420e+02 220 7.334407e+02 98 1168.55 6.833333e+02 7.500000e+02 45 55
BM2_283 6 RitzBitz2.bmp 1.169531e+03 24 999000 240 999000 999 1170.55 6.833333e+02 7.500000e+02 33 48
BM2_283 6 Cupcakes.bmp 1.174520e+03 24 999000 240 999000 999 1175.54 6.833333e+02 7.500000e+02 54 12
BM2_283 6 SourSkittles.bmp 1.176522e+03 12 999000 120 999000 999 1177.54 6.833333e+02 7.500000e+02 28 53
BM2_283 6 FlamingCheetos.bmp 1.180530e+03 12 999000 120 999000 999 1181.54 6.833333e+02 7.500000e+02 6 17
BM2_283 6 Milano.bmp 1.183530e+03 12 999000 120 999000 999 1184.55 6.833333e+02 7.500000e+02 9 35
BM2_283 6 Butterfinger.bmp 1.186533e+03 24 999000 240 999000 999 1187.55 6.833333e+02 7.500000e+02 44 6
