subjid runnum itemname onsettime trialtype RT respInTime Ausdiotime response fixationtime ladder1 ladder2 bidindex itemnameIndex
BM2_284 14 RitzBitz2.bmp 2.901019e+03 12 999000 120 999000 999 2902.04 8.166667e+02 7.500000e+02 1 48
BM2_284 14 Whatchamacallit.bmp 2.906010e+03 12 999000 120 999000 999 2907.03 8.166667e+02 7.500000e+02 23 60
BM2_284 14 Granolabar.bmp 2.908010e+03 12 999000 120 999000 999 2909.03 8.166667e+02 7.500000e+02 8 24
BM2_284 14 Toberlorone.bmp 2.910012e+03 22 7.518036e+02 220 7.501208e+02 98 2911.03 8.166667e+02 7.666667e+02 48 57
BM2_284 14 PeanutMMs.bmp 2.916002e+03 12 999000 120 999000 999 2917.02 8.166667e+02 7.666667e+02 7 42
BM2_284 14 PringlesRed.bmp 2.918009e+03 11 1.010816e+03 1100 8.168010e+02 98 2919.02 7.666667e+02 7.666667e+02 13 45
BM2_284 14 Sourpatch.bmp 2.921009e+03 22 8.506881e+02 220 7.667858e+02 98 2922.03 7.666667e+02 7.833333e+02 39 54
BM2_284 14 Hersheykisses.bmp 2.923010e+03 24 999000 240 999000 999 2924.03 7.666667e+02 7.833333e+02 58 25
BM2_284 14 PopTartsStrawberry.bmp 2.927014e+03 11 9.661637e+02 110 7.667797e+02 98 2928.03 7.833333e+02 7.833333e+02 14 44
BM2_284 14 Chocolate_mm.bmp 2.929000e+03 22 9.484629e+02 220 7.834534e+02 98 2930.02 7.833333e+02 8.000000e+02 44 11
BM2_284 14 Hersheymilk_several.bmp 2.934010e+03 22 9.303837e+02 220 8.001247e+02 98 2935.02 7.833333e+02 8.166667e+02 47 26
BM2_284 14 Cheetos.bmp 2.941012e+03 12 999000 120 999000 999 2942.03 7.833333e+02 8.166667e+02 4 8
BM2_284 14 Goldfish.bmp 2.943015e+03 11 6.934684e+02 11 7.834341e+02 98 2944.03 8.000000e+02 8.166667e+02 9 23
BM2_284 14 Keeblerfudgestripes.bmp 2.946001e+03 24 999000 240 999000 999 2947.02 8.000000e+02 8.166667e+02 36 30
BM2_284 14 Doritosranch.bmp 2.949009e+03 11 7.867904e+02 11 8.001030e+02 98 2950.02 8.166667e+02 8.166667e+02 21 13
BM2_284 14 Jollyrancherred.bmp 2.953009e+03 24 999000 240 999000 999 2954.03 8.166667e+02 8.166667e+02 56 29
BM2_284 14 Lollipopred.bmp 2.957013e+03 24 999000 240 999000 999 2958.03 8.166667e+02 8.166667e+02 49 34
BM2_284 14 FlamingCheetos.bmp 2.961001e+03 12 999000 120 999000 999 2962.02 8.166667e+02 8.166667e+02 2 17
BM2_284 14 TeddyGrahamschocolate.bmp 2.964004e+03 12 999000 120 999000 999 2965.02 8.166667e+02 8.166667e+02 30 56
BM2_284 14 SnoBall.bmp 2.970010e+03 24 999000 240 999000 999 2971.03 8.166667e+02 8.166667e+02 34 52
BM2_284 14 Laysclassic.bmp 2.972012e+03 11 1.015643e+03 1100 8.167943e+02 98 2973.03 7.666667e+02 8.166667e+02 17 33
BM2_284 14 Skittles.bmp 2.974999e+03 22 9.810100e+02 220 8.167885e+02 98 2976.02 7.666667e+02 8.333333e+02 52 49
BM2_284 14 Jollyranchergreen.bmp 2.977001e+03 24 999000 240 999000 999 2978.02 7.666667e+02 8.333333e+02 57 28
BM2_284 14 BabyRuth.bmp 2.979003e+03 24 999000 240 999000 999 2980.02 7.666667e+02 8.333333e+02 32 5
BM2_284 14 Milano.bmp 2.981009e+03 12 999000 120 999000 999 2982.02 7.666667e+02 8.333333e+02 3 35
BM2_284 14 CheesyDoritos.bmp 2.984010e+03 12 999000 120 999000 999 2985.03 7.666667e+02 8.333333e+02 24 7
BM2_284 14 ChipsAhoy_small.bmp 2.988013e+03 24 999000 240 999000 999 2989.03 7.666667e+02 8.333333e+02 33 10
BM2_284 14 Twinkie.bmp 2.990015e+03 12 999000 120 999000 999 2991.03 7.666667e+02 8.333333e+02 26 58
BM2_284 14 Nutterbutter.bmp 2.992001e+03 11 9.631853e+02 110 7.667628e+02 98 2993.02 7.833333e+02 8.333333e+02 22 39
BM2_284 14 Riprolls.bmp 2.994003e+03 24 999000 240 999000 999 2995.02 7.833333e+02 8.333333e+02 38 47
BM2_284 14 Twix.bmp 2.996010e+03 12 999000 120 999000 999 2997.02 7.833333e+02 8.333333e+02 5 59
BM2_284 14 Ghiradelli_milk_Almonds.bmp 2.998009e+03 24 999000 240 999000 999 2999.02 7.833333e+02 8.333333e+02 50 22
BM2_284 14 Snickers.bmp 3.002011e+03 12 999000 120 999000 999 3003.03 7.833333e+02 8.333333e+02 25 51
BM2_284 14 Fritos.bmp 3.005999e+03 12 999000 120 999000 999 3007.02 7.833333e+02 8.333333e+02 12 18
BM2_284 14 PayDay.bmp 3.008001e+03 12 999000 120 999000 999 3009.02 7.833333e+02 8.333333e+02 15 41
BM2_284 14 SourSkittles.bmp 3.010003e+03 24 999000 240 999000 999 3011.02 7.833333e+02 8.333333e+02 53 53
BM2_284 14 Cupcakes.bmp 3.012010e+03 24 999000 240 999000 999 3013.02 7.833333e+02 8.333333e+02 35 12
BM2_284 14 PopTartsCinnamon.bmp 3.014010e+03 11 9.464678e+02 110 7.834684e+02 98 3015.03 8.000000e+02 8.333333e+02 10 43
BM2_284 14 Laffytaffyred_one.bmp 3.020014e+03 24 999000 240 999000 999 3021.03 8.000000e+02 8.333333e+02 54 32
BM2_284 14 HoHo.bmp 3.022000e+03 12 999000 120 999000 999 3023.02 8.000000e+02 8.333333e+02 27 27
BM2_284 14 Oreos.bmp 3.024002e+03 12 999000 120 999000 999 3025.02 8.000000e+02 8.333333e+02 19 40
BM2_284 14 Slimjim.bmp 3.026004e+03 24 999000 240 999000 999 3027.02 8.000000e+02 8.333333e+02 60 50
BM2_284 14 3Musketeers.bmp 3.029009e+03 24 999000 240 999000 999 3030.02 8.000000e+02 8.333333e+02 55 2
BM2_284 14 FigNewton_small.bmp 3.031010e+03 12 999000 120 999000 999 3032.03 8.000000e+02 8.333333e+02 20 16
BM2_284 14 Milkduds.bmp 3.038000e+03 24 999000 240 999000 999 3039.02 8.000000e+02 8.333333e+02 46 36
BM2_284 14 Dots_one.bmp 3.040002e+03 24 999000 240 999000 999 3041.02 8.000000e+02 8.333333e+02 59 14
BM2_284 14 KitKat_small.bmp 3.044009e+03 12 999000 120 999000 999 3045.02 8.000000e+02 8.333333e+02 6 31
BM2_284 14 100grand_small.bmp 3.048011e+03 24 999000 240 999000 999 3049.03 8.000000e+02 8.333333e+02 42 1
BM2_284 14 FrootLoops.bmp 3.051014e+03 22 8.936652e+02 220 8.334472e+02 98 3052.03 8.000000e+02 8.500000e+02 40 19
BM2_284 14 Ghiradelli_milk.bmp 3.053000e+03 22 1.028090e+03 2200 8.500947e+02 98 3054.02 8.000000e+02 8.000000e+02 51 21
BM2_284 14 FamousAmos_small.bmp 3.057004e+03 12 999000 120 999000 999 3058.02 8.000000e+02 8.000000e+02 29 15
BM2_284 14 Butterfinger.bmp 3.059009e+03 24 999000 240 999000 999 3060.02 8.000000e+02 8.000000e+02 41 6
BM2_284 14 Streusel.bmp 3.062010e+03 12 999000 120 999000 999 3063.03 8.000000e+02 8.000000e+02 28 55
BM2_284 14 Almondjoy.bmp 3.066014e+03 11 9.981897e+02 110 8.001325e+02 98 3067.03 8.166667e+02 8.000000e+02 18 3
BM2_284 14 MrGoodbar.bmp 3.067999e+03 24 999000 240 999000 999 3069.02 8.166667e+02 8.000000e+02 45 38
BM2_284 14 Cheezits.bmp 3.073009e+03 12 999000 120 999000 999 3074.02 8.166667e+02 8.000000e+02 11 9
BM2_284 14 Reeses.bmp 3.075010e+03 12 999000 120 999000 999 3076.02 8.166667e+02 8.000000e+02 16 46
BM2_284 14 Funyuns_small.bmp 3.079011e+03 22 9.448548e+02 220 8.001420e+02 98 3080.03 8.166667e+02 8.166667e+02 43 20
BM2_284 14 AnimalCrackers.bmp 3.082014e+03 24 999000 240 999000 999 3083.03 8.166667e+02 8.166667e+02 31 4
BM2_284 14 MilkyWay.bmp 3.085001e+03 24 999000 240 999000 999 3086.02 8.166667e+02 8.166667e+02 37 37
