subjid runnum itemname onsettime trialtype RT respInTime Ausdiotime response fixationtime ladder1 ladder2 bidindex itemnameIndex
BM2_290 13 Sourpatch.bmp 2.271612e+03 12 999000 120 999000 999 2272.62 8.166667e+02 7.500000e+02 4 54
BM2_290 13 Milkduds.bmp 2.273609e+03 24 999000 240 999000 999 2274.63 8.166667e+02 7.500000e+02 57 36
BM2_290 13 MrGoodbar.bmp 2.277596e+03 12 999000 120 999000 999 2278.61 8.166667e+02 7.500000e+02 12 38
BM2_290 13 Skittles.bmp 2.280605e+03 12 999000 120 999000 999 2281.62 8.166667e+02 7.500000e+02 26 49
BM2_290 13 Funyuns_small.bmp 2.282605e+03 12 999000 120 999000 999 2283.62 8.166667e+02 7.500000e+02 24 20
BM2_290 13 Milano.bmp 2.285605e+03 12 999000 120 999000 999 2286.62 8.166667e+02 7.500000e+02 16 35
BM2_290 13 FigNewton_small.bmp 2.289609e+03 22 1.001887e+03 2200 7.501221e+02 98 2290.63 8.166667e+02 7.000000e+02 52 16
BM2_290 13 SourSkittles.bmp 2.293597e+03 11 1.110272e+03 1100 8.167876e+02 98 2294.61 7.666667e+02 7.000000e+02 17 53
BM2_290 13 PayDay.bmp 2.295599e+03 22 9.240591e+02 220 7.001143e+02 98 2296.62 7.666667e+02 7.166667e+02 43 41
BM2_290 13 Nutterbutter.bmp 2.300605e+03 12 999000 120 999000 999 2301.62 7.666667e+02 7.166667e+02 25 39
BM2_290 13 Hersheymilk_several.bmp 2.302607e+03 12 999000 120 999000 999 2303.62 7.666667e+02 7.166667e+02 6 26
BM2_290 13 Laysclassic.bmp 2.304609e+03 24 999000 240 999000 999 2305.63 7.666667e+02 7.166667e+02 50 33
BM2_290 13 Toberlorone.bmp 2.310599e+03 11 9.403651e+02 110 7.667745e+02 98 2311.62 7.833333e+02 7.166667e+02 22 57
BM2_290 13 Ghiradelli_milk.bmp 2.312605e+03 11 9.905100e+02 110 7.834503e+02 98 2313.62 8.000000e+02 7.166667e+02 10 21
BM2_290 13 Chocolate_mm.bmp 2.314605e+03 24 999000 240 999000 999 2315.62 8.000000e+02 7.166667e+02 42 11
BM2_290 13 Ghiradelli_milk_Almonds.bmp 2.316605e+03 24 999000 240 999000 999 2317.62 8.000000e+02 7.166667e+02 31 22
BM2_290 13 MilkyWay.bmp 2.320610e+03 22 9.217156e+02 220 7.167892e+02 98 2321.63 8.000000e+02 7.333333e+02 51 37
BM2_290 13 Cheezits.bmp 2.324597e+03 22 9.180952e+02 220 7.334581e+02 98 2325.61 8.000000e+02 7.500000e+02 40 9
BM2_290 13 PopTartsStrawberry.bmp 2.327604e+03 22 9.911069e+02 220 7.501023e+02 98 2328.62 8.000000e+02 7.666667e+02 47 44
BM2_290 13 PringlesRed.bmp 2.331605e+03 12 999000 120 999000 999 2332.62 8.000000e+02 7.666667e+02 19 45
BM2_290 13 TeddyGrahamschocolate.bmp 2.334608e+03 24 999000 240 999000 999 2335.63 8.000000e+02 7.666667e+02 35 56
BM2_290 13 RitzBitz2.bmp 2.336610e+03 22 9.772151e+02 220 7.667886e+02 98 2337.63 8.000000e+02 7.833333e+02 44 48
BM2_290 13 Oreos.bmp 2.340598e+03 24 999000 240 999000 999 2341.62 8.000000e+02 7.833333e+02 36 40
BM2_290 13 Goldfish.bmp 2.342605e+03 24 999000 240 999000 999 2343.62 8.000000e+02 7.833333e+02 32 23
BM2_290 13 KitKat_small.bmp 2.344605e+03 12 999000 120 999000 999 2345.62 8.000000e+02 7.833333e+02 7 31
BM2_290 13 Twix.bmp 2.348606e+03 12 999000 120 999000 999 2349.62 8.000000e+02 7.833333e+02 27 59
BM2_290 13 PeanutMMs.bmp 2.350609e+03 11 1.002715e+03 1100 8.000961e+02 98 2351.63 7.500000e+02 7.833333e+02 13 42
BM2_290 13 FrootLoops.bmp 2.354596e+03 12 999000 120 999000 999 2355.61 7.500000e+02 7.833333e+02 28 19
BM2_290 13 Jollyrancherred.bmp 2.358604e+03 12 999000 120 999000 999 2359.62 7.500000e+02 7.833333e+02 8 29
BM2_290 13 Twinkie.bmp 2.361605e+03 12 999000 120 999000 999 2362.62 7.500000e+02 7.833333e+02 11 58
BM2_290 13 Cheetos.bmp 2.367610e+03 22 1.009169e+03 2200 7.834637e+02 98 2368.63 7.500000e+02 7.333333e+02 39 8
BM2_290 13 FamousAmos_small.bmp 2.369596e+03 11 9.994719e+02 110 7.501059e+02 98 2370.61 7.666667e+02 7.333333e+02 14 15
BM2_290 13 BabyRuth.bmp 2.373605e+03 24 999000 240 999000 999 2374.62 7.666667e+02 7.333333e+02 54 5
BM2_290 13 Jollyranchergreen.bmp 2.375605e+03 12 999000 120 999000 999 2376.62 7.666667e+02 7.333333e+02 2 28
BM2_290 13 FlamingCheetos.bmp 2.377604e+03 11 1.039013e+03 1100 7.667802e+02 98 2378.62 7.166667e+02 7.333333e+02 18 17
BM2_290 13 Cupcakes.bmp 2.379607e+03 24 999000 240 999000 999 2380.62 7.166667e+02 7.333333e+02 55 12
BM2_290 13 Riprolls.bmp 2.384595e+03 11 9.438080e+02 110 7.167926e+02 98 2385.61 7.333333e+02 7.333333e+02 9 47
BM2_290 13 Butterfinger.bmp 2.386598e+03 12 999000 120 999000 999 2387.62 7.333333e+02 7.333333e+02 29 6
BM2_290 13 SnoBall.bmp 2.388604e+03 24 999000 240 999000 999 2389.62 7.333333e+02 7.333333e+02 53 52
BM2_290 13 ChipsAhoy_small.bmp 2.391605e+03 12 999000 120 999000 999 2392.62 7.333333e+02 7.333333e+02 5 10
BM2_290 13 HoHo.bmp 2.394606e+03 24 999000 240 999000 999 2395.62 7.333333e+02 7.333333e+02 33 27
BM2_290 13 Almondjoy.bmp 2.398610e+03 24 999000 240 999000 999 2399.63 7.333333e+02 7.333333e+02 56 3
BM2_290 13 Slimjim.bmp 2.400596e+03 24 999000 240 999000 999 2401.61 7.333333e+02 7.333333e+02 41 50
BM2_290 13 Granolabar.bmp 2.402598e+03 12 999000 120 999000 999 2403.62 7.333333e+02 7.333333e+02 15 24
BM2_290 13 Whatchamacallit.bmp 2.405605e+03 12 999000 120 999000 999 2406.62 7.333333e+02 7.333333e+02 23 60
BM2_290 13 Doritosranch.bmp 2.408604e+03 24 999000 240 999000 999 2409.62 7.333333e+02 7.333333e+02 37 13
BM2_290 13 Fritos.bmp 2.410607e+03 24 999000 240 999000 999 2411.62 7.333333e+02 7.333333e+02 46 18
BM2_290 13 Reeses.bmp 2.412609e+03 12 999000 120 999000 999 2413.63 7.333333e+02 7.333333e+02 20 46
BM2_290 13 Hersheykisses.bmp 2.414594e+03 11 9.288722e+02 110 7.334445e+02 98 2415.61 7.500000e+02 7.333333e+02 21 25
BM2_290 13 AnimalCrackers.bmp 2.419604e+03 22 9.188708e+02 220 7.334761e+02 98 2420.62 7.500000e+02 7.500000e+02 48 4
BM2_290 13 Dots_one.bmp 2.421605e+03 12 999000 120 999000 999 2422.62 7.500000e+02 7.500000e+02 30 14
BM2_290 13 PopTartsCinnamon.bmp 2.423605e+03 24 999000 240 999000 999 2424.62 7.500000e+02 7.500000e+02 60 43
BM2_290 13 3Musketeers.bmp 2.425606e+03 24 999000 240 999000 999 2426.62 7.500000e+02 7.500000e+02 45 2
BM2_290 13 Lollipopred.bmp 2.432597e+03 24 999000 240 999000 999 2433.61 7.500000e+02 7.500000e+02 59 34
BM2_290 13 Keeblerfudgestripes.bmp 2.434599e+03 24 999000 240 999000 999 2435.62 7.500000e+02 7.500000e+02 38 30
BM2_290 13 100grand_small.bmp 2.441607e+03 24 999000 240 999000 999 2442.62 7.500000e+02 7.500000e+02 34 1
BM2_290 13 CheesyDoritos.bmp 2.444610e+03 24 999000 240 999000 999 2445.63 7.500000e+02 7.500000e+02 49 7
BM2_290 13 Snickers.bmp 2.447597e+03 12 999000 120 999000 999 2448.61 7.500000e+02 7.500000e+02 3 51
BM2_290 13 Laffytaffyred_one.bmp 2.453605e+03 24 999000 240 999000 999 2454.62 7.500000e+02 7.500000e+02 58 32
BM2_290 13 Streusel.bmp 2.455605e+03 12 999000 120 999000 999 2456.62 7.500000e+02 7.500000e+02 1 55
