subjid runnum itemname onsettime trialtype RT respInTime Ausdiotime response fixationtime ladder1 ladder2 bidindex itemnameIndex
BM2_285 9 FrootLoops.bmp 1.625688e+03 24 999000 240 999000 999 1626.69 7.500000e+02 8.166667e+02 39 19
BM2_285 9 Fritos.bmp 1.627694e+03 22 1.150322e+03 2200 8.167708e+02 98 1628.71 7.500000e+02 7.666667e+02 45 18
BM2_285 9 Cheezits.bmp 1.631689e+03 12 999000 120 999000 999 1632.71 7.500000e+02 7.666667e+02 4 9
BM2_285 9 Reeses.bmp 1.634681e+03 12 999000 120 999000 999 1635.70 7.500000e+02 7.666667e+02 9 46
BM2_285 9 Goldfish.bmp 1.636688e+03 11 7.244907e+02 11 7.501084e+02 98 1637.71 7.666667e+02 7.666667e+02 8 23
BM2_285 9 Hersheymilk_several.bmp 1.639680e+03 22 9.245370e+02 220 7.667464e+02 98 1640.70 7.666667e+02 7.833333e+02 46 26
BM2_285 9 Snickers.bmp 1.643692e+03 24 999000 240 999000 999 1644.71 7.666667e+02 7.833333e+02 31 51
BM2_285 9 Riprolls.bmp 1.647687e+03 24 999000 240 999000 999 1648.71 7.666667e+02 7.833333e+02 43 47
BM2_285 9 PayDay.bmp 1.649693e+03 24 999000 240 999000 999 1650.71 7.666667e+02 7.833333e+02 33 41
BM2_285 9 MilkyWay.bmp 1.654691e+03 24 999000 240 999000 999 1655.71 7.666667e+02 7.833333e+02 32 37
BM2_285 9 Milano.bmp 1.656680e+03 12 999000 120 999000 999 1657.70 7.666667e+02 7.833333e+02 18 35
BM2_285 9 PeanutMMs.bmp 1.658686e+03 12 5.415967e+02 12 999000 98 1659.71 7.666667e+02 7.833333e+02 17 42
BM2_285 9 PopTartsStrawberry.bmp 1.664688e+03 11 9.163818e+02 110 7.667424e+02 98 1665.71 7.833333e+02 7.833333e+02 19 44
BM2_285 9 PopTartsCinnamon.bmp 1.666694e+03 12 999000 120 999000 999 1667.71 7.833333e+02 7.833333e+02 30 43
BM2_285 9 Doritosranch.bmp 1.668683e+03 12 999000 120 999000 999 1669.70 7.833333e+02 7.833333e+02 7 13
BM2_285 9 FlamingCheetos.bmp 1.670689e+03 12 999000 120 999000 999 1671.71 7.833333e+02 7.833333e+02 10 17
BM2_285 9 Sourpatch.bmp 1.674684e+03 24 999000 240 999000 999 1675.70 7.833333e+02 7.833333e+02 34 54
BM2_285 9 Laysclassic.bmp 1.678679e+03 24 999000 240 999000 999 1679.70 7.833333e+02 7.833333e+02 40 33
BM2_285 9 Toberlorone.bmp 1.681688e+03 12 999000 120 999000 999 1682.71 7.833333e+02 7.833333e+02 5 57
BM2_285 9 Slimjim.bmp 1.685683e+03 12 999000 120 999000 999 1686.70 7.833333e+02 7.833333e+02 28 50
BM2_285 9 FamousAmos_small.bmp 1.688693e+03 12 999000 120 999000 999 1689.71 7.833333e+02 7.833333e+02 24 15
BM2_285 9 PringlesRed.bmp 1.690682e+03 24 999000 240 999000 999 1691.70 7.833333e+02 7.833333e+02 36 45
BM2_285 9 Milkduds.bmp 1.694694e+03 11 9.661650e+02 110 7.834083e+02 98 1695.71 8.000000e+02 7.833333e+02 15 36
BM2_285 9 Granolabar.bmp 1.696683e+03 12 999000 120 999000 999 1697.70 8.000000e+02 7.833333e+02 6 24
BM2_285 9 ChipsAhoy_small.bmp 1.698689e+03 12 999000 120 999000 999 1699.71 8.000000e+02 7.833333e+02 22 10
BM2_285 9 Funyuns_small.bmp 1.702685e+03 11 9.747313e+02 110 8.001060e+02 98 1703.70 8.166667e+02 7.833333e+02 23 20
BM2_285 9 Twix.bmp 1.704690e+03 24 999000 240 999000 999 1705.71 8.166667e+02 7.833333e+02 35 59
BM2_285 9 MrGoodbar.bmp 1.708686e+03 12 999000 120 999000 999 1709.71 8.166667e+02 7.833333e+02 29 38
BM2_285 9 AnimalCrackers.bmp 1.712681e+03 24 999000 240 999000 999 1713.70 8.166667e+02 7.833333e+02 59 4
BM2_285 9 Whatchamacallit.bmp 1.715690e+03 24 999000 240 999000 999 1716.71 8.166667e+02 7.833333e+02 56 60
BM2_285 9 Ghiradelli_milk.bmp 1.721691e+03 11 4.809752e+02 11 8.167564e+02 98 1722.71 8.333333e+02 7.833333e+02 12 21
BM2_285 9 Almondjoy.bmp 1.723680e+03 24 999000 240 999000 999 1724.70 8.333333e+02 7.833333e+02 60 3
BM2_285 9 Jollyrancherred.bmp 1.727692e+03 24 999000 240 999000 999 1728.71 8.333333e+02 7.833333e+02 55 29
BM2_285 9 KitKat_small.bmp 1.729681e+03 24 999000 240 999000 999 1730.70 8.333333e+02 7.833333e+02 57 31
BM2_285 9 BabyRuth.bmp 1.731687e+03 22 9.645940e+02 220 7.834240e+02 98 1732.71 8.333333e+02 8.000000e+02 41 5
BM2_285 9 Nutterbutter.bmp 1.733694e+03 12 999000 120 999000 999 1734.71 8.333333e+02 8.000000e+02 2 39
BM2_285 9 SourSkittles.bmp 1.738692e+03 24 999000 240 999000 999 1739.71 8.333333e+02 8.000000e+02 37 53
BM2_285 9 RitzBitz2.bmp 1.740681e+03 22 7.953781e+02 22 8.000681e+02 98 1741.70 8.333333e+02 8.166667e+02 38 48
BM2_285 9 Keeblerfudgestripes.bmp 1.742687e+03 22 1.029002e+03 2200 8.167422e+02 98 1743.71 8.333333e+02 7.666667e+02 42 30
BM2_285 9 Streusel.bmp 1.745679e+03 12 999000 120 999000 999 1746.70 8.333333e+02 7.666667e+02 21 55
BM2_285 9 3Musketeers.bmp 1.748688e+03 11 1.139894e+03 1100 8.334045e+02 98 1749.71 7.833333e+02 7.666667e+02 20 2
BM2_285 9 TeddyGrahamschocolate.bmp 1.752683e+03 12 999000 120 999000 999 1753.70 7.833333e+02 7.666667e+02 14 56
BM2_285 9 CheesyDoritos.bmp 1.754689e+03 12 999000 120 999000 999 1755.71 7.833333e+02 7.666667e+02 1 7
BM2_285 9 Cheetos.bmp 1.756678e+03 12 999000 120 999000 999 1757.70 7.833333e+02 7.666667e+02 13 8
BM2_285 9 HoHo.bmp 1.759688e+03 24 999000 240 999000 999 1760.71 7.833333e+02 7.666667e+02 47 27
BM2_285 9 Dots_one.bmp 1.762680e+03 22 9.804152e+02 220 7.667359e+02 98 1763.70 7.833333e+02 7.833333e+02 50 14
BM2_285 9 Lollipopred.bmp 1.764686e+03 24 999000 240 999000 999 1765.71 7.833333e+02 7.833333e+02 54 34
BM2_285 9 Jollyranchergreen.bmp 1.766692e+03 24 999000 240 999000 999 1767.71 7.833333e+02 7.833333e+02 44 28
BM2_285 9 Hersheykisses.bmp 1.768681e+03 22 6.671160e+02 22 7.834029e+02 98 1769.70 7.833333e+02 8.000000e+02 53 25
BM2_285 9 FigNewton_small.bmp 1.773679e+03 12 999000 120 999000 999 1774.70 7.833333e+02 8.000000e+02 3 16
BM2_285 9 100grand_small.bmp 1.775686e+03 24 999000 240 999000 999 1776.71 7.833333e+02 8.000000e+02 51 1
BM2_285 9 Chocolate_mm.bmp 1.777691e+03 22 1.000723e+03 2200 8.000754e+02 98 1778.71 7.833333e+02 7.500000e+02 49 11
BM2_285 9 Skittles.bmp 1.779680e+03 11 1.027615e+03 1100 7.834178e+02 98 1780.70 7.333333e+02 7.500000e+02 16 49
BM2_285 9 Twinkie.bmp 1.786685e+03 12 999000 120 999000 999 1787.70 7.333333e+02 7.500000e+02 26 58
BM2_285 9 SnoBall.bmp 1.788691e+03 24 999000 240 999000 999 1789.71 7.333333e+02 7.500000e+02 58 52
BM2_285 9 Oreos.bmp 1.795678e+03 12 999000 120 999000 999 1796.70 7.333333e+02 7.500000e+02 27 40
BM2_285 9 Laffytaffyred_one.bmp 1.798687e+03 24 999000 240 999000 999 1799.71 7.333333e+02 7.500000e+02 48 32
BM2_285 9 Butterfinger.bmp 1.801679e+03 12 999000 120 999000 999 1802.70 7.333333e+02 7.500000e+02 25 6
BM2_285 9 Cupcakes.bmp 1.807680e+03 24 999000 240 999000 999 1808.70 7.333333e+02 7.500000e+02 52 12
BM2_285 9 Ghiradelli_milk_Almonds.bmp 1.809687e+03 11 6.292529e+02 11 7.334197e+02 98 1810.71 7.500000e+02 7.500000e+02 11 22
