subjid runnum itemname onsettime trialtype RT respInTime Ausdiotime response fixationtime ladder1 ladder2 bidindex itemnameIndex
BM2_296 11 MrGoodbar.bmp 2.017137e+03 11 9.307812e+02 110 7.501404e+02 98 2018.15 7.666667e+02 7.500000e+02 14 38
BM2_296 11 Twinkie.bmp 2.020123e+03 24 999000 240 999000 999 2021.14 7.666667e+02 7.500000e+02 53 58
BM2_296 11 Goldfish.bmp 2.024132e+03 11 1.063309e+03 1100 7.668015e+02 98 2025.15 7.166667e+02 7.500000e+02 21 23
BM2_296 11 Butterfinger.bmp 2.026132e+03 24 999000 240 999000 999 2027.15 7.166667e+02 7.500000e+02 31 6
BM2_296 11 Slimjim.bmp 2.028132e+03 12 999000 120 999000 999 2029.15 7.166667e+02 7.500000e+02 6 50
BM2_296 11 Funyuns_small.bmp 2.032136e+03 12 999000 120 999000 999 2033.15 7.166667e+02 7.500000e+02 26 20
BM2_296 11 Keeblerfudgestripes.bmp 2.034138e+03 22 1.001255e+03 2200 7.501506e+02 98 2035.16 7.166667e+02 7.000000e+02 47 30
BM2_296 11 Fritos.bmp 2.039127e+03 24 999000 240 999000 999 2040.14 7.166667e+02 7.000000e+02 41 18
BM2_296 11 MilkyWay.bmp 2.041132e+03 11 9.914959e+02 110 7.167610e+02 98 2042.15 7.333333e+02 7.000000e+02 17 37
BM2_296 11 Milkduds.bmp 2.044132e+03 24 999000 240 999000 999 2045.15 7.333333e+02 7.000000e+02 37 36
BM2_296 11 Snickers.bmp 2.047135e+03 11 9.319441e+02 110 7.334587e+02 98 2048.15 7.500000e+02 7.000000e+02 9 51
BM2_296 11 100grand_small.bmp 2.051123e+03 12 999000 120 999000 999 2052.14 7.500000e+02 7.000000e+02 20 1
BM2_296 11 Streusel.bmp 2.054126e+03 11 9.410458e+02 110 7.501272e+02 98 2055.14 7.666667e+02 7.000000e+02 13 55
BM2_296 11 Ghiradelli_milk_Almonds.bmp 2.056132e+03 12 999000 120 999000 999 2057.15 7.666667e+02 7.000000e+02 12 22
BM2_296 11 FlamingCheetos.bmp 2.059133e+03 22 9.186808e+02 220 7.001177e+02 98 2060.15 7.666667e+02 7.166667e+02 51 17
BM2_296 11 Jollyranchergreen.bmp 2.063136e+03 24 999000 240 999000 999 2064.15 7.666667e+02 7.166667e+02 56 28
BM2_296 11 SnoBall.bmp 2.066123e+03 12 999000 120 999000 999 2067.14 7.666667e+02 7.166667e+02 29 52
BM2_296 11 Jollyrancherred.bmp 2.068125e+03 24 999000 240 999000 999 2069.14 7.666667e+02 7.166667e+02 59 29
BM2_296 11 Cheetos.bmp 2.070132e+03 24 999000 240 999000 999 2071.14 7.666667e+02 7.166667e+02 38 8
BM2_296 11 Nutterbutter.bmp 2.075132e+03 12 999000 120 999000 999 2076.15 7.666667e+02 7.166667e+02 8 39
BM2_296 11 Almondjoy.bmp 2.079137e+03 22 9.867227e+02 220 7.167617e+02 98 2080.15 7.666667e+02 7.333333e+02 39 3
BM2_296 11 TeddyGrahamschocolate.bmp 2.083124e+03 24 999000 240 999000 999 2084.14 7.666667e+02 7.333333e+02 45 56
BM2_296 11 Doritosranch.bmp 2.089132e+03 12 999000 120 999000 999 2090.15 7.666667e+02 7.333333e+02 5 13
BM2_296 11 Cupcakes.bmp 2.091133e+03 24 999000 240 999000 999 2092.15 7.666667e+02 7.333333e+02 54 12
BM2_296 11 Riprolls.bmp 2.093135e+03 22 9.803789e+02 220 7.334679e+02 98 2094.15 7.666667e+02 7.500000e+02 40 47
BM2_296 11 RitzBitz2.bmp 2.095137e+03 12 999000 120 999000 999 2096.15 7.666667e+02 7.500000e+02 4 48
BM2_296 11 Hersheykisses.bmp 2.097123e+03 24 999000 240 999000 999 2098.14 7.666667e+02 7.500000e+02 50 25
BM2_296 11 PopTartsCinnamon.bmp 2.101127e+03 24 999000 240 999000 999 2102.14 7.666667e+02 7.500000e+02 49 43
BM2_296 11 Twix.bmp 2.103132e+03 12 999000 120 999000 999 2104.15 7.666667e+02 7.500000e+02 15 59
BM2_296 11 KitKat_small.bmp 2.107133e+03 11 1.013901e+03 1100 7.667637e+02 98 2108.15 7.166667e+02 7.500000e+02 22 31
BM2_296 11 FamousAmos_small.bmp 2.109136e+03 12 999000 120 999000 999 2110.15 7.166667e+02 7.500000e+02 23 15
BM2_296 11 PringlesRed.bmp 2.111138e+03 11 9.135964e+02 110 7.167915e+02 98 2112.16 7.333333e+02 7.500000e+02 10 45
BM2_296 11 Granolabar.bmp 2.113123e+03 12 999000 120 999000 999 2114.14 7.333333e+02 7.500000e+02 25 24
BM2_296 11 Oreos.bmp 2.118132e+03 12 999000 120 999000 999 2119.15 7.333333e+02 7.500000e+02 16 40
BM2_296 11 CheesyDoritos.bmp 2.120133e+03 12 999000 120 999000 999 2121.15 7.333333e+02 7.500000e+02 28 7
BM2_296 11 Reeses.bmp 2.122133e+03 24 999000 240 999000 999 2123.15 7.333333e+02 7.500000e+02 35 46
BM2_296 11 FigNewton_small.bmp 2.125136e+03 22 9.950064e+02 220 7.500920e+02 98 2126.15 7.333333e+02 7.666667e+02 44 16
BM2_296 11 Laffytaffyred_one.bmp 2.132127e+03 24 999000 240 999000 999 2133.14 7.333333e+02 7.666667e+02 57 32
BM2_296 11 Whatchamacallit.bmp 2.136132e+03 24 999000 240 999000 999 2137.15 7.333333e+02 7.666667e+02 46 60
BM2_296 11 3Musketeers.bmp 2.143122e+03 24 999000 240 999000 999 2144.14 7.333333e+02 7.666667e+02 33 2
BM2_296 11 Milano.bmp 2.145124e+03 12 999000 120 999000 999 2146.14 7.333333e+02 7.666667e+02 2 35
BM2_296 11 AnimalCrackers.bmp 2.149132e+03 12 999000 120 999000 999 2150.15 7.333333e+02 7.666667e+02 27 4
BM2_296 11 Dots_one.bmp 2.153133e+03 22 9.902787e+02 220 7.667657e+02 98 2154.15 7.333333e+02 7.833333e+02 48 14
BM2_296 11 Chocolate_mm.bmp 2.155135e+03 22 1.028197e+03 2200 7.834600e+02 98 2156.15 7.333333e+02 7.333333e+02 52 11
BM2_296 11 Laysclassic.bmp 2.159123e+03 12 999000 120 999000 999 2160.14 7.333333e+02 7.333333e+02 24 33
BM2_296 11 Sourpatch.bmp 2.161125e+03 11 9.423747e+02 110 7.334650e+02 98 2162.14 7.500000e+02 7.333333e+02 18 54
BM2_296 11 Hersheymilk_several.bmp 2.163132e+03 24 999000 240 999000 999 2164.14 7.500000e+02 7.333333e+02 42 26
BM2_296 11 Skittles.bmp 2.169134e+03 12 999000 120 999000 999 2170.15 7.500000e+02 7.333333e+02 11 49
BM2_296 11 PopTartsStrawberry.bmp 2.171136e+03 24 999000 240 999000 999 2172.15 7.500000e+02 7.333333e+02 55 44
BM2_296 11 PeanutMMs.bmp 2.174122e+03 12 999000 120 999000 999 2175.14 7.500000e+02 7.333333e+02 7 42
BM2_296 11 SourSkittles.bmp 2.177126e+03 22 9.496203e+02 220 7.334454e+02 98 2178.14 7.500000e+02 7.500000e+02 43 53
BM2_296 11 Ghiradelli_milk.bmp 2.179133e+03 12 999000 120 999000 999 2180.15 7.500000e+02 7.500000e+02 30 21
BM2_296 11 BabyRuth.bmp 2.181132e+03 24 999000 240 999000 999 2182.15 7.500000e+02 7.500000e+02 36 5
BM2_296 11 FrootLoops.bmp 2.183132e+03 24 999000 240 999000 999 2184.15 7.500000e+02 7.500000e+02 32 19
BM2_296 11 PayDay.bmp 2.189122e+03 24 4.333251e+02 24 999000 98 2190.14 7.500000e+02 7.500000e+02 34 41
BM2_296 11 Toberlorone.bmp 2.191124e+03 12 999000 120 999000 999 2192.14 7.500000e+02 7.500000e+02 1 57
BM2_296 11 Lollipopred.bmp 2.193126e+03 24 999000 240 999000 999 2194.14 7.500000e+02 7.500000e+02 60 34
BM2_296 11 ChipsAhoy_small.bmp 2.195132e+03 12 999000 120 999000 999 2196.15 7.500000e+02 7.500000e+02 19 10
BM2_296 11 Cheezits.bmp 2.198132e+03 12 999000 120 999000 999 2199.15 7.500000e+02 7.500000e+02 3 9
BM2_296 11 HoHo.bmp 2.201135e+03 24 999000 240 999000 999 2202.15 7.500000e+02 7.500000e+02 58 27
