subjid runnum itemname onsettime trialtype RT respInTime Ausdiotime response fixationtime ladder1 ladder2 bidindex itemnameIndex
BM2_289 6 MilkyWay.bmp 9.639601e+02 24 999000 240 999000 999 964.98 6.166667e+02 6.166667e+02 31 37
BM2_289 6 ChipsAhoy_small.bmp 9.669467e+02 24 999000 240 999000 999 967.96 6.166667e+02 6.166667e+02 34 10
BM2_289 6 Dots_one.bmp 9.709547e+02 12 999000 120 999000 999 971.97 6.166667e+02 6.166667e+02 9 14
BM2_289 6 Doritosranch.bmp 9.729550e+02 11 9.611841e+02 110 6.167825e+02 98 973.97 6.333333e+02 6.166667e+02 11 13
BM2_289 6 Twinkie.bmp 9.749553e+02 24 999000 240 999000 999 975.97 6.333333e+02 6.166667e+02 55 58
BM2_289 6 FigNewton_small.bmp 9.789597e+02 12 999000 120 999000 999 979.98 6.333333e+02 6.166667e+02 21 16
BM2_289 6 Granolabar.bmp 9.809453e+02 24 999000 240 999000 999 981.96 6.333333e+02 6.166667e+02 54 24
BM2_289 6 Streusel.bmp 9.859552e+02 24 999000 240 999000 999 986.97 6.333333e+02 6.166667e+02 37 55
BM2_289 6 3Musketeers.bmp 9.879555e+02 24 999000 240 999000 999 988.97 6.333333e+02 6.166667e+02 32 2
BM2_289 6 Hersheymilk_several.bmp 9.909559e+02 24 999000 240 999000 999 991.97 6.333333e+02 6.166667e+02 56 26
BM2_289 6 Cupcakes.bmp 9.939592e+02 24 999000 240 999000 999 994.98 6.333333e+02 6.166667e+02 39 12
BM2_289 6 TeddyGrahamschocolate.bmp 9.979469e+02 11 9.932680e+02 110 6.334601e+02 98 998.96 6.500000e+02 6.166667e+02 15 56
BM2_289 6 100grand_small.bmp 1.000955e+03 12 999000 120 999000 999 1001.97 6.500000e+02 6.166667e+02 26 1
BM2_289 6 Jollyranchergreen.bmp 1.002955e+03 24 999000 240 999000 999 1003.97 6.500000e+02 6.166667e+02 60 28
BM2_289 6 Cheezits.bmp 1.005956e+03 22 9.206061e+02 220 6.167882e+02 98 1006.97 6.500000e+02 6.333333e+02 38 9
BM2_289 6 Ghiradelli_milk.bmp 1.009960e+03 12 999000 120 999000 999 1010.98 6.500000e+02 6.333333e+02 2 21
BM2_289 6 Cheetos.bmp 1.012946e+03 12 999000 120 999000 999 1013.96 6.500000e+02 6.333333e+02 30 8
BM2_289 6 Hersheykisses.bmp 1.014948e+03 22 1.031743e+03 2200 6.334255e+02 98 1015.97 6.500000e+02 5.833333e+02 53 25
BM2_289 6 FlamingCheetos.bmp 1.016955e+03 11 9.048042e+02 110 6.501339e+02 98 1017.97 6.666667e+02 5.833333e+02 19 17
BM2_289 6 Slimjim.bmp 1.021956e+03 12 999000 120 999000 999 1022.97 6.666667e+02 5.833333e+02 4 50
BM2_289 6 Toberlorone.bmp 1.025960e+03 12 999000 120 999000 999 1026.98 6.666667e+02 5.833333e+02 1 57
BM2_289 6 BabyRuth.bmp 1.029948e+03 12 999000 120 999000 999 1030.97 6.666667e+02 5.833333e+02 29 5
BM2_289 6 Twix.bmp 1.035955e+03 12 999000 120 999000 999 1036.97 6.666667e+02 5.833333e+02 28 59
BM2_289 6 KitKat_small.bmp 1.037957e+03 24 999000 240 999000 999 1038.97 6.666667e+02 5.833333e+02 43 31
BM2_289 6 CheesyDoritos.bmp 1.039959e+03 11 1.109450e+03 1100 6.667582e+02 98 1040.98 6.166667e+02 5.833333e+02 23 7
BM2_289 6 Fritos.bmp 1.041961e+03 24 999000 240 999000 999 1042.98 6.166667e+02 5.833333e+02 33 18
BM2_289 6 FrootLoops.bmp 1.043946e+03 24 999000 240 999000 999 1044.96 6.166667e+02 5.833333e+02 51 19
BM2_289 6 Goldfish.bmp 1.047955e+03 22 9.527452e+02 220 5.834405e+02 98 1048.97 6.166667e+02 6.000000e+02 41 23
BM2_289 6 Skittles.bmp 1.049955e+03 12 999000 120 999000 999 1050.97 6.166667e+02 6.000000e+02 25 49
BM2_289 6 PringlesRed.bmp 1.053957e+03 12 999000 120 999000 999 1054.97 6.166667e+02 6.000000e+02 6 45
BM2_289 6 Milano.bmp 1.055959e+03 24 999000 240 999000 999 1056.98 6.166667e+02 6.000000e+02 40 35
BM2_289 6 Nutterbutter.bmp 1.057945e+03 22 9.793571e+02 220 6.000979e+02 98 1058.96 6.166667e+02 6.166667e+02 46 39
BM2_289 6 Oreos.bmp 1.059947e+03 12 999000 120 999000 999 1060.96 6.166667e+02 6.166667e+02 5 40
BM2_289 6 Chocolate_mm.bmp 1.064955e+03 12 999000 120 999000 999 1065.97 6.166667e+02 6.166667e+02 27 11
BM2_289 6 AnimalCrackers.bmp 1.066955e+03 11 9.127953e+02 110 6.167729e+02 98 1067.97 6.333333e+02 6.166667e+02 16 4
BM2_289 6 PayDay.bmp 1.068957e+03 12 999000 120 999000 999 1069.97 6.333333e+02 6.166667e+02 22 41
BM2_289 6 PopTartsCinnamon.bmp 1.071960e+03 22 1.140287e+03 2200 6.167873e+02 98 1072.98 6.333333e+02 5.666667e+02 42 43
BM2_289 6 Lollipopred.bmp 1.078955e+03 24 999000 240 999000 999 1079.97 6.333333e+02 5.666667e+02 59 34
BM2_289 6 HoHo.bmp 1.082955e+03 22 9.289661e+02 220 5.667873e+02 98 1083.97 6.333333e+02 5.833333e+02 49 27
BM2_289 6 Ghiradelli_milk_Almonds.bmp 1.089946e+03 12 999000 120 999000 999 1090.96 6.333333e+02 5.833333e+02 3 22
BM2_289 6 SnoBall.bmp 1.091948e+03 24 999000 240 999000 999 1092.97 6.333333e+02 5.833333e+02 57 52
BM2_289 6 Laffytaffyred_one.bmp 1.095955e+03 12 999000 120 999000 999 1096.97 6.333333e+02 5.833333e+02 7 32
BM2_289 6 PeanutMMs.bmp 1.099957e+03 12 999000 120 999000 999 1100.97 6.333333e+02 5.833333e+02 24 42
BM2_289 6 Keeblerfudgestripes.bmp 1.101959e+03 12 999000 120 999000 999 1102.98 6.333333e+02 5.833333e+02 13 30
BM2_289 6 SourSkittles.bmp 1.105947e+03 12 999000 120 999000 999 1106.96 6.333333e+02 5.833333e+02 10 53
BM2_289 6 Milkduds.bmp 1.107949e+03 11 1.079451e+03 1100 6.334366e+02 98 1108.97 5.833333e+02 5.833333e+02 20 36
BM2_289 6 Almondjoy.bmp 1.109955e+03 24 999000 240 999000 999 1110.97 5.833333e+02 5.833333e+02 44 3
BM2_289 6 Jollyrancherred.bmp 1.115957e+03 24 999000 240 999000 999 1116.98 5.833333e+02 5.833333e+02 58 29
BM2_289 6 Funyuns_small.bmp 1.117959e+03 22 1.364708e+03 2200 5.834436e+02 98 1118.98 5.833333e+02 5.333333e+02 45 20
BM2_289 6 MrGoodbar.bmp 1.120946e+03 11 9.541454e+02 110 5.834287e+02 98 1121.96 6.000000e+02 5.333333e+02 12 38
BM2_289 6 Whatchamacallit.bmp 1.123949e+03 24 999000 240 999000 999 1124.97 6.000000e+02 5.333333e+02 36 60
BM2_289 6 Reeses.bmp 1.125955e+03 24 999000 240 999000 999 1126.97 6.000000e+02 5.333333e+02 35 46
BM2_289 6 Butterfinger.bmp 1.127955e+03 24 999000 240 999000 999 1128.97 6.000000e+02 5.333333e+02 48 6
BM2_289 6 Laysclassic.bmp 1.129956e+03 22 9.603505e+02 220 5.334572e+02 98 1130.97 6.000000e+02 5.500000e+02 50 33
BM2_289 6 Snickers.bmp 1.135946e+03 24 999000 240 999000 999 1136.96 6.000000e+02 5.500000e+02 52 51
BM2_289 6 RitzBitz2.bmp 1.137948e+03 12 999000 120 999000 999 1138.97 6.000000e+02 5.500000e+02 17 48
BM2_289 6 PopTartsStrawberry.bmp 1.139955e+03 24 999000 240 999000 999 1140.97 6.000000e+02 5.500000e+02 47 44
BM2_289 6 Sourpatch.bmp 1.141955e+03 11 1.025106e+03 1100 6.001193e+02 98 1142.97 5.500000e+02 5.500000e+02 8 54
BM2_289 6 FamousAmos_small.bmp 1.144955e+03 12 999000 120 999000 999 1145.97 5.500000e+02 5.500000e+02 18 15
BM2_289 6 Riprolls.bmp 1.147958e+03 12 999000 120 999000 999 1148.98 5.500000e+02 5.500000e+02 14 47
