subjid runnum itemname onsettime trialtype RT respInTime Ausdiotime response fixationtime ladder1 ladder2 bidindex itemnameIndex
BM2_281 13 100grand_small.bmp 2.291942e+03 22 9.735640e+02 220 7.501366e+02 98 2292.96 7.500000e+02 7.666667e+02 45 1
BM2_281 13 Toberlorone.bmp 2.294927e+03 22 9.085233e+02 220 7.667816e+02 98 2295.95 7.500000e+02 7.833333e+02 53 57
BM2_281 13 CheesyDoritos.bmp 2.296929e+03 12 999000 120 999000 999 2297.95 7.500000e+02 7.833333e+02 21 7
BM2_281 13 ChipsAhoy_small.bmp 2.298935e+03 11 1.260549e+03 1100 7.501101e+02 98 2299.95 7.000000e+02 7.833333e+02 20 10
BM2_281 13 3Musketeers.bmp 2.300935e+03 12 999000 120 999000 999 2301.95 7.000000e+02 7.833333e+02 29 2
BM2_281 13 HoHo.bmp 2.303937e+03 12 999000 120 999000 999 2304.95 7.000000e+02 7.833333e+02 2 27
BM2_281 13 Dots_one.bmp 2.305939e+03 24 999000 240 999000 999 2306.96 7.000000e+02 7.833333e+02 43 14
BM2_281 13 Ghiradelli_milk_Almonds.bmp 2.309927e+03 11 8.691930e+02 110 7.001126e+02 98 2310.94 7.166667e+02 7.833333e+02 19 22
BM2_281 13 Cheetos.bmp 2.311929e+03 12 999000 120 999000 999 2312.95 7.166667e+02 7.833333e+02 17 8
BM2_281 13 BabyRuth.bmp 2.316936e+03 24 999000 240 999000 999 2317.95 7.166667e+02 7.833333e+02 34 5
BM2_281 13 KitKat_small.bmp 2.318936e+03 24 999000 240 999000 999 2319.95 7.166667e+02 7.833333e+02 35 31
BM2_281 13 TeddyGrahamschocolate.bmp 2.322941e+03 12 999000 120 999000 999 2323.96 7.166667e+02 7.833333e+02 28 56
BM2_281 13 FlamingCheetos.bmp 2.324926e+03 24 999000 240 999000 999 2325.94 7.166667e+02 7.833333e+02 57 17
BM2_281 13 Streusel.bmp 2.327930e+03 12 999000 120 999000 999 2328.95 7.166667e+02 7.833333e+02 10 55
BM2_281 13 PayDay.bmp 2.332935e+03 24 999000 240 999000 999 2333.95 7.166667e+02 7.833333e+02 47 41
BM2_281 13 Oreos.bmp 2.334937e+03 11 9.389657e+02 110 7.167809e+02 98 2335.95 7.333333e+02 7.833333e+02 12 40
BM2_281 13 Whatchamacallit.bmp 2.336939e+03 12 999000 120 999000 999 2337.96 7.333333e+02 7.833333e+02 18 60
BM2_281 13 PopTartsCinnamon.bmp 2.340927e+03 12 999000 120 999000 999 2341.94 7.333333e+02 7.833333e+02 1 43
BM2_281 13 PeanutMMs.bmp 2.344936e+03 24 999000 240 999000 999 2345.95 7.333333e+02 7.833333e+02 33 42
BM2_281 13 RitzBitz2.bmp 2.348936e+03 12 2.596963e+02 12 999000 98 2349.95 7.333333e+02 7.833333e+02 13 48
BM2_281 13 Skittles.bmp 2.350938e+03 24 999000 240 999000 999 2351.96 7.333333e+02 7.833333e+02 54 49
BM2_281 13 Doritosranch.bmp 2.352940e+03 12 999000 120 999000 999 2353.96 7.333333e+02 7.833333e+02 14 13
BM2_281 13 Hersheymilk_several.bmp 2.354925e+03 24 999000 240 999000 999 2355.94 7.333333e+02 7.833333e+02 59 26
BM2_281 13 Twix.bmp 2.356928e+03 12 999000 120 999000 999 2357.95 7.333333e+02 7.833333e+02 5 59
BM2_281 13 PopTartsStrawberry.bmp 2.362935e+03 12 999000 120 999000 999 2363.95 7.333333e+02 7.833333e+02 3 44
BM2_281 13 Funyuns_small.bmp 2.365937e+03 24 999000 240 999000 999 2366.95 7.333333e+02 7.833333e+02 31 20
BM2_281 13 Jollyrancherred.bmp 2.367939e+03 24 999000 240 999000 999 2368.96 7.333333e+02 7.833333e+02 48 29
BM2_281 13 Twinkie.bmp 2.369941e+03 12 999000 120 999000 999 2370.96 7.333333e+02 7.833333e+02 9 58
BM2_281 13 SourSkittles.bmp 2.372928e+03 24 999000 240 999000 999 2373.95 7.333333e+02 7.833333e+02 60 53
BM2_281 13 Snickers.bmp 2.374930e+03 11 9.776400e+02 110 7.334427e+02 98 2375.95 7.500000e+02 7.833333e+02 16 51
BM2_281 13 Chocolate_mm.bmp 2.376935e+03 22 1.060842e+03 2200 7.834552e+02 98 2377.95 7.500000e+02 7.333333e+02 42 11
BM2_281 13 Laffytaffyred_one.bmp 2.378935e+03 24 999000 240 999000 999 2379.95 7.500000e+02 7.333333e+02 44 32
BM2_281 13 Cupcakes.bmp 2.381938e+03 12 999000 120 999000 999 2382.96 7.500000e+02 7.333333e+02 7 12
BM2_281 13 Granolabar.bmp 2.383940e+03 12 999000 120 999000 999 2384.96 7.500000e+02 7.333333e+02 27 24
BM2_281 13 Jollyranchergreen.bmp 2.385925e+03 24 999000 240 999000 999 2386.94 7.500000e+02 7.333333e+02 39 28
BM2_281 13 Butterfinger.bmp 2.387928e+03 24 999000 240 999000 999 2388.95 7.500000e+02 7.333333e+02 36 6
BM2_281 13 Cheezits.bmp 2.389930e+03 11 9.782299e+02 110 7.501260e+02 98 2390.95 7.666667e+02 7.333333e+02 8 9
BM2_281 13 Keeblerfudgestripes.bmp 2.395936e+03 11 1.075799e+03 1100 7.667861e+02 98 2396.95 7.166667e+02 7.333333e+02 11 30
BM2_281 13 Riprolls.bmp 2.398939e+03 24 999000 240 999000 999 2399.96 7.166667e+02 7.333333e+02 55 47
BM2_281 13 Goldfish.bmp 2.402927e+03 24 999000 240 999000 999 2403.94 7.166667e+02 7.333333e+02 32 23
BM2_281 13 Nutterbutter.bmp 2.408936e+03 12 999000 120 999000 999 2409.95 7.166667e+02 7.333333e+02 26 39
BM2_281 13 Milano.bmp 2.410936e+03 12 999000 120 999000 999 2411.95 7.166667e+02 7.333333e+02 4 35
BM2_281 13 Lollipopred.bmp 2.415941e+03 24 999000 240 999000 999 2416.96 7.166667e+02 7.333333e+02 51 34
BM2_281 13 Slimjim.bmp 2.418928e+03 22 9.400793e+02 220 7.334615e+02 98 2419.95 7.166667e+02 7.500000e+02 46 50
BM2_281 13 MrGoodbar.bmp 2.420930e+03 22 1.033975e+03 2200 7.501029e+02 98 2421.95 7.166667e+02 7.000000e+02 38 38
BM2_281 13 Hersheykisses.bmp 2.423936e+03 12 999000 120 999000 999 2424.95 7.166667e+02 7.000000e+02 22 25
BM2_281 13 Ghiradelli_milk.bmp 2.425936e+03 12 999000 120 999000 999 2426.95 7.166667e+02 7.000000e+02 30 21
BM2_281 13 Sourpatch.bmp 2.429940e+03 24 999000 240 999000 999 2430.96 7.166667e+02 7.000000e+02 37 54
BM2_281 13 AnimalCrackers.bmp 2.433927e+03 12 999000 120 999000 999 2434.94 7.166667e+02 7.000000e+02 25 4
BM2_281 13 Fritos.bmp 2.435929e+03 22 9.225697e+02 220 7.001260e+02 98 2436.95 7.166667e+02 7.166667e+02 50 18
BM2_281 13 FigNewton_small.bmp 2.442937e+03 24 999000 240 999000 999 2443.95 7.166667e+02 7.166667e+02 58 16
BM2_281 13 SnoBall.bmp 2.444939e+03 11 9.369154e+02 110 7.167824e+02 98 2445.96 7.333333e+02 7.166667e+02 15 52
BM2_281 13 FrootLoops.bmp 2.447926e+03 22 9.422696e+02 220 7.167680e+02 98 2448.94 7.333333e+02 7.333333e+02 49 19
BM2_281 13 FamousAmos_small.bmp 2.451930e+03 12 999000 120 999000 999 2452.95 7.333333e+02 7.333333e+02 24 15
BM2_281 13 Milkduds.bmp 2.455936e+03 24 999000 240 999000 999 2456.95 7.333333e+02 7.333333e+02 56 36
BM2_281 13 MilkyWay.bmp 2.459938e+03 22 9.534731e+02 220 7.334587e+02 98 2460.96 7.333333e+02 7.500000e+02 41 37
BM2_281 13 Almondjoy.bmp 2.462925e+03 24 999000 240 999000 999 2463.94 7.333333e+02 7.500000e+02 40 3
BM2_281 13 PringlesRed.bmp 2.464927e+03 24 999000 240 999000 999 2465.94 7.333333e+02 7.500000e+02 52 45
BM2_281 13 Reeses.bmp 2.468935e+03 12 999000 120 999000 999 2469.95 7.333333e+02 7.500000e+02 6 46
BM2_281 13 Laysclassic.bmp 2.475939e+03 11 9.927900e+02 110 7.334795e+02 98 2476.96 7.500000e+02 7.500000e+02 23 33
