subjid runnum itemname onsettime trialtype RT respInTime Ausdiotime response fixationtime ladder1 ladder2 bidindex itemnameIndex
BM2_294 14 Almondjoy.bmp 2.724171e+03 22 9.536096e+02 220 7.501366e+02 98 2725.19 7.500000e+02 7.666667e+02 48 3
BM2_294 14 KitKat_small.bmp 2.729159e+03 12 999000 120 999000 999 2730.18 7.500000e+02 7.666667e+02 29 31
BM2_294 14 AnimalCrackers.bmp 2.731162e+03 12 999000 120 999000 999 2732.18 7.500000e+02 7.666667e+02 11 4
BM2_294 14 Laysclassic.bmp 2.733168e+03 12 999000 120 999000 999 2734.18 7.500000e+02 7.666667e+02 1 33
BM2_294 14 Cheezits.bmp 2.739170e+03 12 999000 120 999000 999 2740.19 7.500000e+02 7.666667e+02 24 9
BM2_294 14 PopTartsStrawberry.bmp 2.741172e+03 24 999000 240 999000 999 2742.19 7.500000e+02 7.666667e+02 34 44
BM2_294 14 Streusel.bmp 2.744159e+03 12 999000 120 999000 999 2745.18 7.500000e+02 7.666667e+02 27 55
BM2_294 14 Sourpatch.bmp 2.746161e+03 24 999000 240 999000 999 2747.18 7.500000e+02 7.666667e+02 56 54
BM2_294 14 Lollipopred.bmp 2.750168e+03 24 999000 240 999000 999 2751.18 7.500000e+02 7.666667e+02 53 34
BM2_294 14 Toberlorone.bmp 2.752168e+03 12 999000 120 999000 999 2753.19 7.500000e+02 7.666667e+02 2 57
BM2_294 14 Reeses.bmp 2.757173e+03 12 999000 120 999000 999 2758.19 7.500000e+02 7.666667e+02 20 46
BM2_294 14 HoHo.bmp 2.764168e+03 22 7.562392e+02 22 7.667887e+02 98 2765.18 7.500000e+02 7.833333e+02 44 27
BM2_294 14 Twinkie.bmp 2.766168e+03 12 999000 120 999000 999 2767.18 7.500000e+02 7.833333e+02 19 58
BM2_294 14 Funyuns_small.bmp 2.769169e+03 22 9.469283e+02 220 7.834641e+02 98 2770.19 7.500000e+02 8.000000e+02 51 20
BM2_294 14 Milano.bmp 2.772172e+03 12 999000 120 999000 999 2773.19 7.500000e+02 8.000000e+02 7 35
BM2_294 14 Fritos.bmp 2.776160e+03 11 7.882188e+02 110 7.501245e+02 98 2777.18 7.666667e+02 8.000000e+02 17 18
BM2_294 14 Granolabar.bmp 2.780168e+03 22 8.521955e+02 220 8.001310e+02 98 2781.18 7.666667e+02 8.166667e+02 39 24
BM2_294 14 ChipsAhoy_small.bmp 2.784169e+03 11 9.474448e+02 110 7.667697e+02 98 2785.19 7.833333e+02 8.166667e+02 22 10
BM2_294 14 Skittles.bmp 2.787172e+03 12 999000 120 999000 999 2788.19 7.833333e+02 8.166667e+02 16 49
BM2_294 14 Nutterbutter.bmp 2.793162e+03 24 999000 240 999000 999 2794.18 7.833333e+02 8.166667e+02 59 39
BM2_294 14 Riprolls.bmp 2.795168e+03 24 999000 240 999000 999 2796.18 7.833333e+02 8.166667e+02 32 47
BM2_294 14 Goldfish.bmp 2.798168e+03 11 9.563045e+02 110 7.834602e+02 98 2799.18 8.000000e+02 8.166667e+02 14 23
BM2_294 14 Jollyranchergreen.bmp 2.800169e+03 12 999000 120 999000 999 2801.19 8.000000e+02 8.166667e+02 23 28
BM2_294 14 MilkyWay.bmp 2.802172e+03 12 999000 120 999000 999 2803.19 8.000000e+02 8.166667e+02 28 37
BM2_294 14 Hersheymilk_several.bmp 2.804174e+03 12 999000 120 999000 999 2805.19 8.000000e+02 8.166667e+02 15 26
BM2_294 14 Whatchamacallit.bmp 2.807160e+03 24 999000 240 999000 999 2808.18 8.000000e+02 8.166667e+02 33 60
BM2_294 14 PeanutMMs.bmp 2.811167e+03 24 999000 240 999000 999 2812.18 8.000000e+02 8.166667e+02 36 42
BM2_294 14 SourSkittles.bmp 2.813168e+03 24 999000 240 999000 999 2814.18 8.000000e+02 8.166667e+02 42 53
BM2_294 14 FamousAmos_small.bmp 2.815169e+03 11 9.714909e+02 110 8.001305e+02 98 2816.19 8.166667e+02 8.166667e+02 21 15
BM2_294 14 Laffytaffyred_one.bmp 2.817171e+03 24 999000 240 999000 999 2818.19 8.166667e+02 8.166667e+02 38 32
BM2_294 14 Twix.bmp 2.819173e+03 12 999000 120 999000 999 2820.19 8.166667e+02 8.166667e+02 26 59
BM2_294 14 Milkduds.bmp 2.821159e+03 24 999000 240 999000 999 2822.18 8.166667e+02 8.166667e+02 54 36
BM2_294 14 BabyRuth.bmp 2.825168e+03 24 999000 240 999000 999 2826.18 8.166667e+02 8.166667e+02 31 5
BM2_294 14 Ghiradelli_milk_Almonds.bmp 2.829168e+03 22 1.020235e+03 2200 8.167794e+02 98 2830.18 8.166667e+02 7.666667e+02 52 22
BM2_294 14 Hersheykisses.bmp 2.831169e+03 11 5.788411e+02 11 8.167770e+02 98 2832.19 8.333333e+02 7.666667e+02 9 25
BM2_294 14 Dots_one.bmp 2.833172e+03 24 999000 240 999000 999 2834.19 8.333333e+02 7.666667e+02 50 14
BM2_294 14 PringlesRed.bmp 2.835157e+03 22 7.832668e+02 220 7.667602e+02 98 2836.17 8.333333e+02 7.833333e+02 40 45
BM2_294 14 Ghiradelli_milk.bmp 2.837159e+03 12 999000 120 999000 999 2838.18 8.333333e+02 7.833333e+02 6 21
BM2_294 14 100grand_small.bmp 2.843168e+03 24 999000 240 999000 999 2844.18 8.333333e+02 7.833333e+02 57 1
BM2_294 14 Snickers.bmp 2.845168e+03 11 1.060327e+03 1100 8.334536e+02 98 2846.19 7.833333e+02 7.833333e+02 13 51
BM2_294 14 Butterfinger.bmp 2.847170e+03 24 999000 240 999000 999 2848.19 7.833333e+02 7.833333e+02 49 6
BM2_294 14 MrGoodbar.bmp 2.849172e+03 24 999000 240 999000 999 2850.19 7.833333e+02 7.833333e+02 35 38
BM2_294 14 Jollyrancherred.bmp 2.852159e+03 12 999000 120 999000 999 2853.18 7.833333e+02 7.833333e+02 25 29
BM2_294 14 Cheetos.bmp 2.854161e+03 12 999000 120 999000 999 2855.18 7.833333e+02 7.833333e+02 4 8
BM2_294 14 Doritosranch.bmp 2.861168e+03 12 999000 120 999000 999 2862.19 7.833333e+02 7.833333e+02 12 13
BM2_294 14 CheesyDoritos.bmp 2.863171e+03 12 999000 120 999000 999 2864.19 7.833333e+02 7.833333e+02 5 7
BM2_294 14 Slimjim.bmp 2.867158e+03 24 999000 240 999000 999 2868.18 7.833333e+02 7.833333e+02 46 50
BM2_294 14 Cupcakes.bmp 2.871167e+03 22 1.021042e+03 2200 7.834389e+02 98 2872.18 7.833333e+02 7.333333e+02 43 12
BM2_294 14 Chocolate_mm.bmp 2.874168e+03 24 999000 240 999000 999 2875.18 7.833333e+02 7.333333e+02 41 11
BM2_294 14 3Musketeers.bmp 2.876168e+03 22 9.323873e+02 220 7.334403e+02 98 2877.19 7.833333e+02 7.500000e+02 47 2
BM2_294 14 TeddyGrahamschocolate.bmp 2.880172e+03 24 999000 240 999000 999 2881.19 7.833333e+02 7.500000e+02 37 56
BM2_294 14 Oreos.bmp 2.882158e+03 12 999000 120 999000 999 2883.18 7.833333e+02 7.500000e+02 3 40
BM2_294 14 FrootLoops.bmp 2.885161e+03 12 999000 120 999000 999 2886.18 7.833333e+02 7.500000e+02 30 19
BM2_294 14 SnoBall.bmp 2.889168e+03 24 999000 240 999000 999 2890.18 7.833333e+02 7.500000e+02 55 52
BM2_294 14 PayDay.bmp 2.891168e+03 24 999000 240 999000 999 2892.19 7.833333e+02 7.500000e+02 45 41
BM2_294 14 FlamingCheetos.bmp 2.896173e+03 11 8.154623e+02 110 7.834340e+02 98 2897.19 8.000000e+02 7.500000e+02 10 17
BM2_294 14 Keeblerfudgestripes.bmp 2.898158e+03 12 999000 120 999000 999 2899.18 8.000000e+02 7.500000e+02 8 30
BM2_294 14 RitzBitz2.bmp 2.902167e+03 11 1.132789e+03 1100 8.001245e+02 98 2903.18 7.500000e+02 7.500000e+02 18 48
BM2_294 14 FigNewton_small.bmp 2.905168e+03 24 999000 240 999000 999 2906.18 7.500000e+02 7.500000e+02 58 16
BM2_294 14 PopTartsCinnamon.bmp 2.908169e+03 24 999000 240 999000 999 2909.19 7.500000e+02 7.500000e+02 60 43
