subjid runnum itemname onsettime trialtype RT respInTime Ausdiotime response fixationtime ladder1 ladder2 bidindex itemnameIndex
BM2_290 2 Granolabar.bmp 1.882441e+02 12 999000 120 999000 999 189.26 7.500000e+02 7.500000e+02 15 24
BM2_290 2 Cheetos.bmp 1.912309e+02 22 1.060367e+03 2200 7.501211e+02 98 192.25 7.500000e+02 7.000000e+02 39 8
BM2_290 2 Snickers.bmp 1.932331e+02 12 999000 120 999000 999 194.25 7.500000e+02 7.000000e+02 3 51
BM2_290 2 Oreos.bmp 1.952400e+02 24 999000 240 999000 999 196.25 7.500000e+02 7.000000e+02 36 40
BM2_290 2 Nutterbutter.bmp 1.972401e+02 12 999000 120 999000 999 198.25 7.500000e+02 7.000000e+02 25 39
BM2_290 2 PopTartsStrawberry.bmp 2.002407e+02 22 1.050649e+03 2200 7.001267e+02 98 201.26 7.500000e+02 6.500000e+02 47 44
BM2_290 2 Butterfinger.bmp 2.022428e+02 12 999000 120 999000 999 203.26 7.500000e+02 6.500000e+02 29 6
BM2_290 2 Hersheymilk_several.bmp 2.062304e+02 12 999000 120 999000 999 207.25 7.500000e+02 6.500000e+02 6 26
BM2_290 2 Cupcakes.bmp 2.082325e+02 24 999000 240 999000 999 209.25 7.500000e+02 6.500000e+02 55 12
BM2_290 2 AnimalCrackers.bmp 2.132407e+02 22 8.665555e+02 220 6.501232e+02 98 214.26 7.500000e+02 6.666667e+02 48 4
BM2_290 2 ChipsAhoy_small.bmp 2.152408e+02 12 999000 120 999000 999 216.26 7.500000e+02 6.666667e+02 5 10
BM2_290 2 CheesyDoritos.bmp 2.192442e+02 24 999000 240 999000 999 220.26 7.500000e+02 6.666667e+02 49 7
BM2_290 2 FrootLoops.bmp 2.212301e+02 12 999000 120 999000 999 222.25 7.500000e+02 6.666667e+02 28 19
BM2_290 2 Milkduds.bmp 2.242330e+02 24 999000 240 999000 999 225.25 7.500000e+02 6.666667e+02 57 36
BM2_290 2 Jollyrancherred.bmp 2.292401e+02 12 999000 120 999000 999 230.26 7.500000e+02 6.666667e+02 8 29
BM2_290 2 Doritosranch.bmp 2.312407e+02 24 999000 240 999000 999 232.26 7.500000e+02 6.666667e+02 37 13
BM2_290 2 Twinkie.bmp 2.332426e+02 12 999000 120 999000 999 234.26 7.500000e+02 6.666667e+02 11 58
BM2_290 2 Riprolls.bmp 2.372305e+02 11 1.028805e+03 1100 7.501424e+02 98 238.25 7.000000e+02 6.666667e+02 9 47
BM2_290 2 Jollyranchergreen.bmp 2.412348e+02 12 999000 120 999000 999 242.25 7.000000e+02 6.666667e+02 2 28
BM2_290 2 PopTartsCinnamon.bmp 2.452408e+02 24 999000 240 999000 999 246.26 7.000000e+02 6.666667e+02 60 43
BM2_290 2 Keeblerfudgestripes.bmp 2.472412e+02 24 999000 240 999000 999 248.26 7.000000e+02 6.666667e+02 38 30
BM2_290 2 SourSkittles.bmp 2.492434e+02 11 9.918770e+02 110 7.001141e+02 98 250.26 7.166667e+02 6.666667e+02 17 53
BM2_290 2 PayDay.bmp 2.512455e+02 22 9.577718e+02 220 6.667962e+02 98 252.26 7.166667e+02 6.833333e+02 43 41
BM2_290 2 100grand_small.bmp 2.532310e+02 24 999000 240 999000 999 254.25 7.166667e+02 6.833333e+02 34 1
BM2_290 2 Goldfish.bmp 2.592400e+02 24 999000 240 999000 999 260.26 7.166667e+02 6.833333e+02 32 23
BM2_290 2 Laysclassic.bmp 2.622407e+02 24 999000 240 999000 999 263.26 7.166667e+02 6.833333e+02 50 33
BM2_290 2 Slimjim.bmp 2.642428e+02 24 999000 240 999000 999 265.26 7.166667e+02 6.833333e+02 41 50
BM2_290 2 Funyuns_small.bmp 2.662449e+02 12 999000 120 999000 999 267.26 7.166667e+02 6.833333e+02 24 20
BM2_290 2 Streusel.bmp 2.692315e+02 12 999000 120 999000 999 270.25 7.166667e+02 6.833333e+02 1 55
BM2_290 2 PeanutMMs.bmp 2.712337e+02 11 9.936086e+02 110 7.167798e+02 98 272.25 7.333333e+02 6.833333e+02 13 42
BM2_290 2 RitzBitz2.bmp 2.732407e+02 22 1.106592e+03 2200 6.834502e+02 98 274.25 7.333333e+02 6.333333e+02 44 48
BM2_290 2 3Musketeers.bmp 2.752409e+02 24 999000 240 999000 999 276.26 7.333333e+02 6.333333e+02 45 2
BM2_290 2 BabyRuth.bmp 2.782412e+02 24 999000 240 999000 999 279.26 7.333333e+02 6.333333e+02 54 5
BM2_290 2 Laffytaffyred_one.bmp 2.802433e+02 24 999000 240 999000 999 281.26 7.333333e+02 6.333333e+02 58 32
BM2_290 2 MrGoodbar.bmp 2.822456e+02 12 999000 120 999000 999 283.26 7.333333e+02 6.333333e+02 12 38
BM2_290 2 HoHo.bmp 2.842312e+02 24 999000 240 999000 999 285.25 7.333333e+02 6.333333e+02 33 27
BM2_290 2 Whatchamacallit.bmp 2.862332e+02 12 999000 120 999000 999 287.25 7.333333e+02 6.333333e+02 23 60
BM2_290 2 KitKat_small.bmp 2.922402e+02 12 999000 120 999000 999 293.26 7.333333e+02 6.333333e+02 7 31
BM2_290 2 MilkyWay.bmp 2.952429e+02 22 9.923785e+02 220 6.334666e+02 98 296.26 7.333333e+02 6.500000e+02 51 37
BM2_290 2 FlamingCheetos.bmp 2.992306e+02 11 1.012673e+03 1100 7.334510e+02 98 300.25 6.833333e+02 6.500000e+02 18 17
BM2_290 2 SnoBall.bmp 3.052407e+02 24 2.986100e+02 24 999000 98 306.25 6.833333e+02 6.500000e+02 53 52
BM2_290 2 Reeses.bmp 3.072410e+02 12 999000 120 999000 999 308.26 6.833333e+02 6.500000e+02 20 46
BM2_290 2 Twix.bmp 3.122445e+02 12 999000 120 999000 999 313.26 6.833333e+02 6.500000e+02 27 59
BM2_290 2 Cheezits.bmp 3.152311e+02 22 8.761930e+02 220 6.501103e+02 98 316.25 6.833333e+02 6.666667e+02 40 9
BM2_290 2 Fritos.bmp 3.172333e+02 24 999000 240 999000 999 318.25 6.833333e+02 6.666667e+02 46 18
BM2_290 2 TeddyGrahamschocolate.bmp 3.202404e+02 24 999000 240 999000 999 321.25 6.833333e+02 6.666667e+02 35 56
BM2_290 2 Ghiradelli_milk_Almonds.bmp 3.222404e+02 24 999000 240 999000 999 323.26 6.833333e+02 6.666667e+02 31 22
BM2_290 2 Skittles.bmp 3.262430e+02 12 999000 120 999000 999 327.26 6.833333e+02 6.666667e+02 26 49
BM2_290 2 FamousAmos_small.bmp 3.302307e+02 11 9.966375e+02 110 6.834580e+02 98 331.25 7.000000e+02 6.666667e+02 14 15
BM2_290 2 Dots_one.bmp 3.322327e+02 12 999000 120 999000 999 333.25 7.000000e+02 6.666667e+02 30 14
BM2_290 2 PringlesRed.bmp 3.392408e+02 12 999000 120 999000 999 340.26 7.000000e+02 6.666667e+02 19 45
BM2_290 2 Sourpatch.bmp 3.412424e+02 12 999000 120 999000 999 342.26 7.000000e+02 6.666667e+02 4 54
BM2_290 2 FigNewton_small.bmp 3.442456e+02 22 9.496635e+02 220 6.667846e+02 98 345.26 7.000000e+02 6.833333e+02 52 16
BM2_290 2 Milano.bmp 3.482333e+02 12 999000 120 999000 999 349.25 7.000000e+02 6.833333e+02 16 35
BM2_290 2 Toberlorone.bmp 3.522404e+02 11 9.229409e+02 110 7.001258e+02 98 353.26 7.166667e+02 6.833333e+02 22 57
BM2_290 2 Almondjoy.bmp 3.562419e+02 24 999000 240 999000 999 357.26 7.166667e+02 6.833333e+02 56 3
BM2_290 2 Hersheykisses.bmp 3.592451e+02 11 9.341733e+02 110 7.167781e+02 98 360.26 7.333333e+02 6.833333e+02 21 25
BM2_290 2 Lollipopred.bmp 3.612308e+02 24 999000 240 999000 999 362.25 7.333333e+02 6.833333e+02 59 34
BM2_290 2 Chocolate_mm.bmp 3.652349e+02 24 999000 240 999000 999 366.25 7.333333e+02 6.833333e+02 42 11
BM2_290 2 Ghiradelli_milk.bmp 3.722426e+02 11 9.686735e+02 110 7.334422e+02 98 373.26 7.500000e+02 6.833333e+02 10 21
