subjectID	 order	 runNum	 itemName	 onsetTime	 shuff_trialType	 RT	 respInTime	 AudioTime	 response	 fixationTime	 ladder1	 ladder2	 bidIndex	 itemNameIndex	 bidValue	 
BMI_bfr_112	 2	 1	 103.jpg	 1.405893e+00	 24	 3.716883e+02	 24	 999000	 98	 2.423759e+00	 750.00	 750.00	 42.00	 3	 0.41	 
BMI_bfr_112	 2	 1	 105.jpg	 4.409388e+00	 12	 999000	 120	 999000	 999	 5.427076e+00	 750.00	 750.00	 18.00	 5	 0.59	 
BMI_bfr_112	 2	 1	 101.jpg	 8.396936e+00	 22	 1.068679e+03	 2200	 7.504131e+02	 98	 9.431557e+00	 750.00	 700.00	 49.00	 1	 0.38	 
BMI_bfr_112	 2	 1	 138.jpg	 1.039942e+01	 24	 999000	 240	 999000	 999	 1.141711e+01	 750.00	 700.00	 45.00	 38	 0.39	 
BMI_bfr_112	 2	 1	 118.jpg	 1.240164e+01	 11	 1.127945e+03	 1100	 7.503840e+02	 98	 1.343608e+01	 700.00	 700.00	 17.00	 18	 0.59	 
BMI_bfr_112	 2	 1	 136.jpg	 1.640598e+01	 24	 999000	 240	 999000	 999	 1.742383e+01	 700.00	 700.00	 40.00	 36	 0.42	 
BMI_bfr_112	 2	 1	 112.jpg	 1.840833e+01	 12	 999000	 120	 999000	 999	 1.942608e+01	 700.00	 700.00	 13.00	 12	 0.60	 
BMI_bfr_112	 2	 1	 154.jpg	 2.339731e+01	 12	 999000	 120	 999000	 999	 2.441493e+01	 700.00	 700.00	 20.00	 54	 0.57	 
BMI_bfr_112	 2	 1	 123.jpg	 2.539957e+01	 12	 999000	 120	 999000	 999	 2.641730e+01	 700.00	 700.00	 10.00	 23	 0.64	 
BMI_bfr_112	 2	 1	 133.jpg	 2.840298e+01	 12	 999000	 120	 999000	 999	 2.942056e+01	 700.00	 700.00	 4.00	 33	 0.72	 
BMI_bfr_112	 2	 1	 116.jpg	 3.140621e+01	 12	 999000	 120	 999000	 999	 3.242413e+01	 700.00	 700.00	 6.00	 16	 0.68	 
BMI_bfr_112	 2	 1	 134.jpg	 3.541082e+01	 24	 999000	 240	 999000	 999	 3.642847e+01	 700.00	 700.00	 41.00	 34	 0.41	 
BMI_bfr_112	 2	 1	 141.jpg	 3.839741e+01	 22	 1.044186e+03	 2200	 7.004432e+02	 98	 3.943190e+01	 700.00	 650.00	 54.00	 41	 0.35	 
BMI_bfr_112	 2	 1	 120.jpg	 4.039965e+01	 24	 999000	 240	 999000	 999	 4.141743e+01	 700.00	 650.00	 56.00	 20	 0.33	 
BMI_bfr_112	 2	 1	 142.jpg	 4.340317e+01	 22	 1.006541e+03	 2200	 6.503292e+02	 98	 4.443747e+01	 700.00	 600.00	 46.00	 42	 0.39	 
BMI_bfr_112	 2	 1	 111.jpg	 4.740758e+01	 11	 1.002071e+03	 1100	 7.003399e+02	 98	 4.844194e+01	 650.00	 600.00	 11.00	 11	 0.62	 
BMI_bfr_112	 2	 1	 125.jpg	 5.041095e+01	 22	 9.506331e+02	 220	 6.003453e+02	 98	 5.144533e+01	 650.00	 616.67	 51.00	 25	 0.37	 
BMI_bfr_112	 2	 1	 151.jpg	 5.239617e+01	 12	 999000	 120	 999000	 999	 5.341427e+01	 650.00	 616.67	 21.00	 51	 0.57	 
BMI_bfr_112	 2	 1	 143.jpg	 5.439874e+01	 12	 999000	 120	 999000	 999	 5.541641e+01	 650.00	 616.67	 22.00	 43	 0.57	 
BMI_bfr_112	 2	 1	 160.jpg	 5.940435e+01	 24	 999000	 240	 999000	 999	 6.042518e+01	 650.00	 616.67	 58.00	 60	 0.31	 
BMI_bfr_112	 2	 1	 122.jpg	 6.340884e+01	 24	 999000	 240	 999000	 999	 6.442659e+01	 650.00	 616.67	 55.00	 22	 0.34	 
BMI_bfr_112	 2	 1	 145.jpg	 6.739644e+01	 11	 1.021244e+03	 1100	 6.503368e+02	 98	 6.843381e+01	 600.00	 616.67	 14.00	 45	 0.60	 
BMI_bfr_112	 2	 1	 106.jpg	 7.340349e+01	 12	 999000	 120	 999000	 999	 7.442112e+01	 600.00	 616.67	 15.00	 6	 0.60	 
BMI_bfr_112	 2	 1	 149.jpg	 7.540564e+01	 11	 9.399342e+02	 110	 6.003379e+02	 98	 7.644013e+01	 616.67	 616.67	 8.00	 49	 0.66	 
BMI_bfr_112	 2	 1	 157.jpg	 7.740782e+01	 11	 9.537535e+02	 110	 6.169936e+02	 98	 7.844232e+01	 633.33	 616.67	 16.00	 57	 0.59	 
BMI_bfr_112	 2	 1	 135.jpg	 7.941009e+01	 12	 999000	 120	 999000	 999	 8.042795e+01	 633.33	 616.67	 12.00	 35	 0.61	 
BMI_bfr_112	 2	 1	 132.jpg	 8.139537e+01	 12	 999000	 120	 999000	 999	 8.241347e+01	 633.33	 616.67	 5.00	 32	 0.71	 
BMI_bfr_112	 2	 1	 124.jpg	 8.540031e+01	 24	 999000	 240	 999000	 999	 8.641981e+01	 633.33	 616.67	 50.00	 24	 0.38	 
BMI_bfr_112	 2	 1	 127.jpg	 8.740250e+01	 24	 999000	 240	 999000	 999	 8.842023e+01	 633.33	 616.67	 44.00	 27	 0.40	 
BMI_bfr_112	 2	 1	 131.jpg	 9.140699e+01	 22	 9.545806e+02	 220	 6.170781e+02	 98	 9.244138e+01	 633.33	 633.33	 48.00	 31	 0.38	 
BMI_bfr_112	 2	 1	 102.jpg	 9.340930e+01	 12	 999000	 120	 999000	 999	 9.442696e+01	 633.33	 633.33	 19.00	 2	 0.59	 
BMI_bfr_112	 2	 1	 119.jpg	 9.541138e+01	 22	 9.821831e+02	 220	 6.336756e+02	 98	 9.644593e+01	 633.33	 650.00	 43.00	 19	 0.40	 
BMI_bfr_112	 2	 1	 144.jpg	 9.739683e+01	 24	 999000	 240	 999000	 999	 9.841478e+01	 633.33	 650.00	 53.00	 44	 0.36	 
BMI_bfr_112	 2	 1	 117.jpg	 1.024026e+02	 11	 9.990177e+02	 110	 6.336792e+02	 98	 1.034371e+02	 650.00	 650.00	 9.00	 17	 0.64	 
BMI_bfr_112	 2	 1	 158.jpg	 1.044048e+02	 12	 999000	 120	 999000	 999	 1.054227e+02	 650.00	 650.00	 7.00	 58	 0.67	 
BMI_bfr_112	 2	 1	 140.jpg	 1.064072e+02	 24	 999000	 240	 999000	 999	 1.074260e+02	 650.00	 650.00	 57.00	 40	 0.32	 
BMI_bfr_112	 2	 1	 114.jpg	 1.094105e+02	 24	 999000	 240	 999000	 999	 1.104283e+02	 650.00	 650.00	 52.00	 14	 0.36	 
BMI_bfr_112	 2	 1	 129.jpg	 1.164018e+02	 24	 999000	 240	 999000	 999	 1.174194e+02	 650.00	 650.00	 39.00	 29	 0.42	 
BMI_bfr_112	 2	 1	 139.jpg	 1.204063e+02	 24	 999000	 240	 999000	 999	 1.214239e+02	 650.00	 650.00	 47.00	 39	 0.39	 
BMI_bfr_112	 2	 1	 126.jpg	 1.273974e+02	 12	 999000	 120	 999000	 999	 1.284151e+02	 650.00	 650.00	 3.00	 26	 0.72	 
