subjectID	 order	 runNum	 itemName	 onsetTime	 shuff_trialType	 RT	 respInTime	 AudioTime	 response	 fixationTime	 ladder1	 ladder2	 bidIndex	 itemNameIndex	 bidValue	 
bmi_brf_118	 2	 20	 107.jpg	 2.443013e+03	 24	 999000	 240	 999000	 999	 2.444030e+03	 783.33	 716.67	 41.00	 7	 0.40	 
bmi_brf_118	 2	 20	 152.jpg	 2.446016e+03	 12	 999000	 120	 999000	 999	 2.447034e+03	 783.33	 716.67	 10.00	 52	 0.76	 
bmi_brf_118	 2	 20	 142.jpg	 2.448001e+03	 24	 999000	 240	 999000	 999	 2.449019e+03	 783.33	 716.67	 44.00	 42	 0.34	 
bmi_brf_118	 2	 20	 115.jpg	 2.450004e+03	 24	 999000	 240	 999000	 999	 2.451022e+03	 783.33	 716.67	 56.00	 15	 0.15	 
bmi_brf_118	 2	 20	 150.jpg	 2.452006e+03	 11	 9.968331e+02	 110	 7.836150e+02	 98	 2.453041e+03	 800.00	 716.67	 11.00	 50	 0.72	 
bmi_brf_118	 2	 20	 103.jpg	 2.455010e+03	 11	 5.453097e+02	 11	 8.002115e+02	 98	 2.456044e+03	 816.67	 716.67	 8.00	 3	 0.84	 
bmi_brf_118	 2	 20	 144.jpg	 2.457012e+03	 22	 9.190663e+02	 220	 7.169427e+02	 98	 2.458063e+03	 816.67	 733.33	 54.00	 44	 0.16	 
bmi_brf_118	 2	 20	 139.jpg	 2.461016e+03	 22	 9.707676e+02	 220	 7.336147e+02	 98	 2.462051e+03	 816.67	 750.00	 49.00	 39	 0.26	 
bmi_brf_118	 2	 20	 121.jpg	 2.463002e+03	 24	 999000	 240	 999000	 999	 2.464020e+03	 816.67	 750.00	 50.00	 21	 0.26	 
bmi_brf_118	 2	 20	 126.jpg	 2.468007e+03	 12	 999000	 120	 999000	 999	 2.469025e+03	 816.67	 750.00	 18.00	 26	 0.66	 
bmi_brf_118	 2	 20	 158.jpg	 2.470010e+03	 24	 999000	 240	 999000	 999	 2.471027e+03	 816.67	 750.00	 45.00	 58	 0.33	 
bmi_brf_118	 2	 20	 116.jpg	 2.474014e+03	 24	 999000	 240	 999000	 999	 2.475032e+03	 816.67	 750.00	 42.00	 16	 0.40	 
bmi_brf_118	 2	 20	 101.jpg	 2.476016e+03	 24	 999000	 240	 999000	 999	 2.477034e+03	 816.67	 750.00	 47.00	 1	 0.29	 
bmi_brf_118	 2	 20	 104.jpg	 2.479003e+03	 24	 999000	 240	 999000	 999	 2.480021e+03	 816.67	 750.00	 55.00	 4	 0.15	 
bmi_brf_118	 2	 20	 119.jpg	 2.484009e+03	 24	 999000	 240	 999000	 999	 2.485026e+03	 816.67	 750.00	 58.00	 19	 0.15	 
bmi_brf_118	 2	 20	 135.jpg	 2.486011e+03	 12	 999000	 120	 999000	 999	 2.487029e+03	 816.67	 750.00	 20.00	 35	 0.56	 
bmi_brf_118	 2	 20	 156.jpg	 2.488013e+03	 24	 999000	 240	 999000	 999	 2.489031e+03	 816.67	 750.00	 52.00	 56	 0.19	 
bmi_brf_118	 2	 20	 138.jpg	 2.492018e+03	 11	 1.001270e+03	 1100	 8.169655e+02	 98	 2.493052e+03	 766.67	 750.00	 17.00	 38	 0.67	 
bmi_brf_118	 2	 20	 130.jpg	 2.496005e+03	 12	 999000	 120	 999000	 999	 2.497023e+03	 766.67	 750.00	 7.00	 30	 0.85	 
bmi_brf_118	 2	 20	 112.jpg	 2.500010e+03	 12	 999000	 120	 999000	 999	 2.501028e+03	 766.67	 750.00	 12.00	 12	 0.72	 
bmi_brf_118	 2	 20	 141.jpg	 2.502012e+03	 24	 999000	 240	 999000	 999	 2.503030e+03	 766.67	 750.00	 57.00	 41	 0.15	 
bmi_brf_118	 2	 20	 147.jpg	 2.504014e+03	 12	 999000	 120	 999000	 999	 2.505032e+03	 766.67	 750.00	 19.00	 47	 0.63	 
bmi_brf_118	 2	 20	 160.jpg	 2.506017e+03	 24	 999000	 240	 999000	 999	 2.507034e+03	 766.67	 750.00	 40.00	 60	 0.42	 
bmi_brf_118	 2	 20	 123.jpg	 2.508002e+03	 12	 999000	 120	 999000	 999	 2.509020e+03	 766.67	 750.00	 22.00	 23	 0.55	 
bmi_brf_118	 2	 20	 108.jpg	 2.514009e+03	 11	 1.097922e+03	 1100	 7.669468e+02	 98	 2.515043e+03	 716.67	 750.00	 16.00	 8	 0.68	 
bmi_brf_118	 2	 20	 159.jpg	 2.517012e+03	 22	 9.345872e+02	 220	 7.502833e+02	 98	 2.518047e+03	 716.67	 766.67	 51.00	 59	 0.25	 
bmi_brf_118	 2	 20	 143.jpg	 2.519015e+03	 12	 999000	 120	 999000	 999	 2.520032e+03	 716.67	 766.67	 3.00	 43	 0.87	 
bmi_brf_118	 2	 20	 110.jpg	 2.521017e+03	 24	 999000	 240	 999000	 999	 2.522038e+03	 716.67	 766.67	 39.00	 10	 0.43	 
bmi_brf_118	 2	 20	 151.jpg	 2.524004e+03	 12	 999000	 120	 999000	 999	 2.525021e+03	 716.67	 766.67	 13.00	 51	 0.72	 
bmi_brf_118	 2	 20	 137.jpg	 2.526006e+03	 12	 999000	 120	 999000	 999	 2.527024e+03	 716.67	 766.67	 15.00	 37	 0.68	 
bmi_brf_118	 2	 20	 127.jpg	 2.528008e+03	 12	 999000	 120	 999000	 999	 2.529026e+03	 716.67	 766.67	 4.00	 27	 0.87	 
bmi_brf_118	 2	 20	 145.jpg	 2.530010e+03	 22	 9.927064e+02	 220	 7.669506e+02	 98	 2.531045e+03	 716.67	 783.33	 46.00	 45	 0.32	 
bmi_brf_118	 2	 20	 149.jpg	 2.533014e+03	 12	 999000	 120	 999000	 999	 2.534031e+03	 716.67	 783.33	 21.00	 49	 0.56	 
bmi_brf_118	 2	 20	 132.jpg	 2.535016e+03	 22	 9.549585e+02	 220	 7.836097e+02	 98	 2.536050e+03	 716.67	 800.00	 48.00	 32	 0.27	 
bmi_brf_118	 2	 20	 105.jpg	 2.537001e+03	 22	 9.937349e+02	 220	 8.002764e+02	 98	 2.538036e+03	 716.67	 816.67	 43.00	 5	 0.36	 
bmi_brf_118	 2	 20	 125.jpg	 2.539005e+03	 24	 999000	 240	 999000	 999	 2.540021e+03	 716.67	 816.67	 53.00	 25	 0.18	 
bmi_brf_118	 2	 20	 129.jpg	 2.541006e+03	 11	 8.289296e+02	 110	 7.169440e+02	 98	 2.542040e+03	 733.33	 816.67	 9.00	 29	 0.81	 
bmi_brf_118	 2	 20	 157.jpg	 2.547013e+03	 12	 999000	 120	 999000	 999	 2.548031e+03	 733.33	 816.67	 6.00	 57	 0.86	 
bmi_brf_118	 2	 20	 128.jpg	 2.550016e+03	 12	 999000	 120	 999000	 999	 2.551034e+03	 733.33	 816.67	 5.00	 28	 0.86	 
bmi_brf_118	 2	 20	 134.jpg	 2.554004e+03	 11	 9.590103e+02	 110	 7.336366e+02	 98	 2.555038e+03	 750.00	 816.67	 14.00	 34	 0.68	 
