subjectID	 order	 runNum	 itemName	 onsetTime	 shuff_trialType	 RT	 respInTime	 AudioTime	 response	 fixationTime	 ladder1	 ladder2	 bidIndex	 itemNameIndex	 bidValue	 
BMI_bfr_121	 1	 5	 117.jpg	 5.595485e+02	 12	 999000	 120	 999000	 999	 5.605663e+02	 616.67	 616.67	 19.00	 17	 0.63	 
BMI_bfr_121	 1	 5	 130.jpg	 5.615508e+02	 11	 1.263002e+03	 1100	 6.170013e+02	 98	 5.625852e+02	 566.67	 616.67	 10.00	 30	 0.73	 
BMI_bfr_121	 1	 5	 154.jpg	 5.655387e+02	 12	 999000	 120	 999000	 999	 5.665564e+02	 566.67	 616.67	 6.00	 54	 0.79	 
BMI_bfr_121	 1	 5	 143.jpg	 5.685420e+02	 11	 8.478233e+02	 110	 5.670111e+02	 98	 5.695765e+02	 583.33	 616.67	 12.00	 43	 0.68	 
BMI_bfr_121	 1	 5	 152.jpg	 5.705442e+02	 12	 999000	 120	 999000	 999	 5.715620e+02	 583.33	 616.67	 22.00	 52	 0.61	 
BMI_bfr_121	 1	 5	 132.jpg	 5.735477e+02	 24	 999000	 240	 999000	 999	 5.745653e+02	 583.33	 616.67	 40.00	 32	 0.38	 
BMI_bfr_121	 1	 5	 116.jpg	 5.775521e+02	 12	 999000	 120	 999000	 999	 5.785699e+02	 583.33	 616.67	 4.00	 16	 0.83	 
BMI_bfr_121	 1	 5	 150.jpg	 5.815400e+02	 24	 999000	 240	 999000	 999	 5.825577e+02	 583.33	 616.67	 54.00	 50	 0.20	 
BMI_bfr_121	 1	 5	 118.jpg	 5.835422e+02	 11	 8.875263e+02	 110	 5.836703e+02	 98	 5.845774e+02	 600.00	 616.67	 7.00	 18	 0.79	 
BMI_bfr_121	 1	 5	 133.jpg	 5.885477e+02	 24	 999000	 240	 999000	 999	 5.895655e+02	 600.00	 616.67	 42.00	 33	 0.37	 
BMI_bfr_121	 1	 5	 147.jpg	 5.905500e+02	 24	 999000	 240	 999000	 999	 5.915679e+02	 600.00	 616.67	 58.00	 47	 0.14	 
BMI_bfr_121	 1	 5	 144.jpg	 5.925523e+02	 24	 999000	 240	 999000	 999	 5.935701e+02	 600.00	 616.67	 57.00	 44	 0.16	 
BMI_bfr_121	 1	 5	 123.jpg	 5.985423e+02	 12	 999000	 120	 999000	 999	 5.995600e+02	 600.00	 616.67	 3.00	 23	 0.84	 
BMI_bfr_121	 1	 5	 109.jpg	 6.005445e+02	 12	 999000	 120	 999000	 999	 6.015623e+02	 600.00	 616.67	 11.00	 9	 0.73	 
BMI_bfr_121	 1	 5	 134.jpg	 6.025469e+02	 11	 1.026840e+03	 1100	 6.003552e+02	 98	 6.035813e+02	 550.00	 616.67	 18.00	 34	 0.64	 
BMI_bfr_121	 1	 5	 110.jpg	 6.045491e+02	 12	 999000	 120	 999000	 999	 6.055669e+02	 550.00	 616.67	 5.00	 10	 0.82	 
BMI_bfr_121	 1	 5	 141.jpg	 6.085366e+02	 22	 1.021251e+03	 2200	 6.170254e+02	 98	 6.095722e+02	 550.00	 566.67	 45.00	 41	 0.35	 
BMI_bfr_121	 1	 5	 128.jpg	 6.125414e+02	 24	 999000	 240	 999000	 999	 6.135592e+02	 550.00	 566.67	 49.00	 28	 0.29	 
BMI_bfr_121	 1	 5	 138.jpg	 6.155447e+02	 24	 999000	 240	 999000	 999	 6.165625e+02	 550.00	 566.67	 51.00	 38	 0.28	 
BMI_bfr_121	 1	 5	 156.jpg	 6.195492e+02	 24	 999000	 240	 999000	 999	 6.205670e+02	 550.00	 566.67	 43.00	 56	 0.36	 
BMI_bfr_121	 1	 5	 135.jpg	 6.225357e+02	 22	 9.500575e+02	 220	 5.670687e+02	 98	 6.235704e+02	 550.00	 583.33	 53.00	 35	 0.26	 
BMI_bfr_121	 1	 5	 136.jpg	 6.245382e+02	 12	 999000	 120	 999000	 999	 6.255559e+02	 550.00	 583.33	 21.00	 36	 0.61	 
BMI_bfr_121	 1	 5	 137.jpg	 6.285428e+02	 24	 999000	 240	 999000	 999	 6.295604e+02	 550.00	 583.33	 41.00	 37	 0.37	 
BMI_bfr_121	 1	 5	 120.jpg	 6.305449e+02	 12	 999000	 120	 999000	 999	 6.315627e+02	 550.00	 583.33	 17.00	 20	 0.65	 
BMI_bfr_121	 1	 5	 126.jpg	 6.325472e+02	 22	 8.825166e+02	 220	 5.836886e+02	 98	 6.335817e+02	 550.00	 600.00	 44.00	 26	 0.36	 
BMI_bfr_121	 1	 5	 157.jpg	 6.365517e+02	 11	 9.340940e+02	 110	 5.503394e+02	 98	 6.375861e+02	 566.67	 600.00	 15.00	 57	 0.66	 
BMI_bfr_121	 1	 5	 160.jpg	 6.385373e+02	 12	 999000	 120	 999000	 999	 6.395550e+02	 566.67	 600.00	 8.00	 60	 0.77	 
BMI_bfr_121	 1	 5	 139.jpg	 6.425418e+02	 24	 999000	 240	 999000	 999	 6.435595e+02	 566.67	 600.00	 55.00	 39	 0.20	 
BMI_bfr_121	 1	 5	 122.jpg	 6.465463e+02	 12	 999000	 120	 999000	 999	 6.475645e+02	 566.67	 600.00	 16.00	 22	 0.65	 
BMI_bfr_121	 1	 5	 146.jpg	 6.495498e+02	 24	 999000	 240	 999000	 999	 6.505674e+02	 566.67	 600.00	 39.00	 46	 0.39	 
BMI_bfr_121	 1	 5	 149.jpg	 6.555397e+02	 22	 9.860145e+02	 220	 6.003376e+02	 98	 6.565748e+02	 566.67	 616.67	 47.00	 49	 0.32	 
BMI_bfr_121	 1	 5	 106.jpg	 6.575420e+02	 12	 999000	 120	 999000	 999	 6.585598e+02	 566.67	 616.67	 20.00	 6	 0.63	 
BMI_bfr_121	 1	 5	 127.jpg	 6.615464e+02	 22	 8.993196e+02	 220	 6.170012e+02	 98	 6.625809e+02	 566.67	 633.33	 50.00	 27	 0.29	 
BMI_bfr_121	 1	 5	 140.jpg	 6.635487e+02	 12	 999000	 120	 999000	 999	 6.645665e+02	 566.67	 633.33	 9.00	 40	 0.74	 
BMI_bfr_121	 1	 5	 101.jpg	 6.655509e+02	 11	 8.628594e+02	 110	 5.669971e+02	 98	 6.665854e+02	 583.33	 633.33	 13.00	 1	 0.67	 
BMI_bfr_121	 1	 5	 148.jpg	 6.675362e+02	 22	 9.655616e+02	 220	 6.336979e+02	 98	 6.685710e+02	 583.33	 650.00	 52.00	 48	 0.26	 
BMI_bfr_121	 1	 5	 105.jpg	 6.725421e+02	 12	 999000	 120	 999000	 999	 6.735598e+02	 583.33	 650.00	 14.00	 5	 0.66	 
BMI_bfr_121	 1	 5	 125.jpg	 6.745443e+02	 24	 999000	 240	 999000	 999	 6.755621e+02	 583.33	 650.00	 46.00	 25	 0.33	 
BMI_bfr_121	 1	 5	 142.jpg	 6.765467e+02	 24	 999000	 240	 999000	 999	 6.775643e+02	 583.33	 650.00	 48.00	 42	 0.30	 
BMI_bfr_121	 1	 5	 102.jpg	 6.795500e+02	 24	 999000	 240	 999000	 999	 6.805678e+02	 583.33	 650.00	 56.00	 2	 0.20	 
