subjectID	 order	 runNum	 itemName	 onsetTime	 shuff_trialType	 RT	 respInTime	 AudioTime	 response	 fixationTime	 ladder1	 ladder2	 bidIndex	 itemNameIndex	 bidValue	 
BMI_bfr_101	 1	 17	 134.jpg	 1.996921e+03	 12	 999000	 120	 999000	 999	 1.997938e+03	 550.00	 616.67	 6.00	 34	 0.83	 
BMI_bfr_101	 1	 17	 156.jpg	 1.998923e+03	 22	 9.949622e+02	 220	 6.170382e+02	 98	 1.999957e+03	 550.00	 633.33	 47.00	 56	 0.34	 
BMI_bfr_101	 1	 17	 141.jpg	 2.002911e+03	 24	 999000	 240	 999000	 999	 2.003928e+03	 550.00	 633.33	 41.00	 41	 0.36	 
BMI_bfr_101	 1	 17	 110.jpg	 2.005914e+03	 11	 8.597954e+02	 110	 5.503267e+02	 98	 2.006949e+03	 566.67	 633.33	 15.00	 10	 0.70	 
BMI_bfr_101	 1	 17	 139.jpg	 2.007916e+03	 24	 999000	 240	 999000	 999	 2.008934e+03	 566.67	 633.33	 58.00	 39	 0.11	 
BMI_bfr_101	 1	 17	 131.jpg	 2.010920e+03	 24	 999000	 240	 999000	 999	 2.011937e+03	 566.67	 633.33	 57.00	 31	 0.11	 
BMI_bfr_101	 1	 17	 101.jpg	 2.014907e+03	 12	 999000	 120	 999000	 999	 2.015925e+03	 566.67	 633.33	 5.00	 1	 0.83	 
BMI_bfr_101	 1	 17	 106.jpg	 2.018912e+03	 11	 8.618572e+02	 110	 5.670615e+02	 98	 2.019947e+03	 583.33	 633.33	 7.00	 6	 0.82	 
BMI_bfr_101	 1	 17	 142.jpg	 2.020914e+03	 12	 999000	 120	 999000	 999	 2.021932e+03	 583.33	 633.33	 20.00	 42	 0.62	 
BMI_bfr_101	 1	 17	 115.jpg	 2.025920e+03	 24	 999000	 240	 999000	 999	 2.026938e+03	 583.33	 633.33	 51.00	 15	 0.21	 
BMI_bfr_101	 1	 17	 116.jpg	 2.027922e+03	 24	 999000	 240	 999000	 999	 2.028940e+03	 583.33	 633.33	 43.00	 16	 0.35	 
BMI_bfr_101	 1	 17	 153.jpg	 2.029908e+03	 22	 9.860865e+02	 220	 6.336512e+02	 98	 2.030942e+03	 583.33	 650.00	 53.00	 53	 0.19	 
BMI_bfr_101	 1	 17	 124.jpg	 2.035914e+03	 11	 8.195105e+02	 110	 5.836423e+02	 98	 2.036949e+03	 600.00	 650.00	 10.00	 24	 0.79	 
BMI_bfr_101	 1	 17	 130.jpg	 2.037917e+03	 11	 8.972136e+02	 110	 6.002896e+02	 98	 2.038951e+03	 616.67	 650.00	 18.00	 30	 0.63	 
BMI_bfr_101	 1	 17	 147.jpg	 2.039919e+03	 12	 999000	 120	 999000	 999	 2.040937e+03	 616.67	 650.00	 9.00	 47	 0.81	 
BMI_bfr_101	 1	 17	 154.jpg	 2.041921e+03	 12	 999000	 120	 999000	 999	 2.042939e+03	 616.67	 650.00	 11.00	 54	 0.78	 
BMI_bfr_101	 1	 17	 160.jpg	 2.045909e+03	 12	 999000	 120	 999000	 999	 2.046927e+03	 616.67	 650.00	 8.00	 60	 0.82	 
BMI_bfr_101	 1	 17	 157.jpg	 2.049914e+03	 12	 999000	 120	 999000	 999	 2.050931e+03	 616.67	 650.00	 16.00	 57	 0.69	 
BMI_bfr_101	 1	 17	 144.jpg	 2.052917e+03	 24	 999000	 240	 999000	 999	 2.053935e+03	 616.67	 650.00	 55.00	 44	 0.15	 
BMI_bfr_101	 1	 17	 155.jpg	 2.056921e+03	 22	 9.965635e+02	 220	 6.503305e+02	 98	 2.057956e+03	 616.67	 666.67	 50.00	 55	 0.24	 
BMI_bfr_101	 1	 17	 146.jpg	 2.059908e+03	 24	 999000	 240	 999000	 999	 2.060926e+03	 616.67	 666.67	 46.00	 46	 0.35	 
BMI_bfr_101	 1	 17	 159.jpg	 2.061910e+03	 24	 999000	 240	 999000	 999	 2.062928e+03	 616.67	 666.67	 49.00	 59	 0.27	 
BMI_bfr_101	 1	 17	 127.jpg	 2.065915e+03	 11	 8.749607e+02	 110	 6.170050e+02	 98	 2.066949e+03	 633.33	 666.67	 13.00	 27	 0.77	 
BMI_bfr_101	 1	 17	 120.jpg	 2.067917e+03	 12	 999000	 120	 999000	 999	 2.068935e+03	 633.33	 666.67	 21.00	 20	 0.60	 
BMI_bfr_101	 1	 17	 129.jpg	 2.069919e+03	 12	 999000	 120	 999000	 999	 2.070937e+03	 633.33	 666.67	 19.00	 29	 0.63	 
BMI_bfr_101	 1	 17	 138.jpg	 2.073907e+03	 24	 999000	 240	 999000	 999	 2.074925e+03	 633.33	 666.67	 56.00	 38	 0.13	 
BMI_bfr_101	 1	 17	 135.jpg	 2.075909e+03	 24	 999000	 240	 999000	 999	 2.076927e+03	 633.33	 666.67	 48.00	 35	 0.29	 
BMI_bfr_101	 1	 17	 151.jpg	 2.079914e+03	 12	 999000	 120	 999000	 999	 2.080932e+03	 633.33	 666.67	 22.00	 51	 0.58	 
BMI_bfr_101	 1	 17	 132.jpg	 2.083918e+03	 24	 999000	 240	 999000	 999	 2.084936e+03	 633.33	 666.67	 40.00	 32	 0.38	 
BMI_bfr_101	 1	 17	 125.jpg	 2.086922e+03	 22	 1.012155e+03	 2200	 6.670061e+02	 98	 2.087956e+03	 633.33	 616.67	 45.00	 25	 0.35	 
BMI_bfr_101	 1	 17	 152.jpg	 2.092912e+03	 12	 999000	 120	 999000	 999	 2.093930e+03	 633.33	 616.67	 4.00	 52	 0.87	 
BMI_bfr_101	 1	 17	 143.jpg	 2.094914e+03	 12	 999000	 120	 999000	 999	 2.095932e+03	 633.33	 616.67	 17.00	 43	 0.64	 
BMI_bfr_101	 1	 17	 150.jpg	 2.098919e+03	 22	 8.553469e+02	 220	 6.169738e+02	 98	 2.099953e+03	 633.33	 633.33	 44.00	 50	 0.35	 
BMI_bfr_101	 1	 17	 105.jpg	 2.100921e+03	 24	 999000	 240	 999000	 999	 2.101939e+03	 633.33	 633.33	 39.00	 5	 0.39	 
BMI_bfr_101	 1	 17	 137.jpg	 2.102923e+03	 24	 999000	 240	 999000	 999	 2.103941e+03	 633.33	 633.33	 42.00	 37	 0.36	 
BMI_bfr_101	 1	 17	 113.jpg	 2.104909e+03	 12	 999000	 120	 999000	 999	 2.105926e+03	 633.33	 633.33	 3.00	 13	 0.89	 
BMI_bfr_101	 1	 17	 145.jpg	 2.109914e+03	 22	 8.515970e+02	 220	 6.336719e+02	 98	 2.110949e+03	 633.33	 650.00	 52.00	 45	 0.20	 
BMI_bfr_101	 1	 17	 158.jpg	 2.111917e+03	 24	 999000	 240	 999000	 999	 2.112934e+03	 633.33	 650.00	 54.00	 58	 0.16	 
BMI_bfr_101	 1	 17	 133.jpg	 2.113919e+03	 11	 8.391363e+02	 110	 6.336733e+02	 98	 2.114953e+03	 650.00	 650.00	 12.00	 33	 0.78	 
BMI_bfr_101	 1	 17	 108.jpg	 2.116922e+03	 12	 999000	 120	 999000	 999	 2.117940e+03	 650.00	 650.00	 14.00	 8	 0.73	 
