1	 2	 108.jpg	 1	 1	 18	 1	 
2	 83	 255.jpg	 0	 0	 0	 0	 
3	 78	 250.jpg	 0	 0	 0	 0	 
4	 21	 146.jpg	 1	 1	 55	 0	 
5	 19	 143.jpg	 1	 0	 48	 0	 
6	 44	 216.jpg	 0	 0	 0	 0	 
7	 17	 138.jpg	 1	 1	 49	 0	 
8	 36	 208.jpg	 0	 0	 0	 0	 
9	 11	 125.jpg	 1	 1	 51	 0	 
10	 52	 224.jpg	 0	 0	 0	 0	 
11	 76	 248.jpg	 0	 0	 0	 0	 
12	 24	 150.jpg	 1	 0	 43	 0	 
13	 14	 134.jpg	 1	 1	 6	 0	 
14	 74	 246.jpg	 0	 0	 0	 0	 
15	 5	 113.jpg	 1	 1	 16	 0	 
16	 62	 234.jpg	 0	 0	 0	 0	 
17	 8	 121.jpg	 1	 1	 44	 1	 
18	 53	 225.jpg	 0	 0	 0	 0	 
19	 87	 259.jpg	 0	 0	 0	 0	 
20	 45	 217.jpg	 0	 0	 0	 0	 
21	 42	 214.jpg	 0	 0	 0	 0	 
22	 85	 257.jpg	 0	 0	 0	 0	 
23	 80	 252.jpg	 0	 0	 0	 0	 
24	 71	 243.jpg	 0	 0	 0	 0	 
25	 68	 240.jpg	 0	 0	 0	 0	 
26	 6	 115.jpg	 1	 1	 47	 1	 
27	 81	 253.jpg	 0	 0	 0	 0	 
28	 10	 124.jpg	 1	 1	 46	 0	 
29	 12	 128.jpg	 1	 1	 56	 0	 
30	 26	 156.jpg	 1	 1	 45	 1	 
31	 64	 236.jpg	 0	 1	 0	 0	 
32	 34	 206.jpg	 0	 0	 0	 0	 
33	 58	 230.jpg	 0	 0	 0	 0	 
34	 29	 201.jpg	 0	 0	 0	 0	 
35	 47	 219.jpg	 0	 0	 0	 0	 
36	 63	 235.jpg	 0	 0	 0	 0	 
37	 77	 249.jpg	 0	 0	 0	 0	 
38	 39	 211.jpg	 0	 0	 0	 0	 
39	 30	 202.jpg	 0	 0	 0	 0	 
40	 69	 241.jpg	 0	 0	 0	 0	 
41	 54	 226.jpg	 0	 0	 0	 0	 
42	 51	 223.jpg	 0	 0	 0	 0	 
43	 28	 159.jpg	 1	 1	 17	 0	 
44	 31	 203.jpg	 0	 0	 0	 0	 
45	 73	 245.jpg	 0	 0	 0	 0	 
46	 38	 210.jpg	 0	 0	 0	 0	 
47	 82	 254.jpg	 0	 0	 0	 0	 
48	 49	 221.jpg	 0	 1	 0	 0	 
49	 33	 205.jpg	 0	 0	 0	 0	 
50	 20	 145.jpg	 1	 1	 54	 0	 
51	 57	 229.jpg	 0	 0	 0	 0	 
52	 23	 148.jpg	 1	 1	 53	 1	 
53	 25	 151.jpg	 1	 1	 7	 1	 
54	 4	 110.jpg	 1	 1	 5	 0	 
55	 86	 258.jpg	 0	 0	 0	 0	 
56	 55	 227.jpg	 0	 0	 0	 0	 
57	 41	 213.jpg	 0	 0	 0	 0	 
58	 22	 147.jpg	 1	 1	 11	 0	 
59	 3	 109.jpg	 1	 1	 52	 1	 
60	 79	 251.jpg	 0	 0	 0	 0	 
61	 27	 157.jpg	 1	 1	 50	 1	 
62	 72	 244.jpg	 0	 0	 0	 0	 
63	 7	 117.jpg	 1	 1	 10	 1	 
64	 37	 209.jpg	 0	 0	 0	 0	 
65	 35	 207.jpg	 0	 0	 0	 0	 
66	 67	 239.jpg	 0	 0	 0	 0	 
67	 70	 242.jpg	 0	 0	 0	 0	 
68	 18	 142.jpg	 1	 1	 12	 1	 
69	 65	 237.jpg	 0	 0	 0	 0	 
70	 75	 247.jpg	 0	 0	 0	 0	 
71	 40	 212.jpg	 0	 0	 0	 0	 
72	 9	 123.jpg	 1	 1	 13	 1	 
73	 1	 102.jpg	 1	 1	 9	 0	 
74	 88	 260.jpg	 0	 1	 0	 0	 
75	 60	 232.jpg	 0	 0	 0	 0	 
76	 61	 233.jpg	 0	 0	 0	 0	 
77	 84	 256.jpg	 0	 0	 0	 0	 
78	 32	 204.jpg	 0	 0	 0	 0	 
79	 13	 129.jpg	 1	 1	 8	 0	 
80	 48	 220.jpg	 0	 0	 0	 0	 
81	 59	 231.jpg	 0	 0	 0	 0	 
82	 16	 136.jpg	 1	 1	 14	 0	 
83	 56	 228.jpg	 0	 0	 0	 0	 
84	 50	 222.jpg	 0	 1	 0	 0	 
85	 43	 215.jpg	 0	 0	 0	 0	 
86	 15	 135.jpg	 1	 1	 15	 1	 
87	 66	 238.jpg	 0	 0	 0	 0	 
88	 46	 218.jpg	 0	 0	 0	 0	 
