subjectID	 order	 runNum	 itemName	 onsetTime	 shuff_trialType	 RT	 respInTime	 AudioTime	 response	 fixationTime	 ladder1	 ladder2	 bidIndex	 itemNameIndex	 bidValue	 
bmi_brf_118	 2	 16	 101.jpg	 1.957568e+03	 24	 999000	 240	 999000	 999	 1.958586e+03	 650.00	 716.67	 47.00	 1	 0.29	 
bmi_brf_118	 2	 16	 103.jpg	 1.960572e+03	 11	 8.549807e+02	 110	 6.503020e+02	 98	 1.961606e+03	 666.67	 716.67	 8.00	 3	 0.84	 
bmi_brf_118	 2	 16	 110.jpg	 1.962557e+03	 24	 999000	 240	 999000	 999	 1.963575e+03	 666.67	 716.67	 39.00	 10	 0.43	 
bmi_brf_118	 2	 16	 159.jpg	 1.964560e+03	 22	 1.019406e+03	 2200	 7.169541e+02	 98	 1.965594e+03	 666.67	 666.67	 51.00	 59	 0.25	 
bmi_brf_118	 2	 16	 144.jpg	 1.966562e+03	 22	 5.129742e+02	 22	 6.669505e+02	 98	 1.967596e+03	 666.67	 683.33	 54.00	 44	 0.16	 
bmi_brf_118	 2	 16	 107.jpg	 1.969565e+03	 24	 999000	 240	 999000	 999	 1.970583e+03	 666.67	 683.33	 41.00	 7	 0.40	 
bmi_brf_118	 2	 16	 149.jpg	 1.971567e+03	 12	 999000	 120	 999000	 999	 1.972585e+03	 666.67	 683.33	 21.00	 49	 0.56	 
bmi_brf_118	 2	 16	 129.jpg	 1.975572e+03	 11	 8.389953e+02	 110	 6.669456e+02	 98	 1.976606e+03	 683.33	 683.33	 9.00	 29	 0.81	 
bmi_brf_118	 2	 16	 115.jpg	 1.977557e+03	 24	 999000	 240	 999000	 999	 1.978575e+03	 683.33	 683.33	 56.00	 15	 0.15	 
bmi_brf_118	 2	 16	 141.jpg	 1.982563e+03	 24	 999000	 240	 999000	 999	 1.983581e+03	 683.33	 683.33	 57.00	 41	 0.15	 
bmi_brf_118	 2	 16	 104.jpg	 1.984565e+03	 24	 999000	 240	 999000	 999	 1.985583e+03	 683.33	 683.33	 55.00	 4	 0.15	 
bmi_brf_118	 2	 16	 134.jpg	 1.988570e+03	 11	 8.810574e+02	 110	 6.836089e+02	 98	 1.989604e+03	 700.00	 683.33	 14.00	 34	 0.68	 
bmi_brf_118	 2	 16	 116.jpg	 1.990572e+03	 24	 999000	 240	 999000	 999	 1.991607e+03	 700.00	 683.33	 42.00	 16	 0.40	 
bmi_brf_118	 2	 16	 127.jpg	 1.993559e+03	 12	 999000	 120	 999000	 999	 1.994577e+03	 700.00	 683.33	 4.00	 27	 0.87	 
bmi_brf_118	 2	 16	 119.jpg	 1.998564e+03	 24	 999000	 240	 999000	 999	 1.999582e+03	 700.00	 683.33	 58.00	 19	 0.15	 
bmi_brf_118	 2	 16	 108.jpg	 2.000567e+03	 11	 6.281950e+02	 11	 7.002074e+02	 98	 2.001601e+03	 716.67	 683.33	 16.00	 8	 0.68	 
bmi_brf_118	 2	 16	 139.jpg	 2.002569e+03	 22	 9.058852e+02	 220	 6.836295e+02	 98	 2.003604e+03	 716.67	 700.00	 49.00	 39	 0.26	 
bmi_brf_118	 2	 16	 158.jpg	 2.006557e+03	 24	 999000	 240	 999000	 999	 2.007575e+03	 716.67	 700.00	 45.00	 58	 0.33	 
bmi_brf_118	 2	 16	 150.jpg	 2.010561e+03	 11	 1.009859e+03	 1100	 7.169534e+02	 98	 2.011596e+03	 666.67	 700.00	 11.00	 50	 0.72	 
bmi_brf_118	 2	 16	 156.jpg	 2.014566e+03	 24	 999000	 240	 999000	 999	 2.015583e+03	 666.67	 700.00	 52.00	 56	 0.19	 
bmi_brf_118	 2	 16	 126.jpg	 2.016568e+03	 12	 999000	 120	 999000	 999	 2.017586e+03	 666.67	 700.00	 18.00	 26	 0.66	 
bmi_brf_118	 2	 16	 135.jpg	 2.018570e+03	 12	 999000	 120	 999000	 999	 2.019588e+03	 666.67	 700.00	 20.00	 35	 0.56	 
bmi_brf_118	 2	 16	 147.jpg	 2.020572e+03	 12	 999000	 120	 999000	 999	 2.021590e+03	 666.67	 700.00	 19.00	 47	 0.63	 
bmi_brf_118	 2	 16	 143.jpg	 2.022558e+03	 12	 999000	 120	 999000	 999	 2.023576e+03	 666.67	 700.00	 3.00	 43	 0.87	 
bmi_brf_118	 2	 16	 142.jpg	 2.028565e+03	 24	 999000	 240	 999000	 999	 2.029582e+03	 666.67	 700.00	 44.00	 42	 0.34	 
bmi_brf_118	 2	 16	 151.jpg	 2.031568e+03	 12	 999000	 120	 999000	 999	 2.032586e+03	 666.67	 700.00	 13.00	 51	 0.72	 
bmi_brf_118	 2	 16	 123.jpg	 2.033570e+03	 12	 999000	 120	 999000	 999	 2.034588e+03	 666.67	 700.00	 22.00	 23	 0.55	 
bmi_brf_118	 2	 16	 132.jpg	 2.035573e+03	 22	 9.664424e+02	 220	 7.002859e+02	 98	 2.036607e+03	 666.67	 716.67	 48.00	 32	 0.27	 
bmi_brf_118	 2	 16	 112.jpg	 2.038559e+03	 12	 999000	 120	 999000	 999	 2.039577e+03	 666.67	 716.67	 12.00	 12	 0.72	 
bmi_brf_118	 2	 16	 105.jpg	 2.040562e+03	 22	 9.533571e+02	 220	 7.169624e+02	 98	 2.041596e+03	 666.67	 733.33	 43.00	 5	 0.36	 
bmi_brf_118	 2	 16	 145.jpg	 2.042564e+03	 22	 9.352260e+02	 220	 7.336093e+02	 98	 2.043598e+03	 666.67	 750.00	 46.00	 45	 0.32	 
bmi_brf_118	 2	 16	 152.jpg	 2.044566e+03	 12	 999000	 120	 999000	 999	 2.045584e+03	 666.67	 750.00	 10.00	 52	 0.76	 
bmi_brf_118	 2	 16	 157.jpg	 2.047569e+03	 12	 999000	 120	 999000	 999	 2.048587e+03	 666.67	 750.00	 6.00	 57	 0.86	 
bmi_brf_118	 2	 16	 125.jpg	 2.049572e+03	 24	 999000	 240	 999000	 999	 2.050589e+03	 666.67	 750.00	 53.00	 25	 0.18	 
bmi_brf_118	 2	 16	 130.jpg	 2.051557e+03	 12	 999000	 120	 999000	 999	 2.052575e+03	 666.67	 750.00	 7.00	 30	 0.85	 
bmi_brf_118	 2	 16	 121.jpg	 2.053560e+03	 24	 999000	 240	 999000	 999	 2.054577e+03	 666.67	 750.00	 50.00	 21	 0.26	 
bmi_brf_118	 2	 16	 160.jpg	 2.055562e+03	 24	 999000	 240	 999000	 999	 2.056579e+03	 666.67	 750.00	 40.00	 60	 0.42	 
bmi_brf_118	 2	 16	 138.jpg	 2.061568e+03	 11	 6.425153e+02	 11	 6.668284e+02	 98	 2.062603e+03	 683.33	 750.00	 17.00	 38	 0.67	 
bmi_brf_118	 2	 16	 137.jpg	 2.064572e+03	 12	 999000	 120	 999000	 999	 2.065590e+03	 683.33	 750.00	 15.00	 37	 0.68	 
bmi_brf_118	 2	 16	 128.jpg	 2.068560e+03	 12	 999000	 120	 999000	 999	 2.069577e+03	 683.33	 750.00	 5.00	 28	 0.86	 
