subjectID	 order	 runNum	 itemName	 onsetTime	 shuff_trialType	 RT	 respInTime	 AudioTime	 response	 fixationTime	 ladder1	 ladder2	 bidIndex	 itemNameIndex	 bidValue	 
BMI_bfr_126	 2	 11	 135.jpg	 1.280555e+03	 24	 999000	 240	 999000	 999	 1.281573e+03	 683.33	 616.67	 47.00	 35	 0.30	 
BMI_bfr_126	 2	 11	 132.jpg	 1.282541e+03	 24	 999000	 240	 999000	 999	 1.283559e+03	 683.33	 616.67	 57.00	 32	 0.18	 
BMI_bfr_126	 2	 11	 125.jpg	 1.286545e+03	 24	 999000	 240	 999000	 999	 1.287563e+03	 683.33	 616.67	 42.00	 25	 0.36	 
BMI_bfr_126	 2	 11	 102.jpg	 1.289549e+03	 12	 999000	 120	 999000	 999	 1.290567e+03	 683.33	 616.67	 12.00	 2	 0.76	 
BMI_bfr_126	 2	 11	 129.jpg	 1.291551e+03	 22	 9.431752e+02	 220	 6.169790e+02	 98	 1.292586e+03	 683.33	 633.33	 51.00	 29	 0.23	 
BMI_bfr_126	 2	 11	 128.jpg	 1.294555e+03	 12	 999000	 120	 999000	 999	 1.295572e+03	 683.33	 633.33	 4.00	 28	 0.85	 
BMI_bfr_126	 2	 11	 141.jpg	 1.298542e+03	 24	 999000	 240	 999000	 999	 1.299560e+03	 683.33	 633.33	 56.00	 41	 0.19	 
BMI_bfr_126	 2	 11	 130.jpg	 1.302549e+03	 11	 9.693291e+02	 110	 6.836565e+02	 98	 1.303598e+03	 700.00	 633.33	 14.00	 30	 0.74	 
BMI_bfr_126	 2	 11	 160.jpg	 1.304549e+03	 24	 999000	 240	 999000	 999	 1.305567e+03	 700.00	 633.33	 50.00	 60	 0.26	 
BMI_bfr_126	 2	 11	 131.jpg	 1.309538e+03	 12	 999000	 120	 999000	 999	 1.310556e+03	 700.00	 633.33	 21.00	 31	 0.63	 
BMI_bfr_126	 2	 11	 151.jpg	 1.311540e+03	 24	 999000	 240	 999000	 999	 1.312558e+03	 700.00	 633.33	 41.00	 51	 0.37	 
BMI_bfr_126	 2	 11	 133.jpg	 1.313542e+03	 22	 7.917729e+02	 220	 6.336165e+02	 98	 1.314577e+03	 700.00	 650.00	 54.00	 33	 0.21	 
BMI_bfr_126	 2	 11	 148.jpg	 1.319549e+03	 24	 999000	 240	 999000	 999	 1.320567e+03	 700.00	 650.00	 55.00	 48	 0.19	 
BMI_bfr_126	 2	 11	 149.jpg	 1.321551e+03	 12	 999000	 120	 999000	 999	 1.322569e+03	 700.00	 650.00	 20.00	 49	 0.67	 
BMI_bfr_126	 2	 11	 145.jpg	 1.323554e+03	 12	 999000	 120	 999000	 999	 1.324571e+03	 700.00	 650.00	 10.00	 45	 0.78	 
BMI_bfr_126	 2	 11	 118.jpg	 1.325539e+03	 24	 999000	 240	 999000	 999	 1.326557e+03	 700.00	 650.00	 44.00	 18	 0.32	 
BMI_bfr_126	 2	 11	 152.jpg	 1.329544e+03	 11	 9.666554e+02	 110	 7.002818e+02	 98	 1.330578e+03	 716.67	 650.00	 11.00	 52	 0.77	 
BMI_bfr_126	 2	 11	 154.jpg	 1.333548e+03	 24	 999000	 240	 999000	 999	 1.334566e+03	 716.67	 650.00	 40.00	 54	 0.39	 
BMI_bfr_126	 2	 11	 157.jpg	 1.336553e+03	 12	 999000	 120	 999000	 999	 1.337569e+03	 716.67	 650.00	 18.00	 57	 0.68	 
BMI_bfr_126	 2	 11	 155.jpg	 1.340539e+03	 24	 999000	 240	 999000	 999	 1.341557e+03	 716.67	 650.00	 39.00	 55	 0.39	 
BMI_bfr_126	 2	 11	 101.jpg	 1.343543e+03	 11	 7.675732e+02	 110	 7.171202e+02	 98	 1.344577e+03	 733.33	 650.00	 17.00	 1	 0.68	 
BMI_bfr_126	 2	 11	 119.jpg	 1.345545e+03	 22	 7.572881e+02	 220	 6.503132e+02	 98	 1.346579e+03	 733.33	 666.67	 48.00	 19	 0.27	 
BMI_bfr_126	 2	 11	 103.jpg	 1.349549e+03	 12	 999000	 120	 999000	 999	 1.350567e+03	 733.33	 666.67	 13.00	 3	 0.75	 
BMI_bfr_126	 2	 11	 138.jpg	 1.351552e+03	 24	 999000	 240	 999000	 999	 1.352569e+03	 733.33	 666.67	 45.00	 38	 0.32	 
BMI_bfr_126	 2	 11	 117.jpg	 1.353554e+03	 24	 999000	 240	 999000	 999	 1.354574e+03	 733.33	 666.67	 58.00	 17	 0.16	 
BMI_bfr_126	 2	 11	 108.jpg	 1.357542e+03	 22	 8.725388e+02	 220	 6.669563e+02	 98	 1.358576e+03	 733.33	 683.33	 46.00	 8	 0.31	 
BMI_bfr_126	 2	 11	 139.jpg	 1.359544e+03	 12	 999000	 120	 999000	 999	 1.360562e+03	 733.33	 683.33	 7.00	 39	 0.80	 
BMI_bfr_126	 2	 11	 153.jpg	 1.363548e+03	 12	 999000	 120	 999000	 999	 1.364566e+03	 733.33	 683.33	 6.00	 53	 0.81	 
BMI_bfr_126	 2	 11	 144.jpg	 1.367553e+03	 12	 999000	 120	 999000	 999	 1.368571e+03	 733.33	 683.33	 5.00	 44	 0.81	 
BMI_bfr_126	 2	 11	 143.jpg	 1.370540e+03	 11	 9.225862e+02	 110	 7.336328e+02	 98	 1.371574e+03	 750.00	 683.33	 16.00	 43	 0.72	 
BMI_bfr_126	 2	 11	 137.jpg	 1.376546e+03	 12	 999000	 120	 999000	 999	 1.377564e+03	 750.00	 683.33	 19.00	 37	 0.68	 
BMI_bfr_126	 2	 11	 116.jpg	 1.378549e+03	 22	 7.056642e+02	 220	 6.836118e+02	 98	 1.379583e+03	 750.00	 700.00	 49.00	 16	 0.26	 
BMI_bfr_126	 2	 11	 136.jpg	 1.382553e+03	 24	 999000	 240	 999000	 999	 1.383571e+03	 750.00	 700.00	 53.00	 36	 0.23	 
BMI_bfr_126	 2	 11	 127.jpg	 1.384538e+03	 12	 999000	 120	 999000	 999	 1.385556e+03	 750.00	 700.00	 3.00	 27	 0.86	 
BMI_bfr_126	 2	 11	 158.jpg	 1.386541e+03	 12	 999000	 120	 999000	 999	 1.387559e+03	 750.00	 700.00	 22.00	 58	 0.61	 
BMI_bfr_126	 2	 11	 113.jpg	 1.388543e+03	 11	 7.831658e+02	 110	 7.503174e+02	 98	 1.389578e+03	 766.67	 700.00	 9.00	 13	 0.78	 
BMI_bfr_126	 2	 11	 104.jpg	 1.393549e+03	 24	 999000	 240	 999000	 999	 1.394566e+03	 766.67	 700.00	 52.00	 4	 0.23	 
BMI_bfr_126	 2	 11	 124.jpg	 1.395551e+03	 22	 8.633332e+02	 220	 7.003206e+02	 98	 1.396585e+03	 766.67	 716.67	 43.00	 24	 0.36	 
BMI_bfr_126	 2	 11	 109.jpg	 1.397553e+03	 11	 1.132997e+03	 1100	 7.669721e+02	 98	 1.398588e+03	 716.67	 716.67	 8.00	 9	 0.78	 
BMI_bfr_126	 2	 11	 142.jpg	 1.400540e+03	 12	 999000	 120	 999000	 999	 1.401558e+03	 716.67	 716.67	 15.00	 42	 0.73	 
