subjectID	 order	 runNum	 itemName	 onsetTime	 shuff_trialType	 RT	 respInTime	 AudioTime	 response	 fixationTime	 ladder1	 ladder2	 bidIndex	 itemNameIndex	 bidValue	 
BMI_bfr_124	 2	 17	 128.jpg	 2.084940e+03	 24	 999000	 240	 999000	 999	 2.085959e+03	 683.33	 683.33	 55.00	 28	 0.17	 
BMI_bfr_124	 2	 17	 159.jpg	 2.089946e+03	 22	 9.312767e+02	 220	 6.836449e+02	 98	 2.090981e+03	 683.33	 700.00	 43.00	 59	 0.33	 
BMI_bfr_124	 2	 17	 154.jpg	 2.091949e+03	 12	 999000	 120	 999000	 999	 2.092966e+03	 683.33	 700.00	 22.00	 54	 0.63	 
BMI_bfr_124	 2	 17	 153.jpg	 2.093951e+03	 11	 9.749272e+02	 110	 6.836400e+02	 98	 2.094985e+03	 700.00	 700.00	 17.00	 53	 0.69	 
BMI_bfr_124	 2	 17	 105.jpg	 2.099941e+03	 12	 999000	 120	 999000	 999	 2.100959e+03	 700.00	 700.00	 3.00	 5	 0.86	 
BMI_bfr_124	 2	 17	 141.jpg	 2.101943e+03	 24	 999000	 240	 999000	 999	 2.102961e+03	 700.00	 700.00	 42.00	 41	 0.34	 
BMI_bfr_124	 2	 17	 106.jpg	 2.104947e+03	 12	 999000	 120	 999000	 999	 2.105964e+03	 700.00	 700.00	 10.00	 6	 0.76	 
BMI_bfr_124	 2	 17	 145.jpg	 2.106949e+03	 24	 999000	 240	 999000	 999	 2.107966e+03	 700.00	 700.00	 58.00	 45	 0.13	 
BMI_bfr_124	 2	 17	 152.jpg	 2.110953e+03	 12	 999000	 120	 999000	 999	 2.111971e+03	 700.00	 700.00	 18.00	 52	 0.67	 
BMI_bfr_124	 2	 17	 157.jpg	 2.112939e+03	 22	 9.948042e+02	 220	 7.003215e+02	 98	 2.113973e+03	 700.00	 716.67	 51.00	 57	 0.22	 
BMI_bfr_124	 2	 17	 142.jpg	 2.117945e+03	 24	 999000	 240	 999000	 999	 2.118962e+03	 700.00	 716.67	 39.00	 42	 0.41	 
BMI_bfr_124	 2	 17	 137.jpg	 2.124952e+03	 24	 999000	 240	 999000	 999	 2.125970e+03	 700.00	 716.67	 57.00	 37	 0.14	 
BMI_bfr_124	 2	 17	 115.jpg	 2.126938e+03	 22	 1.004288e+03	 2200	 7.169805e+02	 98	 2.127972e+03	 700.00	 666.67	 49.00	 15	 0.24	 
BMI_bfr_124	 2	 17	 138.jpg	 2.129941e+03	 22	 9.765308e+02	 220	 6.669455e+02	 98	 2.130976e+03	 700.00	 683.33	 54.00	 38	 0.17	 
BMI_bfr_124	 2	 17	 114.jpg	 2.132945e+03	 12	 999000	 120	 999000	 999	 2.133962e+03	 700.00	 683.33	 4.00	 14	 0.84	 
BMI_bfr_124	 2	 17	 117.jpg	 2.136949e+03	 12	 999000	 120	 999000	 999	 2.137967e+03	 700.00	 683.33	 19.00	 17	 0.65	 
BMI_bfr_124	 2	 17	 133.jpg	 2.140937e+03	 12	 999000	 120	 999000	 999	 2.141955e+03	 700.00	 683.33	 15.00	 33	 0.72	 
BMI_bfr_124	 2	 17	 156.jpg	 2.144941e+03	 24	 999000	 240	 999000	 999	 2.145959e+03	 700.00	 683.33	 45.00	 56	 0.32	 
BMI_bfr_124	 2	 17	 102.jpg	 2.147945e+03	 12	 999000	 120	 999000	 999	 2.148962e+03	 700.00	 683.33	 6.00	 2	 0.79	 
BMI_bfr_124	 2	 17	 160.jpg	 2.153952e+03	 22	 1.014334e+03	 2200	 6.836288e+02	 98	 2.154988e+03	 700.00	 633.33	 46.00	 60	 0.29	 
BMI_bfr_124	 2	 17	 151.jpg	 2.155937e+03	 24	 999000	 240	 999000	 999	 2.156955e+03	 700.00	 633.33	 40.00	 51	 0.40	 
BMI_bfr_124	 2	 17	 140.jpg	 2.158940e+03	 22	 8.812033e+02	 220	 6.336479e+02	 98	 2.159975e+03	 700.00	 650.00	 48.00	 40	 0.26	 
BMI_bfr_124	 2	 17	 144.jpg	 2.160943e+03	 24	 999000	 240	 999000	 999	 2.161977e+03	 700.00	 650.00	 52.00	 44	 0.19	 
BMI_bfr_124	 2	 17	 158.jpg	 2.162945e+03	 24	 999000	 240	 999000	 999	 2.163963e+03	 700.00	 650.00	 47.00	 58	 0.28	 
BMI_bfr_124	 2	 17	 127.jpg	 2.164947e+03	 24	 999000	 240	 999000	 999	 2.165965e+03	 700.00	 650.00	 56.00	 27	 0.15	 
BMI_bfr_124	 2	 17	 123.jpg	 2.167951e+03	 11	 1.047186e+03	 1100	 7.003172e+02	 98	 2.168985e+03	 650.00	 650.00	 16.00	 23	 0.71	 
BMI_bfr_124	 2	 17	 130.jpg	 2.171938e+03	 12	 999000	 120	 999000	 999	 2.172956e+03	 650.00	 650.00	 21.00	 30	 0.64	 
BMI_bfr_124	 2	 17	 150.jpg	 2.173941e+03	 24	 999000	 240	 999000	 999	 2.174958e+03	 650.00	 650.00	 41.00	 50	 0.36	 
BMI_bfr_124	 2	 17	 112.jpg	 2.175943e+03	 12	 999000	 120	 999000	 999	 2.176961e+03	 650.00	 650.00	 12.00	 12	 0.74	 
BMI_bfr_124	 2	 17	 122.jpg	 2.177945e+03	 24	 999000	 240	 999000	 999	 2.178963e+03	 650.00	 650.00	 44.00	 22	 0.32	 
BMI_bfr_124	 2	 17	 116.jpg	 2.179947e+03	 12	 999000	 120	 999000	 999	 2.180965e+03	 650.00	 650.00	 7.00	 16	 0.78	 
BMI_bfr_124	 2	 17	 143.jpg	 2.181950e+03	 24	 999000	 240	 999000	 999	 2.182967e+03	 650.00	 650.00	 50.00	 43	 0.22	 
BMI_bfr_124	 2	 17	 113.jpg	 2.185937e+03	 12	 999000	 120	 999000	 999	 2.186955e+03	 650.00	 650.00	 5.00	 13	 0.83	 
BMI_bfr_124	 2	 17	 101.jpg	 2.189942e+03	 11	 9.918481e+02	 110	 6.503529e+02	 98	 2.190976e+03	 666.67	 650.00	 14.00	 1	 0.72	 
BMI_bfr_124	 2	 17	 139.jpg	 2.191944e+03	 24	 999000	 240	 999000	 999	 2.192962e+03	 666.67	 650.00	 53.00	 39	 0.19	 
BMI_bfr_124	 2	 17	 136.jpg	 2.193946e+03	 11	 9.793518e+02	 110	 6.669995e+02	 98	 2.194981e+03	 683.33	 650.00	 8.00	 36	 0.77	 
BMI_bfr_124	 2	 17	 107.jpg	 2.195948e+03	 11	 8.972486e+02	 110	 6.836416e+02	 98	 2.196983e+03	 700.00	 650.00	 11.00	 7	 0.75	 
BMI_bfr_124	 2	 17	 147.jpg	 2.197951e+03	 12	 999000	 120	 999000	 999	 2.198969e+03	 700.00	 650.00	 20.00	 47	 0.64	 
BMI_bfr_124	 2	 17	 129.jpg	 2.203941e+03	 12	 999000	 120	 999000	 999	 2.204959e+03	 700.00	 650.00	 13.00	 29	 0.74	 
BMI_bfr_124	 2	 17	 111.jpg	 2.205943e+03	 11	 9.506557e+02	 110	 7.003231e+02	 98	 2.206977e+03	 716.67	 650.00	 9.00	 11	 0.76	 
