subjectID	 order	 runNum	 itemName	 onsetTime	 shuff_trialType	 RT	 respInTime	 AudioTime	 response	 fixationTime	 ladder1	 ladder2	 bidIndex	 itemNameIndex	 bidValue	 
BMI_bfr_111	 1	 15	 156.jpg	 1.778334e+03	 24	 999000	 240	 999000	 999	 1.779352e+03	 683.33	 616.67	 43.00	 56	 0.35	 
BMI_bfr_111	 1	 15	 102.jpg	 1.783323e+03	 24	 999000	 240	 999000	 999	 1.784341e+03	 683.33	 616.67	 57.00	 2	 0.21	 
BMI_bfr_111	 1	 15	 140.jpg	 1.785326e+03	 11	 9.201483e+02	 110	 6.835968e+02	 98	 1.786360e+03	 700.00	 616.67	 12.00	 40	 0.77	 
BMI_bfr_111	 1	 15	 144.jpg	 1.787328e+03	 24	 999000	 240	 999000	 999	 1.788346e+03	 700.00	 616.67	 54.00	 44	 0.23	 
BMI_bfr_111	 1	 15	 127.jpg	 1.793318e+03	 11	 9.438292e+02	 110	 7.002684e+02	 98	 1.794352e+03	 716.67	 616.67	 13.00	 27	 0.76	 
BMI_bfr_111	 1	 15	 152.jpg	 1.795320e+03	 12	 999000	 120	 999000	 999	 1.796338e+03	 716.67	 616.67	 3.00	 52	 0.89	 
BMI_bfr_111	 1	 15	 158.jpg	 1.798324e+03	 24	 999000	 240	 999000	 999	 1.799341e+03	 716.67	 616.67	 48.00	 58	 0.26	 
BMI_bfr_111	 1	 15	 103.jpg	 1.800326e+03	 12	 999000	 120	 999000	 999	 1.801344e+03	 716.67	 616.67	 20.00	 3	 0.64	 
BMI_bfr_111	 1	 15	 113.jpg	 1.804330e+03	 12	 999000	 120	 999000	 999	 1.805348e+03	 716.67	 616.67	 22.00	 13	 0.60	 
BMI_bfr_111	 1	 15	 130.jpg	 1.806316e+03	 12	 999000	 120	 999000	 999	 1.807334e+03	 716.67	 616.67	 19.00	 30	 0.64	 
BMI_bfr_111	 1	 15	 120.jpg	 1.811321e+03	 24	 999000	 240	 999000	 999	 1.812339e+03	 716.67	 616.67	 51.00	 20	 0.24	 
BMI_bfr_111	 1	 15	 154.jpg	 1.818329e+03	 12	 999000	 120	 999000	 999	 1.819347e+03	 716.67	 616.67	 16.00	 54	 0.72	 
BMI_bfr_111	 1	 15	 109.jpg	 1.820315e+03	 11	 1.075072e+03	 1100	 7.169591e+02	 98	 1.821349e+03	 666.67	 616.67	 18.00	 9	 0.67	 
BMI_bfr_111	 1	 15	 111.jpg	 1.823318e+03	 24	 999000	 240	 999000	 999	 1.824336e+03	 666.67	 616.67	 56.00	 11	 0.22	 
BMI_bfr_111	 1	 15	 151.jpg	 1.826322e+03	 11	 1.060170e+03	 1100	 6.669603e+02	 98	 1.827358e+03	 616.67	 616.67	 10.00	 51	 0.78	 
BMI_bfr_111	 1	 15	 119.jpg	 1.830326e+03	 11	 1.063935e+03	 1100	 6.169782e+02	 98	 1.831361e+03	 566.67	 616.67	 15.00	 19	 0.74	 
BMI_bfr_111	 1	 15	 128.jpg	 1.834331e+03	 12	 999000	 120	 999000	 999	 1.835348e+03	 566.67	 616.67	 5.00	 28	 0.88	 
BMI_bfr_111	 1	 15	 160.jpg	 1.838319e+03	 22	 9.353377e+02	 220	 6.169512e+02	 98	 1.839353e+03	 566.67	 633.33	 53.00	 60	 0.23	 
BMI_bfr_111	 1	 15	 148.jpg	 1.841322e+03	 24	 999000	 240	 999000	 999	 1.842340e+03	 566.67	 633.33	 49.00	 48	 0.26	 
BMI_bfr_111	 1	 15	 117.jpg	 1.847328e+03	 24	 999000	 240	 999000	 999	 1.848346e+03	 566.67	 633.33	 46.00	 17	 0.29	 
BMI_bfr_111	 1	 15	 159.jpg	 1.849331e+03	 24	 999000	 240	 999000	 999	 1.850349e+03	 566.67	 633.33	 42.00	 59	 0.36	 
BMI_bfr_111	 1	 15	 129.jpg	 1.852317e+03	 12	 999000	 120	 999000	 999	 1.853335e+03	 566.67	 633.33	 21.00	 29	 0.60	 
BMI_bfr_111	 1	 15	 139.jpg	 1.854320e+03	 22	 1.022242e+03	 2200	 6.336171e+02	 98	 1.855371e+03	 566.67	 583.33	 52.00	 39	 0.24	 
BMI_bfr_111	 1	 15	 137.jpg	 1.856322e+03	 12	 999000	 120	 999000	 999	 1.857340e+03	 566.67	 583.33	 14.00	 37	 0.76	 
BMI_bfr_111	 1	 15	 114.jpg	 1.858324e+03	 24	 999000	 240	 999000	 999	 1.859342e+03	 566.67	 583.33	 40.00	 14	 0.37	 
BMI_bfr_111	 1	 15	 116.jpg	 1.861328e+03	 22	 8.781963e+02	 220	 5.836143e+02	 98	 1.862362e+03	 566.67	 600.00	 44.00	 16	 0.33	 
BMI_bfr_111	 1	 15	 125.jpg	 1.865332e+03	 24	 999000	 240	 999000	 999	 1.866350e+03	 566.67	 600.00	 39.00	 25	 0.38	 
BMI_bfr_111	 1	 15	 118.jpg	 1.867318e+03	 12	 999000	 120	 999000	 999	 1.868335e+03	 566.67	 600.00	 9.00	 18	 0.78	 
BMI_bfr_111	 1	 15	 150.jpg	 1.869320e+03	 12	 999000	 120	 999000	 999	 1.870338e+03	 566.67	 600.00	 11.00	 50	 0.77	 
BMI_bfr_111	 1	 15	 147.jpg	 1.871322e+03	 12	 999000	 120	 999000	 999	 1.872340e+03	 566.67	 600.00	 17.00	 47	 0.69	 
BMI_bfr_111	 1	 15	 134.jpg	 1.873324e+03	 12	 999000	 120	 999000	 999	 1.874342e+03	 566.67	 600.00	 8.00	 34	 0.81	 
BMI_bfr_111	 1	 15	 121.jpg	 1.875327e+03	 22	 1.007379e+03	 2200	 6.002620e+02	 98	 1.876361e+03	 566.67	 550.00	 50.00	 21	 0.24	 
BMI_bfr_111	 1	 15	 142.jpg	 1.879331e+03	 11	 9.708230e+02	 110	 5.669365e+02	 98	 1.880366e+03	 583.33	 550.00	 7.00	 42	 0.81	 
BMI_bfr_111	 1	 15	 123.jpg	 1.883319e+03	 24	 999000	 240	 999000	 999	 1.884337e+03	 583.33	 550.00	 55.00	 23	 0.23	 
BMI_bfr_111	 1	 15	 107.jpg	 1.885321e+03	 24	 999000	 240	 999000	 999	 1.886339e+03	 583.33	 550.00	 58.00	 7	 0.21	 
BMI_bfr_111	 1	 15	 143.jpg	 1.887323e+03	 12	 999000	 120	 999000	 999	 1.888343e+03	 583.33	 550.00	 6.00	 43	 0.82	 
BMI_bfr_111	 1	 15	 106.jpg	 1.889326e+03	 22	 8.882442e+02	 220	 5.502871e+02	 98	 1.890360e+03	 583.33	 566.67	 47.00	 6	 0.28	 
BMI_bfr_111	 1	 15	 104.jpg	 1.891328e+03	 24	 999000	 240	 999000	 999	 1.892346e+03	 583.33	 566.67	 41.00	 4	 0.36	 
BMI_bfr_111	 1	 15	 101.jpg	 1.897318e+03	 12	 999000	 120	 999000	 999	 1.898336e+03	 583.33	 566.67	 4.00	 1	 0.88	 
BMI_bfr_111	 1	 15	 155.jpg	 1.899320e+03	 22	 1.093721e+03	 2200	 5.669534e+02	 98	 1.900355e+03	 583.33	 516.67	 45.00	 55	 0.29	 
