subjectID	 order	 runNum	 itemName	 onsetTime	 shuff_trialType	 RT	 respInTime	 AudioTime	 response	 fixationTime	 ladder1	 ladder2	 bidIndex	 itemNameIndex	 bidValue	 
BMI_bfr_108	 2	 3	 149.jpg	 2.688627e+02	 22	 1.247310e+03	 2200	 6.170349e+02	 98	 2.698973e+02	 616.67	 566.67	 54.00	 49	 0.25	 
BMI_bfr_108	 2	 3	 117.jpg	 2.708480e+02	 11	 9.099214e+02	 110	 6.170015e+02	 98	 2.718827e+02	 633.33	 566.67	 11.00	 17	 0.73	 
BMI_bfr_108	 2	 3	 159.jpg	 2.748528e+02	 24	 999000	 240	 999000	 999	 2.758707e+02	 633.33	 566.67	 56.00	 59	 0.23	 
BMI_bfr_108	 2	 3	 158.jpg	 2.778563e+02	 24	 999000	 240	 999000	 999	 2.788766e+02	 633.33	 566.67	 41.00	 58	 0.34	 
BMI_bfr_108	 2	 3	 160.jpg	 2.798585e+02	 24	 999000	 240	 999000	 999	 2.808762e+02	 633.33	 566.67	 42.00	 60	 0.33	 
BMI_bfr_108	 2	 3	 120.jpg	 2.828618e+02	 22	 8.401608e+02	 220	 5.670690e+02	 98	 2.838963e+02	 633.33	 583.33	 49.00	 20	 0.26	 
BMI_bfr_108	 2	 3	 134.jpg	 2.868496e+02	 12	 999000	 120	 999000	 999	 2.878674e+02	 633.33	 583.33	 4.00	 34	 0.81	 
BMI_bfr_108	 2	 3	 102.jpg	 2.908542e+02	 12	 999000	 120	 999000	 999	 2.918720e+02	 633.33	 583.33	 21.00	 2	 0.61	 
BMI_bfr_108	 2	 3	 114.jpg	 2.928564e+02	 12	 999000	 120	 999000	 999	 2.938742e+02	 633.33	 583.33	 15.00	 14	 0.68	 
BMI_bfr_108	 2	 3	 154.jpg	 2.978619e+02	 24	 999000	 240	 999000	 999	 2.988797e+02	 633.33	 583.33	 53.00	 54	 0.25	 
BMI_bfr_108	 2	 3	 101.jpg	 2.998472e+02	 12	 999000	 120	 999000	 999	 3.008654e+02	 633.33	 583.33	 20.00	 1	 0.65	 
BMI_bfr_108	 2	 3	 129.jpg	 3.018498e+02	 11	 9.161860e+02	 110	 6.337588e+02	 98	 3.028843e+02	 650.00	 583.33	 17.00	 29	 0.66	 
BMI_bfr_108	 2	 3	 111.jpg	 3.078566e+02	 12	 999000	 120	 999000	 999	 3.088744e+02	 650.00	 583.33	 6.00	 11	 0.77	 
BMI_bfr_108	 2	 3	 157.jpg	 3.098589e+02	 24	 999000	 240	 999000	 999	 3.108766e+02	 650.00	 583.33	 52.00	 57	 0.26	 
BMI_bfr_108	 2	 3	 127.jpg	 3.118611e+02	 12	 999000	 120	 999000	 999	 3.128789e+02	 650.00	 583.33	 3.00	 27	 0.82	 
BMI_bfr_108	 2	 3	 121.jpg	 3.138632e+02	 11	 1.022835e+03	 1100	 6.503042e+02	 98	 3.148988e+02	 600.00	 583.33	 14.00	 21	 0.70	 
BMI_bfr_108	 2	 3	 128.jpg	 3.178513e+02	 12	 999000	 120	 999000	 999	 3.188689e+02	 600.00	 583.33	 13.00	 28	 0.72	 
BMI_bfr_108	 2	 3	 148.jpg	 3.218557e+02	 24	 999000	 240	 999000	 999	 3.228734e+02	 600.00	 583.33	 40.00	 48	 0.35	 
BMI_bfr_108	 2	 3	 137.jpg	 3.248590e+02	 24	 999000	 240	 999000	 999	 3.258767e+02	 600.00	 583.33	 45.00	 37	 0.31	 
BMI_bfr_108	 2	 3	 145.jpg	 3.288636e+02	 12	 999000	 120	 999000	 999	 3.298812e+02	 600.00	 583.33	 7.00	 45	 0.76	 
BMI_bfr_108	 2	 3	 155.jpg	 3.318502e+02	 22	 8.517497e+02	 220	 5.836416e+02	 98	 3.328846e+02	 600.00	 600.00	 43.00	 55	 0.33	 
BMI_bfr_108	 2	 3	 106.jpg	 3.338524e+02	 12	 999000	 120	 999000	 999	 3.348702e+02	 600.00	 600.00	 19.00	 6	 0.66	 
BMI_bfr_108	 2	 3	 153.jpg	 3.378570e+02	 24	 999000	 240	 999000	 999	 3.388747e+02	 600.00	 600.00	 44.00	 53	 0.31	 
BMI_bfr_108	 2	 3	 144.jpg	 3.398591e+02	 24	 999000	 240	 999000	 999	 3.408770e+02	 600.00	 600.00	 57.00	 44	 0.23	 
BMI_bfr_108	 2	 3	 139.jpg	 3.418615e+02	 22	 9.524399e+02	 220	 6.003408e+02	 98	 3.428966e+02	 600.00	 616.67	 48.00	 39	 0.29	 
BMI_bfr_108	 2	 3	 150.jpg	 3.458494e+02	 12	 999000	 120	 999000	 999	 3.468670e+02	 600.00	 616.67	 22.00	 50	 0.61	 
BMI_bfr_108	 2	 3	 138.jpg	 3.478515e+02	 22	 9.304207e+02	 220	 6.170041e+02	 98	 3.488860e+02	 600.00	 633.33	 51.00	 38	 0.26	 
BMI_bfr_108	 2	 3	 141.jpg	 3.518560e+02	 11	 8.699236e+02	 110	 6.004169e+02	 98	 3.528904e+02	 616.67	 633.33	 9.00	 41	 0.76	 
BMI_bfr_108	 2	 3	 151.jpg	 3.558605e+02	 24	 999000	 240	 999000	 999	 3.568782e+02	 616.67	 633.33	 58.00	 51	 0.23	 
BMI_bfr_108	 2	 3	 133.jpg	 3.588468e+02	 12	 999000	 120	 999000	 999	 3.598649e+02	 616.67	 633.33	 18.00	 33	 0.66	 
BMI_bfr_108	 2	 3	 103.jpg	 3.648539e+02	 11	 9.760818e+02	 110	 6.170002e+02	 98	 3.658883e+02	 633.33	 633.33	 16.00	 3	 0.67	 
BMI_bfr_108	 2	 3	 131.jpg	 3.668563e+02	 24	 999000	 240	 999000	 999	 3.678740e+02	 633.33	 633.33	 55.00	 31	 0.24	 
BMI_bfr_108	 2	 3	 130.jpg	 3.708606e+02	 24	 999000	 240	 999000	 999	 3.718784e+02	 633.33	 633.33	 47.00	 30	 0.30	 
BMI_bfr_108	 2	 3	 142.jpg	 3.728631e+02	 12	 999000	 120	 999000	 999	 3.738818e+02	 633.33	 633.33	 10.00	 42	 0.74	 
BMI_bfr_108	 2	 3	 136.jpg	 3.748487e+02	 12	 999000	 120	 999000	 999	 3.758664e+02	 633.33	 633.33	 12.00	 36	 0.73	 
BMI_bfr_108	 2	 3	 123.jpg	 3.768508e+02	 11	 8.991986e+02	 110	 6.336841e+02	 98	 3.778852e+02	 650.00	 633.33	 8.00	 23	 0.76	 
BMI_bfr_108	 2	 3	 140.jpg	 3.818564e+02	 24	 999000	 240	 999000	 999	 3.828743e+02	 650.00	 633.33	 39.00	 40	 0.36	 
BMI_bfr_108	 2	 3	 115.jpg	 3.838587e+02	 24	 999000	 240	 999000	 999	 3.848764e+02	 650.00	 633.33	 50.00	 15	 0.26	 
BMI_bfr_108	 2	 3	 110.jpg	 3.858610e+02	 22	 9.290062e+02	 220	 6.338104e+02	 98	 3.868953e+02	 650.00	 650.00	 46.00	 10	 0.30	 
BMI_bfr_108	 2	 3	 152.jpg	 3.888474e+02	 12	 999000	 120	 999000	 999	 3.898653e+02	 650.00	 650.00	 5.00	 52	 0.78	 
