subjectID	 order	 runNum	 itemName	 onsetTime	 shuff_trialType	 RT	 respInTime	 AudioTime	 response	 fixationTime	 ladder1	 ladder2	 bidIndex	 itemNameIndex	 bidValue	 
BMI_bfr_105	 1	 20	 140.jpg	 2.438046e+03	 11	 8.879373e+02	 110	 6.502921e+02	 98	 2.439081e+03	 666.67	 650.00	 12.00	 40	 0.69	 
BMI_bfr_105	 1	 20	 139.jpg	 2.441049e+03	 24	 999000	 240	 999000	 999	 2.442067e+03	 666.67	 650.00	 57.00	 39	 0.18	 
BMI_bfr_105	 1	 20	 128.jpg	 2.443052e+03	 24	 999000	 240	 999000	 999	 2.444069e+03	 666.67	 650.00	 56.00	 28	 0.19	 
BMI_bfr_105	 1	 20	 153.jpg	 2.445037e+03	 12	 999000	 120	 999000	 999	 2.446055e+03	 666.67	 650.00	 8.00	 53	 0.75	 
BMI_bfr_105	 1	 20	 115.jpg	 2.447040e+03	 22	 1.038535e+03	 2200	 6.503130e+02	 98	 2.448074e+03	 666.67	 600.00	 52.00	 15	 0.27	 
BMI_bfr_105	 1	 20	 154.jpg	 2.450043e+03	 11	 1.067085e+03	 1100	 6.669795e+02	 98	 2.451077e+03	 616.67	 600.00	 7.00	 54	 0.77	 
BMI_bfr_105	 1	 20	 135.jpg	 2.452045e+03	 11	 9.369020e+02	 110	 6.169817e+02	 98	 2.453080e+03	 633.33	 600.00	 13.00	 35	 0.67	 
BMI_bfr_105	 1	 20	 113.jpg	 2.456050e+03	 12	 999000	 120	 999000	 999	 2.457068e+03	 633.33	 600.00	 4.00	 13	 0.86	 
BMI_bfr_105	 1	 20	 119.jpg	 2.458052e+03	 24	 999000	 240	 999000	 999	 2.459070e+03	 633.33	 600.00	 54.00	 19	 0.22	 
BMI_bfr_105	 1	 20	 104.jpg	 2.463041e+03	 12	 999000	 120	 999000	 999	 2.464059e+03	 633.33	 600.00	 14.00	 4	 0.66	 
BMI_bfr_105	 1	 20	 157.jpg	 2.465043e+03	 12	 999000	 120	 999000	 999	 2.466061e+03	 633.33	 600.00	 6.00	 57	 0.81	 
BMI_bfr_105	 1	 20	 106.jpg	 2.469048e+03	 24	 999000	 240	 999000	 999	 2.470065e+03	 633.33	 600.00	 43.00	 6	 0.36	 
BMI_bfr_105	 1	 20	 110.jpg	 2.471050e+03	 24	 999000	 240	 999000	 999	 2.472068e+03	 633.33	 600.00	 58.00	 10	 0.17	 
BMI_bfr_105	 1	 20	 148.jpg	 2.474036e+03	 12	 999000	 120	 999000	 999	 2.475054e+03	 633.33	 600.00	 22.00	 48	 0.57	 
BMI_bfr_105	 1	 20	 152.jpg	 2.479042e+03	 24	 999000	 240	 999000	 999	 2.480060e+03	 633.33	 600.00	 40.00	 52	 0.42	 
BMI_bfr_105	 1	 20	 145.jpg	 2.481044e+03	 24	 999000	 240	 999000	 999	 2.482062e+03	 633.33	 600.00	 51.00	 45	 0.28	 
BMI_bfr_105	 1	 20	 158.jpg	 2.483047e+03	 24	 999000	 240	 999000	 999	 2.484064e+03	 633.33	 600.00	 46.00	 58	 0.34	 
BMI_bfr_105	 1	 20	 129.jpg	 2.487051e+03	 22	 1.258857e+03	 2200	 6.003096e+02	 98	 2.488085e+03	 633.33	 550.00	 45.00	 29	 0.34	 
BMI_bfr_105	 1	 20	 123.jpg	 2.491039e+03	 11	 8.791781e+02	 110	 6.336229e+02	 98	 2.492073e+03	 650.00	 550.00	 15.00	 23	 0.66	 
BMI_bfr_105	 1	 20	 130.jpg	 2.495043e+03	 12	 999000	 120	 999000	 999	 2.496061e+03	 650.00	 550.00	 3.00	 30	 0.88	 
BMI_bfr_105	 1	 20	 118.jpg	 2.497046e+03	 11	 8.802753e+02	 110	 6.503187e+02	 98	 2.498080e+03	 666.67	 550.00	 18.00	 18	 0.62	 
BMI_bfr_105	 1	 20	 114.jpg	 2.499048e+03	 12	 999000	 120	 999000	 999	 2.500066e+03	 666.67	 550.00	 21.00	 14	 0.58	 
BMI_bfr_105	 1	 20	 133.jpg	 2.501050e+03	 22	 8.599536e+02	 220	 5.502933e+02	 98	 2.502085e+03	 666.67	 566.67	 53.00	 33	 0.24	 
BMI_bfr_105	 1	 20	 124.jpg	 2.503035e+03	 24	 999000	 240	 999000	 999	 2.504053e+03	 666.67	 566.67	 48.00	 24	 0.29	 
BMI_bfr_105	 1	 20	 141.jpg	 2.509042e+03	 22	 7.876957e+02	 220	 5.669673e+02	 98	 2.510077e+03	 666.67	 583.33	 44.00	 41	 0.34	 
BMI_bfr_105	 1	 20	 159.jpg	 2.512046e+03	 12	 999000	 120	 999000	 999	 2.513064e+03	 666.67	 583.33	 16.00	 59	 0.65	 
BMI_bfr_105	 1	 20	 151.jpg	 2.514048e+03	 12	 999000	 120	 999000	 999	 2.515066e+03	 666.67	 583.33	 20.00	 51	 0.58	 
BMI_bfr_105	 1	 20	 143.jpg	 2.516050e+03	 22	 9.077624e+02	 220	 5.837969e+02	 98	 2.517086e+03	 666.67	 600.00	 50.00	 43	 0.29	 
BMI_bfr_105	 1	 20	 120.jpg	 2.519037e+03	 24	 999000	 240	 999000	 999	 2.520055e+03	 666.67	 600.00	 49.00	 20	 0.29	 
BMI_bfr_105	 1	 20	 117.jpg	 2.521039e+03	 12	 999000	 120	 999000	 999	 2.522057e+03	 666.67	 600.00	 5.00	 17	 0.82	 
BMI_bfr_105	 1	 20	 112.jpg	 2.523041e+03	 24	 999000	 240	 999000	 999	 2.524059e+03	 666.67	 600.00	 55.00	 12	 0.20	 
BMI_bfr_105	 1	 20	 134.jpg	 2.525044e+03	 12	 999000	 120	 999000	 999	 2.526061e+03	 666.67	 600.00	 19.00	 34	 0.60	 
BMI_bfr_105	 1	 20	 108.jpg	 2.528047e+03	 12	 999000	 120	 999000	 999	 2.529065e+03	 666.67	 600.00	 9.00	 8	 0.72	 
BMI_bfr_105	 1	 20	 105.jpg	 2.530049e+03	 22	 9.887433e+02	 220	 6.003145e+02	 98	 2.531084e+03	 666.67	 616.67	 47.00	 5	 0.31	 
BMI_bfr_105	 1	 20	 126.jpg	 2.532052e+03	 12	 999000	 120	 999000	 999	 2.533069e+03	 666.67	 616.67	 11.00	 26	 0.69	 
BMI_bfr_105	 1	 20	 146.jpg	 2.534037e+03	 24	 999000	 240	 999000	 999	 2.535055e+03	 666.67	 616.67	 42.00	 46	 0.39	 
BMI_bfr_105	 1	 20	 116.jpg	 2.536039e+03	 24	 999000	 240	 999000	 999	 2.537057e+03	 666.67	 616.67	 41.00	 16	 0.41	 
BMI_bfr_105	 1	 20	 107.jpg	 2.542046e+03	 24	 999000	 240	 999000	 999	 2.543064e+03	 666.67	 616.67	 39.00	 7	 0.44	 
BMI_bfr_105	 1	 20	 127.jpg	 2.545050e+03	 11	 1.020636e+03	 1100	 6.670059e+02	 98	 2.546084e+03	 616.67	 616.67	 10.00	 27	 0.69	 
BMI_bfr_105	 1	 20	 111.jpg	 2.549037e+03	 12	 999000	 120	 999000	 999	 2.550055e+03	 616.67	 616.67	 17.00	 11	 0.62	 
