subjectID	 order	 runNum	 itemName	 onsetTime	 shuff_trialType	 RT	 respInTime	 AudioTime	 response	 fixationTime	 ladder1	 ladder2	 bidIndex	 itemNameIndex	 bidValue	 
BMI_bfr_127	2	3	 139.jpg	2.95E+02	24	999000	240	999000	999	2.96E+02	616.67	616.67	56	39	0.18	 
BMI_bfr_127	2	3	 129.jpg	3.00E+02	22	1.23E+03	2200	6.17E+02	98	3.01E+02	616.67	566.67	49	29	0.25	 
BMI_bfr_127	2	3	 147.jpg	3.02E+02	24	999000	240	999000	999	3.03E+02	616.67	566.67	52	47	0.2	 
BMI_bfr_127	2	3	 113.jpg	3.04E+02	24	999000	240	999000	999	3.05E+02	616.67	566.67	50	13	0.25	 
BMI_bfr_127	2	3	 160.jpg	3.10E+02	24	999000	240	999000	999	3.11E+02	616.67	566.67	47	60	0.29	 
BMI_bfr_127	2	3	 153.jpg	3.12E+02	12	999000	120	999000	999	3.13E+02	616.67	566.67	10	53	0.78	 
BMI_bfr_127	2	3	 105.jpg	3.15E+02	12	999000	120	999000	999	3.16E+02	616.67	566.67	15	5	0.68	 
BMI_bfr_127	2	3	 108.jpg	3.17E+02	11	1.01E+03	1100	6.17E+02	98	3.18E+02	566.67	566.67	9	8	0.79	 
BMI_bfr_127	2	3	 152.jpg	3.21E+02	11	8.64E+02	110	5.67E+02	98	3.22E+02	583.33	566.67	16	52	0.68	 
BMI_bfr_127	2	3	 136.jpg	3.23E+02	11	8.69E+02	110	5.84E+02	98	3.24E+02	600	566.67	14	36	0.69	 
BMI_bfr_127	2	3	 140.jpg	3.28E+02	24	3.44E+02	24	999000	98	3.29E+02	600	566.67	55	40	0.18	 
BMI_bfr_127	2	3	 154.jpg	3.35E+02	24	999000	240	999000	999	3.36E+02	600	566.67	41	54	0.37	 
BMI_bfr_127	2	3	 148.jpg	3.37E+02	12	999000	120	999000	999	3.38E+02	600	566.67	5	48	0.82	 
BMI_bfr_127	2	3	 125.jpg	3.40E+02	24	999000	240	999000	999	3.41E+02	600	566.67	53	25	0.2	 
BMI_bfr_127	2	3	 142.jpg	3.43E+02	24	999000	240	999000	999	3.44E+02	600	566.67	42	42	0.35	 
BMI_bfr_127	2	3	 146.jpg	3.47E+02	24	999000	240	999000	999	3.48E+02	600	566.67	40	46	0.39	 
BMI_bfr_127	2	3	 159.jpg	3.51E+02	22	9.19E+02	220	5.67E+02	98	3.52E+02	600	583.33	51	59	0.21	 
BMI_bfr_127	2	3	 117.jpg	3.55E+02	12	999000	120	999000	999	3.56E+02	600	583.33	22	17	0.63	 
BMI_bfr_127	2	3	 134.jpg	3.58E+02	22	9.03E+02	220	5.84E+02	98	3.59E+02	600	600	46	34	0.29	 
BMI_bfr_127	2	3	 143.jpg	3.64E+02	22	9.05E+02	220	6.00E+02	98	3.65E+02	600	616.67	43	43	0.33	 
BMI_bfr_127	2	3	 122.jpg	3.66E+02	11	8.63E+02	110	6.00E+02	98	3.67E+02	616.67	616.67	11	22	0.72	 
BMI_bfr_127	2	3	 124.jpg	3.69E+02	24	3.95E+02	24	999000	98	3.70E+02	616.67	616.67	57	24	0.16	 
BMI_bfr_127	2	3	 101.jpg	3.71E+02	11	9.77E+02	110	6.17E+02	98	3.72E+02	633.33	616.67	17	1	0.67	 
BMI_bfr_127	2	3	 106.jpg	3.73E+02	12	999000	120	999000	999	3.74E+02	633.33	616.67	4	6	0.84	 
BMI_bfr_127	2	3	 102.jpg	3.75E+02	11	9.33E+02	110	6.34E+02	98	3.76E+02	650	616.67	8	2	0.79	 
BMI_bfr_127	2	3	 130.jpg	3.78E+02	12	999000	120	999000	999	3.79E+02	650	616.67	20	30	0.66	 
BMI_bfr_127	2	3	 119.jpg	3.82E+02	22	1.49E+03	2200	6.17E+02	98	3.83E+02	650	566.67	48	19	0.26	 
BMI_bfr_127	2	3	 103.jpg	3.84E+02	12	999000	120	999000	999	3.85E+02	650	566.67	3	3	0.85	 
BMI_bfr_127	2	3	 104.jpg	3.86E+02	24	999000	240	999000	999	3.87E+02	650	566.67	39	4	0.4	 
BMI_bfr_127	2	3	 149.jpg	3.88E+02	12	999000	120	999000	999	3.89E+02	650	566.67	13	49	0.71	 
BMI_bfr_127	2	3	 145.jpg	3.90E+02	22	8.85E+02	220	5.67E+02	98	3.91E+02	650	583.33	54	45	0.19	 
BMI_bfr_127	2	3	 110.jpg	3.92E+02	12	999000	120	999000	999	3.93E+02	650	583.33	12	10	0.71	 
BMI_bfr_127	2	3	 126.jpg	3.96E+02	12	999000	120	999000	999	3.97E+02	650	583.33	6	26	0.8	 
BMI_bfr_127	2	3	 138.jpg	4.00E+02	12	999000	120	999000	999	4.01E+02	650	583.33	21	38	0.63	 
BMI_bfr_127	2	3	 107.jpg	4.02E+02	12	999000	120	999000	999	4.03E+02	650	583.33	19	7	0.66	 
BMI_bfr_127	2	3	 114.jpg	4.04E+02	12	999000	120	999000	999	4.05E+02	650	583.33	7	14	0.8	 
BMI_bfr_127	2	3	 156.jpg	4.06E+02	24	999000	240	999000	999	4.07E+02	650	583.33	58	56	0.14	 
BMI_bfr_127	2	3	 141.jpg	4.08E+02	24	999000	240	999000	999	4.09E+02	650	583.33	45	41	0.3	 
BMI_bfr_127	2	3	 158.jpg	4.14E+02	24	999000	240	999000	999	4.15E+02	650	583.33	44	58	0.3	 
BMI_bfr_127	2	3	 123.jpg	4.16E+02	12	999000	120	999000	999	4.17E+02	650	583.33	18	23	0.67	 