subjectID	 order	 runNum	 itemName	 onsetTime	 shuff_trialType	 RT	 respInTime	 AudioTime	 response	 fixationTime	 ladder1	 ladder2	 bidIndex	 itemNameIndex	 bidValue	 
BMI_bfr_107	 1	 6	 124.jpg	 6.492980e+02	 24	 999000	 240	 999000	 999	 6.503158e+02	 716.67	 650.00	 49.00	 24	 0.26	 
BMI_bfr_107	 1	 6	 122.jpg	 6.522848e+02	 24	 999000	 240	 999000	 999	 6.533025e+02	 716.67	 650.00	 41.00	 22	 0.35	 
BMI_bfr_107	 1	 6	 155.jpg	 6.542869e+02	 22	 9.347035e+02	 220	 6.503508e+02	 98	 6.553214e+02	 716.67	 666.67	 47.00	 55	 0.29	 
BMI_bfr_107	 1	 6	 127.jpg	 6.562892e+02	 12	 999000	 120	 999000	 999	 6.573069e+02	 716.67	 666.67	 5.00	 27	 0.83	 
BMI_bfr_107	 1	 6	 139.jpg	 6.582915e+02	 11	 1.042192e+03	 1100	 7.170355e+02	 98	 6.593259e+02	 666.67	 666.67	 10.00	 39	 0.78	 
BMI_bfr_107	 1	 6	 153.jpg	 6.612948e+02	 24	 999000	 240	 999000	 999	 6.623126e+02	 666.67	 666.67	 39.00	 53	 0.38	 
BMI_bfr_107	 1	 6	 158.jpg	 6.632970e+02	 22	 9.566017e+02	 220	 6.669413e+02	 98	 6.643315e+02	 666.67	 683.33	 53.00	 58	 0.24	 
BMI_bfr_107	 1	 6	 115.jpg	 6.672849e+02	 12	 999000	 120	 999000	 999	 6.683027e+02	 666.67	 683.33	 4.00	 15	 0.86	 
BMI_bfr_107	 1	 6	 160.jpg	 6.692871e+02	 22	 9.825325e+02	 220	 6.836533e+02	 98	 6.703215e+02	 666.67	 700.00	 45.00	 60	 0.32	 
BMI_bfr_107	 1	 6	 113.jpg	 6.742927e+02	 12	 999000	 120	 999000	 999	 6.753105e+02	 666.67	 700.00	 19.00	 13	 0.66	 
BMI_bfr_107	 1	 6	 111.jpg	 6.762949e+02	 24	 999000	 240	 999000	 999	 6.773127e+02	 666.67	 700.00	 55.00	 11	 0.20	 
BMI_bfr_107	 1	 6	 130.jpg	 6.802826e+02	 11	 9.550565e+02	 110	 6.669519e+02	 98	 6.813186e+02	 683.33	 700.00	 7.00	 30	 0.82	 
BMI_bfr_107	 1	 6	 112.jpg	 6.822850e+02	 12	 999000	 120	 999000	 999	 6.833027e+02	 683.33	 700.00	 6.00	 12	 0.82	 
BMI_bfr_107	 1	 6	 135.jpg	 6.852883e+02	 24	 999000	 240	 999000	 999	 6.863061e+02	 683.33	 700.00	 46.00	 35	 0.31	 
BMI_bfr_107	 1	 6	 121.jpg	 6.902940e+02	 24	 999000	 240	 999000	 999	 6.913118e+02	 683.33	 700.00	 48.00	 21	 0.28	 
BMI_bfr_107	 1	 6	 116.jpg	 6.922961e+02	 24	 999000	 240	 999000	 999	 6.933140e+02	 683.33	 700.00	 58.00	 16	 0.17	 
BMI_bfr_107	 1	 6	 138.jpg	 6.942984e+02	 12	 999000	 120	 999000	 999	 6.953162e+02	 683.33	 700.00	 20.00	 38	 0.59	 
BMI_bfr_107	 1	 6	 156.jpg	 6.982862e+02	 24	 999000	 240	 999000	 999	 6.993040e+02	 683.33	 700.00	 42.00	 56	 0.35	 
BMI_bfr_107	 1	 6	 159.jpg	 7.022907e+02	 24	 999000	 240	 999000	 999	 7.033085e+02	 683.33	 700.00	 40.00	 59	 0.36	 
BMI_bfr_107	 1	 6	 128.jpg	 7.062952e+02	 12	 999000	 120	 999000	 999	 7.073130e+02	 683.33	 700.00	 11.00	 28	 0.76	 
BMI_bfr_107	 1	 6	 143.jpg	 7.082975e+02	 12	 999000	 120	 999000	 999	 7.093153e+02	 683.33	 700.00	 3.00	 43	 0.87	 
BMI_bfr_107	 1	 6	 145.jpg	 7.102997e+02	 12	 999000	 120	 999000	 999	 7.113175e+02	 683.33	 700.00	 8.00	 45	 0.80	 
BMI_bfr_107	 1	 6	 125.jpg	 7.122854e+02	 24	 999000	 240	 999000	 999	 7.133030e+02	 683.33	 700.00	 57.00	 25	 0.19	 
BMI_bfr_107	 1	 6	 109.jpg	 7.142877e+02	 12	 999000	 120	 999000	 999	 7.153053e+02	 683.33	 700.00	 14.00	 9	 0.72	 
BMI_bfr_107	 1	 6	 101.jpg	 7.202943e+02	 12	 999000	 120	 999000	 999	 7.213121e+02	 683.33	 700.00	 16.00	 1	 0.68	 
BMI_bfr_107	 1	 6	 104.jpg	 7.232977e+02	 24	 999000	 240	 999000	 999	 7.243153e+02	 683.33	 700.00	 43.00	 4	 0.35	 
BMI_bfr_107	 1	 6	 144.jpg	 7.252998e+02	 11	 999000	 1	 6.836592e+02	 999	 7.263343e+02	 633.33	 700.00	 13.00	 44	 0.73	 
BMI_bfr_107	 1	 6	 119.jpg	 7.272854e+02	 11	 9.122707e+02	 110	 6.336460e+02	 98	 7.283199e+02	 650.00	 700.00	 18.00	 19	 0.67	 
BMI_bfr_107	 1	 6	 151.jpg	 7.302888e+02	 12	 999000	 120	 999000	 999	 7.313065e+02	 650.00	 700.00	 22.00	 51	 0.58	 
BMI_bfr_107	 1	 6	 133.jpg	 7.322910e+02	 24	 999000	 240	 999000	 999	 7.333088e+02	 650.00	 700.00	 54.00	 33	 0.21	 
BMI_bfr_107	 1	 6	 114.jpg	 7.342933e+02	 24	 999000	 240	 999000	 999	 7.353110e+02	 650.00	 700.00	 51.00	 14	 0.25	 
BMI_bfr_107	 1	 6	 103.jpg	 7.362955e+02	 12	 999000	 120	 999000	 999	 7.373133e+02	 650.00	 700.00	 17.00	 3	 0.67	 
BMI_bfr_107	 1	 6	 147.jpg	 7.392988e+02	 22	 1.034763e+03	 2200	 7.003848e+02	 98	 7.403337e+02	 650.00	 650.00	 44.00	 47	 0.34	 
BMI_bfr_107	 1	 6	 150.jpg	 7.412845e+02	 12	 999000	 120	 999000	 999	 7.423023e+02	 650.00	 650.00	 21.00	 50	 0.58	 
BMI_bfr_107	 1	 6	 132.jpg	 7.432867e+02	 22	 9.829832e+02	 220	 6.503635e+02	 98	 7.443211e+02	 650.00	 666.67	 50.00	 32	 0.26	 
BMI_bfr_107	 1	 6	 157.jpg	 7.452889e+02	 11	 1.076701e+03	 1100	 6.502825e+02	 98	 7.463234e+02	 600.00	 666.67	 12.00	 57	 0.74	 
BMI_bfr_107	 1	 6	 105.jpg	 7.472912e+02	 22	 1.002500e+03	 2200	 6.670016e+02	 98	 7.483257e+02	 600.00	 616.67	 52.00	 5	 0.25	 
BMI_bfr_107	 1	 6	 154.jpg	 7.532980e+02	 11	 9.157183e+02	 110	 6.003135e+02	 98	 7.543324e+02	 616.67	 616.67	 15.00	 54	 0.71	 
BMI_bfr_107	 1	 6	 137.jpg	 7.562846e+02	 12	 3.849932e+02	 12	 999000	 98	 7.573024e+02	 616.67	 616.67	 9.00	 37	 0.80	 
BMI_bfr_107	 1	 6	 117.jpg	 7.602891e+02	 24	 999000	 240	 999000	 999	 7.613069e+02	 616.67	 616.67	 56.00	 17	 0.19	 
