subjectID	 order	 runNum	 itemName	 onsetTime	 shuff_trialType	 RT	 respInTime	 AudioTime	 response	 fixationTime	 ladder1	 ladder2	 bidIndex	 itemNameIndex	 bidValue	 
BMI_bfr_106	 2	 5	 126.jpg	 5.299181e+02	 11	 9.202218e+02	 110	 5.503311e+02	 98	 5.309525e+02	 566.67	 550.00	 11.00	 26	 0.75	 
BMI_bfr_106	 2	 5	 132.jpg	 5.329214e+02	 12	 999000	 120	 999000	 999	 5.339393e+02	 566.67	 550.00	 19.00	 32	 0.64	 
BMI_bfr_106	 2	 5	 118.jpg	 5.369094e+02	 11	 9.849104e+02	 110	 5.669944e+02	 98	 5.379437e+02	 583.33	 550.00	 17.00	 18	 0.64	 
BMI_bfr_106	 2	 5	 116.jpg	 5.389115e+02	 22	 9.427445e+02	 220	 5.503146e+02	 98	 5.399460e+02	 583.33	 566.67	 51.00	 16	 0.21	 
BMI_bfr_106	 2	 5	 135.jpg	 5.409137e+02	 12	 999000	 120	 999000	 999	 5.419315e+02	 583.33	 566.67	 20.00	 35	 0.63	 
BMI_bfr_106	 2	 5	 133.jpg	 5.449183e+02	 24	 999000	 240	 999000	 999	 5.459359e+02	 583.33	 566.67	 39.00	 33	 0.42	 
BMI_bfr_106	 2	 5	 105.jpg	 5.469205e+02	 11	 9.658392e+02	 110	 5.836753e+02	 98	 5.479549e+02	 600.00	 566.67	 8.00	 5	 0.80	 
BMI_bfr_106	 2	 5	 112.jpg	 5.519095e+02	 12	 999000	 120	 999000	 999	 5.529272e+02	 600.00	 566.67	 4.00	 12	 0.82	 
BMI_bfr_106	 2	 5	 137.jpg	 5.539118e+02	 12	 999000	 120	 999000	 999	 5.549315e+02	 600.00	 566.67	 13.00	 37	 0.74	 
BMI_bfr_106	 2	 5	 120.jpg	 5.569151e+02	 11	 1.075245e+03	 1100	 6.003249e+02	 98	 5.579494e+02	 550.00	 566.67	 14.00	 20	 0.72	 
BMI_bfr_106	 2	 5	 141.jpg	 5.599185e+02	 24	 999000	 240	 999000	 999	 5.609362e+02	 550.00	 566.67	 44.00	 41	 0.30	 
BMI_bfr_106	 2	 5	 106.jpg	 5.639229e+02	 24	 999000	 240	 999000	 999	 5.649407e+02	 550.00	 566.67	 45.00	 6	 0.30	 
BMI_bfr_106	 2	 5	 139.jpg	 5.669097e+02	 22	 9.525732e+02	 220	 5.670152e+02	 98	 5.679440e+02	 550.00	 583.33	 54.00	 39	 0.19	 
BMI_bfr_106	 2	 5	 101.jpg	 5.689119e+02	 22	 9.343412e+02	 220	 5.836603e+02	 98	 5.699464e+02	 550.00	 600.00	 46.00	 1	 0.29	 
BMI_bfr_106	 2	 5	 115.jpg	 5.719153e+02	 22	 1.019038e+03	 2200	 6.003317e+02	 98	 5.729498e+02	 550.00	 550.00	 48.00	 15	 0.26	 
BMI_bfr_106	 2	 5	 143.jpg	 5.759197e+02	 12	 999000	 120	 999000	 999	 5.769375e+02	 550.00	 550.00	 15.00	 43	 0.69	 
BMI_bfr_106	 2	 5	 102.jpg	 5.789063e+02	 12	 999000	 120	 999000	 999	 5.799241e+02	 550.00	 550.00	 22.00	 2	 0.63	 
BMI_bfr_106	 2	 5	 138.jpg	 5.809086e+02	 12	 999000	 120	 999000	 999	 5.819264e+02	 550.00	 550.00	 21.00	 38	 0.63	 
BMI_bfr_106	 2	 5	 107.jpg	 5.829109e+02	 24	 999000	 240	 999000	 999	 5.839288e+02	 550.00	 550.00	 57.00	 7	 0.14	 
BMI_bfr_106	 2	 5	 113.jpg	 5.879165e+02	 11	 9.377367e+02	 110	 5.503147e+02	 98	 5.889510e+02	 566.67	 550.00	 16.00	 13	 0.67	 
BMI_bfr_106	 2	 5	 109.jpg	 5.919211e+02	 12	 999000	 120	 999000	 999	 5.929388e+02	 566.67	 550.00	 7.00	 9	 0.81	 
BMI_bfr_106	 2	 5	 110.jpg	 5.959089e+02	 12	 999000	 120	 999000	 999	 5.969267e+02	 566.67	 550.00	 3.00	 10	 0.85	 
BMI_bfr_106	 2	 5	 145.jpg	 6.019156e+02	 24	 999000	 240	 999000	 999	 6.029335e+02	 566.67	 550.00	 56.00	 45	 0.14	 
BMI_bfr_106	 2	 5	 149.jpg	 6.039178e+02	 24	 999000	 240	 999000	 999	 6.049357e+02	 566.67	 550.00	 52.00	 49	 0.20	 
BMI_bfr_106	 2	 5	 156.jpg	 6.059202e+02	 24	 999000	 240	 999000	 999	 6.069378e+02	 566.67	 550.00	 47.00	 56	 0.27	 
BMI_bfr_106	 2	 5	 108.jpg	 6.079224e+02	 24	 999000	 240	 999000	 999	 6.089403e+02	 566.67	 550.00	 53.00	 8	 0.19	 
BMI_bfr_106	 2	 5	 104.jpg	 6.099080e+02	 12	 999000	 120	 999000	 999	 6.109257e+02	 566.67	 550.00	 6.00	 4	 0.82	 
BMI_bfr_106	 2	 5	 125.jpg	 6.139123e+02	 22	 8.939429e+02	 220	 5.503226e+02	 98	 6.149468e+02	 566.67	 566.67	 43.00	 25	 0.33	 
BMI_bfr_106	 2	 5	 158.jpg	 6.159147e+02	 24	 999000	 240	 999000	 999	 6.169325e+02	 566.67	 566.67	 55.00	 58	 0.15	 
BMI_bfr_106	 2	 5	 129.jpg	 6.199192e+02	 24	 999000	 240	 999000	 999	 6.209370e+02	 566.67	 566.67	 42.00	 29	 0.35	 
BMI_bfr_106	 2	 5	 151.jpg	 6.219214e+02	 24	 999000	 240	 999000	 999	 6.229408e+02	 566.67	 566.67	 41.00	 51	 0.35	 
BMI_bfr_106	 2	 5	 147.jpg	 6.239068e+02	 11	 9.154539e+02	 110	 5.670060e+02	 98	 6.249580e+02	 583.33	 566.67	 9.00	 47	 0.79	 
BMI_bfr_106	 2	 5	 144.jpg	 6.259093e+02	 24	 999000	 240	 999000	 999	 6.269270e+02	 583.33	 566.67	 50.00	 44	 0.25	 
BMI_bfr_106	 2	 5	 124.jpg	 6.309148e+02	 12	 999000	 120	 999000	 999	 6.319326e+02	 583.33	 566.67	 18.00	 24	 0.64	 
BMI_bfr_106	 2	 5	 159.jpg	 6.329172e+02	 24	 999000	 240	 999000	 999	 6.339349e+02	 583.33	 566.67	 58.00	 59	 0.11	 
BMI_bfr_106	 2	 5	 119.jpg	 6.349194e+02	 22	 9.588691e+02	 220	 5.669921e+02	 98	 6.359537e+02	 583.33	 583.33	 49.00	 19	 0.25	 
BMI_bfr_106	 2	 5	 153.jpg	 6.379227e+02	 12	 999000	 120	 999000	 999	 6.389405e+02	 583.33	 583.33	 12.00	 53	 0.75	 
BMI_bfr_106	 2	 5	 122.jpg	 6.449140e+02	 24	 999000	 240	 999000	 999	 6.459318e+02	 583.33	 583.33	 40.00	 22	 0.38	 
BMI_bfr_106	 2	 5	 131.jpg	 6.489183e+02	 12	 999000	 120	 999000	 999	 6.499362e+02	 583.33	 583.33	 10.00	 31	 0.75	 
BMI_bfr_106	 2	 5	 127.jpg	 6.559096e+02	 12	 999000	 120	 999000	 999	 6.569274e+02	 583.33	 583.33	 5.00	 27	 0.82	 
