subjectID	 order	 runNum	 itemName	 onsetTime	 shuff_trialType	 RT	 respInTime	 AudioTime	 response	 fixationTime	 ladder1	 ladder2	 bidIndex	 itemNameIndex	 bidValue	 
BMI_bfr_107	 1	 17	 150.jpg	 2.122784e+03	 12	 999000	 120	 999000	 999	 2.123801e+03	 616.67	 483.33	 21.00	 50	 0.58	 
BMI_bfr_107	 1	 17	 128.jpg	 2.127772e+03	 12	 999000	 120	 999000	 999	 2.128790e+03	 616.67	 483.33	 11.00	 28	 0.76	 
BMI_bfr_107	 1	 17	 143.jpg	 2.129775e+03	 12	 999000	 120	 999000	 999	 2.130792e+03	 616.67	 483.33	 3.00	 43	 0.87	 
BMI_bfr_107	 1	 17	 125.jpg	 2.131777e+03	 24	 999000	 240	 999000	 999	 2.132795e+03	 616.67	 483.33	 57.00	 25	 0.19	 
BMI_bfr_107	 1	 17	 138.jpg	 2.137767e+03	 12	 999000	 120	 999000	 999	 2.138785e+03	 616.67	 483.33	 20.00	 38	 0.59	 
BMI_bfr_107	 1	 17	 117.jpg	 2.139769e+03	 24	 999000	 240	 999000	 999	 2.140787e+03	 616.67	 483.33	 56.00	 17	 0.19	 
BMI_bfr_107	 1	 17	 153.jpg	 2.142773e+03	 24	 999000	 240	 999000	 999	 2.143790e+03	 616.67	 483.33	 39.00	 53	 0.38	 
BMI_bfr_107	 1	 17	 112.jpg	 2.144775e+03	 12	 999000	 120	 999000	 999	 2.145793e+03	 616.67	 483.33	 6.00	 12	 0.82	 
BMI_bfr_107	 1	 17	 159.jpg	 2.148779e+03	 24	 999000	 240	 999000	 999	 2.149797e+03	 616.67	 483.33	 40.00	 59	 0.36	 
BMI_bfr_107	 1	 17	 121.jpg	 2.150765e+03	 24	 999000	 240	 999000	 999	 2.151783e+03	 616.67	 483.33	 48.00	 21	 0.28	 
BMI_bfr_107	 1	 17	 147.jpg	 2.155770e+03	 22	 1.155156e+03	 2200	 4.836851e+02	 98	 2.156805e+03	 616.67	 433.33	 44.00	 47	 0.34	 
BMI_bfr_107	 1	 17	 157.jpg	 2.162778e+03	 11	 9.472065e+02	 110	 6.169685e+02	 98	 2.163813e+03	 633.33	 433.33	 12.00	 57	 0.74	 
BMI_bfr_107	 1	 17	 145.jpg	 2.164764e+03	 12	 999000	 120	 999000	 999	 2.165782e+03	 633.33	 433.33	 8.00	 45	 0.80	 
BMI_bfr_107	 1	 17	 155.jpg	 2.167767e+03	 22	 8.463271e+02	 220	 4.336260e+02	 98	 2.168802e+03	 633.33	 450.00	 47.00	 55	 0.29	 
BMI_bfr_107	 1	 17	 116.jpg	 2.170771e+03	 24	 999000	 240	 999000	 999	 2.171788e+03	 633.33	 450.00	 58.00	 16	 0.17	 
BMI_bfr_107	 1	 17	 122.jpg	 2.174775e+03	 24	 999000	 240	 999000	 999	 2.175793e+03	 633.33	 450.00	 41.00	 22	 0.35	 
BMI_bfr_107	 1	 17	 154.jpg	 2.178780e+03	 11	 1.057989e+03	 1100	 6.336290e+02	 98	 2.179814e+03	 583.33	 450.00	 15.00	 54	 0.71	 
BMI_bfr_107	 1	 17	 160.jpg	 2.182768e+03	 22	 7.580800e+02	 220	 4.503260e+02	 98	 2.183802e+03	 583.33	 466.67	 45.00	 60	 0.32	 
BMI_bfr_107	 1	 17	 158.jpg	 2.185771e+03	 22	 7.547531e+02	 220	 4.670090e+02	 98	 2.186805e+03	 583.33	 483.33	 53.00	 58	 0.24	 
BMI_bfr_107	 1	 17	 137.jpg	 2.191778e+03	 12	 999000	 120	 999000	 999	 2.192797e+03	 583.33	 483.33	 9.00	 37	 0.80	 
BMI_bfr_107	 1	 17	 114.jpg	 2.193780e+03	 24	 999000	 240	 999000	 999	 2.194798e+03	 583.33	 483.33	 51.00	 14	 0.25	 
BMI_bfr_107	 1	 17	 132.jpg	 2.196767e+03	 22	 8.151037e+02	 220	 4.836183e+02	 98	 2.197801e+03	 583.33	 500.00	 50.00	 32	 0.26	 
BMI_bfr_107	 1	 17	 109.jpg	 2.198769e+03	 12	 999000	 120	 999000	 999	 2.199787e+03	 583.33	 500.00	 14.00	 9	 0.72	 
BMI_bfr_107	 1	 17	 144.jpg	 2.200771e+03	 11	 9.465758e+02	 110	 5.836203e+02	 98	 2.201805e+03	 600.00	 500.00	 13.00	 44	 0.73	 
BMI_bfr_107	 1	 17	 101.jpg	 2.202773e+03	 12	 999000	 120	 999000	 999	 2.203791e+03	 600.00	 500.00	 16.00	 1	 0.68	 
BMI_bfr_107	 1	 17	 103.jpg	 2.205777e+03	 12	 999000	 120	 999000	 999	 2.206794e+03	 600.00	 500.00	 17.00	 3	 0.67	 
BMI_bfr_107	 1	 17	 151.jpg	 2.209764e+03	 12	 999000	 120	 999000	 999	 2.210782e+03	 600.00	 500.00	 22.00	 51	 0.58	 
BMI_bfr_107	 1	 17	 104.jpg	 2.211767e+03	 24	 999000	 240	 999000	 999	 2.212784e+03	 600.00	 500.00	 43.00	 4	 0.35	 
BMI_bfr_107	 1	 17	 139.jpg	 2.213769e+03	 11	 9.247636e+02	 110	 6.002831e+02	 98	 2.214803e+03	 616.67	 500.00	 10.00	 39	 0.78	 
BMI_bfr_107	 1	 17	 124.jpg	 2.215771e+03	 24	 999000	 240	 999000	 999	 2.216789e+03	 616.67	 500.00	 49.00	 24	 0.26	 
BMI_bfr_107	 1	 17	 105.jpg	 2.217773e+03	 22	 8.081765e+02	 220	 5.003306e+02	 98	 2.218808e+03	 616.67	 516.67	 52.00	 5	 0.25	 
BMI_bfr_107	 1	 17	 156.jpg	 2.219776e+03	 24	 999000	 240	 999000	 999	 2.220794e+03	 616.67	 516.67	 42.00	 56	 0.35	 
BMI_bfr_107	 1	 17	 127.jpg	 2.223780e+03	 12	 999000	 120	 999000	 999	 2.224798e+03	 616.67	 516.67	 5.00	 27	 0.83	 
BMI_bfr_107	 1	 17	 133.jpg	 2.227768e+03	 24	 999000	 240	 999000	 999	 2.228786e+03	 616.67	 516.67	 54.00	 33	 0.21	 
BMI_bfr_107	 1	 17	 130.jpg	 2.229770e+03	 11	 9.154203e+02	 110	 6.170051e+02	 98	 2.230805e+03	 633.33	 516.67	 7.00	 30	 0.82	 
BMI_bfr_107	 1	 17	 115.jpg	 2.231772e+03	 12	 999000	 120	 999000	 999	 2.232790e+03	 633.33	 516.67	 4.00	 15	 0.86	 
BMI_bfr_107	 1	 17	 119.jpg	 2.233775e+03	 11	 9.909262e+02	 110	 6.336359e+02	 98	 2.234809e+03	 650.00	 516.67	 18.00	 19	 0.67	 
BMI_bfr_107	 1	 17	 113.jpg	 2.235777e+03	 12	 999000	 120	 999000	 999	 2.236795e+03	 650.00	 516.67	 19.00	 13	 0.66	 
BMI_bfr_107	 1	 17	 111.jpg	 2.241767e+03	 24	 999000	 240	 999000	 999	 2.242785e+03	 650.00	 516.67	 55.00	 11	 0.20	 
BMI_bfr_107	 1	 17	 135.jpg	 2.243769e+03	 24	 999000	 240	 999000	 999	 2.244787e+03	 650.00	 516.67	 46.00	 35	 0.31	 
