subjectID	 order	 runNum	 itemName	 onsetTime	 shuff_trialType	 RT	 respInTime	 AudioTime	 response	 fixationTime	 ladder1	 ladder2	 bidIndex	 itemNameIndex	 bidValue	 
BMI_bfr_108	 2	 14	 144.jpg	 1.849956e+03	 24	 999000	 240	 999000	 999	 1.850974e+03	 716.67	 716.67	 57.00	 44	 0.23	 
BMI_bfr_108	 2	 14	 151.jpg	 1.852943e+03	 24	 999000	 240	 999000	 999	 1.853960e+03	 716.67	 716.67	 58.00	 51	 0.23	 
BMI_bfr_108	 2	 14	 155.jpg	 1.856947e+03	 22	 9.868599e+02	 220	 7.170028e+02	 98	 1.857981e+03	 716.67	 733.33	 43.00	 55	 0.33	 
BMI_bfr_108	 2	 14	 134.jpg	 1.858949e+03	 12	 999000	 120	 999000	 999	 1.859967e+03	 716.67	 733.33	 4.00	 34	 0.81	 
BMI_bfr_108	 2	 14	 102.jpg	 1.860952e+03	 12	 999000	 120	 999000	 999	 1.861969e+03	 716.67	 733.33	 21.00	 2	 0.61	 
BMI_bfr_108	 2	 14	 149.jpg	 1.864939e+03	 22	 1.018824e+03	 2200	 7.336763e+02	 98	 1.865974e+03	 716.67	 683.33	 54.00	 49	 0.25	 
BMI_bfr_108	 2	 14	 160.jpg	 1.866942e+03	 24	 999000	 240	 999000	 999	 1.867959e+03	 716.67	 683.33	 42.00	 60	 0.33	 
BMI_bfr_108	 2	 14	 157.jpg	 1.871947e+03	 24	 999000	 240	 999000	 999	 1.872965e+03	 716.67	 683.33	 52.00	 57	 0.26	 
BMI_bfr_108	 2	 14	 158.jpg	 1.873950e+03	 24	 999000	 240	 999000	 999	 1.874967e+03	 716.67	 683.33	 41.00	 58	 0.34	 
BMI_bfr_108	 2	 14	 142.jpg	 1.876936e+03	 12	 999000	 120	 999000	 999	 1.877954e+03	 716.67	 683.33	 10.00	 42	 0.74	 
BMI_bfr_108	 2	 14	 141.jpg	 1.879940e+03	 11	 1.018528e+03	 1100	 7.169933e+02	 98	 1.880974e+03	 666.67	 683.33	 9.00	 41	 0.76	 
BMI_bfr_108	 2	 14	 127.jpg	 1.883944e+03	 12	 999000	 120	 999000	 999	 1.884963e+03	 666.67	 683.33	 3.00	 27	 0.82	 
BMI_bfr_108	 2	 14	 139.jpg	 1.886947e+03	 22	 9.625549e+02	 220	 6.836572e+02	 98	 1.887982e+03	 666.67	 700.00	 48.00	 39	 0.29	 
BMI_bfr_108	 2	 14	 101.jpg	 1.888950e+03	 12	 999000	 120	 999000	 999	 1.889967e+03	 666.67	 700.00	 20.00	 1	 0.65	 
BMI_bfr_108	 2	 14	 123.jpg	 1.891936e+03	 11	 8.855258e+02	 110	 6.670777e+02	 98	 1.892971e+03	 683.33	 700.00	 8.00	 23	 0.76	 
BMI_bfr_108	 2	 14	 137.jpg	 1.895941e+03	 24	 999000	 240	 999000	 999	 1.896959e+03	 683.33	 700.00	 45.00	 37	 0.31	 
BMI_bfr_108	 2	 14	 131.jpg	 1.898944e+03	 24	 999000	 240	 999000	 999	 1.899962e+03	 683.33	 700.00	 55.00	 31	 0.24	 
BMI_bfr_108	 2	 14	 121.jpg	 1.900946e+03	 11	 9.555284e+02	 110	 6.836801e+02	 98	 1.901981e+03	 700.00	 700.00	 14.00	 21	 0.70	 
BMI_bfr_108	 2	 14	 150.jpg	 1.902949e+03	 12	 999000	 120	 999000	 999	 1.903966e+03	 700.00	 700.00	 22.00	 50	 0.61	 
BMI_bfr_108	 2	 14	 120.jpg	 1.907937e+03	 22	 9.565346e+02	 220	 7.003222e+02	 98	 1.908972e+03	 700.00	 716.67	 49.00	 20	 0.26	 
BMI_bfr_108	 2	 14	 152.jpg	 1.911942e+03	 12	 999000	 120	 999000	 999	 1.912960e+03	 700.00	 716.67	 5.00	 52	 0.78	 
BMI_bfr_108	 2	 14	 111.jpg	 1.915947e+03	 12	 8.750054e+02	 12	 999000	 98	 1.916965e+03	 700.00	 716.67	 6.00	 11	 0.77	 
BMI_bfr_108	 2	 14	 117.jpg	 1.921937e+03	 11	 9.332168e+02	 110	 7.004062e+02	 98	 1.922971e+03	 716.67	 716.67	 11.00	 17	 0.73	 
BMI_bfr_108	 2	 14	 115.jpg	 1.923939e+03	 24	 999000	 240	 999000	 999	 1.924957e+03	 716.67	 716.67	 50.00	 15	 0.26	 
BMI_bfr_108	 2	 14	 128.jpg	 1.925941e+03	 12	 999000	 120	 999000	 999	 1.926959e+03	 716.67	 716.67	 13.00	 28	 0.72	 
BMI_bfr_108	 2	 14	 138.jpg	 1.927943e+03	 22	 9.585865e+02	 220	 7.169970e+02	 98	 1.928978e+03	 716.67	 733.33	 51.00	 38	 0.26	 
BMI_bfr_108	 2	 14	 153.jpg	 1.929946e+03	 24	 999000	 240	 999000	 999	 1.930963e+03	 716.67	 733.33	 44.00	 53	 0.31	 
BMI_bfr_108	 2	 14	 110.jpg	 1.933950e+03	 22	 9.917862e+02	 220	 7.337391e+02	 98	 1.934985e+03	 716.67	 750.00	 46.00	 10	 0.30	 
BMI_bfr_108	 2	 14	 133.jpg	 1.935953e+03	 12	 999000	 120	 999000	 999	 1.936970e+03	 716.67	 750.00	 18.00	 33	 0.66	 
BMI_bfr_108	 2	 14	 103.jpg	 1.939940e+03	 11	 9.616741e+02	 110	 7.170719e+02	 98	 1.940975e+03	 733.33	 750.00	 16.00	 3	 0.67	 
BMI_bfr_108	 2	 14	 106.jpg	 1.941943e+03	 12	 999000	 120	 999000	 999	 1.942960e+03	 733.33	 750.00	 19.00	 6	 0.66	 
BMI_bfr_108	 2	 14	 129.jpg	 1.943945e+03	 11	 9.652416e+02	 110	 7.336702e+02	 98	 1.944979e+03	 750.00	 750.00	 17.00	 29	 0.66	 
BMI_bfr_108	 2	 14	 136.jpg	 1.945947e+03	 12	 999000	 120	 999000	 999	 1.946966e+03	 750.00	 750.00	 12.00	 36	 0.73	 
BMI_bfr_108	 2	 14	 145.jpg	 1.950936e+03	 12	 999000	 120	 999000	 999	 1.951954e+03	 750.00	 750.00	 7.00	 45	 0.76	 
BMI_bfr_108	 2	 14	 114.jpg	 1.952938e+03	 12	 999000	 120	 999000	 999	 1.953956e+03	 750.00	 750.00	 15.00	 14	 0.68	 
BMI_bfr_108	 2	 14	 154.jpg	 1.954941e+03	 24	 999000	 240	 999000	 999	 1.955958e+03	 750.00	 750.00	 53.00	 54	 0.25	 
BMI_bfr_108	 2	 14	 148.jpg	 1.957944e+03	 24	 999000	 240	 999000	 999	 1.958962e+03	 750.00	 750.00	 40.00	 48	 0.35	 
BMI_bfr_108	 2	 14	 140.jpg	 1.964952e+03	 24	 999000	 240	 999000	 999	 1.965970e+03	 750.00	 750.00	 39.00	 40	 0.36	 
BMI_bfr_108	 2	 14	 159.jpg	 1.968939e+03	 24	 999000	 240	 999000	 999	 1.969957e+03	 750.00	 750.00	 56.00	 59	 0.23	 
BMI_bfr_108	 2	 14	 130.jpg	 1.975947e+03	 24	 999000	 240	 999000	 999	 1.976965e+03	 750.00	 750.00	 47.00	 30	 0.30	 
