subjectID	 order	 runNum	 itemName	 onsetTime	 shuff_trialType	 RT	 respInTime	 AudioTime	 response	 fixationTime	 ladder1	 ladder2	 bidIndex	 itemNameIndex	 bidValue	 
BMI_bfr_105	 1	 6	 134.jpg	 6.656256e+02	 12	 999000	 120	 999000	 999	 6.666433e+02	 716.67	 716.67	 19.00	 34	 0.60	 
BMI_bfr_105	 1	 6	 108.jpg	 6.676280e+02	 12	 999000	 120	 999000	 999	 6.686456e+02	 716.67	 716.67	 9.00	 8	 0.72	 
BMI_bfr_105	 1	 6	 120.jpg	 6.716156e+02	 24	 999000	 240	 999000	 999	 6.726335e+02	 716.67	 716.67	 49.00	 20	 0.29	 
BMI_bfr_105	 1	 6	 123.jpg	 6.746191e+02	 11	 1.042942e+03	 1100	 7.170430e+02	 98	 6.756535e+02	 666.67	 716.67	 15.00	 23	 0.66	 
BMI_bfr_105	 1	 6	 117.jpg	 6.766214e+02	 12	 999000	 120	 999000	 999	 6.776390e+02	 666.67	 716.67	 5.00	 17	 0.82	 
BMI_bfr_105	 1	 6	 118.jpg	 6.796247e+02	 11	 1.037342e+03	 1100	 6.670366e+02	 98	 6.806590e+02	 616.67	 716.67	 18.00	 18	 0.62	 
BMI_bfr_105	 1	 6	 148.jpg	 6.836292e+02	 12	 999000	 120	 999000	 999	 6.846469e+02	 616.67	 716.67	 22.00	 48	 0.57	 
BMI_bfr_105	 1	 6	 113.jpg	 6.876167e+02	 12	 999000	 120	 999000	 999	 6.886348e+02	 616.67	 716.67	 4.00	 13	 0.86	 
BMI_bfr_105	 1	 6	 128.jpg	 6.896191e+02	 24	 999000	 240	 999000	 999	 6.906369e+02	 616.67	 716.67	 56.00	 28	 0.19	 
BMI_bfr_105	 1	 6	 145.jpg	 6.946249e+02	 24	 999000	 240	 999000	 999	 6.956428e+02	 616.67	 716.67	 51.00	 45	 0.28	 
BMI_bfr_105	 1	 6	 153.jpg	 6.966271e+02	 12	 999000	 120	 999000	 999	 6.976448e+02	 616.67	 716.67	 8.00	 53	 0.75	 
BMI_bfr_105	 1	 6	 140.jpg	 6.986294e+02	 11	 8.886660e+02	 110	 6.169807e+02	 98	 6.996651e+02	 633.33	 716.67	 12.00	 40	 0.69	 
BMI_bfr_105	 1	 6	 129.jpg	 7.046194e+02	 22	 1.066596e+03	 2200	 7.169856e+02	 98	 7.056538e+02	 633.33	 666.67	 45.00	 29	 0.34	 
BMI_bfr_105	 1	 6	 158.jpg	 7.066217e+02	 24	 999000	 240	 999000	 999	 7.076393e+02	 633.33	 666.67	 46.00	 58	 0.34	 
BMI_bfr_105	 1	 6	 119.jpg	 7.086240e+02	 24	 999000	 240	 999000	 999	 7.096416e+02	 633.33	 666.67	 54.00	 19	 0.22	 
BMI_bfr_105	 1	 6	 135.jpg	 7.106260e+02	 11	 9.080249e+02	 110	 6.336784e+02	 98	 7.116606e+02	 650.00	 666.67	 13.00	 35	 0.67	 
BMI_bfr_105	 1	 6	 110.jpg	 7.146307e+02	 24	 999000	 240	 999000	 999	 7.156483e+02	 650.00	 666.67	 58.00	 10	 0.17	 
BMI_bfr_105	 1	 6	 127.jpg	 7.186185e+02	 11	 8.995672e+02	 110	 6.503494e+02	 98	 7.196528e+02	 666.67	 666.67	 10.00	 27	 0.69	 
BMI_bfr_105	 1	 6	 130.jpg	 7.216219e+02	 12	 999000	 120	 999000	 999	 7.226395e+02	 666.67	 666.67	 3.00	 30	 0.88	 
BMI_bfr_105	 1	 6	 154.jpg	 7.256263e+02	 11	 9.157841e+02	 110	 6.669899e+02	 98	 7.266607e+02	 683.33	 666.67	 7.00	 54	 0.77	 
BMI_bfr_105	 1	 6	 143.jpg	 7.286296e+02	 22	 8.803958e+02	 220	 6.669809e+02	 98	 7.296640e+02	 683.33	 683.33	 50.00	 43	 0.29	 
BMI_bfr_105	 1	 6	 139.jpg	 7.306318e+02	 24	 999000	 240	 999000	 999	 7.316497e+02	 683.33	 683.33	 57.00	 39	 0.18	 
BMI_bfr_105	 1	 6	 157.jpg	 7.346198e+02	 12	 999000	 120	 999000	 999	 7.356374e+02	 683.33	 683.33	 6.00	 57	 0.81	 
BMI_bfr_105	 1	 6	 116.jpg	 7.366219e+02	 24	 999000	 240	 999000	 999	 7.376396e+02	 683.33	 683.33	 41.00	 16	 0.41	 
BMI_bfr_105	 1	 6	 105.jpg	 7.386242e+02	 22	 9.097814e+02	 220	 6.836244e+02	 98	 7.396587e+02	 683.33	 700.00	 47.00	 5	 0.31	 
BMI_bfr_105	 1	 6	 114.jpg	 7.426288e+02	 12	 999000	 120	 999000	 999	 7.436464e+02	 683.33	 700.00	 21.00	 14	 0.58	 
BMI_bfr_105	 1	 6	 124.jpg	 7.446309e+02	 24	 999000	 240	 999000	 999	 7.456486e+02	 683.33	 700.00	 48.00	 24	 0.29	 
BMI_bfr_105	 1	 6	 152.jpg	 7.486187e+02	 24	 999000	 240	 999000	 999	 7.496364e+02	 683.33	 700.00	 40.00	 52	 0.42	 
BMI_bfr_105	 1	 6	 141.jpg	 7.526231e+02	 22	 9.908949e+02	 220	 7.004089e+02	 98	 7.536578e+02	 683.33	 716.67	 44.00	 41	 0.34	 
BMI_bfr_105	 1	 6	 126.jpg	 7.556266e+02	 12	 999000	 120	 999000	 999	 7.566443e+02	 683.33	 716.67	 11.00	 26	 0.69	 
BMI_bfr_105	 1	 6	 107.jpg	 7.616165e+02	 24	 999000	 240	 999000	 999	 7.626343e+02	 683.33	 716.67	 39.00	 7	 0.44	 
BMI_bfr_105	 1	 6	 115.jpg	 7.636189e+02	 22	 1.003298e+03	 2200	 7.170365e+02	 98	 7.646532e+02	 683.33	 666.67	 52.00	 15	 0.27	 
BMI_bfr_105	 1	 6	 112.jpg	 7.676233e+02	 24	 999000	 240	 999000	 999	 7.686437e+02	 683.33	 666.67	 55.00	 12	 0.20	 
BMI_bfr_105	 1	 6	 146.jpg	 7.696256e+02	 24	 999000	 240	 999000	 999	 7.706434e+02	 683.33	 666.67	 42.00	 46	 0.39	 
BMI_bfr_105	 1	 6	 151.jpg	 7.716278e+02	 12	 999000	 120	 999000	 999	 7.726456e+02	 683.33	 666.67	 20.00	 51	 0.58	 
BMI_bfr_105	 1	 6	 106.jpg	 7.736301e+02	 24	 999000	 240	 999000	 999	 7.746480e+02	 683.33	 666.67	 43.00	 6	 0.36	 
BMI_bfr_105	 1	 6	 133.jpg	 7.786191e+02	 22	 9.149634e+02	 220	 6.670131e+02	 98	 7.796535e+02	 683.33	 683.33	 53.00	 33	 0.24	 
BMI_bfr_105	 1	 6	 104.jpg	 7.806213e+02	 12	 999000	 120	 999000	 999	 7.816390e+02	 683.33	 683.33	 14.00	 4	 0.66	 
BMI_bfr_105	 1	 6	 111.jpg	 7.826236e+02	 12	 999000	 120	 999000	 999	 7.836412e+02	 683.33	 683.33	 17.00	 11	 0.62	 
BMI_bfr_105	 1	 6	 159.jpg	 7.856268e+02	 12	 999000	 120	 999000	 999	 7.866446e+02	 683.33	 683.33	 16.00	 59	 0.65	 
