subjectID	 order	 runNum	 itemName	 onsetTime	 shuff_trialType	 RT	 respInTime	 AudioTime	 response	 fixationTime	 ladder1	 ladder2	 bidIndex	 itemNameIndex	 bidValue	 
BMI_bfr_105	 1	 14	 154.jpg	 1.678111e+03	 11	 8.313391e+02	 110	 5.836253e+02	 98	 1.679145e+03	 600.00	 716.67	 7.00	 54	 0.77	 
BMI_bfr_105	 1	 14	 111.jpg	 1.681114e+03	 12	 999000	 120	 999000	 999	 1.682132e+03	 600.00	 716.67	 17.00	 11	 0.62	 
BMI_bfr_105	 1	 14	 157.jpg	 1.685103e+03	 12	 999000	 120	 999000	 999	 1.686120e+03	 600.00	 716.67	 6.00	 57	 0.81	 
BMI_bfr_105	 1	 14	 129.jpg	 1.687104e+03	 22	 1.045901e+03	 2200	 7.169913e+02	 98	 1.688139e+03	 600.00	 666.67	 45.00	 29	 0.34	 
BMI_bfr_105	 1	 14	 146.jpg	 1.689106e+03	 24	 999000	 240	 999000	 999	 1.690124e+03	 600.00	 666.67	 42.00	 46	 0.39	 
BMI_bfr_105	 1	 14	 124.jpg	 1.693111e+03	 24	 999000	 240	 999000	 999	 1.694129e+03	 600.00	 666.67	 48.00	 24	 0.29	 
BMI_bfr_105	 1	 14	 105.jpg	 1.695113e+03	 22	 9.088538e+02	 220	 6.670562e+02	 98	 1.696148e+03	 600.00	 683.33	 47.00	 5	 0.31	 
BMI_bfr_105	 1	 14	 126.jpg	 1.700102e+03	 12	 999000	 120	 999000	 999	 1.701120e+03	 600.00	 683.33	 11.00	 26	 0.69	 
BMI_bfr_105	 1	 14	 119.jpg	 1.702104e+03	 24	 999000	 240	 999000	 999	 1.703122e+03	 600.00	 683.33	 54.00	 19	 0.22	 
BMI_bfr_105	 1	 14	 115.jpg	 1.705108e+03	 22	 9.783346e+02	 220	 6.836413e+02	 98	 1.706142e+03	 600.00	 700.00	 52.00	 15	 0.27	 
BMI_bfr_105	 1	 14	 114.jpg	 1.708111e+03	 12	 999000	 120	 999000	 999	 1.709129e+03	 600.00	 700.00	 21.00	 14	 0.58	 
BMI_bfr_105	 1	 14	 158.jpg	 1.712116e+03	 24	 999000	 240	 999000	 999	 1.713134e+03	 600.00	 700.00	 46.00	 58	 0.34	 
BMI_bfr_105	 1	 14	 133.jpg	 1.715102e+03	 22	 1.008301e+03	 2200	 7.002945e+02	 98	 1.716137e+03	 600.00	 650.00	 53.00	 33	 0.24	 
BMI_bfr_105	 1	 14	 145.jpg	 1.717104e+03	 24	 999000	 240	 999000	 999	 1.718122e+03	 600.00	 650.00	 51.00	 45	 0.28	 
BMI_bfr_105	 1	 14	 110.jpg	 1.720108e+03	 24	 999000	 240	 999000	 999	 1.721126e+03	 600.00	 650.00	 58.00	 10	 0.17	 
BMI_bfr_105	 1	 14	 104.jpg	 1.724112e+03	 12	 999000	 120	 999000	 999	 1.725130e+03	 600.00	 650.00	 14.00	 4	 0.66	 
BMI_bfr_105	 1	 14	 143.jpg	 1.727116e+03	 22	 1.002389e+03	 2200	 6.503024e+02	 98	 1.728150e+03	 600.00	 600.00	 50.00	 43	 0.29	 
BMI_bfr_105	 1	 14	 148.jpg	 1.729118e+03	 12	 999000	 120	 999000	 999	 1.730136e+03	 600.00	 600.00	 22.00	 48	 0.57	 
BMI_bfr_105	 1	 14	 128.jpg	 1.731103e+03	 24	 999000	 240	 999000	 999	 1.732121e+03	 600.00	 600.00	 56.00	 28	 0.19	 
BMI_bfr_105	 1	 14	 152.jpg	 1.736109e+03	 24	 999000	 240	 999000	 999	 1.737127e+03	 600.00	 600.00	 40.00	 52	 0.42	 
BMI_bfr_105	 1	 14	 113.jpg	 1.740114e+03	 12	 999000	 120	 999000	 999	 1.741131e+03	 600.00	 600.00	 4.00	 13	 0.86	 
BMI_bfr_105	 1	 14	 108.jpg	 1.744101e+03	 12	 999000	 120	 999000	 999	 1.745119e+03	 600.00	 600.00	 9.00	 8	 0.72	 
BMI_bfr_105	 1	 14	 123.jpg	 1.750108e+03	 11	 9.698546e+02	 110	 6.003129e+02	 98	 1.751143e+03	 616.67	 600.00	 15.00	 23	 0.66	 
BMI_bfr_105	 1	 14	 139.jpg	 1.752110e+03	 24	 999000	 240	 999000	 999	 1.753128e+03	 616.67	 600.00	 57.00	 39	 0.18	 
BMI_bfr_105	 1	 14	 107.jpg	 1.754113e+03	 24	 999000	 240	 999000	 999	 1.755130e+03	 616.67	 600.00	 39.00	 7	 0.44	 
BMI_bfr_105	 1	 14	 127.jpg	 1.756115e+03	 11	 9.150495e+02	 110	 6.169823e+02	 98	 1.757149e+03	 633.33	 600.00	 10.00	 27	 0.69	 
BMI_bfr_105	 1	 14	 120.jpg	 1.758117e+03	 24	 999000	 240	 999000	 999	 1.759135e+03	 633.33	 600.00	 49.00	 20	 0.29	 
BMI_bfr_105	 1	 14	 134.jpg	 1.762105e+03	 12	 999000	 120	 999000	 999	 1.763123e+03	 633.33	 600.00	 19.00	 34	 0.60	 
BMI_bfr_105	 1	 14	 140.jpg	 1.764107e+03	 11	 8.667155e+02	 110	 6.336475e+02	 98	 1.765142e+03	 650.00	 600.00	 12.00	 40	 0.69	 
BMI_bfr_105	 1	 14	 159.jpg	 1.768112e+03	 12	 999000	 120	 999000	 999	 1.769129e+03	 650.00	 600.00	 16.00	 59	 0.65	 
BMI_bfr_105	 1	 14	 153.jpg	 1.770114e+03	 12	 999000	 120	 999000	 999	 1.771132e+03	 650.00	 600.00	 8.00	 53	 0.75	 
BMI_bfr_105	 1	 14	 116.jpg	 1.772116e+03	 24	 999000	 240	 999000	 999	 1.773134e+03	 650.00	 600.00	 41.00	 16	 0.41	 
BMI_bfr_105	 1	 14	 130.jpg	 1.774101e+03	 12	 999000	 120	 999000	 999	 1.775122e+03	 650.00	 600.00	 3.00	 30	 0.88	 
BMI_bfr_105	 1	 14	 135.jpg	 1.779107e+03	 11	 8.906619e+02	 110	 6.502927e+02	 98	 1.780142e+03	 666.67	 600.00	 13.00	 35	 0.67	 
BMI_bfr_105	 1	 14	 141.jpg	 1.781110e+03	 22	 9.043931e+02	 220	 6.002947e+02	 98	 1.782144e+03	 666.67	 616.67	 44.00	 41	 0.34	 
BMI_bfr_105	 1	 14	 112.jpg	 1.783112e+03	 24	 999000	 240	 999000	 999	 1.784130e+03	 666.67	 616.67	 55.00	 12	 0.20	 
BMI_bfr_105	 1	 14	 151.jpg	 1.786115e+03	 12	 999000	 120	 999000	 999	 1.787133e+03	 666.67	 616.67	 20.00	 51	 0.58	 
BMI_bfr_105	 1	 14	 118.jpg	 1.793106e+03	 11	 9.236598e+02	 110	 6.669705e+02	 98	 1.794141e+03	 683.33	 616.67	 18.00	 18	 0.62	 
BMI_bfr_105	 1	 14	 106.jpg	 1.797111e+03	 24	 999000	 240	 999000	 999	 1.798129e+03	 683.33	 616.67	 43.00	 6	 0.36	 
BMI_bfr_105	 1	 14	 117.jpg	 1.804103e+03	 12	 999000	 120	 999000	 999	 1.805120e+03	 683.33	 616.67	 5.00	 17	 0.82	 
