subjectID	 order	 runNum	 itemName	 onsetTime	 shuff_trialType	 RT	 respInTime	 AudioTime	 response	 fixationTime	 ladder1	 ladder2	 bidIndex	 itemNameIndex	 bidValue	 
BMI_bfr_102	 2	 17	 148.jpg	 2.003103e+03	 22	 8.875172e+02	 220	 6.169578e+02	 98	 2.004137e+03	 616.67	 633.33	 46.00	 48	 0.31	 
BMI_bfr_102	 2	 17	 120.jpg	 2.005105e+03	 24	 999000	 240	 999000	 999	 2.006140e+03	 616.67	 633.33	 45.00	 20	 0.31	 
BMI_bfr_102	 2	 17	 151.jpg	 2.009110e+03	 12	 999000	 120	 999000	 999	 2.010127e+03	 616.67	 633.33	 12.00	 51	 0.78	 
BMI_bfr_102	 2	 17	 142.jpg	 2.012096e+03	 12	 999000	 120	 999000	 999	 2.013114e+03	 616.67	 633.33	 7.00	 42	 0.82	 
BMI_bfr_102	 2	 17	 126.jpg	 2.014099e+03	 12	 999000	 120	 999000	 999	 2.015116e+03	 616.67	 633.33	 21.00	 26	 0.61	 
BMI_bfr_102	 2	 17	 112.jpg	 2.017102e+03	 12	 999000	 120	 999000	 999	 2.018120e+03	 616.67	 633.33	 22.00	 12	 0.56	 
BMI_bfr_102	 2	 17	 107.jpg	 2.021107e+03	 24	 999000	 240	 999000	 999	 2.022124e+03	 616.67	 633.33	 39.00	 7	 0.38	 
BMI_bfr_102	 2	 17	 145.jpg	 2.025094e+03	 22	 1.032389e+03	 2200	 6.336112e+02	 98	 2.026129e+03	 616.67	 583.33	 51.00	 45	 0.24	 
BMI_bfr_102	 2	 17	 154.jpg	 2.027097e+03	 12	 999000	 120	 999000	 999	 2.028114e+03	 616.67	 583.33	 6.00	 54	 0.83	 
BMI_bfr_102	 2	 17	 113.jpg	 2.032102e+03	 12	 999000	 120	 999000	 999	 2.033120e+03	 616.67	 583.33	 13.00	 13	 0.75	 
BMI_bfr_102	 2	 17	 135.jpg	 2.034104e+03	 24	 999000	 240	 999000	 999	 2.035122e+03	 616.67	 583.33	 40.00	 35	 0.36	 
BMI_bfr_102	 2	 17	 124.jpg	 2.036107e+03	 24	 999000	 240	 999000	 999	 2.037124e+03	 616.67	 583.33	 56.00	 24	 0.15	 
BMI_bfr_102	 2	 17	 105.jpg	 2.042097e+03	 22	 9.817664e+02	 220	 5.836143e+02	 98	 2.043131e+03	 616.67	 600.00	 54.00	 5	 0.19	 
BMI_bfr_102	 2	 17	 156.jpg	 2.044099e+03	 24	 999000	 240	 999000	 999	 2.045117e+03	 616.67	 600.00	 55.00	 56	 0.16	 
BMI_bfr_102	 2	 17	 103.jpg	 2.046101e+03	 12	 999000	 120	 999000	 999	 2.047119e+03	 616.67	 600.00	 3.00	 3	 0.88	 
BMI_bfr_102	 2	 17	 128.jpg	 2.048103e+03	 11	 9.669728e+02	 110	 6.169483e+02	 98	 2.049138e+03	 633.33	 600.00	 11.00	 28	 0.79	 
BMI_bfr_102	 2	 17	 133.jpg	 2.052108e+03	 24	 999000	 240	 999000	 999	 2.053126e+03	 633.33	 600.00	 42.00	 33	 0.33	 
BMI_bfr_102	 2	 17	 159.jpg	 2.056096e+03	 24	 999000	 240	 999000	 999	 2.057113e+03	 633.33	 600.00	 58.00	 59	 0.10	 
BMI_bfr_102	 2	 17	 114.jpg	 2.059099e+03	 24	 999000	 240	 999000	 999	 2.060117e+03	 633.33	 600.00	 52.00	 14	 0.22	 
BMI_bfr_102	 2	 17	 160.jpg	 2.063104e+03	 24	 999000	 240	 999000	 999	 2.064124e+03	 633.33	 600.00	 50.00	 60	 0.24	 
BMI_bfr_102	 2	 17	 101.jpg	 2.066107e+03	 11	 9.555709e+02	 110	 6.335942e+02	 98	 2.067141e+03	 650.00	 600.00	 8.00	 1	 0.80	 
BMI_bfr_102	 2	 17	 143.jpg	 2.068109e+03	 12	 999000	 120	 999000	 999	 2.069127e+03	 650.00	 600.00	 20.00	 43	 0.67	 
BMI_bfr_102	 2	 17	 127.jpg	 2.072097e+03	 12	 999000	 120	 999000	 999	 2.073115e+03	 650.00	 600.00	 19.00	 27	 0.68	 
BMI_bfr_102	 2	 17	 155.jpg	 2.074099e+03	 24	 999000	 240	 999000	 999	 2.075117e+03	 650.00	 600.00	 44.00	 55	 0.32	 
BMI_bfr_102	 2	 17	 137.jpg	 2.076102e+03	 11	 1.064853e+03	 1100	 6.502785e+02	 98	 2.077136e+03	 600.00	 600.00	 14.00	 37	 0.75	 
BMI_bfr_102	 2	 17	 117.jpg	 2.080106e+03	 12	 999000	 120	 999000	 999	 2.081124e+03	 600.00	 600.00	 5.00	 17	 0.86	 
BMI_bfr_102	 2	 17	 111.jpg	 2.082108e+03	 24	 999000	 240	 999000	 999	 2.083126e+03	 600.00	 600.00	 57.00	 11	 0.14	 
BMI_bfr_102	 2	 17	 109.jpg	 2.086096e+03	 12	 999000	 120	 999000	 999	 2.087114e+03	 600.00	 600.00	 4.00	 9	 0.88	 
BMI_bfr_102	 2	 17	 149.jpg	 2.090101e+03	 22	 9.457889e+02	 220	 6.002960e+02	 98	 2.091135e+03	 600.00	 616.67	 49.00	 49	 0.26	 
BMI_bfr_102	 2	 17	 102.jpg	 2.093104e+03	 11	 9.344481e+02	 110	 6.003071e+02	 98	 2.094138e+03	 616.67	 616.67	 16.00	 2	 0.71	 
BMI_bfr_102	 2	 17	 147.jpg	 2.099094e+03	 12	 999000	 120	 999000	 999	 2.100112e+03	 616.67	 616.67	 18.00	 47	 0.68	 
BMI_bfr_102	 2	 17	 138.jpg	 2.101096e+03	 24	 999000	 240	 999000	 999	 2.102114e+03	 616.67	 616.67	 41.00	 38	 0.33	 
BMI_bfr_102	 2	 17	 134.jpg	 2.105101e+03	 11	 1.225737e+03	 1100	 6.169201e+02	 98	 2.106135e+03	 566.67	 616.67	 9.00	 34	 0.79	 
BMI_bfr_102	 2	 17	 136.jpg	 2.107103e+03	 11	 1.175492e+03	 1100	 5.670234e+02	 98	 2.108137e+03	 516.67	 616.67	 17.00	 36	 0.71	 
BMI_bfr_102	 2	 17	 108.jpg	 2.109105e+03	 22	 1.125301e+03	 2200	 6.169172e+02	 98	 2.110140e+03	 516.67	 566.67	 48.00	 8	 0.29	 
BMI_bfr_102	 2	 17	 116.jpg	 2.111107e+03	 24	 999000	 240	 999000	 999	 2.112125e+03	 516.67	 566.67	 53.00	 16	 0.19	 
BMI_bfr_102	 2	 17	 122.jpg	 2.116096e+03	 12	 999000	 120	 999000	 999	 2.117114e+03	 516.67	 566.67	 10.00	 22	 0.79	 
BMI_bfr_102	 2	 17	 140.jpg	 2.118099e+03	 12	 999000	 120	 999000	 999	 2.119116e+03	 516.67	 566.67	 15.00	 40	 0.74	 
BMI_bfr_102	 2	 17	 123.jpg	 2.120101e+03	 22	 9.135521e+02	 220	 5.669580e+02	 98	 2.121135e+03	 516.67	 583.33	 43.00	 23	 0.33	 
BMI_bfr_102	 2	 17	 125.jpg	 2.123104e+03	 24	 999000	 240	 999000	 999	 2.124122e+03	 516.67	 583.33	 47.00	 25	 0.30	 
