subjectID	 order	 runNum	 itemName	 onsetTime	 shuff_trialType	 RT	 respInTime	 AudioTime	 response	 fixationTime	 ladder1	 ladder2	 bidIndex	 itemNameIndex	 bidValue	 
BMI_bfr_108	 2	 18	 121.jpg	 2.384356e+03	 11	 9.297116e+02	 110	 7.169654e+02	 98	 2.385392e+03	 733.33	 716.67	 14.00	 21	 0.70	 
BMI_bfr_108	 2	 18	 144.jpg	 2.387343e+03	 24	 999000	 240	 999000	 999	 2.388361e+03	 733.33	 716.67	 57.00	 44	 0.23	 
BMI_bfr_108	 2	 18	 130.jpg	 2.391348e+03	 24	 999000	 240	 999000	 999	 2.392365e+03	 733.33	 716.67	 47.00	 30	 0.30	 
BMI_bfr_108	 2	 18	 106.jpg	 2.393350e+03	 12	 999000	 120	 999000	 999	 2.394367e+03	 733.33	 716.67	 19.00	 6	 0.66	 
BMI_bfr_108	 2	 18	 152.jpg	 2.395352e+03	 12	 999000	 120	 999000	 999	 2.396369e+03	 733.33	 716.67	 5.00	 52	 0.78	 
BMI_bfr_108	 2	 18	 128.jpg	 2.399340e+03	 12	 999000	 120	 999000	 999	 2.400358e+03	 733.33	 716.67	 13.00	 28	 0.72	 
BMI_bfr_108	 2	 18	 137.jpg	 2.401342e+03	 24	 999000	 240	 999000	 999	 2.402360e+03	 733.33	 716.67	 45.00	 37	 0.31	 
BMI_bfr_108	 2	 18	 117.jpg	 2.406348e+03	 11	 9.783154e+02	 110	 7.336800e+02	 98	 2.407382e+03	 750.00	 716.67	 11.00	 17	 0.73	 
BMI_bfr_108	 2	 18	 158.jpg	 2.408350e+03	 24	 999000	 240	 999000	 999	 2.409368e+03	 750.00	 716.67	 41.00	 58	 0.34	 
BMI_bfr_108	 2	 18	 120.jpg	 2.411353e+03	 22	 9.487304e+02	 220	 7.169936e+02	 98	 2.412388e+03	 750.00	 733.33	 49.00	 20	 0.26	 
BMI_bfr_108	 2	 18	 133.jpg	 2.414340e+03	 12	 999000	 120	 999000	 999	 2.415358e+03	 750.00	 733.33	 18.00	 33	 0.66	 
BMI_bfr_108	 2	 18	 102.jpg	 2.418344e+03	 12	 999000	 120	 999000	 999	 2.419362e+03	 750.00	 733.33	 21.00	 2	 0.61	 
BMI_bfr_108	 2	 18	 154.jpg	 2.421348e+03	 24	 999000	 240	 999000	 999	 2.422366e+03	 750.00	 733.33	 53.00	 54	 0.25	 
BMI_bfr_108	 2	 18	 110.jpg	 2.423350e+03	 22	 9.598701e+02	 220	 7.336692e+02	 98	 2.424384e+03	 750.00	 750.00	 46.00	 10	 0.30	 
BMI_bfr_108	 2	 18	 148.jpg	 2.426353e+03	 24	 999000	 240	 999000	 999	 2.427371e+03	 750.00	 750.00	 40.00	 48	 0.35	 
BMI_bfr_108	 2	 18	 142.jpg	 2.430341e+03	 12	 999000	 120	 999000	 999	 2.431359e+03	 750.00	 750.00	 10.00	 42	 0.74	 
BMI_bfr_108	 2	 18	 103.jpg	 2.433345e+03	 11	 9.812858e+02	 110	 7.503345e+02	 98	 2.434379e+03	 766.67	 750.00	 16.00	 3	 0.67	 
BMI_bfr_108	 2	 18	 111.jpg	 2.435347e+03	 12	 999000	 120	 999000	 999	 2.436365e+03	 766.67	 750.00	 6.00	 11	 0.77	 
BMI_bfr_108	 2	 18	 160.jpg	 2.437349e+03	 24	 999000	 240	 999000	 999	 2.438367e+03	 766.67	 750.00	 42.00	 60	 0.33	 
BMI_bfr_108	 2	 18	 136.jpg	 2.442355e+03	 12	 999000	 120	 999000	 999	 2.443372e+03	 766.67	 750.00	 12.00	 36	 0.73	 
BMI_bfr_108	 2	 18	 155.jpg	 2.446343e+03	 22	 1.055381e+03	 2200	 7.503263e+02	 98	 2.447377e+03	 766.67	 700.00	 43.00	 55	 0.33	 
BMI_bfr_108	 2	 18	 151.jpg	 2.450347e+03	 24	 999000	 240	 999000	 999	 2.451365e+03	 766.67	 700.00	 58.00	 51	 0.23	 
BMI_bfr_108	 2	 18	 145.jpg	 2.456354e+03	 12	 999000	 120	 999000	 999	 2.457373e+03	 766.67	 700.00	 7.00	 45	 0.76	 
BMI_bfr_108	 2	 18	 123.jpg	 2.458339e+03	 11	 9.948422e+02	 110	 7.670063e+02	 98	 2.459374e+03	 783.33	 700.00	 8.00	 23	 0.76	 
BMI_bfr_108	 2	 18	 140.jpg	 2.460342e+03	 24	 999000	 240	 999000	 999	 2.461359e+03	 783.33	 700.00	 39.00	 40	 0.36	 
BMI_bfr_108	 2	 18	 101.jpg	 2.462344e+03	 12	 999000	 120	 999000	 999	 2.463363e+03	 783.33	 700.00	 20.00	 1	 0.65	 
BMI_bfr_108	 2	 18	 138.jpg	 2.464346e+03	 22	 9.797454e+02	 220	 7.003398e+02	 98	 2.465381e+03	 783.33	 716.67	 51.00	 38	 0.26	 
BMI_bfr_108	 2	 18	 150.jpg	 2.468351e+03	 12	 999000	 120	 999000	 999	 2.469368e+03	 783.33	 716.67	 22.00	 50	 0.61	 
BMI_bfr_108	 2	 18	 129.jpg	 2.470353e+03	 11	 1.069141e+03	 1100	 7.836737e+02	 98	 2.471387e+03	 733.33	 716.67	 17.00	 29	 0.66	 
BMI_bfr_108	 2	 18	 149.jpg	 2.474341e+03	 22	 9.612470e+02	 220	 7.170075e+02	 98	 2.475375e+03	 733.33	 733.33	 54.00	 49	 0.25	 
BMI_bfr_108	 2	 18	 153.jpg	 2.476343e+03	 24	 999000	 240	 999000	 999	 2.477361e+03	 733.33	 733.33	 44.00	 53	 0.31	 
BMI_bfr_108	 2	 18	 159.jpg	 2.478345e+03	 24	 999000	 240	 999000	 999	 2.479363e+03	 733.33	 733.33	 56.00	 59	 0.23	 
BMI_bfr_108	 2	 18	 115.jpg	 2.480347e+03	 24	 999000	 240	 999000	 999	 2.481365e+03	 733.33	 733.33	 50.00	 15	 0.26	 
BMI_bfr_108	 2	 18	 114.jpg	 2.485353e+03	 12	 999000	 120	 999000	 999	 2.486371e+03	 733.33	 733.33	 15.00	 14	 0.68	 
BMI_bfr_108	 2	 18	 141.jpg	 2.487355e+03	 11	 9.786195e+02	 110	 7.336587e+02	 98	 2.488390e+03	 750.00	 733.33	 9.00	 41	 0.76	 
BMI_bfr_108	 2	 18	 139.jpg	 2.489341e+03	 22	 1.096975e+03	 2200	 7.336655e+02	 98	 2.490375e+03	 750.00	 683.33	 48.00	 39	 0.29	 
BMI_bfr_108	 2	 18	 131.jpg	 2.492344e+03	 24	 999000	 240	 999000	 999	 2.493362e+03	 750.00	 683.33	 55.00	 31	 0.24	 
BMI_bfr_108	 2	 18	 134.jpg	 2.499352e+03	 12	 999000	 120	 999000	 999	 2.500370e+03	 750.00	 683.33	 4.00	 34	 0.81	 
BMI_bfr_108	 2	 18	 157.jpg	 2.503340e+03	 24	 999000	 240	 999000	 999	 2.504358e+03	 750.00	 683.33	 52.00	 57	 0.26	 
BMI_bfr_108	 2	 18	 127.jpg	 2.510348e+03	 12	 999000	 120	 999000	 999	 2.511366e+03	 750.00	 683.33	 3.00	 27	 0.82	 
