subjectID	 order	 runNum	 itemName	 onsetTime	 shuff_trialType	 RT	 respInTime	 AudioTime	 response	 fixationTime	 ladder1	 ladder2	 bidIndex	 itemNameIndex	 bidValue	 
BMI_bfr_115	 1	 6	 114.jpg	 6.921901e+02	 24	 999000	 240	 999000	 999	 6.932073e+02	 650.00	 650.00	 58.00	 14	 0.13	 
BMI_bfr_115	 1	 6	 138.jpg	 6.951774e+02	 24	 999000	 240	 999000	 999	 6.961948e+02	 650.00	 650.00	 39.00	 38	 0.43	 
BMI_bfr_115	 1	 6	 157.jpg	 6.991813e+02	 12	 999000	 120	 999000	 999	 7.001985e+02	 650.00	 650.00	 17.00	 57	 0.71	 
BMI_bfr_115	 1	 6	 108.jpg	 7.011835e+02	 24	 999000	 240	 999000	 999	 7.022015e+02	 650.00	 650.00	 57.00	 8	 0.13	 
BMI_bfr_115	 1	 6	 134.jpg	 7.031857e+02	 11	 9.485632e+02	 110	 6.502843e+02	 98	 7.042203e+02	 666.67	 650.00	 12.00	 34	 0.75	 
BMI_bfr_115	 1	 6	 126.jpg	 7.071742e+02	 12	 999000	 120	 999000	 999	 7.081914e+02	 666.67	 650.00	 4.00	 26	 0.85	 
BMI_bfr_115	 1	 6	 148.jpg	 7.091758e+02	 12	 999000	 120	 999000	 999	 7.101932e+02	 666.67	 650.00	 21.00	 48	 0.59	 
BMI_bfr_115	 1	 6	 154.jpg	 7.141813e+02	 11	 9.449999e+02	 110	 6.669519e+02	 98	 7.152152e+02	 683.33	 650.00	 10.00	 54	 0.77	 
BMI_bfr_115	 1	 6	 127.jpg	 7.161839e+02	 12	 999000	 120	 999000	 999	 7.172017e+02	 683.33	 650.00	 19.00	 27	 0.62	 
BMI_bfr_115	 1	 6	 141.jpg	 7.191871e+02	 24	 999000	 240	 999000	 999	 7.202042e+02	 683.33	 650.00	 43.00	 41	 0.33	 
BMI_bfr_115	 1	 6	 139.jpg	 7.221739e+02	 24	 999000	 240	 999000	 999	 7.231909e+02	 683.33	 650.00	 41.00	 39	 0.39	 
BMI_bfr_115	 1	 6	 149.jpg	 7.261782e+02	 24	 999000	 240	 999000	 999	 7.271970e+02	 683.33	 650.00	 42.00	 49	 0.38	 
BMI_bfr_115	 1	 6	 145.jpg	 7.291816e+02	 24	 999000	 240	 999000	 999	 7.301991e+02	 683.33	 650.00	 40.00	 45	 0.42	 
BMI_bfr_115	 1	 6	 147.jpg	 7.311837e+02	 12	 999000	 120	 999000	 999	 7.322011e+02	 683.33	 650.00	 6.00	 47	 0.79	 
BMI_bfr_115	 1	 6	 159.jpg	 7.341872e+02	 24	 999000	 240	 999000	 999	 7.352043e+02	 683.33	 650.00	 51.00	 59	 0.22	 
BMI_bfr_115	 1	 6	 118.jpg	 7.381749e+02	 24	 999000	 240	 999000	 999	 7.391922e+02	 683.33	 650.00	 55.00	 18	 0.16	 
BMI_bfr_115	 1	 6	 115.jpg	 7.411783e+02	 12	 999000	 120	 999000	 999	 7.421958e+02	 683.33	 650.00	 16.00	 15	 0.72	 
BMI_bfr_115	 1	 6	 132.jpg	 7.431806e+02	 12	 999000	 120	 999000	 999	 7.441979e+02	 683.33	 650.00	 9.00	 32	 0.77	 
BMI_bfr_115	 1	 6	 137.jpg	 7.451832e+02	 12	 999000	 120	 999000	 999	 7.462006e+02	 683.33	 650.00	 3.00	 37	 0.86	 
BMI_bfr_115	 1	 6	 121.jpg	 7.501885e+02	 22	 1.161867e+03	 2200	 6.502434e+02	 98	 7.512223e+02	 683.33	 600.00	 52.00	 21	 0.22	 
BMI_bfr_115	 1	 6	 106.jpg	 7.541765e+02	 22	 8.458396e+02	 220	 6.002660e+02	 98	 7.552103e+02	 683.33	 616.67	 44.00	 6	 0.33	 
BMI_bfr_115	 1	 6	 123.jpg	 7.581807e+02	 24	 999000	 240	 999000	 999	 7.591983e+02	 683.33	 616.67	 56.00	 23	 0.15	 
BMI_bfr_115	 1	 6	 143.jpg	 7.641876e+02	 12	 999000	 120	 999000	 999	 7.652048e+02	 683.33	 616.67	 5.00	 43	 0.80	 
BMI_bfr_115	 1	 6	 111.jpg	 7.661729e+02	 22	 9.134537e+02	 220	 6.169402e+02	 98	 7.672067e+02	 683.33	 633.33	 53.00	 11	 0.20	 
BMI_bfr_115	 1	 6	 120.jpg	 7.681753e+02	 24	 999000	 240	 999000	 999	 7.691932e+02	 683.33	 633.33	 48.00	 20	 0.28	 
BMI_bfr_115	 1	 6	 136.jpg	 7.701774e+02	 11	 9.089449e+02	 110	 6.835804e+02	 98	 7.712112e+02	 700.00	 633.33	 13.00	 36	 0.74	 
BMI_bfr_115	 1	 6	 135.jpg	 7.721797e+02	 12	 999000	 120	 999000	 999	 7.731974e+02	 700.00	 633.33	 8.00	 35	 0.78	 
BMI_bfr_115	 1	 6	 102.jpg	 7.761845e+02	 11	 9.898398e+02	 110	 7.002969e+02	 98	 7.772182e+02	 716.67	 633.33	 15.00	 2	 0.73	 
BMI_bfr_115	 1	 6	 112.jpg	 7.781879e+02	 24	 999000	 240	 999000	 999	 7.792043e+02	 716.67	 633.33	 49.00	 12	 0.26	 
BMI_bfr_115	 1	 6	 144.jpg	 7.821742e+02	 22	 8.560626e+02	 220	 6.335774e+02	 98	 7.832084e+02	 716.67	 650.00	 45.00	 44	 0.33	 
BMI_bfr_115	 1	 6	 150.jpg	 7.841771e+02	 12	 999000	 120	 999000	 999	 7.851945e+02	 716.67	 650.00	 20.00	 50	 0.61	 
BMI_bfr_115	 1	 6	 117.jpg	 7.861786e+02	 24	 999000	 240	 999000	 999	 7.871968e+02	 716.67	 650.00	 54.00	 17	 0.16	 
BMI_bfr_115	 1	 6	 103.jpg	 7.881813e+02	 22	 9.849535e+02	 220	 6.502633e+02	 98	 7.892175e+02	 716.67	 666.67	 47.00	 3	 0.28	 
BMI_bfr_115	 1	 6	 151.jpg	 7.931870e+02	 12	 999000	 120	 999000	 999	 7.942044e+02	 716.67	 666.67	 11.00	 51	 0.75	 
BMI_bfr_115	 1	 6	 160.jpg	 7.951726e+02	 22	 8.976845e+02	 220	 6.669380e+02	 98	 7.962062e+02	 716.67	 683.33	 50.00	 60	 0.23	 
BMI_bfr_115	 1	 6	 119.jpg	 7.971750e+02	 12	 999000	 120	 999000	 999	 7.982181e+02	 716.67	 683.33	 22.00	 19	 0.59	 
BMI_bfr_115	 1	 6	 129.jpg	 8.001777e+02	 12	 999000	 120	 999000	 999	 8.011950e+02	 716.67	 683.33	 14.00	 29	 0.73	 
BMI_bfr_115	 1	 6	 133.jpg	 8.071856e+02	 11	 9.326755e+02	 110	 7.169173e+02	 98	 8.082194e+02	 733.33	 683.33	 7.00	 33	 0.79	 
BMI_bfr_115	 1	 6	 152.jpg	 8.111733e+02	 11	 1.025111e+03	 1100	 7.335712e+02	 98	 8.122106e+02	 683.33	 683.33	 18.00	 52	 0.69	 
BMI_bfr_115	 1	 6	 107.jpg	 8.181814e+02	 24	 999000	 240	 999000	 999	 8.191992e+02	 683.33	 683.33	 46.00	 7	 0.32	 
