subjectID	 order	 runNum	 itemName	 onsetTime	 shuff_trialType	 RT	 respInTime	 AudioTime	 response	 fixationTime	 ladder1	 ladder2	 bidIndex	 itemNameIndex	 bidValue	 
BMI_bfr_101	 1	 6	 152.jpg	 6.147847e+02	 12	 999000	 120	 999000	 999	 6.158024e+02	 716.67	 783.33	 4.00	 52	 0.87	 
BMI_bfr_101	 1	 6	 124.jpg	 6.177715e+02	 11	 999000	 1	 7.169916e+02	 999	 6.188392e+02	 666.67	 783.33	 10.00	 24	 0.79	 
BMI_bfr_101	 1	 6	 142.jpg	 6.197737e+02	 12	 999000	 120	 999000	 999	 6.207914e+02	 666.67	 783.33	 20.00	 42	 0.62	 
BMI_bfr_101	 1	 6	 110.jpg	 6.217760e+02	 11	 9.019492e+02	 110	 6.670287e+02	 98	 6.228103e+02	 683.33	 783.33	 15.00	 10	 0.70	 
BMI_bfr_101	 1	 6	 150.jpg	 6.237782e+02	 22	 1.011842e+03	 2200	 7.836646e+02	 98	 6.248293e+02	 683.33	 733.33	 44.00	 50	 0.35	 
BMI_bfr_101	 1	 6	 145.jpg	 6.267816e+02	 22	 9.923824e+02	 220	 7.336650e+02	 98	 6.278160e+02	 683.33	 750.00	 52.00	 45	 0.20	 
BMI_bfr_101	 1	 6	 130.jpg	 6.287838e+02	 11	 9.181356e+02	 110	 6.836946e+02	 98	 6.298350e+02	 700.00	 750.00	 18.00	 30	 0.63	 
BMI_bfr_101	 1	 6	 106.jpg	 6.327717e+02	 11	 9.702124e+02	 110	 7.003570e+02	 98	 6.338061e+02	 716.67	 750.00	 7.00	 6	 0.82	 
BMI_bfr_101	 1	 6	 108.jpg	 6.347740e+02	 12	 999000	 120	 999000	 999	 6.357916e+02	 716.67	 750.00	 14.00	 8	 0.73	 
BMI_bfr_101	 1	 6	 134.jpg	 6.397796e+02	 12	 999000	 120	 999000	 999	 6.407973e+02	 716.67	 750.00	 6.00	 34	 0.83	 
BMI_bfr_101	 1	 6	 135.jpg	 6.417818e+02	 24	 999000	 240	 999000	 999	 6.427995e+02	 716.67	 750.00	 48.00	 35	 0.29	 
BMI_bfr_101	 1	 6	 138.jpg	 6.457693e+02	 24	 999000	 240	 999000	 999	 6.467875e+02	 716.67	 750.00	 56.00	 38	 0.13	 
BMI_bfr_101	 1	 6	 159.jpg	 6.477718e+02	 24	 999000	 240	 999000	 999	 6.487896e+02	 716.67	 750.00	 49.00	 59	 0.27	 
BMI_bfr_101	 1	 6	 144.jpg	 6.507751e+02	 24	 999000	 240	 999000	 999	 6.517929e+02	 716.67	 750.00	 55.00	 44	 0.15	 
BMI_bfr_101	 1	 6	 157.jpg	 6.557809e+02	 12	 999000	 120	 999000	 999	 6.567985e+02	 716.67	 750.00	 16.00	 57	 0.69	 
BMI_bfr_101	 1	 6	 127.jpg	 6.577831e+02	 11	 1.014959e+03	 1100	 7.170153e+02	 98	 6.588175e+02	 666.67	 750.00	 13.00	 27	 0.77	 
BMI_bfr_101	 1	 6	 146.jpg	 6.597685e+02	 24	 999000	 240	 999000	 999	 6.607863e+02	 666.67	 750.00	 46.00	 46	 0.35	 
BMI_bfr_101	 1	 6	 147.jpg	 6.637731e+02	 12	 999000	 120	 999000	 999	 6.647908e+02	 666.67	 750.00	 9.00	 47	 0.81	 
BMI_bfr_101	 1	 6	 153.jpg	 6.677777e+02	 22	 1.004376e+03	 2200	 7.503364e+02	 98	 6.688120e+02	 666.67	 700.00	 53.00	 53	 0.19	 
BMI_bfr_101	 1	 6	 115.jpg	 6.717821e+02	 24	 999000	 240	 999000	 999	 6.727998e+02	 666.67	 700.00	 51.00	 15	 0.21	 
BMI_bfr_101	 1	 6	 133.jpg	 6.737844e+02	 11	 9.015803e+02	 110	 6.671194e+02	 98	 6.748188e+02	 683.33	 700.00	 12.00	 33	 0.78	 
BMI_bfr_101	 1	 6	 132.jpg	 6.757701e+02	 24	 999000	 240	 999000	 999	 6.767877e+02	 683.33	 700.00	 40.00	 32	 0.38	 
BMI_bfr_101	 1	 6	 160.jpg	 6.777722e+02	 12	 999000	 120	 999000	 999	 6.787899e+02	 683.33	 700.00	 8.00	 60	 0.82	 
BMI_bfr_101	 1	 6	 141.jpg	 6.797745e+02	 24	 999000	 240	 999000	 999	 6.807921e+02	 683.33	 700.00	 41.00	 41	 0.36	 
BMI_bfr_101	 1	 6	 131.jpg	 6.857824e+02	 24	 999000	 240	 999000	 999	 6.867989e+02	 683.33	 700.00	 57.00	 31	 0.11	 
BMI_bfr_101	 1	 6	 155.jpg	 6.887846e+02	 22	 9.653342e+02	 220	 7.003868e+02	 98	 6.898189e+02	 683.33	 716.67	 50.00	 55	 0.24	 
BMI_bfr_101	 1	 6	 137.jpg	 6.907701e+02	 24	 999000	 240	 999000	 999	 6.917879e+02	 683.33	 716.67	 42.00	 37	 0.36	 
BMI_bfr_101	 1	 6	 129.jpg	 6.927724e+02	 12	 999000	 120	 999000	 999	 6.937901e+02	 683.33	 716.67	 19.00	 29	 0.63	 
BMI_bfr_101	 1	 6	 120.jpg	 6.957757e+02	 12	 999000	 120	 999000	 999	 6.967935e+02	 683.33	 716.67	 21.00	 20	 0.60	 
BMI_bfr_101	 1	 6	 156.jpg	 6.977780e+02	 22	 1.012102e+03	 2200	 7.170574e+02	 98	 6.988124e+02	 683.33	 666.67	 47.00	 56	 0.34	 
BMI_bfr_101	 1	 6	 125.jpg	 6.997803e+02	 22	 8.976243e+02	 220	 6.670465e+02	 98	 7.008147e+02	 683.33	 683.33	 45.00	 25	 0.35	 
BMI_bfr_101	 1	 6	 143.jpg	 7.017824e+02	 12	 999000	 120	 999000	 999	 7.028002e+02	 683.33	 683.33	 17.00	 43	 0.64	 
BMI_bfr_101	 1	 6	 154.jpg	 7.047690e+02	 12	 999000	 120	 999000	 999	 7.057869e+02	 683.33	 683.33	 11.00	 54	 0.78	 
BMI_bfr_101	 1	 6	 105.jpg	 7.067715e+02	 24	 999000	 240	 999000	 999	 7.077892e+02	 683.33	 683.33	 39.00	 5	 0.39	 
BMI_bfr_101	 1	 6	 151.jpg	 7.087737e+02	 12	 999000	 120	 999000	 999	 7.097913e+02	 683.33	 683.33	 22.00	 51	 0.58	 
BMI_bfr_101	 1	 6	 113.jpg	 7.107759e+02	 12	 999000	 120	 999000	 999	 7.117936e+02	 683.33	 683.33	 3.00	 13	 0.89	 
BMI_bfr_101	 1	 6	 116.jpg	 7.127782e+02	 24	 999000	 240	 999000	 999	 7.137959e+02	 683.33	 683.33	 43.00	 16	 0.35	 
BMI_bfr_101	 1	 6	 101.jpg	 7.187850e+02	 12	 999000	 120	 999000	 999	 7.198026e+02	 683.33	 683.33	 5.00	 1	 0.83	 
BMI_bfr_101	 1	 6	 158.jpg	 7.217716e+02	 24	 999000	 240	 999000	 999	 7.227893e+02	 683.33	 683.33	 54.00	 58	 0.16	 
BMI_bfr_101	 1	 6	 139.jpg	 7.257761e+02	 24	 999000	 240	 999000	 999	 7.267939e+02	 683.33	 683.33	 58.00	 39	 0.11	 
