subjectID	 order	 runNum	 itemName	 onsetTime	 shuff_trialType	 RT	 respInTime	 AudioTime	 response	 fixationTime	 ladder1	 ladder2	 bidIndex	 itemNameIndex	 bidValue	 
BMI_bfr_122	 2	 4	 117.jpg	 3.759889e+02	 24	 999000	 240	 999000	 999	 3.770066e+02	 650.00	 650.00	 58.00	 17	 0.15	 
BMI_bfr_122	 2	 4	 120.jpg	 3.779911e+02	 24	 999000	 240	 999000	 999	 3.790090e+02	 650.00	 650.00	 42.00	 20	 0.38	 
BMI_bfr_122	 2	 4	 154.jpg	 3.819789e+02	 24	 999000	 240	 999000	 999	 3.829967e+02	 650.00	 650.00	 53.00	 54	 0.19	 
BMI_bfr_122	 2	 4	 122.jpg	 3.849823e+02	 11	 9.038714e+02	 110	 6.503144e+02	 98	 3.860167e+02	 666.67	 650.00	 8.00	 22	 0.77	 
BMI_bfr_122	 2	 4	 114.jpg	 3.869845e+02	 24	 999000	 240	 999000	 999	 3.880023e+02	 666.67	 650.00	 41.00	 14	 0.39	 
BMI_bfr_122	 2	 4	 121.jpg	 3.899880e+02	 12	 999000	 120	 999000	 999	 3.910058e+02	 666.67	 650.00	 13.00	 21	 0.70	 
BMI_bfr_122	 2	 4	 113.jpg	 3.939924e+02	 11	 9.258473e+02	 110	 6.669867e+02	 98	 3.950269e+02	 683.33	 650.00	 14.00	 13	 0.70	 
BMI_bfr_122	 2	 4	 141.jpg	 3.979802e+02	 12	 999000	 120	 999000	 999	 3.989980e+02	 683.33	 650.00	 12.00	 41	 0.71	 
BMI_bfr_122	 2	 4	 144.jpg	 3.999825e+02	 11	 9.837061e+02	 110	 6.836644e+02	 98	 4.010169e+02	 700.00	 650.00	 11.00	 44	 0.71	 
BMI_bfr_122	 2	 4	 107.jpg	 4.049881e+02	 12	 999000	 120	 999000	 999	 4.060059e+02	 700.00	 650.00	 6.00	 7	 0.80	 
BMI_bfr_122	 2	 4	 127.jpg	 4.069904e+02	 11	 1.055826e+03	 1100	 7.003358e+02	 98	 4.080248e+02	 650.00	 650.00	 17.00	 27	 0.69	 
BMI_bfr_122	 2	 4	 136.jpg	 4.089926e+02	 12	 999000	 120	 999000	 999	 4.100103e+02	 650.00	 650.00	 19.00	 36	 0.64	 
BMI_bfr_122	 2	 4	 102.jpg	 4.149827e+02	 12	 999000	 120	 999000	 999	 4.160005e+02	 650.00	 650.00	 3.00	 2	 0.84	 
BMI_bfr_122	 2	 4	 143.jpg	 4.169850e+02	 12	 999000	 120	 999000	 999	 4.180027e+02	 650.00	 650.00	 4.00	 43	 0.82	 
BMI_bfr_122	 2	 4	 116.jpg	 4.189873e+02	 24	 999000	 240	 999000	 999	 4.200050e+02	 650.00	 650.00	 55.00	 16	 0.18	 
BMI_bfr_122	 2	 4	 157.jpg	 4.209894e+02	 24	 999000	 240	 999000	 999	 4.220073e+02	 650.00	 650.00	 57.00	 57	 0.16	 
BMI_bfr_122	 2	 4	 133.jpg	 4.249771e+02	 24	 999000	 240	 999000	 999	 4.259950e+02	 650.00	 650.00	 44.00	 33	 0.34	 
BMI_bfr_122	 2	 4	 152.jpg	 4.289818e+02	 11	 9.763647e+02	 110	 6.503195e+02	 98	 4.300162e+02	 666.67	 650.00	 9.00	 52	 0.74	 
BMI_bfr_122	 2	 4	 134.jpg	 4.319852e+02	 12	 999000	 120	 999000	 999	 4.330029e+02	 666.67	 650.00	 10.00	 34	 0.73	 
BMI_bfr_122	 2	 4	 153.jpg	 4.359897e+02	 22	 9.604748e+02	 220	 6.503098e+02	 98	 4.370241e+02	 666.67	 666.67	 48.00	 53	 0.29	 
BMI_bfr_122	 2	 4	 140.jpg	 4.389930e+02	 22	 9.892057e+02	 220	 6.669893e+02	 98	 4.400274e+02	 666.67	 683.33	 54.00	 40	 0.18	 
BMI_bfr_122	 2	 4	 112.jpg	 4.409785e+02	 12	 999000	 120	 999000	 999	 4.419963e+02	 666.67	 683.33	 5.00	 12	 0.81	 
BMI_bfr_122	 2	 4	 103.jpg	 4.449831e+02	 11	 1.063159e+03	 1100	 6.670149e+02	 98	 4.460174e+02	 616.67	 683.33	 16.00	 3	 0.69	 
BMI_bfr_122	 2	 4	 110.jpg	 4.469853e+02	 22	 1.060892e+03	 2200	 6.840121e+02	 98	 4.480198e+02	 616.67	 633.33	 51.00	 10	 0.24	 
BMI_bfr_122	 2	 4	 125.jpg	 4.489877e+02	 24	 999000	 240	 999000	 999	 4.500053e+02	 616.67	 633.33	 50.00	 25	 0.25	 
BMI_bfr_122	 2	 4	 109.jpg	 4.529921e+02	 24	 999000	 240	 999000	 999	 4.540098e+02	 616.67	 633.33	 52.00	 9	 0.20	 
BMI_bfr_122	 2	 4	 138.jpg	 4.549773e+02	 24	 999000	 240	 999000	 999	 4.559954e+02	 616.67	 633.33	 39.00	 38	 0.40	 
BMI_bfr_122	 2	 4	 142.jpg	 4.589822e+02	 24	 999000	 240	 999000	 999	 4.600020e+02	 616.67	 633.33	 45.00	 42	 0.34	 
BMI_bfr_122	 2	 4	 119.jpg	 4.629866e+02	 22	 9.235809e+02	 220	 6.336599e+02	 98	 4.640210e+02	 616.67	 650.00	 49.00	 19	 0.27	 
BMI_bfr_122	 2	 4	 126.jpg	 4.659899e+02	 22	 9.763104e+02	 220	 6.503068e+02	 98	 4.670244e+02	 616.67	 666.67	 43.00	 26	 0.35	 
BMI_bfr_122	 2	 4	 115.jpg	 4.719801e+02	 12	 999000	 120	 999000	 999	 4.729978e+02	 616.67	 666.67	 7.00	 15	 0.79	 
BMI_bfr_122	 2	 4	 159.jpg	 4.739823e+02	 22	 1.016079e+03	 2200	 6.669802e+02	 98	 4.750168e+02	 616.67	 616.67	 46.00	 59	 0.32	 
BMI_bfr_122	 2	 4	 118.jpg	 4.779868e+02	 12	 999000	 120	 999000	 999	 4.790046e+02	 616.67	 616.67	 15.00	 18	 0.70	 
BMI_bfr_122	 2	 4	 131.jpg	 4.799890e+02	 24	 999000	 240	 999000	 999	 4.810068e+02	 616.67	 616.67	 40.00	 31	 0.39	 
BMI_bfr_122	 2	 4	 156.jpg	 4.819913e+02	 12	 999000	 120	 999000	 999	 4.830091e+02	 616.67	 616.67	 20.00	 56	 0.64	 
BMI_bfr_122	 2	 4	 149.jpg	 4.839766e+02	 12	 999000	 120	 999000	 999	 4.849946e+02	 616.67	 616.67	 21.00	 49	 0.63	 
BMI_bfr_122	 2	 4	 148.jpg	 4.889825e+02	 24	 999000	 240	 999000	 999	 4.900002e+02	 616.67	 616.67	 47.00	 48	 0.31	 
BMI_bfr_122	 2	 4	 150.jpg	 4.909847e+02	 24	 999000	 240	 999000	 999	 4.920025e+02	 616.67	 616.67	 56.00	 50	 0.17	 
BMI_bfr_122	 2	 4	 155.jpg	 4.929870e+02	 12	 999000	 120	 999000	 999	 4.940047e+02	 616.67	 616.67	 22.00	 55	 0.63	 
BMI_bfr_122	 2	 4	 108.jpg	 4.959903e+02	 12	 999000	 120	 999000	 999	 4.970081e+02	 616.67	 616.67	 18.00	 8	 0.66	 
