subjectID	 order	 runNum	 itemName	 onsetTime	 shuff_trialType	 RT	 respInTime	 AudioTime	 response	 fixationTime	 ladder1	 ladder2	 bidIndex	 itemNameIndex	 bidValue	 
BMI_bfr_108	 2	 5	 103.jpg	 5.847510e+02	 11	 999000	 1	 6.836538e+02	 999	 5.857854e+02	 633.33	 683.33	 16.00	 3	 0.67	 
BMI_bfr_108	 2	 5	 145.jpg	 5.877373e+02	 12	 999000	 120	 999000	 999	 5.887554e+02	 633.33	 683.33	 7.00	 45	 0.76	 
BMI_bfr_108	 2	 5	 101.jpg	 5.917422e+02	 12	 999000	 120	 999000	 999	 5.927600e+02	 633.33	 683.33	 20.00	 1	 0.65	 
BMI_bfr_108	 2	 5	 133.jpg	 5.937446e+02	 12	 999000	 120	 999000	 999	 5.947622e+02	 633.33	 683.33	 18.00	 33	 0.66	 
BMI_bfr_108	 2	 5	 106.jpg	 5.957467e+02	 12	 999000	 120	 999000	 999	 5.967644e+02	 633.33	 683.33	 19.00	 6	 0.66	 
BMI_bfr_108	 2	 5	 154.jpg	 5.997512e+02	 24	 999000	 240	 999000	 999	 6.007690e+02	 633.33	 683.33	 53.00	 54	 0.25	 
BMI_bfr_108	 2	 5	 123.jpg	 6.017366e+02	 11	 9.493852e+02	 110	 6.336656e+02	 98	 6.027711e+02	 650.00	 683.33	 8.00	 23	 0.76	 
BMI_bfr_108	 2	 5	 114.jpg	 6.067424e+02	 12	 999000	 120	 999000	 999	 6.077601e+02	 650.00	 683.33	 15.00	 14	 0.68	 
BMI_bfr_108	 2	 5	 137.jpg	 6.087446e+02	 24	 999000	 240	 999000	 999	 6.097640e+02	 650.00	 683.33	 45.00	 37	 0.31	 
BMI_bfr_108	 2	 5	 140.jpg	 6.117481e+02	 24	 999000	 240	 999000	 999	 6.127673e+02	 650.00	 683.33	 39.00	 40	 0.36	 
BMI_bfr_108	 2	 5	 148.jpg	 6.147513e+02	 24	 999000	 240	 999000	 999	 6.157691e+02	 650.00	 683.33	 40.00	 48	 0.35	 
BMI_bfr_108	 2	 5	 152.jpg	 6.187392e+02	 12	 999000	 120	 999000	 999	 6.197569e+02	 650.00	 683.33	 5.00	 52	 0.78	 
BMI_bfr_108	 2	 5	 136.jpg	 6.217425e+02	 12	 999000	 120	 999000	 999	 6.227603e+02	 650.00	 683.33	 12.00	 36	 0.73	 
BMI_bfr_108	 2	 5	 115.jpg	 6.237448e+02	 24	 999000	 240	 999000	 999	 6.247626e+02	 650.00	 683.33	 50.00	 15	 0.26	 
BMI_bfr_108	 2	 5	 129.jpg	 6.267481e+02	 11	 9.218480e+02	 110	 6.503386e+02	 98	 6.277826e+02	 666.67	 683.33	 17.00	 29	 0.66	 
BMI_bfr_108	 2	 5	 121.jpg	 6.307527e+02	 11	 9.412314e+02	 110	 6.669806e+02	 98	 6.317871e+02	 683.33	 683.33	 14.00	 21	 0.70	 
BMI_bfr_108	 2	 5	 139.jpg	 6.337394e+02	 22	 9.305747e+02	 220	 6.836805e+02	 98	 6.347739e+02	 683.33	 700.00	 48.00	 39	 0.29	 
BMI_bfr_108	 2	 5	 144.jpg	 6.357417e+02	 24	 999000	 240	 999000	 999	 6.367594e+02	 683.33	 700.00	 57.00	 44	 0.23	 
BMI_bfr_108	 2	 5	 142.jpg	 6.377440e+02	 12	 999000	 120	 999000	 999	 6.387617e+02	 683.33	 700.00	 10.00	 42	 0.74	 
BMI_bfr_108	 2	 5	 158.jpg	 6.427495e+02	 24	 999000	 240	 999000	 999	 6.437673e+02	 683.33	 700.00	 41.00	 58	 0.34	 
BMI_bfr_108	 2	 5	 149.jpg	 6.467370e+02	 22	 9.569813e+02	 220	 7.003565e+02	 98	 6.477718e+02	 683.33	 716.67	 54.00	 49	 0.25	 
BMI_bfr_108	 2	 5	 141.jpg	 6.507419e+02	 11	 9.521070e+02	 110	 6.836679e+02	 98	 6.517763e+02	 700.00	 716.67	 9.00	 41	 0.76	 
BMI_bfr_108	 2	 5	 128.jpg	 6.567486e+02	 12	 999000	 120	 999000	 999	 6.577663e+02	 700.00	 716.67	 13.00	 28	 0.72	 
BMI_bfr_108	 2	 5	 131.jpg	 6.587508e+02	 24	 999000	 240	 999000	 999	 6.597685e+02	 700.00	 716.67	 55.00	 31	 0.24	 
BMI_bfr_108	 2	 5	 134.jpg	 6.607530e+02	 12	 999000	 120	 999000	 999	 6.617708e+02	 700.00	 716.67	 4.00	 34	 0.81	 
BMI_bfr_108	 2	 5	 160.jpg	 6.627387e+02	 24	 999000	 240	 999000	 999	 6.637564e+02	 700.00	 716.67	 42.00	 60	 0.33	 
BMI_bfr_108	 2	 5	 111.jpg	 6.647408e+02	 12	 999000	 120	 999000	 999	 6.657586e+02	 700.00	 716.67	 6.00	 11	 0.77	 
BMI_bfr_108	 2	 5	 151.jpg	 6.687454e+02	 24	 999000	 240	 999000	 999	 6.697631e+02	 700.00	 716.67	 58.00	 51	 0.23	 
BMI_bfr_108	 2	 5	 110.jpg	 6.707476e+02	 22	 1.018487e+03	 2200	 7.170043e+02	 98	 6.717820e+02	 700.00	 666.67	 46.00	 10	 0.30	 
BMI_bfr_108	 2	 5	 130.jpg	 6.747522e+02	 24	 999000	 240	 999000	 999	 6.757699e+02	 700.00	 666.67	 47.00	 30	 0.30	 
BMI_bfr_108	 2	 5	 127.jpg	 6.767375e+02	 12	 999000	 120	 999000	 999	 6.777581e+02	 700.00	 666.67	 3.00	 27	 0.82	 
BMI_bfr_108	 2	 5	 155.jpg	 6.787399e+02	 22	 9.860352e+02	 220	 6.669933e+02	 98	 6.797745e+02	 700.00	 683.33	 43.00	 55	 0.33	 
BMI_bfr_108	 2	 5	 117.jpg	 6.807421e+02	 11	 9.518467e+02	 110	 7.003412e+02	 98	 6.817766e+02	 716.67	 683.33	 11.00	 17	 0.73	 
BMI_bfr_108	 2	 5	 159.jpg	 6.857478e+02	 24	 999000	 240	 999000	 999	 6.867655e+02	 716.67	 683.33	 56.00	 59	 0.23	 
BMI_bfr_108	 2	 5	 138.jpg	 6.877500e+02	 22	 9.519189e+02	 220	 6.836599e+02	 98	 6.887845e+02	 716.67	 700.00	 51.00	 38	 0.26	 
BMI_bfr_108	 2	 5	 150.jpg	 6.897523e+02	 12	 999000	 120	 999000	 999	 6.907700e+02	 716.67	 700.00	 22.00	 50	 0.61	 
BMI_bfr_108	 2	 5	 157.jpg	 6.927390e+02	 24	 999000	 240	 999000	 999	 6.937568e+02	 716.67	 700.00	 52.00	 57	 0.26	 
BMI_bfr_108	 2	 5	 102.jpg	 6.997469e+02	 12	 999000	 120	 999000	 999	 7.007646e+02	 716.67	 700.00	 21.00	 2	 0.61	 
BMI_bfr_108	 2	 5	 120.jpg	 7.037514e+02	 22	 9.905698e+02	 220	 7.003335e+02	 98	 7.047859e+02	 716.67	 716.67	 49.00	 20	 0.26	 
BMI_bfr_108	 2	 5	 153.jpg	 7.107426e+02	 24	 999000	 240	 999000	 999	 7.117605e+02	 716.67	 716.67	 44.00	 53	 0.31	 
