subjectID	 order	 runNum	 itemName	 onsetTime	 shuff_trialType	 RT	 respInTime	 AudioTime	 response	 fixationTime	 ladder1	 ladder2	 bidIndex	 itemNameIndex	 bidValue	 
BMI_bfr_126	 2	 15	 118.jpg	 1.790811e+03	 24	 999000	 240	 999000	 999	 1.791829e+03	 816.67	 816.67	 44.00	 18	 0.32	 
BMI_bfr_126	 2	 15	 135.jpg	 1.792813e+03	 24	 999000	 240	 999000	 999	 1.793831e+03	 816.67	 816.67	 47.00	 35	 0.30	 
BMI_bfr_126	 2	 15	 128.jpg	 1.796801e+03	 12	 999000	 120	 999000	 999	 1.797819e+03	 816.67	 816.67	 4.00	 28	 0.85	 
BMI_bfr_126	 2	 15	 129.jpg	 1.799804e+03	 22	 1.034098e+03	 2200	 8.169826e+02	 98	 1.800839e+03	 816.67	 766.67	 51.00	 29	 0.23	 
BMI_bfr_126	 2	 15	 153.jpg	 1.801807e+03	 12	 999000	 120	 999000	 999	 1.802824e+03	 816.67	 766.67	 6.00	 53	 0.81	 
BMI_bfr_126	 2	 15	 103.jpg	 1.804810e+03	 12	 999000	 120	 999000	 999	 1.805828e+03	 816.67	 766.67	 13.00	 3	 0.75	 
BMI_bfr_126	 2	 15	 113.jpg	 1.808814e+03	 11	 1.031855e+03	 1100	 8.169779e+02	 98	 1.809849e+03	 766.67	 766.67	 9.00	 13	 0.78	 
BMI_bfr_126	 2	 15	 138.jpg	 1.812802e+03	 24	 999000	 240	 999000	 999	 1.813820e+03	 766.67	 766.67	 45.00	 38	 0.32	 
BMI_bfr_126	 2	 15	 136.jpg	 1.814804e+03	 24	 999000	 240	 999000	 999	 1.815822e+03	 766.67	 766.67	 53.00	 36	 0.23	 
BMI_bfr_126	 2	 15	 132.jpg	 1.819810e+03	 24	 999000	 240	 999000	 999	 1.820828e+03	 766.67	 766.67	 57.00	 32	 0.18	 
BMI_bfr_126	 2	 15	 127.jpg	 1.821812e+03	 12	 999000	 120	 999000	 999	 1.822830e+03	 766.67	 766.67	 3.00	 27	 0.86	 
BMI_bfr_126	 2	 15	 117.jpg	 1.823814e+03	 24	 999000	 240	 999000	 999	 1.824832e+03	 766.67	 766.67	 58.00	 17	 0.16	 
BMI_bfr_126	 2	 15	 101.jpg	 1.829805e+03	 11	 9.696107e+02	 110	 7.670067e+02	 98	 1.830839e+03	 783.33	 766.67	 17.00	 1	 0.68	 
BMI_bfr_126	 2	 15	 133.jpg	 1.831807e+03	 22	 9.995052e+02	 220	 7.669651e+02	 98	 1.832841e+03	 783.33	 783.33	 54.00	 33	 0.21	 
BMI_bfr_126	 2	 15	 125.jpg	 1.833809e+03	 24	 999000	 240	 999000	 999	 1.834827e+03	 783.33	 783.33	 42.00	 25	 0.36	 
BMI_bfr_126	 2	 15	 130.jpg	 1.835811e+03	 11	 1.019040e+03	 1100	 7.836354e+02	 98	 1.836848e+03	 733.33	 783.33	 14.00	 30	 0.74	 
BMI_bfr_126	 2	 15	 148.jpg	 1.839816e+03	 24	 999000	 240	 999000	 999	 1.840833e+03	 733.33	 783.33	 55.00	 48	 0.19	 
BMI_bfr_126	 2	 15	 124.jpg	 1.843804e+03	 22	 9.706344e+02	 220	 7.836810e+02	 98	 1.844838e+03	 733.33	 800.00	 43.00	 24	 0.36	 
BMI_bfr_126	 2	 15	 145.jpg	 1.846807e+03	 12	 999000	 120	 999000	 999	 1.847825e+03	 733.33	 800.00	 10.00	 45	 0.78	 
BMI_bfr_126	 2	 15	 143.jpg	 1.850811e+03	 11	 8.268227e+02	 110	 7.336634e+02	 98	 1.851846e+03	 750.00	 800.00	 16.00	 43	 0.72	 
BMI_bfr_126	 2	 15	 102.jpg	 1.853815e+03	 12	 999000	 120	 999000	 999	 1.854833e+03	 750.00	 800.00	 12.00	 2	 0.76	 
BMI_bfr_126	 2	 15	 131.jpg	 1.855817e+03	 12	 999000	 120	 999000	 999	 1.856835e+03	 750.00	 800.00	 21.00	 31	 0.63	 
BMI_bfr_126	 2	 15	 119.jpg	 1.859805e+03	 22	 9.853339e+02	 220	 8.004668e+02	 98	 1.860839e+03	 750.00	 816.67	 48.00	 19	 0.27	 
BMI_bfr_126	 2	 15	 104.jpg	 1.861807e+03	 24	 999000	 240	 999000	 999	 1.862825e+03	 750.00	 816.67	 52.00	 4	 0.23	 
BMI_bfr_126	 2	 15	 144.jpg	 1.863809e+03	 12	 999000	 120	 999000	 999	 1.864827e+03	 750.00	 816.67	 5.00	 44	 0.81	 
BMI_bfr_126	 2	 15	 151.jpg	 1.867814e+03	 24	 999000	 240	 999000	 999	 1.868832e+03	 750.00	 816.67	 41.00	 51	 0.37	 
BMI_bfr_126	 2	 15	 116.jpg	 1.869816e+03	 22	 7.661995e+02	 22	 8.168335e+02	 98	 1.870851e+03	 750.00	 833.33	 49.00	 16	 0.26	 
BMI_bfr_126	 2	 15	 149.jpg	 1.873804e+03	 12	 999000	 120	 999000	 999	 1.874822e+03	 750.00	 833.33	 20.00	 49	 0.67	 
BMI_bfr_126	 2	 15	 142.jpg	 1.877808e+03	 12	 999000	 120	 999000	 999	 1.878826e+03	 750.00	 833.33	 15.00	 42	 0.73	 
BMI_bfr_126	 2	 15	 154.jpg	 1.880812e+03	 24	 999000	 240	 999000	 999	 1.881830e+03	 750.00	 833.33	 40.00	 54	 0.39	 
BMI_bfr_126	 2	 15	 160.jpg	 1.886802e+03	 24	 999000	 240	 999000	 999	 1.887820e+03	 750.00	 833.33	 50.00	 60	 0.26	 
BMI_bfr_126	 2	 15	 157.jpg	 1.888804e+03	 12	 999000	 120	 999000	 999	 1.889822e+03	 750.00	 833.33	 18.00	 57	 0.68	 
BMI_bfr_126	 2	 15	 155.jpg	 1.892809e+03	 24	 999000	 240	 999000	 999	 1.893826e+03	 750.00	 833.33	 39.00	 55	 0.39	 
BMI_bfr_126	 2	 15	 109.jpg	 1.894811e+03	 11	 9.954549e+02	 110	 7.503034e+02	 98	 1.895845e+03	 766.67	 833.33	 8.00	 9	 0.78	 
BMI_bfr_126	 2	 15	 108.jpg	 1.896813e+03	 22	 1.081370e+03	 2200	 8.336460e+02	 98	 1.897847e+03	 766.67	 783.33	 46.00	 8	 0.31	 
BMI_bfr_126	 2	 15	 141.jpg	 1.898815e+03	 24	 999000	 240	 999000	 999	 1.899835e+03	 766.67	 783.33	 56.00	 41	 0.19	 
BMI_bfr_126	 2	 15	 137.jpg	 1.903804e+03	 12	 999000	 120	 999000	 999	 1.904822e+03	 766.67	 783.33	 19.00	 37	 0.68	 
BMI_bfr_126	 2	 15	 152.jpg	 1.905806e+03	 11	 1.007943e+03	 1100	 7.669724e+02	 98	 1.906841e+03	 716.67	 783.33	 11.00	 52	 0.77	 
BMI_bfr_126	 2	 15	 139.jpg	 1.907809e+03	 12	 999000	 120	 999000	 999	 1.908826e+03	 716.67	 783.33	 7.00	 39	 0.80	 
BMI_bfr_126	 2	 15	 158.jpg	 1.910812e+03	 12	 999000	 120	 999000	 999	 1.911830e+03	 716.67	 783.33	 22.00	 58	 0.61	 
