subjectID	 order	 runNum	 itemName	 onsetTime	 shuff_trialType	 RT	 respInTime	 AudioTime	 response	 fixationTime	 ladder1	 ladder2	 bidIndex	 itemNameIndex	 bidValue	 
BMI_bfr_111	 1	 20	 159.jpg	 2.436256e+03	 24	 999000	 240	 999000	 999	 2.437273e+03	 650.00	 716.67	 42.00	 59	 0.36	 
BMI_bfr_111	 1	 20	 120.jpg	 2.441244e+03	 24	 999000	 240	 999000	 999	 2.442262e+03	 650.00	 716.67	 51.00	 20	 0.24	 
BMI_bfr_111	 1	 20	 144.jpg	 2.443247e+03	 24	 999000	 240	 999000	 999	 2.444264e+03	 650.00	 716.67	 54.00	 44	 0.23	 
BMI_bfr_111	 1	 20	 129.jpg	 2.445249e+03	 12	 999000	 120	 999000	 999	 2.446267e+03	 650.00	 716.67	 21.00	 29	 0.60	 
BMI_bfr_111	 1	 20	 130.jpg	 2.451239e+03	 12	 999000	 120	 999000	 999	 2.452257e+03	 650.00	 716.67	 19.00	 30	 0.64	 
BMI_bfr_111	 1	 20	 142.jpg	 2.453241e+03	 11	 8.846759e+02	 110	 6.502842e+02	 98	 2.454276e+03	 666.67	 716.67	 7.00	 42	 0.81	 
BMI_bfr_111	 1	 20	 155.jpg	 2.456245e+03	 22	 1.025304e+03	 2200	 7.169456e+02	 98	 2.457282e+03	 666.67	 666.67	 45.00	 55	 0.29	 
BMI_bfr_111	 1	 20	 117.jpg	 2.458247e+03	 24	 999000	 240	 999000	 999	 2.459265e+03	 666.67	 666.67	 46.00	 17	 0.29	 
BMI_bfr_111	 1	 20	 127.jpg	 2.462251e+03	 11	 8.743878e+02	 110	 6.669620e+02	 98	 2.463286e+03	 683.33	 666.67	 13.00	 27	 0.76	 
BMI_bfr_111	 1	 20	 114.jpg	 2.464237e+03	 24	 999000	 240	 999000	 999	 2.465271e+03	 683.33	 666.67	 40.00	 14	 0.37	 
BMI_bfr_111	 1	 20	 134.jpg	 2.469242e+03	 12	 999000	 120	 999000	 999	 2.470260e+03	 683.33	 666.67	 8.00	 34	 0.81	 
BMI_bfr_111	 1	 20	 147.jpg	 2.476250e+03	 12	 999000	 120	 999000	 999	 2.477268e+03	 683.33	 666.67	 17.00	 47	 0.69	 
BMI_bfr_111	 1	 20	 116.jpg	 2.478236e+03	 22	 8.898635e+02	 220	 6.669303e+02	 98	 2.479270e+03	 683.33	 683.33	 44.00	 16	 0.33	 
BMI_bfr_111	 1	 20	 111.jpg	 2.481239e+03	 24	 999000	 240	 999000	 999	 2.482257e+03	 683.33	 683.33	 56.00	 11	 0.22	 
BMI_bfr_111	 1	 20	 154.jpg	 2.484243e+03	 12	 999000	 120	 999000	 999	 2.485260e+03	 683.33	 683.33	 16.00	 54	 0.72	 
BMI_bfr_111	 1	 20	 148.jpg	 2.488247e+03	 24	 999000	 240	 999000	 999	 2.489265e+03	 683.33	 683.33	 49.00	 48	 0.26	 
BMI_bfr_111	 1	 20	 121.jpg	 2.492252e+03	 22	 8.902570e+02	 220	 6.835993e+02	 98	 2.493286e+03	 683.33	 700.00	 50.00	 21	 0.24	 
BMI_bfr_111	 1	 20	 118.jpg	 2.496239e+03	 12	 999000	 120	 999000	 999	 2.497257e+03	 683.33	 700.00	 9.00	 18	 0.78	 
BMI_bfr_111	 1	 20	 125.jpg	 2.499243e+03	 24	 999000	 240	 999000	 999	 2.500261e+03	 683.33	 700.00	 39.00	 25	 0.38	 
BMI_bfr_111	 1	 20	 103.jpg	 2.505249e+03	 12	 999000	 120	 999000	 999	 2.506267e+03	 683.33	 700.00	 20.00	 3	 0.64	 
BMI_bfr_111	 1	 20	 123.jpg	 2.507252e+03	 24	 999000	 240	 999000	 999	 2.508270e+03	 683.33	 700.00	 55.00	 23	 0.23	 
BMI_bfr_111	 1	 20	 106.jpg	 2.510239e+03	 22	 1.103285e+03	 2200	 7.002581e+02	 98	 2.511273e+03	 683.33	 650.00	 47.00	 6	 0.28	 
BMI_bfr_111	 1	 20	 140.jpg	 2.512241e+03	 11	 8.930944e+02	 110	 6.835858e+02	 98	 2.513275e+03	 700.00	 650.00	 12.00	 40	 0.77	 
BMI_bfr_111	 1	 20	 107.jpg	 2.514243e+03	 24	 999000	 240	 999000	 999	 2.515261e+03	 700.00	 650.00	 58.00	 7	 0.21	 
BMI_bfr_111	 1	 20	 137.jpg	 2.516245e+03	 12	 999000	 120	 999000	 999	 2.517263e+03	 700.00	 650.00	 14.00	 37	 0.76	 
BMI_bfr_111	 1	 20	 150.jpg	 2.519249e+03	 12	 999000	 120	 999000	 999	 2.520266e+03	 700.00	 650.00	 11.00	 50	 0.77	 
BMI_bfr_111	 1	 20	 128.jpg	 2.523236e+03	 12	 999000	 120	 999000	 999	 2.524254e+03	 700.00	 650.00	 5.00	 28	 0.88	 
BMI_bfr_111	 1	 20	 119.jpg	 2.525239e+03	 11	 9.831858e+02	 110	 7.002805e+02	 98	 2.526275e+03	 716.67	 650.00	 15.00	 19	 0.74	 
BMI_bfr_111	 1	 20	 139.jpg	 2.527241e+03	 22	 8.449184e+02	 220	 6.502777e+02	 98	 2.528275e+03	 716.67	 666.67	 52.00	 39	 0.24	 
BMI_bfr_111	 1	 20	 143.jpg	 2.529243e+03	 12	 999000	 120	 999000	 999	 2.530261e+03	 716.67	 666.67	 6.00	 43	 0.82	 
BMI_bfr_111	 1	 20	 101.jpg	 2.531245e+03	 12	 999000	 120	 999000	 999	 2.532263e+03	 716.67	 666.67	 4.00	 1	 0.88	 
BMI_bfr_111	 1	 20	 158.jpg	 2.533248e+03	 24	 999000	 240	 999000	 999	 2.534265e+03	 716.67	 666.67	 48.00	 58	 0.26	 
BMI_bfr_111	 1	 20	 109.jpg	 2.537235e+03	 11	 9.786366e+02	 110	 7.169489e+02	 98	 2.538270e+03	 733.33	 666.67	 18.00	 9	 0.67	 
BMI_bfr_111	 1	 20	 104.jpg	 2.541242e+03	 24	 999000	 240	 999000	 999	 2.542258e+03	 733.33	 666.67	 41.00	 4	 0.36	 
BMI_bfr_111	 1	 20	 156.jpg	 2.543242e+03	 24	 999000	 240	 999000	 999	 2.544260e+03	 733.33	 666.67	 43.00	 56	 0.35	 
BMI_bfr_111	 1	 20	 151.jpg	 2.545244e+03	 11	 9.453899e+02	 110	 7.336316e+02	 98	 2.546279e+03	 750.00	 666.67	 10.00	 51	 0.78	 
BMI_bfr_111	 1	 20	 113.jpg	 2.547247e+03	 12	 999000	 120	 999000	 999	 2.548264e+03	 750.00	 666.67	 22.00	 13	 0.60	 
BMI_bfr_111	 1	 20	 102.jpg	 2.549249e+03	 24	 999000	 240	 999000	 999	 2.550267e+03	 750.00	 666.67	 57.00	 2	 0.21	 
BMI_bfr_111	 1	 20	 152.jpg	 2.555239e+03	 12	 999000	 120	 999000	 999	 2.556257e+03	 750.00	 666.67	 3.00	 52	 0.89	 
BMI_bfr_111	 1	 20	 160.jpg	 2.557241e+03	 22	 9.166114e+02	 220	 6.669455e+02	 98	 2.558276e+03	 750.00	 683.33	 53.00	 60	 0.23	 
