subjectID	 order	 runNum	 itemName	 onsetTime	 shuff_trialType	 RT	 respInTime	 AudioTime	 response	 fixationTime	 ladder1	 ladder2	 bidIndex	 itemNameIndex	 bidValue	 
BMI_bfr_104	 2	 7	 136.jpg	 7.853066e+02	 24	 999000	 240	 999000	 999	 7.863247e+02	 750.00	 683.33	 55.00	 36	 0.27	 
BMI_bfr_104	 2	 7	 119.jpg	 7.883103e+02	 12	 999000	 120	 999000	 999	 7.893281e+02	 750.00	 683.33	 5.00	 19	 0.76	 
BMI_bfr_104	 2	 7	 116.jpg	 7.903126e+02	 22	 6.295313e+02	 22	 6.835146e+02	 98	 7.913470e+02	 750.00	 700.00	 49.00	 16	 0.34	 
BMI_bfr_104	 2	 7	 133.jpg	 7.923148e+02	 24	 999000	 240	 999000	 999	 7.933326e+02	 750.00	 700.00	 50.00	 33	 0.33	 
BMI_bfr_104	 2	 7	 145.jpg	 7.943172e+02	 11	 1.009018e+03	 1100	 7.503258e+02	 98	 7.953516e+02	 700.00	 700.00	 9.00	 45	 0.69	 
BMI_bfr_104	 2	 7	 135.jpg	 7.973039e+02	 22	 4.942288e+02	 22	 7.001908e+02	 98	 7.983383e+02	 700.00	 716.67	 54.00	 35	 0.28	 
BMI_bfr_104	 2	 7	 137.jpg	 7.993061e+02	 24	 7.240756e+02	 24	 999000	 98	 8.003239e+02	 700.00	 716.67	 45.00	 37	 0.40	 
BMI_bfr_104	 2	 7	 118.jpg	 8.033105e+02	 12	 999000	 120	 999000	 999	 8.043284e+02	 700.00	 716.67	 21.00	 18	 0.56	 
BMI_bfr_104	 2	 7	 128.jpg	 8.053128e+02	 12	 999000	 120	 999000	 999	 8.063307e+02	 700.00	 716.67	 3.00	 28	 0.80	 
BMI_bfr_104	 2	 7	 156.jpg	 8.103015e+02	 22	 5.445987e+02	 22	 7.168517e+02	 98	 8.113362e+02	 700.00	 733.33	 51.00	 56	 0.33	 
BMI_bfr_104	 2	 7	 160.jpg	 8.123041e+02	 24	 999000	 240	 999000	 999	 8.133218e+02	 700.00	 733.33	 52.00	 60	 0.32	 
BMI_bfr_104	 2	 7	 155.jpg	 8.163086e+02	 12	 999000	 120	 999000	 999	 8.173263e+02	 700.00	 733.33	 12.00	 55	 0.68	 
BMI_bfr_104	 2	 7	 142.jpg	 8.183107e+02	 24	 999000	 240	 999000	 999	 8.193285e+02	 700.00	 733.33	 42.00	 42	 0.43	 
BMI_bfr_104	 2	 7	 146.jpg	 8.213141e+02	 12	 999000	 120	 999000	 999	 8.223319e+02	 700.00	 733.33	 13.00	 46	 0.67	 
BMI_bfr_104	 2	 7	 129.jpg	 8.263032e+02	 24	 999000	 240	 999000	 999	 8.273211e+02	 700.00	 733.33	 53.00	 29	 0.32	 
BMI_bfr_104	 2	 7	 158.jpg	 8.283053e+02	 12	 999000	 120	 999000	 999	 8.293255e+02	 700.00	 733.33	 7.00	 58	 0.71	 
BMI_bfr_104	 2	 7	 130.jpg	 8.303077e+02	 11	 5.464715e+02	 11	 7.002457e+02	 98	 8.313419e+02	 716.67	 733.33	 11.00	 30	 0.68	 
BMI_bfr_104	 2	 7	 150.jpg	 8.343121e+02	 24	 999000	 240	 999000	 999	 8.353298e+02	 716.67	 733.33	 41.00	 50	 0.43	 
BMI_bfr_104	 2	 7	 131.jpg	 8.383166e+02	 22	 1.041535e+03	 2200	 7.336187e+02	 98	 8.393510e+02	 716.67	 683.33	 46.00	 31	 0.39	 
BMI_bfr_104	 2	 7	 109.jpg	 8.423045e+02	 12	 999000	 120	 999000	 999	 8.433222e+02	 716.67	 683.33	 4.00	 9	 0.80	 
BMI_bfr_104	 2	 7	 112.jpg	 8.443066e+02	 22	 8.514840e+02	 220	 6.837028e+02	 98	 8.453411e+02	 716.67	 700.00	 43.00	 12	 0.42	 
BMI_bfr_104	 2	 7	 153.jpg	 8.463089e+02	 24	 999000	 240	 999000	 999	 8.473267e+02	 716.67	 700.00	 57.00	 53	 0.22	 
BMI_bfr_104	 2	 7	 122.jpg	 8.483111e+02	 24	 999000	 240	 999000	 999	 8.493289e+02	 716.67	 700.00	 56.00	 22	 0.24	 
BMI_bfr_104	 2	 7	 108.jpg	 8.503133e+02	 11	 5.728026e+02	 11	 7.168748e+02	 98	 8.513478e+02	 733.33	 700.00	 16.00	 8	 0.59	 
BMI_bfr_104	 2	 7	 113.jpg	 8.563035e+02	 12	 999000	 120	 999000	 999	 8.573212e+02	 733.33	 700.00	 18.00	 13	 0.58	 
BMI_bfr_104	 2	 7	 117.jpg	 8.593069e+02	 11	 9.952416e+02	 110	 7.336241e+02	 98	 8.603413e+02	 750.00	 700.00	 14.00	 17	 0.65	 
BMI_bfr_104	 2	 7	 103.jpg	 8.613091e+02	 24	 999000	 240	 999000	 999	 8.623268e+02	 750.00	 700.00	 39.00	 3	 0.44	 
BMI_bfr_104	 2	 7	 125.jpg	 8.633114e+02	 12	 999000	 120	 999000	 999	 8.643290e+02	 750.00	 700.00	 22.00	 25	 0.56	 
BMI_bfr_104	 2	 7	 102.jpg	 8.663148e+02	 12	 999000	 120	 999000	 999	 8.673325e+02	 750.00	 700.00	 10.00	 2	 0.68	 
BMI_bfr_104	 2	 7	 111.jpg	 8.683169e+02	 24	 999000	 240	 999000	 999	 8.693347e+02	 750.00	 700.00	 47.00	 11	 0.38	 
BMI_bfr_104	 2	 7	 127.jpg	 8.703023e+02	 12	 999000	 120	 999000	 999	 8.713203e+02	 750.00	 700.00	 6.00	 27	 0.72	 
BMI_bfr_104	 2	 7	 123.jpg	 8.723047e+02	 12	 999000	 120	 999000	 999	 8.733225e+02	 750.00	 700.00	 19.00	 23	 0.56	 
BMI_bfr_104	 2	 7	 141.jpg	 8.753082e+02	 24	 999000	 240	 999000	 999	 8.763259e+02	 750.00	 700.00	 58.00	 41	 0.21	 
BMI_bfr_104	 2	 7	 110.jpg	 8.773105e+02	 22	 9.116149e+02	 220	 7.003030e+02	 98	 8.783448e+02	 750.00	 716.67	 48.00	 10	 0.38	 
BMI_bfr_104	 2	 7	 138.jpg	 8.793126e+02	 24	 999000	 240	 999000	 999	 8.803304e+02	 750.00	 716.67	 40.00	 38	 0.43	 
BMI_bfr_104	 2	 7	 106.jpg	 8.813149e+02	 24	 999000	 240	 999000	 999	 8.823332e+02	 750.00	 716.67	 44.00	 6	 0.40	 
BMI_bfr_104	 2	 7	 121.jpg	 8.833171e+02	 12	 999000	 120	 999000	 999	 8.843367e+02	 750.00	 716.67	 15.00	 21	 0.63	 
BMI_bfr_104	 2	 7	 157.jpg	 8.893073e+02	 11	 9.708500e+02	 110	 7.502966e+02	 98	 8.903416e+02	 766.67	 716.67	 17.00	 57	 0.59	 
BMI_bfr_104	 2	 7	 134.jpg	 8.923105e+02	 11	 9.916353e+02	 110	 7.669598e+02	 98	 8.933450e+02	 783.33	 716.67	 8.00	 34	 0.71	 
BMI_bfr_104	 2	 7	 139.jpg	 8.963150e+02	 12	 999000	 120	 999000	 999	 8.973328e+02	 783.33	 716.67	 20.00	 39	 0.56	 
