subjectID	 order	 runNum	 itemName	 onsetTime	 shuff_trialType	 RT	 respInTime	 AudioTime	 response	 fixationTime	 ladder1	 ladder2	 bidIndex	 itemNameIndex	 bidValue	 
BMI_bfr_115	 1	 16	 136.jpg	 1.998137e+03	 11	 9.408833e+02	 110	 7.169049e+02	 98	 1.999172e+03	 733.33	 716.67	 13.00	 36	 0.74	 
BMI_bfr_115	 1	 16	 112.jpg	 2.000140e+03	 24	 999000	 240	 999000	 999	 2.001158e+03	 733.33	 716.67	 49.00	 12	 0.26	 
BMI_bfr_115	 1	 16	 119.jpg	 2.004144e+03	 12	 999000	 120	 999000	 999	 2.005162e+03	 733.33	 716.67	 22.00	 19	 0.59	 
BMI_bfr_115	 1	 16	 157.jpg	 2.007148e+03	 12	 999000	 120	 999000	 999	 2.008165e+03	 733.33	 716.67	 17.00	 57	 0.71	 
BMI_bfr_115	 1	 16	 150.jpg	 2.009150e+03	 12	 999000	 120	 999000	 999	 2.010167e+03	 733.33	 716.67	 20.00	 50	 0.61	 
BMI_bfr_115	 1	 16	 102.jpg	 2.012137e+03	 11	 9.891951e+02	 110	 7.335746e+02	 98	 2.013171e+03	 750.00	 716.67	 15.00	 2	 0.73	 
BMI_bfr_115	 1	 16	 151.jpg	 2.016141e+03	 12	 999000	 120	 999000	 999	 2.017158e+03	 750.00	 716.67	 11.00	 51	 0.75	 
BMI_bfr_115	 1	 16	 160.jpg	 2.020146e+03	 22	 9.325969e+02	 220	 7.168959e+02	 98	 2.021180e+03	 750.00	 733.33	 50.00	 60	 0.23	 
BMI_bfr_115	 1	 16	 139.jpg	 2.022148e+03	 24	 999000	 240	 999000	 999	 2.023165e+03	 750.00	 733.33	 41.00	 39	 0.39	 
BMI_bfr_115	 1	 16	 115.jpg	 2.027137e+03	 12	 999000	 120	 999000	 999	 2.028154e+03	 750.00	 733.33	 16.00	 15	 0.72	 
BMI_bfr_115	 1	 16	 127.jpg	 2.029139e+03	 12	 999000	 120	 999000	 999	 2.030157e+03	 750.00	 733.33	 19.00	 27	 0.62	 
BMI_bfr_115	 1	 16	 106.jpg	 2.031143e+03	 22	 1.063105e+03	 2200	 7.335717e+02	 98	 2.032192e+03	 750.00	 683.33	 44.00	 6	 0.33	 
BMI_bfr_115	 1	 16	 132.jpg	 2.037148e+03	 12	 999000	 120	 999000	 999	 2.038165e+03	 750.00	 683.33	 9.00	 32	 0.77	 
BMI_bfr_115	 1	 16	 118.jpg	 2.039151e+03	 24	 999000	 240	 999000	 999	 2.040168e+03	 750.00	 683.33	 55.00	 18	 0.16	 
BMI_bfr_115	 1	 16	 114.jpg	 2.041136e+03	 24	 999000	 240	 999000	 999	 2.042154e+03	 750.00	 683.33	 58.00	 14	 0.13	 
BMI_bfr_115	 1	 16	 149.jpg	 2.043138e+03	 24	 999000	 240	 999000	 999	 2.044156e+03	 750.00	 683.33	 42.00	 49	 0.38	 
BMI_bfr_115	 1	 16	 103.jpg	 2.047143e+03	 22	 9.356850e+02	 220	 6.835829e+02	 98	 2.048178e+03	 750.00	 700.00	 47.00	 3	 0.28	 
BMI_bfr_115	 1	 16	 143.jpg	 2.051147e+03	 12	 999000	 120	 999000	 999	 2.052165e+03	 750.00	 700.00	 5.00	 43	 0.80	 
BMI_bfr_115	 1	 16	 138.jpg	 2.054151e+03	 24	 999000	 240	 999000	 999	 2.055168e+03	 750.00	 700.00	 39.00	 38	 0.43	 
BMI_bfr_115	 1	 16	 133.jpg	 2.058139e+03	 11	 1.091615e+03	 1100	 7.502254e+02	 98	 2.059172e+03	 700.00	 700.00	 7.00	 33	 0.79	 
BMI_bfr_115	 1	 16	 134.jpg	 2.061142e+03	 11	 1.024538e+03	 1100	 7.002656e+02	 98	 2.062193e+03	 650.00	 700.00	 12.00	 34	 0.75	 
BMI_bfr_115	 1	 16	 117.jpg	 2.063144e+03	 24	 999000	 240	 999000	 999	 2.064162e+03	 650.00	 700.00	 54.00	 17	 0.16	 
BMI_bfr_115	 1	 16	 121.jpg	 2.067149e+03	 22	 1.025763e+03	 2200	 7.002343e+02	 98	 2.068187e+03	 650.00	 650.00	 52.00	 21	 0.22	 
BMI_bfr_115	 1	 16	 137.jpg	 2.069151e+03	 12	 999000	 120	 999000	 999	 2.070168e+03	 650.00	 650.00	 3.00	 37	 0.86	 
BMI_bfr_115	 1	 16	 120.jpg	 2.071136e+03	 24	 999000	 240	 999000	 999	 2.072153e+03	 650.00	 650.00	 48.00	 20	 0.28	 
BMI_bfr_115	 1	 16	 144.jpg	 2.075140e+03	 22	 8.658527e+02	 220	 6.502284e+02	 98	 2.076175e+03	 650.00	 666.67	 45.00	 44	 0.33	 
BMI_bfr_115	 1	 16	 107.jpg	 2.077143e+03	 24	 999000	 240	 999000	 999	 2.078160e+03	 650.00	 666.67	 46.00	 7	 0.32	 
BMI_bfr_115	 1	 16	 145.jpg	 2.081148e+03	 24	 999000	 240	 999000	 999	 2.082165e+03	 650.00	 666.67	 40.00	 45	 0.42	 
BMI_bfr_115	 1	 16	 111.jpg	 2.085135e+03	 22	 8.711930e+02	 220	 6.668955e+02	 98	 2.086170e+03	 650.00	 683.33	 53.00	 11	 0.20	 
BMI_bfr_115	 1	 16	 141.jpg	 2.088156e+03	 24	 999000	 240	 999000	 999	 2.089173e+03	 650.00	 683.33	 43.00	 41	 0.33	 
BMI_bfr_115	 1	 16	 148.jpg	 2.094146e+03	 12	 999000	 120	 999000	 999	 2.095163e+03	 650.00	 683.33	 21.00	 48	 0.59	 
BMI_bfr_115	 1	 16	 147.jpg	 2.096148e+03	 12	 999000	 120	 999000	 999	 2.097165e+03	 650.00	 683.33	 6.00	 47	 0.79	 
BMI_bfr_115	 1	 16	 129.jpg	 2.100135e+03	 12	 4.950914e+02	 12	 999000	 98	 2.101153e+03	 650.00	 683.33	 14.00	 29	 0.73	 
BMI_bfr_115	 1	 16	 135.jpg	 2.102137e+03	 12	 999000	 120	 999000	 999	 2.103156e+03	 650.00	 683.33	 8.00	 35	 0.78	 
BMI_bfr_115	 1	 16	 154.jpg	 2.104140e+03	 11	 1.002559e+03	 1100	 6.502308e+02	 98	 2.105174e+03	 600.00	 683.33	 10.00	 54	 0.77	 
BMI_bfr_115	 1	 16	 159.jpg	 2.106143e+03	 24	 999000	 240	 999000	 999	 2.107160e+03	 600.00	 683.33	 51.00	 59	 0.22	 
BMI_bfr_115	 1	 16	 123.jpg	 2.111148e+03	 24	 999000	 240	 999000	 999	 2.112165e+03	 600.00	 683.33	 56.00	 23	 0.15	 
BMI_bfr_115	 1	 16	 108.jpg	 2.113150e+03	 24	 999000	 240	 999000	 999	 2.114167e+03	 600.00	 683.33	 57.00	 8	 0.13	 
BMI_bfr_115	 1	 16	 152.jpg	 2.115135e+03	 11	 8.631110e+02	 110	 6.002646e+02	 98	 2.116172e+03	 616.67	 683.33	 18.00	 52	 0.69	 
BMI_bfr_115	 1	 16	 126.jpg	 2.118139e+03	 12	 999000	 120	 999000	 999	 2.119156e+03	 616.67	 683.33	 4.00	 26	 0.85	 
