subjectID	 order	 runNum	 itemName	 onsetTime	 shuff_trialType	 RT	 respInTime	 AudioTime	 response	 fixationTime	 ladder1	 ladder2	 bidIndex	 itemNameIndex	 bidValue	 
BMI_bfr_116	 2	 11	 106.jpg	 1.338848e+03	 22	 999000	 2	 7.502383e+02	 999	 1.339933e+03	 750.00	 700.00	 49.00	 6	 0.23	 
BMI_bfr_116	 2	 11	 127.jpg	 1.343854e+03	 12	 999000	 120	 999000	 999	 1.344872e+03	 750.00	 700.00	 3.00	 27	 0.88	 
BMI_bfr_116	 2	 11	 147.jpg	 1.345857e+03	 11	 9.896980e+02	 110	 7.503291e+02	 98	 1.346891e+03	 766.67	 700.00	 9.00	 47	 0.75	 
BMI_bfr_116	 2	 11	 119.jpg	 1.347859e+03	 24	 999000	 240	 999000	 999	 1.348877e+03	 766.67	 700.00	 56.00	 19	 0.18	 
BMI_bfr_116	 2	 11	 133.jpg	 1.353849e+03	 12	 999000	 120	 999000	 999	 1.354867e+03	 766.67	 700.00	 4.00	 33	 0.82	 
BMI_bfr_116	 2	 11	 148.jpg	 1.355851e+03	 12	 999000	 120	 999000	 999	 1.356869e+03	 766.67	 700.00	 18.00	 48	 0.66	 
BMI_bfr_116	 2	 11	 137.jpg	 1.358855e+03	 24	 999000	 240	 999000	 999	 1.359872e+03	 766.67	 700.00	 42.00	 37	 0.34	 
BMI_bfr_116	 2	 11	 151.jpg	 1.360857e+03	 24	 999000	 240	 999000	 999	 1.361874e+03	 766.67	 700.00	 41.00	 51	 0.35	 
BMI_bfr_116	 2	 11	 153.jpg	 1.364844e+03	 24	 999000	 240	 999000	 999	 1.365862e+03	 766.67	 700.00	 58.00	 53	 0.12	 
BMI_bfr_116	 2	 11	 128.jpg	 1.366847e+03	 12	 999000	 120	 999000	 999	 1.367865e+03	 766.67	 700.00	 20.00	 28	 0.65	 
BMI_bfr_116	 2	 11	 120.jpg	 1.371853e+03	 24	 999000	 240	 999000	 999	 1.372870e+03	 766.67	 700.00	 39.00	 20	 0.37	 
BMI_bfr_116	 2	 11	 155.jpg	 1.378860e+03	 12	 999000	 120	 999000	 999	 1.379878e+03	 766.67	 700.00	 15.00	 55	 0.70	 
BMI_bfr_116	 2	 11	 110.jpg	 1.380846e+03	 22	 999000	 2	 7.002162e+02	 999	 1.381880e+03	 766.67	 650.00	 46.00	 10	 0.29	 
BMI_bfr_116	 2	 11	 104.jpg	 1.383849e+03	 11	 9.809863e+02	 110	 7.670242e+02	 98	 1.384884e+03	 783.33	 650.00	 17.00	 4	 0.68	 
BMI_bfr_116	 2	 11	 102.jpg	 1.386853e+03	 24	 999000	 240	 999000	 999	 1.387870e+03	 783.33	 650.00	 45.00	 2	 0.31	 
BMI_bfr_116	 2	 11	 158.jpg	 1.390857e+03	 24	 999000	 240	 999000	 999	 1.391875e+03	 783.33	 650.00	 40.00	 58	 0.36	 
BMI_bfr_116	 2	 11	 114.jpg	 1.394845e+03	 22	 8.576017e+02	 220	 6.503399e+02	 98	 1.395879e+03	 783.33	 666.67	 43.00	 14	 0.33	 
BMI_bfr_116	 2	 11	 122.jpg	 1.398849e+03	 12	 999000	 120	 999000	 999	 1.399867e+03	 783.33	 666.67	 22.00	 22	 0.63	 
BMI_bfr_116	 2	 11	 139.jpg	 1.401853e+03	 11	 1.001722e+03	 1100	 7.836519e+02	 98	 1.402887e+03	 733.33	 666.67	 11.00	 39	 0.74	 
BMI_bfr_116	 2	 11	 145.jpg	 1.407860e+03	 11	 9.308201e+02	 110	 7.336456e+02	 98	 1.408894e+03	 750.00	 666.67	 16.00	 45	 0.69	 
BMI_bfr_116	 2	 11	 126.jpg	 1.409845e+03	 24	 999000	 240	 999000	 999	 1.410863e+03	 750.00	 666.67	 47.00	 26	 0.26	 
BMI_bfr_116	 2	 11	 146.jpg	 1.412848e+03	 12	 999000	 120	 999000	 999	 1.413866e+03	 750.00	 666.67	 6.00	 46	 0.77	 
BMI_bfr_116	 2	 11	 134.jpg	 1.414851e+03	 22	 9.716294e+02	 220	 6.669712e+02	 98	 1.415885e+03	 750.00	 683.33	 48.00	 34	 0.24	 
BMI_bfr_116	 2	 11	 152.jpg	 1.416853e+03	 12	 999000	 120	 999000	 999	 1.417871e+03	 750.00	 683.33	 7.00	 52	 0.76	 
BMI_bfr_116	 2	 11	 105.jpg	 1.418855e+03	 24	 999000	 240	 999000	 999	 1.419874e+03	 750.00	 683.33	 55.00	 5	 0.20	 
BMI_bfr_116	 2	 11	 107.jpg	 1.421859e+03	 11	 9.717352e+02	 110	 7.503179e+02	 98	 1.422893e+03	 766.67	 683.33	 8.00	 7	 0.75	 
BMI_bfr_116	 2	 11	 150.jpg	 1.425846e+03	 22	 8.959070e+02	 220	 6.836505e+02	 98	 1.426881e+03	 766.67	 700.00	 54.00	 50	 0.20	 
BMI_bfr_116	 2	 11	 101.jpg	 1.427849e+03	 24	 999000	 240	 999000	 999	 1.428866e+03	 766.67	 700.00	 44.00	 1	 0.32	 
BMI_bfr_116	 2	 11	 118.jpg	 1.429851e+03	 12	 999000	 120	 999000	 999	 1.430869e+03	 766.67	 700.00	 19.00	 18	 0.66	 
BMI_bfr_116	 2	 11	 129.jpg	 1.431853e+03	 12	 999000	 120	 999000	 999	 1.432871e+03	 766.67	 700.00	 10.00	 29	 0.74	 
BMI_bfr_116	 2	 11	 116.jpg	 1.433855e+03	 24	 999000	 240	 999000	 999	 1.434873e+03	 766.67	 700.00	 52.00	 16	 0.21	 
BMI_bfr_116	 2	 11	 124.jpg	 1.435858e+03	 12	 999000	 120	 999000	 999	 1.436875e+03	 766.67	 700.00	 12.00	 24	 0.72	 
BMI_bfr_116	 2	 11	 142.jpg	 1.439845e+03	 12	 999000	 120	 999000	 999	 1.440863e+03	 766.67	 700.00	 21.00	 42	 0.65	 
BMI_bfr_116	 2	 11	 157.jpg	 1.443850e+03	 24	 999000	 240	 999000	 999	 1.444868e+03	 766.67	 700.00	 50.00	 57	 0.22	 
BMI_bfr_116	 2	 11	 159.jpg	 1.445852e+03	 24	 999000	 240	 999000	 999	 1.446870e+03	 766.67	 700.00	 57.00	 59	 0.13	 
BMI_bfr_116	 2	 11	 154.jpg	 1.447855e+03	 22	 1.087801e+03	 2200	 7.003251e+02	 98	 1.448889e+03	 766.67	 650.00	 51.00	 54	 0.22	 
BMI_bfr_116	 2	 11	 113.jpg	 1.449857e+03	 24	 999000	 240	 999000	 999	 1.450875e+03	 766.67	 650.00	 53.00	 13	 0.21	 
BMI_bfr_116	 2	 11	 125.jpg	 1.451859e+03	 11	 1.115366e+03	 1100	 7.670034e+02	 98	 1.452893e+03	 716.67	 650.00	 14.00	 25	 0.71	 
BMI_bfr_116	 2	 11	 108.jpg	 1.457849e+03	 12	 999000	 120	 999000	 999	 1.458867e+03	 716.67	 650.00	 13.00	 8	 0.72	 
BMI_bfr_116	 2	 11	 141.jpg	 1.459851e+03	 12	 999000	 120	 999000	 999	 1.460869e+03	 716.67	 650.00	 5.00	 41	 0.81	 
