subjectID	 order	 runNum	 itemName	 onsetTime	 shuff_trialType	 RT	 respInTime	 AudioTime	 response	 fixationTime	 ladder1	 ladder2	 bidIndex	 itemNameIndex	 bidValue	 
BFE_330	 2	 13	 2111.jpg	 1.548394e+03	 24	 999000	 240	 999000	 999	 1.549412e+03	 616.67	 616.67	 50.00	 11	 0.69	 
BFE_330	 2	 13	 1213.jpg	 1.551381e+03	 12	 999000	 120	 999000	 999	 1.552399e+03	 616.67	 616.67	 15.00	 34	 0.55	 
BFE_330	 2	 13	 2216.jpg	 1.553383e+03	 24	 999000	 240	 999000	 999	 1.554401e+03	 616.67	 616.67	 61.00	 37	 0.54	 
BFE_330	 2	 13	 2204.jpg	 1.555385e+03	 24	 999000	 240	 999000	 999	 1.556403e+03	 616.67	 616.67	 59.00	 25	 0.57	 
BFE_330	 2	 13	 2215.jpg	 1.557388e+03	 24	 999000	 240	 999000	 999	 1.558406e+03	 616.67	 616.67	 52.00	 36	 0.65	 
BFE_330	 2	 13	 2116.jpg	 1.560391e+03	 24	 999000	 240	 999000	 999	 1.561409e+03	 616.67	 616.67	 60.00	 16	 0.55	 
BFE_330	 2	 13	 2209.jpg	 1.562377e+03	 22	 9.613262e+02	 220	 6.167076e+02	 98	 1.563394e+03	 616.67	 633.33	 56.00	 30	 0.59	 
BFE_330	 2	 13	 2113.jpg	 1.566381e+03	 22	 9.568948e+02	 220	 6.333611e+02	 98	 1.567399e+03	 616.67	 650.00	 54.00	 13	 0.61	 
BFE_330	 2	 13	 2105.jpg	 1.568383e+03	 22	 9.468100e+02	 220	 6.500388e+02	 98	 1.569401e+03	 616.67	 666.67	 49.00	 5	 0.70	 
BFE_330	 2	 13	 2219.jpg	 1.573389e+03	 22	 9.492393e+02	 220	 6.666978e+02	 98	 1.574407e+03	 616.67	 683.33	 48.00	 40	 0.73	 
BFE_330	 2	 13	 1206.jpg	 1.575391e+03	 12	 999000	 120	 999000	 999	 1.576409e+03	 616.67	 683.33	 12.00	 27	 0.62	 
BFE_330	 2	 13	 1210.jpg	 1.579379e+03	 12	 999000	 120	 999000	 999	 1.580397e+03	 616.67	 683.33	 13.00	 31	 0.58	 
BFE_330	 2	 13	 2121.jpg	 1.581381e+03	 24	 999000	 240	 999000	 999	 1.582399e+03	 616.67	 683.33	 53.00	 21	 0.61	 
BFE_330	 2	 13	 2205.jpg	 1.584385e+03	 24	 999000	 240	 999000	 999	 1.585402e+03	 616.67	 683.33	 43.00	 26	 0.81	 
BFE_330	 2	 13	 1215.jpg	 1.589390e+03	 12	 999000	 120	 999000	 999	 1.590408e+03	 616.67	 683.33	 19.00	 36	 0.52	 
BFE_330	 2	 13	 2109.jpg	 1.591376e+03	 24	 999000	 240	 999000	 999	 1.592394e+03	 616.67	 683.33	 47.00	 9	 0.76	 
BFE_330	 2	 13	 1211.jpg	 1.593378e+03	 11	 9.680648e+02	 110	 6.167146e+02	 98	 1.594396e+03	 633.33	 683.33	 8.00	 32	 0.76	 
BFE_330	 2	 13	 2211.jpg	 1.597383e+03	 24	 999000	 240	 999000	 999	 1.598400e+03	 633.33	 683.33	 44.00	 32	 0.79	 
BFE_330	 2	 13	 1105.jpg	 1.601387e+03	 12	 999000	 120	 999000	 999	 1.602405e+03	 633.33	 683.33	 18.00	 5	 0.53	 
BFE_330	 2	 13	 2210.jpg	 1.605391e+03	 24	 999000	 240	 999000	 999	 1.606409e+03	 633.33	 683.33	 62.00	 31	 0.54	 
BFE_330	 2	 13	 2114.jpg	 1.607377e+03	 22	 9.210789e+02	 220	 6.833683e+02	 98	 1.608395e+03	 633.33	 700.00	 51.00	 14	 0.69	 
BFE_330	 2	 13	 1118.jpg	 1.609379e+03	 12	 999000	 120	 999000	 999	 1.610397e+03	 633.33	 700.00	 37.00	 18	 0.19	 
BFE_330	 2	 13	 1111.jpg	 1.611382e+03	 11	 9.645411e+02	 110	 6.333657e+02	 98	 1.612399e+03	 650.00	 700.00	 11.00	 11	 0.66	 
BFE_330	 2	 13	 2202.jpg	 1.613384e+03	 24	 999000	 240	 999000	 999	 1.614402e+03	 650.00	 700.00	 77.00	 23	 0.22	 
BFE_330	 2	 13	 1217.jpg	 1.619390e+03	 11	 9.556756e+02	 110	 6.500361e+02	 98	 1.620408e+03	 666.67	 700.00	 17.00	 38	 0.54	 
BFE_330	 2	 13	 1101.jpg	 1.622377e+03	 12	 999000	 120	 999000	 999	 1.623395e+03	 666.67	 700.00	 21.00	 1	 0.50	 
BFE_330	 2	 13	 1205.jpg	 1.624379e+03	 11	 1.014739e+03	 1100	 6.666997e+02	 98	 1.625400e+03	 616.67	 700.00	 16.00	 26	 0.54	 
BFE_330	 2	 13	 2206.jpg	 1.626382e+03	 24	 999000	 240	 999000	 999	 1.627399e+03	 616.67	 700.00	 58.00	 27	 0.57	 
BFE_330	 2	 13	 1114.jpg	 1.629385e+03	 12	 999000	 120	 999000	 999	 1.630403e+03	 616.67	 700.00	 3.00	 14	 0.84	 
BFE_330	 2	 13	 1102.jpg	 1.631387e+03	 11	 9.668406e+02	 110	 6.167022e+02	 98	 1.632405e+03	 633.33	 700.00	 14.00	 2	 0.55	 
BFE_330	 2	 13	 2104.jpg	 1.633390e+03	 24	 999000	 240	 999000	 999	 1.634407e+03	 633.33	 700.00	 78.00	 4	 0.19	 
BFE_330	 2	 13	 2115.jpg	 1.635375e+03	 24	 999000	 240	 999000	 999	 1.636393e+03	 633.33	 700.00	 55.00	 15	 0.61	 
BFE_330	 2	 13	 1216.jpg	 1.638378e+03	 12	 999000	 120	 999000	 999	 1.639396e+03	 633.33	 700.00	 10.00	 37	 0.69	 
BFE_330	 2	 13	 1109.jpg	 1.640381e+03	 11	 9.893822e+02	 110	 6.333708e+02	 98	 1.641399e+03	 650.00	 700.00	 9.00	 9	 0.70	 
BFE_330	 2	 13	 2106.jpg	 1.642383e+03	 22	 1.051128e+03	 2200	 7.000352e+02	 98	 1.643401e+03	 650.00	 650.00	 57.00	 6	 0.58	 
BFE_330	 2	 13	 1119.jpg	 1.644385e+03	 12	 999000	 120	 999000	 999	 1.645403e+03	 650.00	 650.00	 22.00	 19	 0.48	 
BFE_330	 2	 13	 1107.jpg	 1.646387e+03	 12	 999000	 120	 999000	 999	 1.647405e+03	 650.00	 650.00	 38.00	 7	 0.14	 
BFE_330	 2	 13	 1201.jpg	 1.652377e+03	 12	 999000	 120	 999000	 999	 1.653395e+03	 650.00	 650.00	 4.00	 22	 0.83	 
BFE_330	 2	 13	 1106.jpg	 1.655381e+03	 12	 999000	 120	 999000	 999	 1.656399e+03	 650.00	 650.00	 7.00	 6	 0.77	 
BFE_330	 2	 13	 1113.jpg	 1.659385e+03	 12	 999000	 120	 999000	 999	 1.660403e+03	 650.00	 650.00	 20.00	 13	 0.51	 
