subjectID	 order	 runNum	 itemName	 onsetTime	 shuff_trialType	 RT	 respInTime	 AudioTime	 response	 fixationTime	 ladder1	 ladder2	 bidIndex	 itemNameIndex	 bidValue	 
BFE_358	 2	 14	 2215.jpg	 1.767763e+03	 24	 999000	 240	 999000	 999	 1.768781e+03	 650.00	 716.67	 62.00	 36	 0.50	 
BFE_358	 2	 14	 1204.jpg	 1.772768e+03	 12	 999000	 120	 999000	 999	 1.773786e+03	 650.00	 716.67	 3.00	 25	 0.82	 
BFE_358	 2	 14	 1211.jpg	 1.774771e+03	 12	 999000	 120	 999000	 999	 1.775788e+03	 650.00	 716.67	 13.00	 32	 0.63	 
BFE_358	 2	 14	 2111.jpg	 1.776773e+03	 22	 1.029500e+03	 2200	 7.167181e+02	 98	 1.777791e+03	 650.00	 666.67	 57.00	 11	 0.58	 
BFE_358	 2	 14	 1121.jpg	 1.782763e+03	 11	 8.473978e+02	 110	 6.500553e+02	 98	 1.783781e+03	 666.67	 666.67	 8.00	 21	 0.69	 
BFE_358	 2	 14	 1104.jpg	 1.784765e+03	 12	 999000	 120	 999000	 999	 1.785783e+03	 666.67	 666.67	 20.00	 4	 0.47	 
BFE_358	 2	 14	 1219.jpg	 1.787769e+03	 11	 8.817515e+02	 110	 6.666999e+02	 98	 1.788786e+03	 683.33	 666.67	 14.00	 40	 0.60	 
BFE_358	 2	 14	 1217.jpg	 1.789771e+03	 12	 999000	 120	 999000	 999	 1.790805e+03	 683.33	 666.67	 10.00	 38	 0.66	 
BFE_358	 2	 14	 2204.jpg	 1.793758e+03	 24	 999000	 240	 999000	 999	 1.794776e+03	 683.33	 666.67	 60.00	 25	 0.55	 
BFE_358	 2	 14	 2201.jpg	 1.795761e+03	 24	 999000	 240	 999000	 999	 1.796779e+03	 683.33	 666.67	 50.00	 22	 0.69	 
BFE_358	 2	 14	 1115.jpg	 1.800766e+03	 11	 9.399447e+02	 110	 6.833874e+02	 98	 1.801784e+03	 700.00	 666.67	 11.00	 15	 0.65	 
BFE_358	 2	 14	 2219.jpg	 1.807774e+03	 22	 9.080189e+02	 220	 6.666998e+02	 98	 1.808792e+03	 700.00	 683.33	 48.00	 40	 0.71	 
BFE_358	 2	 14	 1206.jpg	 1.809760e+03	 11	 9.865042e+02	 110	 7.000283e+02	 98	 1.810778e+03	 716.67	 683.33	 17.00	 27	 0.52	 
BFE_358	 2	 14	 2112.jpg	 1.812767e+03	 24	 999000	 240	 999000	 999	 1.813781e+03	 716.67	 683.33	 77.00	 12	 0.21	 
BFE_358	 2	 14	 2217.jpg	 1.815767e+03	 22	 9.957212e+02	 220	 6.833636e+02	 98	 1.816784e+03	 716.67	 700.00	 56.00	 38	 0.58	 
BFE_358	 2	 14	 1114.jpg	 1.819771e+03	 12	 999000	 120	 999000	 999	 1.820789e+03	 716.67	 700.00	 7.00	 14	 0.72	 
BFE_358	 2	 14	 1213.jpg	 1.823759e+03	 11	 1.027814e+03	 1100	 7.167211e+02	 98	 1.824777e+03	 666.67	 700.00	 9.00	 34	 0.69	 
BFE_358	 2	 14	 2203.jpg	 1.827763e+03	 24	 999000	 240	 999000	 999	 1.828781e+03	 666.67	 700.00	 78.00	 24	 0.20	 
BFE_358	 2	 14	 2211.jpg	 1.830767e+03	 24	 999000	 240	 999000	 999	 1.831785e+03	 666.67	 700.00	 53.00	 32	 0.65	 
BFE_358	 2	 14	 1215.jpg	 1.836774e+03	 12	 999000	 120	 999000	 999	 1.837791e+03	 666.67	 700.00	 21.00	 36	 0.46	 
BFE_358	 2	 14	 1212.jpg	 1.838759e+03	 12	 999000	 120	 999000	 999	 1.839777e+03	 666.67	 700.00	 38.00	 33	 0.23	 
BFE_358	 2	 14	 2103.jpg	 1.841763e+03	 22	 9.199149e+02	 220	 7.000271e+02	 98	 1.842780e+03	 666.67	 716.67	 49.00	 3	 0.70	 
BFE_358	 2	 14	 2214.jpg	 1.843765e+03	 24	 999000	 240	 999000	 999	 1.844783e+03	 666.67	 716.67	 55.00	 35	 0.61	 
BFE_358	 2	 14	 2108.jpg	 1.845767e+03	 24	 999000	 240	 999000	 999	 1.846785e+03	 666.67	 716.67	 58.00	 8	 0.57	 
BFE_358	 2	 14	 2106.jpg	 1.847769e+03	 22	 9.211239e+02	 220	 7.166923e+02	 98	 1.848787e+03	 666.67	 733.33	 51.00	 6	 0.68	 
BFE_358	 2	 14	 2105.jpg	 1.850773e+03	 24	 999000	 240	 999000	 999	 1.851790e+03	 666.67	 733.33	 43.00	 5	 0.84	 
BFE_358	 2	 14	 2213.jpg	 1.854760e+03	 24	 999000	 240	 999000	 999	 1.855778e+03	 666.67	 733.33	 44.00	 34	 0.80	 
BFE_358	 2	 14	 2202.jpg	 1.856763e+03	 22	 1.071756e+03	 2200	 7.333679e+02	 98	 1.857780e+03	 666.67	 683.33	 54.00	 23	 0.62	 
BFE_358	 2	 14	 2218.jpg	 1.858765e+03	 24	 999000	 240	 999000	 999	 1.859783e+03	 666.67	 683.33	 61.00	 39	 0.54	 
BFE_358	 2	 14	 1109.jpg	 1.860767e+03	 11	 1.003248e+03	 1100	 6.666955e+02	 98	 1.861787e+03	 616.67	 683.33	 16.00	 9	 0.57	 
BFE_358	 2	 14	 1214.jpg	 1.862769e+03	 12	 999000	 120	 999000	 999	 1.863787e+03	 616.67	 683.33	 19.00	 35	 0.48	 
BFE_358	 2	 14	 1205.jpg	 1.864772e+03	 12	 999000	 120	 999000	 999	 1.865789e+03	 616.67	 683.33	 15.00	 26	 0.58	 
BFE_358	 2	 14	 2109.jpg	 1.868760e+03	 24	 999000	 240	 999000	 999	 1.869777e+03	 616.67	 683.33	 52.00	 9	 0.66	 
BFE_358	 2	 14	 2118.jpg	 1.872764e+03	 24	 999000	 240	 999000	 999	 1.873782e+03	 616.67	 683.33	 59.00	 18	 0.55	 
BFE_358	 2	 14	 2121.jpg	 1.874766e+03	 24	 999000	 240	 999000	 999	 1.875784e+03	 616.67	 683.33	 47.00	 21	 0.71	 
BFE_358	 2	 14	 1210.jpg	 1.876768e+03	 12	 999000	 120	 999000	 999	 1.877786e+03	 616.67	 683.33	 37.00	 31	 0.24	 
BFE_358	 2	 14	 1105.jpg	 1.878771e+03	 12	 999000	 120	 999000	 999	 1.879788e+03	 616.67	 683.33	 18.00	 5	 0.51	 
BFE_358	 2	 14	 1218.jpg	 1.880773e+03	 12	 999000	 120	 999000	 999	 1.881791e+03	 616.67	 683.33	 12.00	 39	 0.65	 
BFE_358	 2	 14	 1116.jpg	 1.886763e+03	 12	 999000	 120	 999000	 999	 1.887781e+03	 616.67	 683.33	 22.00	 16	 0.46	 
BFE_358	 2	 14	 1110.jpg	 1.888765e+03	 12	 999000	 120	 999000	 999	 1.889783e+03	 616.67	 683.33	 4.00	 10	 0.76	 
