subjectID	 order	 runNum	 itemName	 onsetTime	 shuff_trialType	 RT	 respInTime	 AudioTime	 response	 fixationTime	 ladder1	 ladder2	 bidIndex	 itemNameIndex	 bidValue	 
BFE_315	 1	 14	 2103.jpg	 1.796569e+03	 22	 9.691232e+02	 220	 7.167143e+02	 98	 1.797586e+03	 716.67	 733.33	 53.00	 3	 0.66	 
BFE_315	 1	 14	 1103.jpg	 1.799555e+03	 12	 999000	 120	 999000	 999	 1.800573e+03	 716.67	 733.33	 11.00	 3	 0.65	 
BFE_315	 1	 14	 1121.jpg	 1.801558e+03	 11	 9.961685e+02	 110	 7.167282e+02	 98	 1.802578e+03	 733.33	 733.33	 10.00	 21	 0.65	 
BFE_315	 1	 14	 1109.jpg	 1.803560e+03	 12	 999000	 120	 999000	 999	 1.804578e+03	 733.33	 733.33	 16.00	 9	 0.55	 
BFE_315	 1	 14	 1114.jpg	 1.805562e+03	 11	 1.047743e+03	 1100	 7.333694e+02	 98	 1.806580e+03	 683.33	 733.33	 15.00	 14	 0.60	 
BFE_315	 1	 14	 2219.jpg	 1.808565e+03	 24	 999000	 240	 999000	 999	 1.809583e+03	 683.33	 733.33	 59.00	 40	 0.57	 
BFE_315	 1	 14	 2207.jpg	 1.810551e+03	 24	 999000	 240	 999000	 999	 1.811569e+03	 683.33	 733.33	 61.00	 28	 0.52	 
BFE_315	 1	 14	 1108.jpg	 1.814556e+03	 12	 999000	 120	 999000	 999	 1.815573e+03	 683.33	 733.33	 37.00	 8	 0.19	 
BFE_315	 1	 14	 2212.jpg	 1.816558e+03	 24	 999000	 240	 999000	 999	 1.817575e+03	 683.33	 733.33	 78.00	 33	 0.27	 
BFE_315	 1	 14	 2115.jpg	 1.821563e+03	 22	 1.078476e+03	 2200	 7.333742e+02	 98	 1.822581e+03	 683.33	 683.33	 58.00	 15	 0.58	 
BFE_315	 1	 14	 1209.jpg	 1.823566e+03	 12	 999000	 120	 999000	 999	 1.824583e+03	 683.33	 683.33	 9.00	 30	 0.67	 
BFE_315	 1	 14	 1208.jpg	 1.827553e+03	 12	 999000	 120	 999000	 999	 1.828571e+03	 683.33	 683.33	 17.00	 29	 0.53	 
BFE_315	 1	 14	 2204.jpg	 1.829556e+03	 24	 999000	 240	 999000	 999	 1.830573e+03	 683.33	 683.33	 49.00	 25	 0.76	 
BFE_315	 1	 14	 2218.jpg	 1.832559e+03	 24	 999000	 240	 999000	 999	 1.833577e+03	 683.33	 683.33	 48.00	 39	 0.79	 
BFE_315	 1	 14	 1210.jpg	 1.837565e+03	 12	 999000	 120	 999000	 999	 1.838582e+03	 683.33	 683.33	 20.00	 31	 0.48	 
BFE_315	 1	 14	 1211.jpg	 1.839550e+03	 12	 999000	 120	 999000	 999	 1.840568e+03	 683.33	 683.33	 4.00	 32	 0.81	 
BFE_315	 1	 14	 2116.jpg	 1.841552e+03	 24	 999000	 240	 999000	 999	 1.842570e+03	 683.33	 683.33	 57.00	 16	 0.58	 
BFE_315	 1	 14	 1112.jpg	 1.845557e+03	 12	 999000	 120	 999000	 999	 1.846575e+03	 683.33	 683.33	 38.00	 12	 0.17	 
BFE_315	 1	 14	 2205.jpg	 1.849561e+03	 22	 1.032446e+03	 2200	 6.833710e+02	 98	 1.850579e+03	 683.33	 633.33	 52.00	 26	 0.67	 
BFE_315	 1	 14	 1217.jpg	 1.853566e+03	 11	 9.558854e+02	 110	 6.833665e+02	 98	 1.854584e+03	 700.00	 633.33	 12.00	 38	 0.62	 
BFE_315	 1	 14	 2214.jpg	 1.855552e+03	 24	 999000	 240	 999000	 999	 1.856569e+03	 700.00	 633.33	 43.00	 35	 0.88	 
BFE_315	 1	 14	 2208.jpg	 1.857554e+03	 24	 999000	 240	 999000	 999	 1.858571e+03	 700.00	 633.33	 54.00	 29	 0.63	 
BFE_315	 1	 14	 2102.jpg	 1.859556e+03	 24	 999000	 240	 999000	 999	 1.860574e+03	 700.00	 633.33	 60.00	 2	 0.57	 
BFE_315	 1	 14	 2106.jpg	 1.861558e+03	 22	 9.635890e+02	 220	 6.333655e+02	 98	 1.862576e+03	 700.00	 650.00	 55.00	 6	 0.60	 
BFE_315	 1	 14	 2201.jpg	 1.867565e+03	 24	 999000	 240	 999000	 999	 1.868583e+03	 700.00	 650.00	 44.00	 22	 0.85	 
BFE_315	 1	 14	 2113.jpg	 1.870552e+03	 24	 999000	 240	 999000	 999	 1.871569e+03	 700.00	 650.00	 62.00	 13	 0.52	 
BFE_315	 1	 14	 1204.jpg	 1.872554e+03	 11	 1.079973e+03	 1100	 7.000341e+02	 98	 1.873572e+03	 650.00	 650.00	 7.00	 25	 0.72	 
BFE_315	 1	 14	 2111.jpg	 1.874556e+03	 22	 9.337426e+02	 220	 6.500290e+02	 98	 1.875574e+03	 650.00	 666.67	 47.00	 11	 0.80	 
BFE_315	 1	 14	 1205.jpg	 1.877559e+03	 11	 8.663508e+02	 110	 6.500413e+02	 98	 1.878577e+03	 666.67	 666.67	 13.00	 26	 0.61	 
BFE_315	 1	 14	 1215.jpg	 1.879562e+03	 12	 999000	 120	 999000	 999	 1.880580e+03	 666.67	 666.67	 8.00	 36	 0.67	 
BFE_315	 1	 14	 1202.jpg	 1.881564e+03	 12	 999000	 120	 999000	 999	 1.882582e+03	 666.67	 666.67	 21.00	 23	 0.43	 
BFE_315	 1	 14	 1120.jpg	 1.883566e+03	 12	 999000	 120	 999000	 999	 1.884584e+03	 666.67	 666.67	 19.00	 20	 0.49	 
BFE_315	 1	 14	 2213.jpg	 1.886553e+03	 24	 999000	 240	 999000	 999	 1.887571e+03	 666.67	 666.67	 51.00	 34	 0.68	 
BFE_315	 1	 14	 2112.jpg	 1.888555e+03	 24	 999000	 240	 999000	 999	 1.889573e+03	 666.67	 666.67	 77.00	 12	 0.29	 
BFE_315	 1	 14	 2206.jpg	 1.890557e+03	 24	 999000	 240	 999000	 999	 1.891575e+03	 666.67	 666.67	 56.00	 27	 0.59	 
BFE_315	 1	 14	 1206.jpg	 1.892560e+03	 12	 999000	 120	 999000	 999	 1.893577e+03	 666.67	 666.67	 22.00	 27	 0.43	 
BFE_315	 1	 14	 1213.jpg	 1.894562e+03	 12	 999000	 120	 999000	 999	 1.895580e+03	 666.67	 666.67	 3.00	 34	 0.89	 
BFE_315	 1	 14	 2215.jpg	 1.900552e+03	 22	 1.017904e+03	 2200	 6.667011e+02	 98	 1.901570e+03	 666.67	 616.67	 50.00	 36	 0.74	 
BFE_315	 1	 14	 1115.jpg	 1.903555e+03	 12	 999000	 120	 999000	 999	 1.904573e+03	 666.67	 616.67	 14.00	 15	 0.60	 
BFE_315	 1	 14	 1214.jpg	 1.907560e+03	 11	 9.940997e+02	 110	 6.667012e+02	 98	 1.908578e+03	 683.33	 616.67	 18.00	 35	 0.52	 
