subjectID	 order	 runNum	 itemName	 onsetTime	 shuff_trialType	 RT	 respInTime	 AudioTime	 response	 fixationTime	 ladder1	 ladder2	 bidIndex	 itemNameIndex	 bidValue	 
BFE_303	 1	 19	 2217.jpg	 2.666319e+03	 24	 999000	 240	 999000	 999	 2.667337e+03	 750.00	 683.33	 57.00	 38	 0.55	 
BFE_303	 1	 19	 1102.jpg	 2.669322e+03	 12	 999000	 120	 999000	 999	 2.670340e+03	 750.00	 683.33	 38.00	 2	 0.19	 
BFE_303	 1	 19	 2109.jpg	 2.673310e+03	 22	 9.722190e+02	 220	 6.833750e+02	 98	 2.674328e+03	 750.00	 700.00	 47.00	 9	 0.69	 
BFE_303	 1	 19	 1215.jpg	 2.675312e+03	 12	 999000	 120	 999000	 999	 2.676330e+03	 750.00	 700.00	 37.00	 36	 0.24	 
BFE_303	 1	 19	 2208.jpg	 2.677317e+03	 24	 999000	 240	 999000	 999	 2.678332e+03	 750.00	 700.00	 54.00	 29	 0.62	 
BFE_303	 1	 19	 2116.jpg	 2.681319e+03	 24	 999000	 240	 999000	 999	 2.682337e+03	 750.00	 700.00	 59.00	 16	 0.53	 
BFE_303	 1	 19	 1101.jpg	 2.683321e+03	 12	 999000	 120	 999000	 999	 2.684339e+03	 750.00	 700.00	 19.00	 1	 0.48	 
BFE_303	 1	 19	 2120.jpg	 2.688310e+03	 24	 999000	 240	 999000	 999	 2.689328e+03	 750.00	 700.00	 78.00	 20	 0.20	 
BFE_303	 1	 19	 1218.jpg	 2.690312e+03	 12	 999000	 120	 999000	 999	 2.691330e+03	 750.00	 700.00	 9.00	 39	 0.69	 
BFE_303	 1	 19	 1211.jpg	 2.693316e+03	 11	 1.062410e+03	 1100	 7.500520e+02	 98	 2.694334e+03	 700.00	 700.00	 12.00	 32	 0.65	 
BFE_303	 1	 19	 1214.jpg	 2.696319e+03	 12	 999000	 120	 999000	 999	 2.697337e+03	 700.00	 700.00	 8.00	 35	 0.70	 
BFE_303	 1	 19	 1110.jpg	 2.700307e+03	 12	 999000	 120	 999000	 999	 2.701325e+03	 700.00	 700.00	 21.00	 10	 0.46	 
BFE_303	 1	 19	 1103.jpg	 2.703310e+03	 11	 9.159056e+02	 110	 7.000343e+02	 98	 2.704328e+03	 716.67	 700.00	 10.00	 3	 0.69	 
BFE_303	 1	 19	 2213.jpg	 2.705313e+03	 24	 999000	 240	 999000	 999	 2.706330e+03	 716.67	 700.00	 43.00	 34	 0.76	 
BFE_303	 1	 19	 1209.jpg	 2.708316e+03	 12	 999000	 120	 999000	 999	 2.709334e+03	 716.67	 700.00	 14.00	 30	 0.63	 
BFE_303	 1	 19	 1207.jpg	 2.712321e+03	 12	 999000	 120	 999000	 999	 2.713338e+03	 716.67	 700.00	 11.00	 28	 0.67	 
BFE_303	 1	 19	 1204.jpg	 2.715307e+03	 12	 999000	 120	 999000	 999	 2.716325e+03	 716.67	 700.00	 3.00	 25	 0.81	 
BFE_303	 1	 19	 1206.jpg	 2.717309e+03	 12	 999000	 120	 999000	 999	 2.718327e+03	 716.67	 700.00	 17.00	 27	 0.54	 
BFE_303	 1	 19	 1205.jpg	 2.719312e+03	 12	 999000	 120	 999000	 999	 2.720329e+03	 716.67	 700.00	 4.00	 26	 0.80	 
BFE_303	 1	 19	 2219.jpg	 2.724317e+03	 24	 999000	 240	 999000	 999	 2.725335e+03	 716.67	 700.00	 56.00	 40	 0.56	 
BFE_303	 1	 19	 2212.jpg	 2.728305e+03	 22	 1.065354e+03	 2200	 7.000309e+02	 98	 2.729323e+03	 716.67	 650.00	 53.00	 33	 0.62	 
BFE_303	 1	 19	 1217.jpg	 2.732310e+03	 11	 1.036685e+03	 1100	 7.167288e+02	 98	 2.733327e+03	 666.67	 650.00	 18.00	 38	 0.53	 
BFE_303	 1	 19	 1106.jpg	 2.738316e+03	 12	 999000	 120	 999000	 999	 2.739334e+03	 666.67	 650.00	 20.00	 6	 0.47	 
BFE_303	 1	 19	 2214.jpg	 2.740319e+03	 22	 9.157055e+02	 220	 6.500333e+02	 98	 2.741336e+03	 666.67	 666.67	 58.00	 35	 0.55	 
BFE_303	 1	 19	 2113.jpg	 2.742321e+03	 24	 999000	 240	 999000	 999	 2.743339e+03	 666.67	 666.67	 77.00	 13	 0.24	 
BFE_303	 1	 19	 2204.jpg	 2.744306e+03	 22	 9.118753e+02	 220	 6.667023e+02	 98	 2.745324e+03	 666.67	 683.33	 55.00	 25	 0.61	 
BFE_303	 1	 19	 1117.jpg	 2.746309e+03	 12	 999000	 120	 999000	 999	 2.747326e+03	 666.67	 683.33	 16.00	 17	 0.56	 
BFE_303	 1	 19	 1104.jpg	 2.750313e+03	 11	 8.811097e+02	 110	 6.666933e+02	 98	 2.751331e+03	 683.33	 683.33	 15.00	 4	 0.58	 
BFE_303	 1	 19	 2104.jpg	 2.752316e+03	 24	 999000	 240	 999000	 999	 2.753333e+03	 683.33	 683.33	 62.00	 4	 0.48	 
BFE_303	 1	 19	 2206.jpg	 2.756320e+03	 24	 999000	 240	 999000	 999	 2.757338e+03	 683.33	 683.33	 60.00	 27	 0.52	 
BFE_303	 1	 19	 2207.jpg	 2.758322e+03	 24	 999000	 240	 999000	 999	 2.759340e+03	 683.33	 683.33	 48.00	 28	 0.68	 
BFE_303	 1	 19	 2110.jpg	 2.760308e+03	 22	 9.985559e+02	 220	 6.833734e+02	 98	 2.761328e+03	 683.33	 700.00	 52.00	 10	 0.63	 
BFE_303	 1	 19	 1216.jpg	 2.762310e+03	 11	 9.722829e+02	 110	 6.833632e+02	 98	 2.763328e+03	 700.00	 700.00	 13.00	 37	 0.64	 
BFE_303	 1	 19	 1208.jpg	 2.767316e+03	 11	 9.747246e+02	 110	 7.000331e+02	 98	 2.768333e+03	 716.67	 700.00	 7.00	 29	 0.71	 
BFE_303	 1	 19	 2205.jpg	 2.769318e+03	 22	 9.244220e+02	 220	 7.000316e+02	 98	 2.770336e+03	 716.67	 716.67	 50.00	 26	 0.66	 
BFE_303	 1	 19	 1202.jpg	 2.771320e+03	 12	 999000	 120	 999000	 999	 2.772338e+03	 716.67	 716.67	 22.00	 23	 0.46	 
BFE_303	 1	 19	 2215.jpg	 2.774307e+03	 24	 999000	 240	 999000	 999	 2.775325e+03	 716.67	 716.67	 61.00	 36	 0.49	 
BFE_303	 1	 19	 2211.jpg	 2.781315e+03	 24	 999000	 240	 999000	 999	 2.782332e+03	 716.67	 716.67	 49.00	 32	 0.67	 
BFE_303	 1	 19	 2209.jpg	 2.785319e+03	 24	 999000	 240	 999000	 999	 2.786337e+03	 716.67	 716.67	 44.00	 30	 0.75	 
BFE_303	 1	 19	 2103.jpg	 2.792310e+03	 24	 999000	 240	 999000	 999	 2.793328e+03	 716.67	 716.67	 51.00	 3	 0.64	 
