subjectID	 order	 runNum	 itemName	 onsetTime	 shuff_trialType	 RT	 respInTime	 AudioTime	 response	 fixationTime	 ladder1	 ladder2	 bidIndex	 itemNameIndex	 bidValue	 
BFE_322	 2	 1	 2213.jpg	 1.318113e+00	 22	 1.019856e+03	 2200	 7.500541e+02	 98	 2.335560e+00	 750.00	 700.00	 51.00	 34	 0.70	 
BFE_322	 2	 1	 2211.jpg	 4.304238e+00	 22	 9.457312e+02	 220	 7.000322e+02	 98	 5.322295e+00	 750.00	 716.67	 48.00	 32	 0.75	 
BFE_322	 2	 1	 1211.jpg	 8.308931e+00	 11	 1.117036e+03	 1100	 7.500502e+02	 98	 9.326760e+00	 700.00	 716.67	 8.00	 32	 0.74	 
BFE_322	 2	 1	 2202.jpg	 1.031123e+01	 24	 999000	 240	 999000	 999	 1.132898e+01	 700.00	 716.67	 52.00	 23	 0.69	 
BFE_322	 2	 1	 2206.jpg	 1.231352e+01	 24	 999000	 240	 999000	 999	 1.333120e+01	 700.00	 716.67	 60.00	 27	 0.50	 
BFE_322	 2	 1	 2218.jpg	 1.631800e+01	 24	 999000	 240	 999000	 999	 1.733576e+01	 700.00	 716.67	 53.00	 39	 0.68	 
BFE_322	 2	 1	 1208.jpg	 1.830330e+01	 12	 999000	 120	 999000	 999	 1.932130e+01	 700.00	 716.67	 21.00	 29	 0.53	 
BFE_322	 2	 1	 2209.jpg	 2.330914e+01	 22	 9.408390e+02	 220	 7.166952e+02	 98	 2.432687e+01	 700.00	 733.33	 56.00	 30	 0.59	 
BFE_322	 2	 1	 1104.jpg	 2.531136e+01	 12	 999000	 120	 999000	 999	 2.632919e+01	 700.00	 733.33	 22.00	 4	 0.51	 
BFE_322	 2	 1	 2105.jpg	 2.831474e+01	 24	 999000	 240	 999000	 999	 2.933255e+01	 700.00	 733.33	 44.00	 5	 0.79	 
BFE_322	 2	 1	 1107.jpg	 3.131967e+01	 11	 8.982990e+02	 110	 7.000280e+02	 98	 3.233592e+01	 716.67	 733.33	 17.00	 7	 0.59	 
BFE_322	 2	 1	 1108.jpg	 3.530592e+01	 11	 9.120454e+02	 110	 7.167032e+02	 98	 3.632377e+01	 733.33	 733.33	 16.00	 8	 0.64	 
BFE_322	 2	 1	 1206.jpg	 3.830930e+01	 12	 999000	 120	 999000	 999	 3.932710e+01	 733.33	 733.33	 20.00	 27	 0.54	 
BFE_322	 2	 1	 1214.jpg	 4.031159e+01	 12	 999000	 120	 999000	 999	 4.132932e+01	 733.33	 733.33	 10.00	 35	 0.72	 
BFE_322	 2	 1	 2109.jpg	 4.331499e+01	 24	 999000	 240	 999000	 999	 4.433271e+01	 733.33	 733.33	 55.00	 9	 0.64	 
BFE_322	 2	 1	 1102.jpg	 4.731945e+01	 12	 999000	 120	 999000	 999	 4.833720e+01	 733.33	 733.33	 19.00	 2	 0.55	 
BFE_322	 2	 1	 2208.jpg	 5.030613e+01	 24	 999000	 240	 999000	 999	 5.132390e+01	 733.33	 733.33	 61.00	 29	 0.49	 
BFE_322	 2	 1	 1216.jpg	 5.230844e+01	 12	 999000	 120	 999000	 999	 5.332610e+01	 733.33	 733.33	 7.00	 37	 0.74	 
BFE_322	 2	 1	 1219.jpg	 5.431059e+01	 12	 999000	 120	 999000	 999	 5.532839e+01	 733.33	 733.33	 4.00	 40	 0.76	 
BFE_322	 2	 1	 2214.jpg	 5.931622e+01	 24	 999000	 240	 999000	 999	 6.033406e+01	 733.33	 733.33	 43.00	 35	 0.81	 
BFE_322	 2	 1	 1103.jpg	 6.330379e+01	 12	 999000	 120	 999000	 999	 6.432190e+01	 733.33	 733.33	 3.00	 3	 0.76	 
BFE_322	 2	 1	 2102.jpg	 6.730855e+01	 22	 9.574179e+02	 220	 7.333648e+02	 98	 6.832631e+01	 733.33	 750.00	 57.00	 2	 0.59	 
BFE_322	 2	 1	 1101.jpg	 7.331515e+01	 12	 999000	 120	 999000	 999	 7.433305e+01	 733.33	 750.00	 18.00	 1	 0.58	 
BFE_322	 2	 1	 2203.jpg	 7.531761e+01	 24	 999000	 240	 999000	 999	 7.633536e+01	 733.33	 750.00	 62.00	 24	 0.48	 
BFE_322	 2	 1	 1105.jpg	 7.730315e+01	 11	 9.548446e+02	 110	 7.333612e+02	 98	 7.832092e+01	 750.00	 750.00	 9.00	 5	 0.73	 
BFE_322	 2	 1	 1218.jpg	 7.930537e+01	 12	 999000	 120	 999000	 999	 8.032316e+01	 750.00	 750.00	 12.00	 39	 0.71	 
BFE_322	 2	 1	 2204.jpg	 8.130775e+01	 24	 999000	 240	 999000	 999	 8.232543e+01	 750.00	 750.00	 59.00	 25	 0.52	 
BFE_322	 2	 1	 1110.jpg	 8.531215e+01	 11	 9.618192e+02	 110	 7.500278e+02	 98	 8.632997e+01	 766.67	 750.00	 14.00	 10	 0.66	 
BFE_322	 2	 1	 1120.jpg	 8.731435e+01	 12	 999000	 120	 999000	 999	 8.833217e+01	 766.67	 750.00	 38.00	 20	 0.12	 
BFE_322	 2	 1	 2110.jpg	 9.131892e+01	 22	 9.710418e+02	 220	 7.500366e+02	 98	 9.233666e+01	 766.67	 766.67	 49.00	 10	 0.73	 
BFE_322	 2	 1	 1115.jpg	 9.330444e+01	 12	 999000	 120	 999000	 999	 9.432222e+01	 766.67	 766.67	 13.00	 15	 0.66	 
BFE_322	 2	 1	 2112.jpg	 9.530662e+01	 24	 999000	 240	 999000	 999	 9.632446e+01	 766.67	 766.67	 47.00	 12	 0.76	 
BFE_322	 2	 1	 2108.jpg	 9.730898e+01	 24	 999000	 240	 999000	 999	 9.832672e+01	 766.67	 766.67	 77.00	 8	 0.18	 
BFE_322	 2	 1	 2114.jpg	 1.023145e+02	 24	 999000	 240	 999000	 999	 1.033323e+02	 766.67	 766.67	 50.00	 14	 0.72	 
BFE_322	 2	 1	 2101.jpg	 1.043167e+02	 24	 999000	 240	 999000	 999	 1.053346e+02	 766.67	 766.67	 78.00	 1	 0.17	 
BFE_322	 2	 1	 1113.jpg	 1.063021e+02	 11	 9.878453e+02	 110	 7.667063e+02	 98	 1.073201e+02	 783.33	 766.67	 11.00	 13	 0.71	 
BFE_322	 2	 1	 1209.jpg	 1.093057e+02	 12	 999000	 120	 999000	 999	 1.103235e+02	 783.33	 766.67	 15.00	 30	 0.64	 
BFE_322	 2	 1	 2117.jpg	 1.163135e+02	 24	 999000	 240	 999000	 999	 1.173313e+02	 783.33	 766.67	 58.00	 17	 0.57	 
BFE_322	 2	 1	 1212.jpg	 1.203181e+02	 12	 999000	 120	 999000	 999	 1.213359e+02	 783.33	 766.67	 37.00	 33	 0.16	 
BFE_322	 2	 1	 2115.jpg	 1.273093e+02	 22	 1.020703e+03	 2200	 7.667013e+02	 98	 1.283271e+02	 783.33	 716.67	 54.00	 15	 0.67	 
