subjectID	 order	 runNum	 itemName	 onsetTime	 shuff_trialType	 RT	 respInTime	 AudioTime	 response	 fixationTime	 ladder1	 ladder2	 bidIndex	 itemNameIndex	 bidValue	 
BFE_312	 2	 10	 1203.jpg	 1.191177e+03	 12	 999000	 120	 999000	 999	 1.192195e+03	 650.00	 716.67	 18.00	 24	 0.59	 
BFE_312	 2	 10	 2204.jpg	 1.193163e+03	 24	 999000	 240	 999000	 999	 1.194181e+03	 650.00	 716.67	 52.00	 25	 0.67	 
BFE_312	 2	 10	 1101.jpg	 1.197167e+03	 12	 999000	 120	 999000	 999	 1.198185e+03	 650.00	 716.67	 38.00	 1	 0.21	 
BFE_312	 2	 10	 2110.jpg	 1.200171e+03	 24	 999000	 240	 999000	 999	 1.201189e+03	 650.00	 716.67	 47.00	 10	 0.75	 
BFE_312	 2	 10	 2114.jpg	 1.202173e+03	 24	 999000	 240	 999000	 999	 1.203191e+03	 650.00	 716.67	 77.00	 14	 0.20	 
BFE_312	 2	 10	 2206.jpg	 1.205160e+03	 24	 999000	 240	 999000	 999	 1.206178e+03	 650.00	 716.67	 58.00	 27	 0.58	 
BFE_312	 2	 10	 1209.jpg	 1.209164e+03	 12	 999000	 120	 999000	 999	 1.210182e+03	 650.00	 716.67	 10.00	 30	 0.71	 
BFE_312	 2	 10	 1212.jpg	 1.213169e+03	 12	 999000	 120	 999000	 999	 1.214186e+03	 650.00	 716.67	 20.00	 33	 0.55	 
BFE_312	 2	 10	 1121.jpg	 1.215171e+03	 12	 999000	 120	 999000	 999	 1.216189e+03	 650.00	 716.67	 13.00	 21	 0.64	 
BFE_312	 2	 10	 1202.jpg	 1.220160e+03	 11	 8.985829e+02	 110	 6.500490e+02	 98	 1.221178e+03	 666.67	 716.67	 16.00	 23	 0.62	 
BFE_312	 2	 10	 1113.jpg	 1.222162e+03	 12	 999000	 120	 999000	 999	 1.223180e+03	 666.67	 716.67	 12.00	 13	 0.65	 
BFE_312	 2	 10	 2207.jpg	 1.224164e+03	 24	 999000	 240	 999000	 999	 1.225182e+03	 666.67	 716.67	 50.00	 28	 0.70	 
BFE_312	 2	 10	 2205.jpg	 1.230171e+03	 22	 1.143369e+03	 2200	 7.167444e+02	 98	 1.231189e+03	 666.67	 666.67	 51.00	 26	 0.68	 
BFE_312	 2	 10	 2213.jpg	 1.232173e+03	 24	 999000	 240	 999000	 999	 1.233191e+03	 666.67	 666.67	 43.00	 34	 0.80	 
BFE_312	 2	 10	 1214.jpg	 1.234159e+03	 12	 999000	 120	 999000	 999	 1.235177e+03	 666.67	 666.67	 7.00	 35	 0.76	 
BFE_312	 2	 10	 1120.jpg	 1.236161e+03	 12	 999000	 120	 999000	 999	 1.237179e+03	 666.67	 666.67	 37.00	 20	 0.22	 
BFE_312	 2	 10	 2118.jpg	 1.240166e+03	 24	 999000	 240	 999000	 999	 1.241183e+03	 666.67	 666.67	 59.00	 18	 0.55	 
BFE_312	 2	 10	 1103.jpg	 1.244170e+03	 11	 9.203656e+02	 110	 6.666988e+02	 98	 1.245188e+03	 683.33	 666.67	 8.00	 3	 0.75	 
BFE_312	 2	 10	 1218.jpg	 1.247157e+03	 12	 999000	 120	 999000	 999	 1.248174e+03	 683.33	 666.67	 3.00	 39	 0.79	 
BFE_312	 2	 10	 2215.jpg	 1.251161e+03	 22	 9.612276e+02	 220	 6.667132e+02	 98	 1.252179e+03	 683.33	 683.33	 49.00	 36	 0.73	 
BFE_312	 2	 10	 1204.jpg	 1.254165e+03	 11	 9.898146e+02	 110	 6.833799e+02	 98	 1.255182e+03	 700.00	 683.33	 11.00	 25	 0.69	 
BFE_312	 2	 10	 1110.jpg	 1.256167e+03	 12	 999000	 120	 999000	 999	 1.257185e+03	 700.00	 683.33	 19.00	 10	 0.57	 
BFE_312	 2	 10	 2106.jpg	 1.260171e+03	 24	 999000	 240	 999000	 999	 1.261189e+03	 700.00	 683.33	 55.00	 6	 0.59	 
BFE_312	 2	 10	 2211.jpg	 1.262157e+03	 24	 999000	 240	 999000	 999	 1.263175e+03	 700.00	 683.33	 44.00	 32	 0.80	 
BFE_312	 2	 10	 2121.jpg	 1.264159e+03	 24	 999000	 240	 999000	 999	 1.265177e+03	 700.00	 683.33	 53.00	 21	 0.62	 
BFE_312	 2	 10	 1206.jpg	 1.268164e+03	 12	 999000	 120	 999000	 999	 1.269181e+03	 700.00	 683.33	 15.00	 27	 0.63	 
BFE_312	 2	 10	 1210.jpg	 1.270166e+03	 12	 999000	 120	 999000	 999	 1.271184e+03	 700.00	 683.33	 22.00	 31	 0.47	 
BFE_312	 2	 10	 2113.jpg	 1.274170e+03	 24	 999000	 240	 999000	 999	 1.275188e+03	 700.00	 683.33	 60.00	 13	 0.54	 
BFE_312	 2	 10	 1215.jpg	 1.278158e+03	 11	 9.882382e+02	 110	 7.000289e+02	 98	 1.279176e+03	 716.67	 683.33	 17.00	 36	 0.61	 
BFE_312	 2	 10	 1219.jpg	 1.281162e+03	 12	 999000	 120	 999000	 999	 1.282179e+03	 716.67	 683.33	 4.00	 40	 0.78	 
BFE_312	 2	 10	 2202.jpg	 1.287168e+03	 22	 8.821090e+02	 220	 6.833676e+02	 98	 1.288186e+03	 716.67	 700.00	 57.00	 23	 0.58	 
BFE_312	 2	 10	 1211.jpg	 1.289171e+03	 11	 9.278857e+02	 110	 7.166965e+02	 98	 1.290188e+03	 733.33	 700.00	 14.00	 32	 0.63	 
BFE_312	 2	 10	 1205.jpg	 1.293158e+03	 11	 1.180098e+03	 1100	 7.333606e+02	 98	 1.294176e+03	 683.33	 700.00	 9.00	 26	 0.74	 
BFE_312	 2	 10	 2103.jpg	 1.295161e+03	 24	 999000	 240	 999000	 999	 1.296178e+03	 683.33	 700.00	 62.00	 3	 0.51	 
BFE_312	 2	 10	 1207.jpg	 1.297163e+03	 12	 999000	 120	 999000	 999	 1.298181e+03	 683.33	 700.00	 21.00	 28	 0.52	 
BFE_312	 2	 10	 2219.jpg	 1.299165e+03	 24	 999000	 240	 999000	 999	 1.300183e+03	 683.33	 700.00	 61.00	 40	 0.53	 
BFE_312	 2	 10	 2218.jpg	 1.304171e+03	 22	 9.676792e+02	 220	 7.000261e+02	 98	 1.305188e+03	 683.33	 716.67	 48.00	 39	 0.74	 
BFE_312	 2	 10	 2116.jpg	 1.306173e+03	 24	 999000	 240	 999000	 999	 1.307191e+03	 683.33	 716.67	 78.00	 16	 0.19	 
BFE_312	 2	 10	 2208.jpg	 1.308159e+03	 22	 9.559078e+02	 220	 7.167013e+02	 98	 1.309176e+03	 683.33	 733.33	 56.00	 29	 0.58	 
BFE_312	 2	 10	 2203.jpg	 1.311162e+03	 22	 9.525444e+02	 220	 7.333646e+02	 98	 1.312180e+03	 683.33	 750.00	 54.00	 24	 0.59	 
