subjectID	 order	 runNum	 itemName	 onsetTime	 shuff_trialType	 RT	 respInTime	 AudioTime	 response	 fixationTime	 ladder1	 ladder2	 bidIndex	 itemNameIndex	 bidValue	 
BFE_311	 1	 10	 1101.jpg	 1.276779e+03	 11	 8.792336e+02	 110	 6.500543e+02	 98	 1.277797e+03	 666.67	 650.00	 12.00	 1	 0.63	 
BFE_311	 1	 10	 2111.jpg	 1.279765e+03	 24	 999000	 240	 999000	 999	 1.280783e+03	 666.67	 650.00	 61.00	 11	 0.44	 
BFE_311	 1	 10	 1105.jpg	 1.283770e+03	 11	 9.040818e+02	 110	 6.667001e+02	 98	 1.284788e+03	 683.33	 650.00	 10.00	 5	 0.65	 
BFE_311	 1	 10	 1209.jpg	 1.285772e+03	 12	 999000	 120	 999000	 999	 1.286790e+03	 683.33	 650.00	 38.00	 30	 0.22	 
BFE_311	 1	 10	 1102.jpg	 1.287774e+03	 12	 999000	 120	 999000	 999	 1.288792e+03	 683.33	 650.00	 17.00	 2	 0.54	 
BFE_311	 1	 10	 1104.jpg	 1.291762e+03	 12	 999000	 120	 999000	 999	 1.292780e+03	 683.33	 650.00	 21.00	 4	 0.51	 
BFE_311	 1	 10	 1214.jpg	 1.293764e+03	 12	 999000	 120	 999000	 999	 1.294782e+03	 683.33	 650.00	 3.00	 35	 0.79	 
BFE_311	 1	 10	 1213.jpg	 1.298770e+03	 12	 999000	 120	 999000	 999	 1.299788e+03	 683.33	 650.00	 11.00	 34	 0.64	 
BFE_311	 1	 10	 2106.jpg	 1.300772e+03	 24	 999000	 240	 999000	 999	 1.301790e+03	 683.33	 650.00	 59.00	 6	 0.45	 
BFE_311	 1	 10	 1211.jpg	 1.303759e+03	 11	 9.232376e+02	 110	 6.833624e+02	 98	 1.304777e+03	 700.00	 650.00	 13.00	 32	 0.61	 
BFE_311	 1	 10	 2218.jpg	 1.306762e+03	 24	 999000	 240	 999000	 999	 1.307780e+03	 700.00	 650.00	 43.00	 39	 0.82	 
BFE_311	 1	 10	 2202.jpg	 1.310767e+03	 24	 999000	 240	 999000	 999	 1.311784e+03	 700.00	 650.00	 54.00	 23	 0.57	 
BFE_311	 1	 10	 2112.jpg	 1.313770e+03	 24	 999000	 240	 999000	 999	 1.314788e+03	 700.00	 650.00	 56.00	 12	 0.53	 
BFE_311	 1	 10	 2102.jpg	 1.315772e+03	 22	 1.173507e+03	 2200	 6.500471e+02	 98	 1.316790e+03	 700.00	 600.00	 52.00	 2	 0.64	 
BFE_311	 1	 10	 2210.jpg	 1.318759e+03	 22	 8.830709e+02	 220	 6.000304e+02	 98	 1.319777e+03	 700.00	 616.67	 47.00	 31	 0.74	 
BFE_311	 1	 10	 1106.jpg	 1.322764e+03	 11	 1.006322e+03	 1100	 7.000407e+02	 98	 1.323784e+03	 650.00	 616.67	 7.00	 6	 0.67	 
BFE_311	 1	 10	 2119.jpg	 1.325767e+03	 22	 8.590024e+02	 220	 6.167029e+02	 98	 1.326785e+03	 650.00	 633.33	 58.00	 19	 0.46	 
BFE_311	 1	 10	 1107.jpg	 1.327769e+03	 12	 999000	 120	 999000	 999	 1.328787e+03	 650.00	 633.33	 16.00	 7	 0.56	 
BFE_311	 1	 10	 1116.jpg	 1.329771e+03	 12	 999000	 120	 999000	 999	 1.330789e+03	 650.00	 633.33	 22.00	 16	 0.51	 
BFE_311	 1	 10	 2103.jpg	 1.334760e+03	 22	 8.336043e+02	 220	 6.333641e+02	 98	 1.335778e+03	 650.00	 650.00	 53.00	 3	 0.60	 
BFE_311	 1	 10	 1205.jpg	 1.338765e+03	 12	 999000	 120	 999000	 999	 1.339783e+03	 650.00	 650.00	 8.00	 26	 0.66	 
BFE_311	 1	 10	 2109.jpg	 1.342769e+03	 24	 999000	 240	 999000	 999	 1.343787e+03	 650.00	 650.00	 44.00	 9	 0.79	 
BFE_311	 1	 10	 2105.jpg	 1.348759e+03	 24	 999000	 240	 999000	 999	 1.349777e+03	 650.00	 650.00	 62.00	 5	 0.43	 
BFE_311	 1	 10	 1210.jpg	 1.350762e+03	 12	 999000	 120	 999000	 999	 1.351779e+03	 650.00	 650.00	 9.00	 31	 0.65	 
BFE_311	 1	 10	 1117.jpg	 1.352764e+03	 12	 999000	 120	 999000	 999	 1.353782e+03	 650.00	 650.00	 19.00	 17	 0.51	 
BFE_311	 1	 10	 1109.jpg	 1.354766e+03	 12	 999000	 120	 999000	 999	 1.355784e+03	 650.00	 650.00	 20.00	 9	 0.51	 
BFE_311	 1	 10	 2204.jpg	 1.356768e+03	 24	 999000	 240	 999000	 999	 1.357786e+03	 650.00	 650.00	 78.00	 25	 0.20	 
BFE_311	 1	 10	 2115.jpg	 1.360773e+03	 24	 999000	 240	 999000	 999	 1.361791e+03	 650.00	 650.00	 51.00	 15	 0.67	 
BFE_311	 1	 10	 2219.jpg	 1.362775e+03	 22	 8.908620e+02	 220	 6.500297e+02	 98	 1.363793e+03	 650.00	 666.67	 55.00	 40	 0.56	 
BFE_311	 1	 10	 1120.jpg	 1.366763e+03	 12	 999000	 120	 999000	 999	 1.367781e+03	 650.00	 666.67	 37.00	 20	 0.24	 
BFE_311	 1	 10	 1114.jpg	 1.368765e+03	 12	 999000	 120	 999000	 999	 1.369783e+03	 650.00	 666.67	 14.00	 14	 0.58	 
BFE_311	 1	 10	 2107.jpg	 1.370767e+03	 24	 999000	 240	 999000	 999	 1.371785e+03	 650.00	 666.67	 49.00	 7	 0.70	 
BFE_311	 1	 10	 2121.jpg	 1.372770e+03	 24	 999000	 240	 999000	 999	 1.373787e+03	 650.00	 666.67	 48.00	 21	 0.72	 
BFE_311	 1	 10	 1111.jpg	 1.377775e+03	 11	 8.747589e+02	 110	 6.500330e+02	 98	 1.378793e+03	 666.67	 666.67	 18.00	 11	 0.53	 
BFE_311	 1	 10	 2206.jpg	 1.379761e+03	 24	 999000	 240	 999000	 999	 1.380778e+03	 666.67	 666.67	 77.00	 27	 0.25	 
BFE_311	 1	 10	 2216.jpg	 1.381763e+03	 24	 999000	 240	 999000	 999	 1.382781e+03	 666.67	 666.67	 57.00	 37	 0.47	 
BFE_311	 1	 10	 2214.jpg	 1.384766e+03	 22	 9.555155e+02	 220	 6.666973e+02	 98	 1.385784e+03	 666.67	 683.33	 50.00	 35	 0.68	 
BFE_311	 1	 10	 2117.jpg	 1.391774e+03	 24	 999000	 240	 999000	 999	 1.392792e+03	 666.67	 683.33	 60.00	 17	 0.45	 
BFE_311	 1	 10	 1218.jpg	 1.395762e+03	 12	 999000	 120	 999000	 999	 1.396780e+03	 666.67	 683.33	 4.00	 39	 0.73	 
BFE_311	 1	 10	 1219.jpg	 1.402770e+03	 11	 8.799316e+02	 110	 6.666928e+02	 98	 1.403788e+03	 683.33	 683.33	 15.00	 40	 0.56	 
