subjectID	 order	 runNum	 itemName	 onsetTime	 shuff_trialType	 RT	 respInTime	 AudioTime	 response	 fixationTime	 ladder1	 ladder2	 bidIndex	 itemNameIndex	 bidValue	 
BFE_333	 1	 6	 1113.jpg	 6.755070e+02	 12	 999000	 120	 999000	 999	 6.765248e+02	 650.00	 650.00	 21.00	 13	 0.54	 
BFE_333	 1	 6	 2101.jpg	 6.784937e+02	 22	 9.887701e+02	 220	 6.500525e+02	 98	 6.795114e+02	 650.00	 666.67	 52.00	 1	 0.62	 
BFE_333	 1	 6	 1204.jpg	 6.804960e+02	 12	 999000	 120	 999000	 999	 6.815137e+02	 650.00	 666.67	 3.00	 25	 0.84	 
BFE_333	 1	 6	 2217.jpg	 6.824981e+02	 24	 999000	 240	 999000	 999	 6.835160e+02	 650.00	 666.67	 44.00	 38	 0.82	 
BFE_333	 1	 6	 1210.jpg	 6.845004e+02	 12	 999000	 120	 999000	 999	 6.855181e+02	 650.00	 666.67	 16.00	 31	 0.58	 
BFE_333	 1	 6	 1206.jpg	 6.874868e+02	 12	 999000	 120	 999000	 999	 6.885050e+02	 650.00	 666.67	 8.00	 27	 0.67	 
BFE_333	 1	 6	 1203.jpg	 6.894893e+02	 12	 999000	 120	 999000	 999	 6.905071e+02	 650.00	 666.67	 19.00	 24	 0.57	 
BFE_333	 1	 6	 1216.jpg	 6.934939e+02	 12	 999000	 120	 999000	 999	 6.945116e+02	 650.00	 666.67	 9.00	 37	 0.66	 
BFE_333	 1	 6	 1121.jpg	 6.954962e+02	 12	 999000	 120	 999000	 999	 6.965139e+02	 650.00	 666.67	 14.00	 21	 0.61	 
BFE_333	 1	 6	 2201.jpg	 7.005018e+02	 22	 1.044714e+03	 2200	 6.666945e+02	 98	 7.015195e+02	 650.00	 616.67	 55.00	 22	 0.58	 
BFE_333	 1	 6	 2111.jpg	 7.024870e+02	 22	 9.074962e+02	 220	 6.167223e+02	 98	 7.035051e+02	 650.00	 633.33	 47.00	 11	 0.77	 
BFE_333	 1	 6	 2103.jpg	 7.064917e+02	 24	 999000	 240	 999000	 999	 7.075095e+02	 650.00	 633.33	 49.00	 3	 0.70	 
BFE_333	 1	 6	 1109.jpg	 7.084940e+02	 11	 9.324615e+02	 110	 6.500588e+02	 98	 7.095118e+02	 666.67	 633.33	 12.00	 9	 0.63	 
BFE_333	 1	 6	 1105.jpg	 7.114973e+02	 12	 999000	 120	 999000	 999	 7.125151e+02	 666.67	 633.33	 20.00	 5	 0.54	 
BFE_333	 1	 6	 1205.jpg	 7.165030e+02	 11	 9.714499e+02	 110	 6.666958e+02	 98	 7.175208e+02	 683.33	 633.33	 18.00	 26	 0.57	 
BFE_333	 1	 6	 2115.jpg	 7.184885e+02	 22	 1.329931e+03	 2200	 6.333603e+02	 98	 7.195065e+02	 683.33	 583.33	 53.00	 15	 0.60	 
BFE_333	 1	 6	 2216.jpg	 7.204909e+02	 24	 999000	 240	 999000	 999	 7.215087e+02	 683.33	 583.33	 57.00	 37	 0.57	 
BFE_333	 1	 6	 1118.jpg	 7.244955e+02	 12	 999000	 120	 999000	 999	 7.255131e+02	 683.33	 583.33	 22.00	 18	 0.48	 
BFE_333	 1	 6	 2121.jpg	 7.284998e+02	 24	 999000	 240	 999000	 999	 7.295178e+02	 683.33	 583.33	 48.00	 21	 0.71	 
BFE_333	 1	 6	 1219.jpg	 7.324874e+02	 11	 1.043128e+03	 1100	 6.833813e+02	 98	 7.335054e+02	 633.33	 583.33	 7.00	 40	 0.67	 
BFE_333	 1	 6	 1209.jpg	 7.344899e+02	 12	 999000	 120	 999000	 999	 7.355078e+02	 633.33	 583.33	 11.00	 30	 0.63	 
BFE_333	 1	 6	 1103.jpg	 7.364922e+02	 12	 999000	 120	 999000	 999	 7.375100e+02	 633.33	 583.33	 4.00	 3	 0.84	 
BFE_333	 1	 6	 2203.jpg	 7.384943e+02	 24	 999000	 240	 999000	 999	 7.395122e+02	 633.33	 583.33	 62.00	 24	 0.48	 
BFE_333	 1	 6	 1116.jpg	 7.404966e+02	 12	 999000	 120	 999000	 999	 7.415144e+02	 633.33	 583.33	 37.00	 16	 0.22	 
BFE_333	 1	 6	 1106.jpg	 7.465034e+02	 11	 9.070402e+02	 110	 6.333705e+02	 98	 7.475212e+02	 650.00	 583.33	 13.00	 6	 0.63	 
BFE_333	 1	 6	 2205.jpg	 7.494900e+02	 24	 999000	 240	 999000	 999	 7.505078e+02	 650.00	 583.33	 56.00	 26	 0.58	 
BFE_333	 1	 6	 2114.jpg	 7.514923e+02	 24	 999000	 240	 999000	 999	 7.525101e+02	 650.00	 583.33	 54.00	 14	 0.60	 
BFE_333	 1	 6	 1217.jpg	 7.534946e+02	 11	 9.078897e+02	 110	 6.500403e+02	 98	 7.545123e+02	 666.67	 583.33	 10.00	 38	 0.65	 
BFE_333	 1	 6	 2206.jpg	 7.564979e+02	 22	 9.045200e+02	 220	 5.834136e+02	 98	 7.575157e+02	 666.67	 600.00	 50.00	 27	 0.68	 
BFE_333	 1	 6	 2113.jpg	 7.585004e+02	 24	 999000	 240	 999000	 999	 7.595180e+02	 666.67	 600.00	 51.00	 13	 0.64	 
BFE_333	 1	 6	 2211.jpg	 7.605024e+02	 24	 999000	 240	 999000	 999	 7.615202e+02	 666.67	 600.00	 43.00	 32	 0.86	 
BFE_333	 1	 6	 1213.jpg	 7.624878e+02	 12	 999000	 120	 999000	 999	 7.635058e+02	 666.67	 600.00	 17.00	 34	 0.58	 
BFE_333	 1	 6	 2214.jpg	 7.654914e+02	 24	 999000	 240	 999000	 999	 7.665092e+02	 666.67	 600.00	 60.00	 35	 0.54	 
BFE_333	 1	 6	 2106.jpg	 7.674936e+02	 24	 999000	 240	 999000	 999	 7.685114e+02	 666.67	 600.00	 61.00	 6	 0.53	 
BFE_333	 1	 6	 2218.jpg	 7.694959e+02	 24	 999000	 240	 999000	 999	 7.705136e+02	 666.67	 600.00	 59.00	 39	 0.56	 
BFE_333	 1	 6	 1214.jpg	 7.714981e+02	 11	 9.843926e+02	 110	 6.666992e+02	 98	 7.725159e+02	 683.33	 600.00	 15.00	 35	 0.59	 
BFE_333	 1	 6	 2112.jpg	 7.735004e+02	 24	 999000	 240	 999000	 999	 7.745182e+02	 683.33	 600.00	 78.00	 12	 0.24	 
BFE_333	 1	 6	 1104.jpg	 7.794904e+02	 12	 999000	 120	 999000	 999	 7.805082e+02	 683.33	 600.00	 38.00	 4	 0.19	 
BFE_333	 1	 6	 2117.jpg	 7.824938e+02	 24	 999000	 240	 999000	 999	 7.835116e+02	 683.33	 600.00	 77.00	 17	 0.26	 
BFE_333	 1	 6	 2116.jpg	 7.864982e+02	 22	 9.922519e+02	 220	 6.000370e+02	 98	 7.875161e+02	 683.33	 616.67	 58.00	 16	 0.57	 
