subjectID	 order	 runNum	 itemName	 onsetTime	 shuff_trialType	 RT	 respInTime	 AudioTime	 response	 fixationTime	 ladder1	 ladder2	 bidIndex	 itemNameIndex	 bidValue	 
BFE_301	 1	 12	 2209.jpg	 1.384034e+03	 24	 999000	 240	 999000	 999	 1.385052e+03	 716.67	 716.67	 43.00	 30	 0.79	 
BFE_301	 1	 12	 2202.jpg	 1.387021e+03	 24	 999000	 240	 999000	 999	 1.388039e+03	 716.67	 716.67	 61.00	 23	 0.51	 
BFE_301	 1	 12	 1219.jpg	 1.389024e+03	 11	 1.033912e+03	 1100	 7.167135e+02	 98	 1.390041e+03	 666.67	 716.67	 7.00	 40	 0.69	 
BFE_301	 1	 12	 1114.jpg	 1.391026e+03	 12	 999000	 120	 999000	 999	 1.392044e+03	 666.67	 716.67	 22.00	 14	 0.46	 
BFE_301	 1	 12	 2212.jpg	 1.393028e+03	 24	 999000	 240	 999000	 999	 1.394046e+03	 666.67	 716.67	 56.00	 33	 0.62	 
BFE_301	 1	 12	 1121.jpg	 1.396032e+03	 11	 9.061130e+02	 110	 6.667015e+02	 98	 1.397049e+03	 683.33	 716.67	 10.00	 21	 0.67	 
BFE_301	 1	 12	 1211.jpg	 1.398017e+03	 12	 999000	 120	 999000	 999	 1.399035e+03	 683.33	 716.67	 16.00	 32	 0.53	 
BFE_301	 1	 12	 2208.jpg	 1.402022e+03	 22	 9.480393e+02	 220	 7.167110e+02	 98	 1.403039e+03	 683.33	 733.33	 58.00	 29	 0.55	 
BFE_301	 1	 12	 1113.jpg	 1.404024e+03	 12	 999000	 120	 999000	 999	 1.405042e+03	 683.33	 733.33	 17.00	 13	 0.50	 
BFE_301	 1	 12	 1218.jpg	 1.409029e+03	 11	 9.642181e+02	 110	 6.833735e+02	 98	 1.410047e+03	 700.00	 733.33	 15.00	 39	 0.53	 
BFE_301	 1	 12	 1115.jpg	 1.411032e+03	 12	 999000	 120	 999000	 999	 1.412049e+03	 700.00	 733.33	 19.00	 15	 0.49	 
BFE_301	 1	 12	 2101.jpg	 1.415019e+03	 22	 1.014219e+03	 2200	 7.333678e+02	 98	 1.416039e+03	 700.00	 683.33	 52.00	 1	 0.65	 
BFE_301	 1	 12	 2117.jpg	 1.417022e+03	 24	 999000	 240	 999000	 999	 1.418040e+03	 700.00	 683.33	 77.00	 17	 0.19	 
BFE_301	 1	 12	 1117.jpg	 1.420025e+03	 12	 999000	 120	 999000	 999	 1.421043e+03	 700.00	 683.33	 21.00	 17	 0.47	 
BFE_301	 1	 12	 1210.jpg	 1.425031e+03	 12	 999000	 120	 999000	 999	 1.426049e+03	 700.00	 683.33	 20.00	 31	 0.49	 
BFE_301	 1	 12	 1120.jpg	 1.427033e+03	 12	 999000	 120	 999000	 999	 1.428051e+03	 700.00	 683.33	 8.00	 20	 0.68	 
BFE_301	 1	 12	 2205.jpg	 1.429019e+03	 22	 9.511319e+02	 220	 6.833613e+02	 98	 1.430036e+03	 700.00	 700.00	 53.00	 26	 0.64	 
BFE_301	 1	 12	 2113.jpg	 1.433023e+03	 24	 999000	 240	 999000	 999	 1.434041e+03	 700.00	 700.00	 78.00	 13	 0.16	 
BFE_301	 1	 12	 1206.jpg	 1.437027e+03	 12	 999000	 120	 999000	 999	 1.438045e+03	 700.00	 700.00	 9.00	 27	 0.68	 
BFE_301	 1	 12	 2206.jpg	 1.441032e+03	 24	 999000	 240	 999000	 999	 1.442050e+03	 700.00	 700.00	 59.00	 27	 0.54	 
BFE_301	 1	 12	 1217.jpg	 1.443017e+03	 12	 999000	 120	 999000	 999	 1.444035e+03	 700.00	 700.00	 3.00	 38	 0.75	 
BFE_301	 1	 12	 2109.jpg	 1.445020e+03	 24	 999000	 240	 999000	 999	 1.446038e+03	 700.00	 700.00	 48.00	 9	 0.68	 
BFE_301	 1	 12	 1102.jpg	 1.447022e+03	 12	 999000	 120	 999000	 999	 1.448040e+03	 700.00	 700.00	 37.00	 2	 0.29	 
BFE_301	 1	 12	 2111.jpg	 1.449024e+03	 24	 999000	 240	 999000	 999	 1.450042e+03	 700.00	 700.00	 60.00	 11	 0.51	 
BFE_301	 1	 12	 1204.jpg	 1.455031e+03	 12	 999000	 120	 999000	 999	 1.456049e+03	 700.00	 700.00	 14.00	 25	 0.53	 
BFE_301	 1	 12	 2207.jpg	 1.458018e+03	 24	 999000	 240	 999000	 999	 1.459035e+03	 700.00	 700.00	 51.00	 28	 0.65	 
BFE_301	 1	 12	 1111.jpg	 1.460020e+03	 12	 999000	 120	 999000	 999	 1.461038e+03	 700.00	 700.00	 11.00	 11	 0.56	 
BFE_301	 1	 12	 1107.jpg	 1.462022e+03	 12	 999000	 120	 999000	 999	 1.463040e+03	 700.00	 700.00	 38.00	 7	 0.28	 
BFE_301	 1	 12	 2213.jpg	 1.465026e+03	 22	 8.960372e+02	 220	 7.000265e+02	 98	 1.466043e+03	 700.00	 716.67	 50.00	 34	 0.66	 
BFE_301	 1	 12	 1205.jpg	 1.467028e+03	 11	 1.077814e+03	 1100	 7.000340e+02	 98	 1.468046e+03	 650.00	 716.67	 12.00	 26	 0.55	 
BFE_301	 1	 12	 1110.jpg	 1.469030e+03	 11	 8.834883e+02	 110	 6.500296e+02	 98	 1.470048e+03	 666.67	 716.67	 13.00	 10	 0.53	 
BFE_301	 1	 12	 2218.jpg	 1.471032e+03	 24	 999000	 240	 999000	 999	 1.472067e+03	 666.67	 716.67	 54.00	 39	 0.63	 
BFE_301	 1	 12	 2214.jpg	 1.474019e+03	 24	 999000	 240	 999000	 999	 1.475037e+03	 666.67	 716.67	 49.00	 35	 0.68	 
BFE_301	 1	 12	 2201.jpg	 1.476021e+03	 24	 999000	 240	 999000	 999	 1.477039e+03	 666.67	 716.67	 44.00	 22	 0.79	 
BFE_301	 1	 12	 1201.jpg	 1.478024e+03	 12	 999000	 120	 999000	 999	 1.479041e+03	 666.67	 716.67	 4.00	 22	 0.74	 
BFE_301	 1	 12	 2120.jpg	 1.480026e+03	 22	 9.358391e+02	 220	 7.166979e+02	 98	 1.481044e+03	 666.67	 733.33	 47.00	 20	 0.68	 
BFE_301	 1	 12	 2210.jpg	 1.482028e+03	 22	 1.093640e+03	 2200	 7.333640e+02	 98	 1.483046e+03	 666.67	 683.33	 55.00	 31	 0.62	 
BFE_301	 1	 12	 2114.jpg	 1.488018e+03	 24	 999000	 240	 999000	 999	 1.489036e+03	 666.67	 683.33	 62.00	 14	 0.50	 
BFE_301	 1	 12	 2119.jpg	 1.491021e+03	 24	 999000	 240	 999000	 999	 1.492039e+03	 666.67	 683.33	 57.00	 19	 0.57	 
BFE_301	 1	 12	 1216.jpg	 1.495026e+03	 11	 8.796534e+02	 110	 6.667027e+02	 98	 1.496044e+03	 683.33	 683.33	 18.00	 37	 0.50	 
