subjectID	 order	 runNum	 itemName	 onsetTime	 shuff_trialType	 RT	 respInTime	 AudioTime	 response	 fixationTime	 ladder1	 ladder2	 bidIndex	 itemNameIndex	 bidValue	 
BFE_312	 2	 13	 2116.jpg	 1.555769e+03	 24	 999000	 240	 999000	 999	 1.556787e+03	 683.33	 750.00	 78.00	 16	 0.19	 
BFE_312	 2	 13	 1212.jpg	 1.558756e+03	 12	 999000	 120	 999000	 999	 1.559774e+03	 683.33	 750.00	 20.00	 33	 0.55	 
BFE_312	 2	 13	 2215.jpg	 1.560758e+03	 22	 9.879787e+02	 220	 7.500563e+02	 98	 1.561776e+03	 683.33	 766.67	 49.00	 36	 0.73	 
BFE_312	 2	 13	 2207.jpg	 1.562761e+03	 24	 999000	 240	 999000	 999	 1.563778e+03	 683.33	 766.67	 50.00	 28	 0.70	 
BFE_312	 2	 13	 1218.jpg	 1.564763e+03	 12	 999000	 120	 999000	 999	 1.565783e+03	 683.33	 766.67	 3.00	 39	 0.79	 
BFE_312	 2	 13	 2203.jpg	 1.567750e+03	 22	 1.004903e+03	 2200	 7.667063e+02	 98	 1.568768e+03	 683.33	 716.67	 54.00	 24	 0.59	 
BFE_312	 2	 13	 2114.jpg	 1.569752e+03	 24	 999000	 240	 999000	 999	 1.570770e+03	 683.33	 716.67	 77.00	 14	 0.20	 
BFE_312	 2	 13	 1110.jpg	 1.573756e+03	 12	 999000	 120	 999000	 999	 1.574774e+03	 683.33	 716.67	 19.00	 10	 0.57	 
BFE_312	 2	 13	 2121.jpg	 1.575759e+03	 24	 999000	 240	 999000	 999	 1.576776e+03	 683.33	 716.67	 53.00	 21	 0.62	 
BFE_312	 2	 13	 1206.jpg	 1.580764e+03	 12	 999000	 120	 999000	 999	 1.581782e+03	 683.33	 716.67	 15.00	 27	 0.63	 
BFE_312	 2	 13	 2218.jpg	 1.582750e+03	 22	 9.646312e+02	 220	 7.167027e+02	 98	 1.583768e+03	 683.33	 733.33	 48.00	 39	 0.74	 
BFE_312	 2	 13	 1113.jpg	 1.586754e+03	 12	 999000	 120	 999000	 999	 1.587772e+03	 683.33	 733.33	 12.00	 13	 0.65	 
BFE_312	 2	 13	 2205.jpg	 1.588756e+03	 22	 9.900707e+02	 220	 7.333640e+02	 98	 1.589774e+03	 683.33	 750.00	 51.00	 26	 0.68	 
BFE_312	 2	 13	 2219.jpg	 1.591762e+03	 24	 999000	 240	 999000	 999	 1.592778e+03	 683.33	 750.00	 61.00	 40	 0.53	 
BFE_312	 2	 13	 1121.jpg	 1.596748e+03	 12	 999000	 120	 999000	 999	 1.597766e+03	 683.33	 750.00	 13.00	 21	 0.64	 
BFE_312	 2	 13	 2106.jpg	 1.598751e+03	 24	 999000	 240	 999000	 999	 1.599769e+03	 683.33	 750.00	 55.00	 6	 0.59	 
BFE_312	 2	 13	 1205.jpg	 1.600753e+03	 11	 9.372378e+02	 110	 6.833863e+02	 98	 1.601771e+03	 700.00	 750.00	 9.00	 26	 0.74	 
BFE_312	 2	 13	 2110.jpg	 1.604758e+03	 24	 999000	 240	 999000	 999	 1.605775e+03	 700.00	 750.00	 47.00	 10	 0.75	 
BFE_312	 2	 13	 2206.jpg	 1.608762e+03	 24	 999000	 240	 999000	 999	 1.609780e+03	 700.00	 750.00	 58.00	 27	 0.58	 
BFE_312	 2	 13	 2103.jpg	 1.612750e+03	 24	 999000	 240	 999000	 999	 1.613768e+03	 700.00	 750.00	 62.00	 3	 0.51	 
BFE_312	 2	 13	 2211.jpg	 1.614752e+03	 24	 999000	 240	 999000	 999	 1.615770e+03	 700.00	 750.00	 44.00	 32	 0.80	 
BFE_312	 2	 13	 1215.jpg	 1.616755e+03	 11	 1.039814e+03	 1100	 7.000409e+02	 98	 1.617772e+03	 650.00	 750.00	 17.00	 36	 0.61	 
BFE_312	 2	 13	 1219.jpg	 1.618757e+03	 12	 999000	 120	 999000	 999	 1.619775e+03	 650.00	 750.00	 4.00	 40	 0.78	 
BFE_312	 2	 13	 1204.jpg	 1.620759e+03	 11	 9.074137e+02	 110	 6.500403e+02	 98	 1.621777e+03	 666.67	 750.00	 11.00	 25	 0.69	 
BFE_312	 2	 13	 2204.jpg	 1.626749e+03	 24	 999000	 240	 999000	 999	 1.627767e+03	 666.67	 750.00	 52.00	 25	 0.67	 
BFE_312	 2	 13	 1103.jpg	 1.629752e+03	 11	 9.780248e+02	 110	 6.667316e+02	 98	 1.630770e+03	 683.33	 750.00	 8.00	 3	 0.75	 
BFE_312	 2	 13	 2118.jpg	 1.631755e+03	 24	 999000	 240	 999000	 999	 1.632772e+03	 683.33	 750.00	 59.00	 18	 0.55	 
BFE_312	 2	 13	 1211.jpg	 1.633757e+03	 11	 9.814918e+02	 110	 6.833696e+02	 98	 1.634775e+03	 700.00	 750.00	 14.00	 32	 0.63	 
BFE_312	 2	 13	 1209.jpg	 1.636760e+03	 12	 999000	 120	 999000	 999	 1.637778e+03	 700.00	 750.00	 10.00	 30	 0.71	 
BFE_312	 2	 13	 1207.jpg	 1.638762e+03	 12	 999000	 120	 999000	 999	 1.639780e+03	 700.00	 750.00	 21.00	 28	 0.52	 
BFE_312	 2	 13	 1101.jpg	 1.640765e+03	 12	 999000	 120	 999000	 999	 1.641783e+03	 700.00	 750.00	 38.00	 1	 0.21	 
BFE_312	 2	 13	 2213.jpg	 1.642750e+03	 24	 999000	 240	 999000	 999	 1.643768e+03	 700.00	 750.00	 43.00	 34	 0.80	 
BFE_312	 2	 13	 2113.jpg	 1.645754e+03	 24	 999000	 240	 999000	 999	 1.646771e+03	 700.00	 750.00	 60.00	 13	 0.54	 
BFE_312	 2	 13	 1202.jpg	 1.647756e+03	 11	 1.022573e+03	 1100	 7.000293e+02	 98	 1.648774e+03	 650.00	 750.00	 16.00	 23	 0.62	 
BFE_312	 2	 13	 1210.jpg	 1.649758e+03	 12	 999000	 120	 999000	 999	 1.650776e+03	 650.00	 750.00	 22.00	 31	 0.47	 
BFE_312	 2	 13	 2202.jpg	 1.651760e+03	 22	 1.050086e+03	 2200	 7.500294e+02	 98	 1.652778e+03	 650.00	 700.00	 57.00	 23	 0.58	 
BFE_312	 2	 13	 2208.jpg	 1.653763e+03	 22	 9.758042e+02	 220	 7.000336e+02	 98	 1.654780e+03	 650.00	 716.67	 56.00	 29	 0.58	 
BFE_312	 2	 13	 1203.jpg	 1.659753e+03	 12	 999000	 120	 999000	 999	 1.660770e+03	 650.00	 716.67	 18.00	 24	 0.59	 
BFE_312	 2	 13	 1120.jpg	 1.662756e+03	 12	 999000	 120	 999000	 999	 1.663774e+03	 650.00	 716.67	 37.00	 20	 0.22	 
BFE_312	 2	 13	 1214.jpg	 1.666760e+03	 12	 999000	 120	 999000	 999	 1.667778e+03	 650.00	 716.67	 7.00	 35	 0.76	 
