subjectID	 order	 runNum	 itemName	 onsetTime	 shuff_trialType	 RT	 respInTime	 AudioTime	 response	 fixationTime	 ladder1	 ladder2	 bidIndex	 itemNameIndex	 bidValue	 
BFE_348	 2	 9	 1113.jpg	 9.856041e+02	 12	 999000	 120	 999000	 999	 9.866219e+02	 750.00	 683.33	 38.00	 13	 0.17	 
BFE_348	 2	 9	 1210.jpg	 9.885908e+02	 11	 1.003632e+03	 1100	 7.500466e+02	 98	 9.896088e+02	 700.00	 683.33	 14.00	 31	 0.64	 
BFE_348	 2	 9	 2110.jpg	 9.905931e+02	 24	 999000	 240	 999000	 999	 9.916110e+02	 700.00	 683.33	 59.00	 10	 0.55	 
BFE_348	 2	 9	 2208.jpg	 9.925953e+02	 24	 999000	 240	 999000	 999	 9.936131e+02	 700.00	 683.33	 53.00	 29	 0.68	 
BFE_348	 2	 9	 2217.jpg	 9.945975e+02	 22	 9.968722e+02	 220	 6.833799e+02	 98	 9.956156e+02	 700.00	 700.00	 48.00	 38	 0.75	 
BFE_348	 2	 9	 2106.jpg	 9.976009e+02	 24	 999000	 240	 999000	 999	 9.986187e+02	 700.00	 700.00	 61.00	 6	 0.53	 
BFE_348	 2	 9	 2205.jpg	 9.995862e+02	 22	 1.016236e+03	 2200	 7.000503e+02	 98	 1.000604e+03	 700.00	 650.00	 51.00	 26	 0.71	 
BFE_348	 2	 9	 1218.jpg	 1.003591e+03	 11	 9.953721e+02	 110	 7.000358e+02	 98	 1.004611e+03	 716.67	 650.00	 17.00	 39	 0.56	 
BFE_348	 2	 9	 1209.jpg	 1.005593e+03	 12	 999000	 120	 999000	 999	 1.006611e+03	 716.67	 650.00	 18.00	 30	 0.50	 
BFE_348	 2	 9	 1117.jpg	 1.010599e+03	 12	 999000	 120	 999000	 999	 1.011617e+03	 716.67	 650.00	 19.00	 17	 0.48	 
BFE_348	 2	 9	 1219.jpg	 1.012601e+03	 11	 1.249410e+03	 1100	 7.167026e+02	 98	 1.013619e+03	 666.67	 650.00	 8.00	 40	 0.77	 
BFE_348	 2	 9	 1213.jpg	 1.016589e+03	 12	 999000	 120	 999000	 999	 1.017607e+03	 666.67	 650.00	 13.00	 34	 0.67	 
BFE_348	 2	 9	 1217.jpg	 1.018591e+03	 12	 999000	 120	 999000	 999	 1.019609e+03	 666.67	 650.00	 3.00	 38	 0.81	 
BFE_348	 2	 9	 1201.jpg	 1.021594e+03	 11	 9.440465e+02	 110	 6.666960e+02	 98	 1.022612e+03	 683.33	 650.00	 9.00	 22	 0.76	 
BFE_348	 2	 9	 2101.jpg	 1.026600e+03	 24	 999000	 240	 999000	 999	 1.027618e+03	 683.33	 650.00	 62.00	 1	 0.52	 
BFE_348	 2	 9	 1204.jpg	 1.028602e+03	 12	 999000	 120	 999000	 999	 1.029620e+03	 683.33	 650.00	 10.00	 25	 0.75	 
BFE_348	 2	 9	 1215.jpg	 1.030588e+03	 12	 999000	 120	 999000	 999	 1.031606e+03	 683.33	 650.00	 7.00	 36	 0.77	 
BFE_348	 2	 9	 2210.jpg	 1.034592e+03	 22	 1.034077e+03	 2200	 6.500319e+02	 98	 1.035610e+03	 683.33	 600.00	 57.00	 31	 0.64	 
BFE_348	 2	 9	 2204.jpg	 1.038597e+03	 24	 999000	 240	 999000	 999	 1.039615e+03	 683.33	 600.00	 55.00	 25	 0.66	 
BFE_348	 2	 9	 1211.jpg	 1.042601e+03	 11	 9.850161e+02	 110	 6.833691e+02	 98	 1.043619e+03	 700.00	 600.00	 16.00	 32	 0.60	 
BFE_348	 2	 9	 2215.jpg	 1.044587e+03	 24	 999000	 240	 999000	 999	 1.045605e+03	 700.00	 600.00	 50.00	 36	 0.72	 
BFE_348	 2	 9	 2112.jpg	 1.046589e+03	 24	 999000	 240	 999000	 999	 1.047607e+03	 700.00	 600.00	 78.00	 12	 0.22	 
BFE_348	 2	 9	 2111.jpg	 1.048591e+03	 24	 999000	 240	 999000	 999	 1.049609e+03	 700.00	 600.00	 60.00	 11	 0.53	 
BFE_348	 2	 9	 1104.jpg	 1.050594e+03	 12	 999000	 120	 999000	 999	 1.051611e+03	 700.00	 600.00	 37.00	 4	 0.22	 
BFE_348	 2	 9	 1114.jpg	 1.056600e+03	 12	 999000	 120	 999000	 999	 1.057618e+03	 700.00	 600.00	 22.00	 14	 0.46	 
BFE_348	 2	 9	 2116.jpg	 1.059587e+03	 24	 999000	 240	 999000	 999	 1.060605e+03	 700.00	 600.00	 77.00	 16	 0.25	 
BFE_348	 2	 9	 1207.jpg	 1.061589e+03	 12	 999000	 120	 999000	 999	 1.062607e+03	 700.00	 600.00	 21.00	 28	 0.48	 
BFE_348	 2	 9	 2211.jpg	 1.063592e+03	 24	 999000	 240	 999000	 999	 1.064609e+03	 700.00	 600.00	 47.00	 32	 0.75	 
BFE_348	 2	 9	 2213.jpg	 1.066595e+03	 24	 999000	 240	 999000	 999	 1.067613e+03	 700.00	 600.00	 58.00	 34	 0.61	 
BFE_348	 2	 9	 1203.jpg	 1.068597e+03	 12	 999000	 120	 999000	 999	 1.069615e+03	 700.00	 600.00	 12.00	 24	 0.68	 
BFE_348	 2	 9	 1206.jpg	 1.070599e+03	 12	 999000	 120	 999000	 999	 1.071617e+03	 700.00	 600.00	 15.00	 27	 0.62	 
BFE_348	 2	 9	 1105.jpg	 1.072602e+03	 12	 999000	 120	 999000	 999	 1.073619e+03	 700.00	 600.00	 20.00	 5	 0.48	 
BFE_348	 2	 9	 2202.jpg	 1.075588e+03	 24	 999000	 240	 999000	 999	 1.076606e+03	 700.00	 600.00	 52.00	 23	 0.69	 
BFE_348	 2	 9	 1214.jpg	 1.077591e+03	 12	 999000	 120	 999000	 999	 1.078608e+03	 700.00	 600.00	 4.00	 35	 0.79	 
BFE_348	 2	 9	 1212.jpg	 1.079593e+03	 11	 1.033619e+03	 1100	 7.000282e+02	 98	 1.080611e+03	 650.00	 600.00	 11.00	 33	 0.69	 
BFE_348	 2	 9	 2209.jpg	 1.081595e+03	 22	 9.433332e+02	 220	 6.000313e+02	 98	 1.082613e+03	 650.00	 616.67	 54.00	 30	 0.68	 
BFE_348	 2	 9	 2206.jpg	 1.083597e+03	 22	 8.610798e+02	 220	 6.167044e+02	 98	 1.084615e+03	 650.00	 633.33	 56.00	 27	 0.64	 
BFE_348	 2	 9	 2207.jpg	 1.089588e+03	 24	 999000	 240	 999000	 999	 1.090605e+03	 650.00	 633.33	 44.00	 28	 0.85	 
BFE_348	 2	 9	 2201.jpg	 1.092591e+03	 24	 999000	 240	 999000	 999	 1.093609e+03	 650.00	 633.33	 43.00	 22	 0.86	 
BFE_348	 2	 9	 2214.jpg	 1.096595e+03	 22	 8.952167e+02	 220	 6.333639e+02	 98	 1.097613e+03	 650.00	 650.00	 49.00	 35	 0.73	 
