subjectID	 order	 runNum	 itemName	 onsetTime	 shuff_trialType	 RT	 respInTime	 AudioTime	 response	 fixationTime	 ladder1	 ladder2	 bidIndex	 itemNameIndex	 bidValue	 
BFE_321	 1	 5	 1210.jpg	 5.560533e+02	 11	 1.012719e+03	 1100	 6.833793e+02	 98	 5.570714e+02	 633.33	 550.00	 15.00	 31	 0.57	 
BFE_321	 1	 5	 1102.jpg	 5.590401e+02	 12	 999000	 120	 999000	 999	 5.600579e+02	 633.33	 550.00	 17.00	 2	 0.52	 
BFE_321	 1	 5	 1201.jpg	 5.630445e+02	 12	 999000	 120	 999000	 999	 5.640623e+02	 633.33	 550.00	 19.00	 22	 0.51	 
BFE_321	 1	 5	 1113.jpg	 5.650468e+02	 11	 8.832766e+02	 110	 6.333747e+02	 98	 5.660646e+02	 650.00	 550.00	 7.00	 13	 0.73	 
BFE_321	 1	 5	 1218.jpg	 5.670491e+02	 12	 999000	 120	 999000	 999	 5.680669e+02	 650.00	 550.00	 37.00	 39	 0.24	 
BFE_321	 1	 5	 1206.jpg	 5.710369e+02	 12	 999000	 120	 999000	 999	 5.720546e+02	 650.00	 550.00	 4.00	 27	 0.79	 
BFE_321	 1	 5	 1121.jpg	 5.730391e+02	 11	 1.034970e+03	 1100	 6.500307e+02	 98	 5.740569e+02	 600.00	 550.00	 13.00	 21	 0.59	 
BFE_321	 1	 5	 1212.jpg	 5.780447e+02	 12	 999000	 120	 999000	 999	 5.790624e+02	 600.00	 550.00	 38.00	 33	 0.22	 
BFE_321	 1	 5	 1208.jpg	 5.800470e+02	 11	 8.911171e+02	 110	 6.000372e+02	 98	 5.810647e+02	 616.67	 550.00	 12.00	 29	 0.62	 
BFE_321	 1	 5	 2103.jpg	 5.830503e+02	 22	 8.558206e+02	 220	 5.500545e+02	 98	 5.840681e+02	 616.67	 566.67	 53.00	 3	 0.63	 
BFE_321	 1	 5	 2218.jpg	 5.860368e+02	 24	 999000	 240	 999000	 999	 5.870548e+02	 616.67	 566.67	 54.00	 39	 0.63	 
BFE_321	 1	 5	 2208.jpg	 5.900415e+02	 24	 999000	 240	 999000	 999	 5.910593e+02	 616.67	 566.67	 59.00	 29	 0.51	 
BFE_321	 1	 5	 2111.jpg	 5.930449e+02	 24	 999000	 240	 999000	 999	 5.940626e+02	 616.67	 566.67	 56.00	 11	 0.59	 
BFE_321	 1	 5	 2112.jpg	 5.950471e+02	 24	 999000	 240	 999000	 999	 5.960650e+02	 616.67	 566.67	 78.00	 12	 0.20	 
BFE_321	 1	 5	 2115.jpg	 5.980506e+02	 24	 999000	 240	 999000	 999	 5.990683e+02	 616.67	 566.67	 57.00	 15	 0.56	 
BFE_321	 1	 5	 1119.jpg	 6.020383e+02	 12	 999000	 120	 999000	 999	 6.030561e+02	 616.67	 566.67	 16.00	 19	 0.54	 
BFE_321	 1	 5	 1103.jpg	 6.050416e+02	 11	 9.604475e+02	 110	 6.167026e+02	 98	 6.060594e+02	 633.33	 566.67	 10.00	 3	 0.68	 
BFE_321	 1	 5	 2204.jpg	 6.070439e+02	 22	 9.021835e+02	 220	 5.667251e+02	 98	 6.080617e+02	 633.33	 583.33	 47.00	 25	 0.75	 
BFE_321	 1	 5	 2219.jpg	 6.090461e+02	 22	 8.519352e+02	 220	 5.833689e+02	 98	 6.100640e+02	 633.33	 600.00	 52.00	 40	 0.63	 
BFE_321	 1	 5	 1204.jpg	 6.140518e+02	 12	 999000	 120	 999000	 999	 6.150696e+02	 633.33	 600.00	 9.00	 25	 0.71	 
BFE_321	 1	 5	 1114.jpg	 6.180397e+02	 12	 999000	 120	 999000	 999	 6.190574e+02	 633.33	 600.00	 8.00	 14	 0.72	 
BFE_321	 1	 5	 1203.jpg	 6.220440e+02	 12	 999000	 120	 999000	 999	 6.230618e+02	 633.33	 600.00	 21.00	 24	 0.50	 
BFE_321	 1	 5	 2202.jpg	 6.280508e+02	 24	 999000	 240	 999000	 999	 6.290686e+02	 633.33	 600.00	 44.00	 23	 0.82	 
BFE_321	 1	 5	 2108.jpg	 6.300360e+02	 24	 999000	 240	 999000	 999	 6.310541e+02	 633.33	 600.00	 77.00	 8	 0.21	 
BFE_321	 1	 5	 2209.jpg	 6.320386e+02	 24	 999000	 240	 999000	 999	 6.330564e+02	 633.33	 600.00	 48.00	 30	 0.72	 
BFE_321	 1	 5	 1111.jpg	 6.340408e+02	 12	 999000	 120	 999000	 999	 6.350587e+02	 633.33	 600.00	 14.00	 11	 0.58	 
BFE_321	 1	 5	 2110.jpg	 6.360431e+02	 22	 9.829546e+02	 220	 6.000627e+02	 98	 6.370609e+02	 633.33	 616.67	 58.00	 10	 0.54	 
BFE_321	 1	 5	 2206.jpg	 6.400476e+02	 24	 999000	 240	 999000	 999	 6.410654e+02	 633.33	 616.67	 62.00	 27	 0.49	 
BFE_321	 1	 5	 2213.jpg	 6.420499e+02	 24	 999000	 240	 999000	 999	 6.430677e+02	 633.33	 616.67	 43.00	 34	 0.82	 
BFE_321	 1	 5	 1106.jpg	 6.460376e+02	 12	 999000	 120	 999000	 999	 6.470554e+02	 633.33	 616.67	 3.00	 6	 0.81	 
BFE_321	 1	 5	 2216.jpg	 6.480399e+02	 22	 8.981747e+02	 220	 6.167237e+02	 98	 6.490577e+02	 633.33	 633.33	 50.00	 37	 0.69	 
BFE_321	 1	 5	 2214.jpg	 6.500422e+02	 24	 999000	 240	 999000	 999	 6.510599e+02	 633.33	 633.33	 61.00	 35	 0.50	 
BFE_321	 1	 5	 1110.jpg	 6.520444e+02	 12	 999000	 120	 999000	 999	 6.530622e+02	 633.33	 633.33	 22.00	 10	 0.50	 
BFE_321	 1	 5	 1214.jpg	 6.570501e+02	 12	 999000	 120	 999000	 999	 6.580679e+02	 633.33	 633.33	 20.00	 35	 0.50	 
BFE_321	 1	 5	 2116.jpg	 6.590353e+02	 24	 999000	 240	 999000	 999	 6.600533e+02	 633.33	 633.33	 60.00	 16	 0.51	 
BFE_321	 1	 5	 2106.jpg	 6.610389e+02	 24	 999000	 240	 999000	 999	 6.620557e+02	 633.33	 633.33	 51.00	 6	 0.67	 
BFE_321	 1	 5	 1213.jpg	 6.640412e+02	 11	 8.888469e+02	 110	 6.333681e+02	 98	 6.650589e+02	 650.00	 633.33	 18.00	 34	 0.52	 
BFE_321	 1	 5	 2201.jpg	 6.710491e+02	 22	 9.529673e+02	 220	 6.333676e+02	 98	 6.720668e+02	 650.00	 650.00	 55.00	 22	 0.62	 
BFE_321	 1	 5	 1211.jpg	 6.750366e+02	 12	 999000	 120	 999000	 999	 6.760547e+02	 650.00	 650.00	 11.00	 32	 0.65	 
BFE_321	 1	 5	 2107.jpg	 6.820448e+02	 24	 999000	 240	 999000	 999	 6.830625e+02	 650.00	 650.00	 49.00	 7	 0.70	 
