subjectID	 order	 runNum	 itemName	 onsetTime	 shuff_trialType	 RT	 respInTime	 AudioTime	 response	 fixationTime	 ladder1	 ladder2	 bidIndex	 itemNameIndex	 bidValue	 
BFE_113	 1	 14	 2213.jpg	 1.724445e+03	 22	 8.288117e+02	 220	 6.500442e+02	 98	 1.725463e+03	 650.00	 666.67	 53.00	 34	 0.62	 
BFE_113	 1	 14	 2105.jpg	 1.729434e+03	 24	 999000	 240	 999000	 999	 1.730452e+03	 650.00	 666.67	 51.00	 5	 0.63	 
BFE_113	 1	 14	 1215.jpg	 1.731437e+03	 12	 999000	 120	 999000	 999	 1.732454e+03	 650.00	 666.67	 3.00	 36	 0.83	 
BFE_113	 1	 14	 1106.jpg	 1.733439e+03	 11	 7.793638e+02	 110	 6.500506e+02	 98	 1.734456e+03	 666.67	 666.67	 7.00	 6	 0.78	 
BFE_113	 1	 14	 1213.jpg	 1.739429e+03	 11	 6.932184e+02	 110	 6.667005e+02	 98	 1.740447e+03	 683.33	 666.67	 18.00	 34	 0.50	 
BFE_113	 1	 14	 1107.jpg	 1.741431e+03	 12	 999000	 120	 999000	 999	 1.742449e+03	 683.33	 666.67	 38.00	 7	 0.13	 
BFE_113	 1	 14	 1109.jpg	 1.744434e+03	 12	 999000	 120	 999000	 999	 1.745452e+03	 683.33	 666.67	 20.00	 9	 0.49	 
BFE_113	 1	 14	 2212.jpg	 1.746437e+03	 24	 999000	 240	 999000	 999	 1.747454e+03	 683.33	 666.67	 57.00	 33	 0.55	 
BFE_113	 1	 14	 2120.jpg	 1.750441e+03	 24	 999000	 240	 999000	 999	 1.751459e+03	 683.33	 666.67	 77.00	 20	 0.19	 
BFE_113	 1	 14	 2109.jpg	 1.752427e+03	 24	 999000	 240	 999000	 999	 1.753445e+03	 683.33	 666.67	 43.00	 9	 0.83	 
BFE_113	 1	 14	 1211.jpg	 1.757432e+03	 12	 999000	 120	 999000	 999	 1.758450e+03	 683.33	 666.67	 22.00	 32	 0.49	 
BFE_113	 1	 14	 2204.jpg	 1.764440e+03	 24	 999000	 240	 999000	 999	 1.765458e+03	 683.33	 666.67	 60.00	 25	 0.50	 
BFE_113	 1	 14	 2209.jpg	 1.766425e+03	 22	 9.046392e+02	 220	 6.666968e+02	 98	 1.767444e+03	 683.33	 683.33	 55.00	 30	 0.60	 
BFE_113	 1	 14	 1212.jpg	 1.769429e+03	 12	 999000	 120	 999000	 999	 1.770447e+03	 683.33	 683.33	 16.00	 33	 0.54	 
BFE_113	 1	 14	 2102.jpg	 1.772433e+03	 24	 999000	 240	 999000	 999	 1.773450e+03	 683.33	 683.33	 61.00	 2	 0.47	 
BFE_113	 1	 14	 1219.jpg	 1.776437e+03	 12	 1.133053e+03	 12	 999000	 98	 1.777455e+03	 683.33	 683.33	 4.00	 40	 0.81	 
BFE_113	 1	 14	 2217.jpg	 1.780442e+03	 24	 999000	 240	 999000	 999	 1.781459e+03	 683.33	 683.33	 54.00	 38	 0.62	 
BFE_113	 1	 14	 1113.jpg	 1.784429e+03	 11	 7.887882e+02	 110	 6.833647e+02	 98	 1.785447e+03	 700.00	 683.33	 10.00	 13	 0.70	 
BFE_113	 1	 14	 1204.jpg	 1.787433e+03	 12	 999000	 120	 999000	 999	 1.788450e+03	 700.00	 683.33	 21.00	 25	 0.49	 
BFE_113	 1	 14	 2117.jpg	 1.793439e+03	 24	 999000	 240	 999000	 999	 1.794457e+03	 700.00	 683.33	 62.00	 17	 0.46	 
BFE_113	 1	 14	 2111.jpg	 1.795442e+03	 24	 999000	 240	 999000	 999	 1.796459e+03	 700.00	 683.33	 56.00	 11	 0.55	 
BFE_113	 1	 14	 1103.jpg	 1.798428e+03	 12	 999000	 120	 999000	 999	 1.799446e+03	 700.00	 683.33	 17.00	 3	 0.53	 
BFE_113	 1	 14	 1209.jpg	 1.800431e+03	 12	 1.139404e+03	 12	 999000	 98	 1.801448e+03	 700.00	 683.33	 11.00	 30	 0.66	 
BFE_113	 1	 14	 2207.jpg	 1.802433e+03	 22	 1.041174e+03	 2200	 6.833581e+02	 98	 1.803451e+03	 700.00	 633.33	 50.00	 28	 0.66	 
BFE_113	 1	 14	 1117.jpg	 1.804435e+03	 11	 8.949525e+02	 110	 7.000319e+02	 98	 1.805453e+03	 716.67	 633.33	 15.00	 17	 0.55	 
BFE_113	 1	 14	 2113.jpg	 1.807439e+03	 24	 999000	 240	 999000	 999	 1.808456e+03	 716.67	 633.33	 48.00	 13	 0.77	 
BFE_113	 1	 14	 1214.jpg	 1.811426e+03	 12	 999000	 120	 999000	 999	 1.812444e+03	 716.67	 633.33	 14.00	 35	 0.57	 
BFE_113	 1	 14	 1206.jpg	 1.813428e+03	 12	 9.895467e+02	 12	 999000	 98	 1.814446e+03	 716.67	 633.33	 8.00	 27	 0.77	 
BFE_113	 1	 14	 1218.jpg	 1.815432e+03	 12	 999000	 120	 999000	 999	 1.816449e+03	 716.67	 633.33	 19.00	 39	 0.50	 
BFE_113	 1	 14	 1114.jpg	 1.817433e+03	 11	 9.530706e+02	 110	 7.166973e+02	 98	 1.818451e+03	 733.33	 633.33	 12.00	 14	 0.65	 
BFE_113	 1	 14	 2216.jpg	 1.819435e+03	 22	 6.786848e+02	 220	 6.333643e+02	 98	 1.820453e+03	 733.33	 650.00	 52.00	 37	 0.62	 
BFE_113	 1	 14	 2121.jpg	 1.821438e+03	 24	 999000	 240	 999000	 999	 1.822455e+03	 733.33	 650.00	 49.00	 21	 0.72	 
BFE_113	 1	 14	 2114.jpg	 1.825442e+03	 24	 999000	 240	 999000	 999	 1.826460e+03	 733.33	 650.00	 44.00	 14	 0.82	 
BFE_113	 1	 14	 1102.jpg	 1.829430e+03	 11	 9.162362e+02	 110	 7.334017e+02	 98	 1.830448e+03	 750.00	 650.00	 13.00	 2	 0.65	 
BFE_113	 1	 14	 2205.jpg	 1.831432e+03	 22	 6.819239e+02	 220	 6.500382e+02	 98	 1.832450e+03	 750.00	 666.67	 47.00	 26	 0.77	 
BFE_113	 1	 14	 2218.jpg	 1.833434e+03	 22	 9.516943e+02	 220	 6.667072e+02	 98	 1.834452e+03	 750.00	 683.33	 58.00	 39	 0.52	 
BFE_113	 1	 14	 2112.jpg	 1.835437e+03	 24	 999000	 240	 999000	 999	 1.836454e+03	 750.00	 683.33	 78.00	 12	 0.19	 
BFE_113	 1	 14	 2103.jpg	 1.837439e+03	 24	 999000	 240	 999000	 999	 1.838457e+03	 750.00	 683.33	 59.00	 3	 0.51	 
BFE_113	 1	 14	 1112.jpg	 1.843429e+03	 12	 999000	 120	 999000	 999	 1.844447e+03	 750.00	 683.33	 37.00	 12	 0.21	 
BFE_113	 1	 14	 1217.jpg	 1.845431e+03	 12	 999000	 120	 999000	 999	 1.846449e+03	 750.00	 683.33	 9.00	 38	 0.71	 
