subjectID	 order	 runNum	 itemName	 onsetTime	 shuff_trialType	 RT	 respInTime	 AudioTime	 response	 fixationTime	 ladder1	 ladder2	 bidIndex	 itemNameIndex	 bidValue	 
BFE_316	 2	 2	 1206.jpg	 1.261520e+02	 11	 9.384723e+02	 110	 7.167173e+02	 98	 1.271698e+02	 733.33	 716.67	 8.00	 27	 0.68	 
BFE_316	 2	 2	 2113.jpg	 1.291387e+02	 24	 999000	 240	 999000	 999	 1.301564e+02	 733.33	 716.67	 58.00	 13	 0.51	 
BFE_316	 2	 2	 2214.jpg	 1.331431e+02	 24	 999000	 240	 999000	 999	 1.341609e+02	 733.33	 716.67	 43.00	 35	 0.82	 
BFE_316	 2	 2	 1121.jpg	 1.351454e+02	 12	 999000	 120	 999000	 999	 1.361631e+02	 733.33	 716.67	 13.00	 21	 0.64	 
BFE_316	 2	 2	 1216.jpg	 1.371306e+02	 11	 9.678294e+02	 110	 7.333992e+02	 98	 1.381487e+02	 750.00	 716.67	 9.00	 37	 0.68	 
BFE_316	 2	 2	 2114.jpg	 1.411354e+02	 22	 9.630111e+02	 220	 7.167213e+02	 98	 1.421532e+02	 750.00	 733.33	 57.00	 14	 0.52	 
BFE_316	 2	 2	 2121.jpg	 1.431378e+02	 24	 999000	 240	 999000	 999	 1.441555e+02	 750.00	 733.33	 55.00	 21	 0.58	 
BFE_316	 2	 2	 1113.jpg	 1.481433e+02	 12	 999000	 120	 999000	 999	 1.491610e+02	 750.00	 733.33	 19.00	 13	 0.59	 
BFE_316	 2	 2	 2202.jpg	 1.501456e+02	 22	 1.040912e+03	 2200	 7.333713e+02	 98	 1.511633e+02	 750.00	 683.33	 48.00	 23	 0.66	 
BFE_316	 2	 2	 2206.jpg	 1.531320e+02	 22	 9.424879e+02	 220	 6.833665e+02	 98	 1.541500e+02	 750.00	 700.00	 49.00	 27	 0.63	 
BFE_316	 2	 2	 1208.jpg	 1.561356e+02	 11	 9.788848e+02	 110	 7.500320e+02	 98	 1.571534e+02	 766.67	 700.00	 17.00	 29	 0.59	 
BFE_316	 2	 2	 1213.jpg	 1.601400e+02	 12	 999000	 120	 999000	 999	 1.611580e+02	 766.67	 700.00	 12.00	 34	 0.66	 
BFE_316	 2	 2	 1219.jpg	 1.631434e+02	 12	 999000	 120	 999000	 999	 1.641612e+02	 766.67	 700.00	 20.00	 40	 0.57	 
BFE_316	 2	 2	 2120.jpg	 1.651456e+02	 24	 999000	 240	 999000	 999	 1.661635e+02	 766.67	 700.00	 52.00	 20	 0.61	 
BFE_316	 2	 2	 2106.jpg	 1.681324e+02	 24	 999000	 240	 999000	 999	 1.691501e+02	 766.67	 700.00	 61.00	 6	 0.47	 
BFE_316	 2	 2	 2102.jpg	 1.721368e+02	 22	 1.025627e+03	 2200	 7.000362e+02	 98	 1.731546e+02	 766.67	 650.00	 56.00	 2	 0.57	 
BFE_316	 2	 2	 2105.jpg	 1.751402e+02	 24	 999000	 240	 999000	 999	 1.761580e+02	 766.67	 650.00	 60.00	 5	 0.51	 
BFE_316	 2	 2	 1204.jpg	 1.771426e+02	 12	 999000	 120	 999000	 999	 1.781603e+02	 766.67	 650.00	 21.00	 25	 0.56	 
BFE_316	 2	 2	 2108.jpg	 1.791447e+02	 24	 999000	 240	 999000	 999	 1.801625e+02	 766.67	 650.00	 77.00	 8	 0.19	 
BFE_316	 2	 2	 1114.jpg	 1.841336e+02	 11	 1.028859e+03	 1100	 7.667046e+02	 98	 1.851514e+02	 716.67	 650.00	 14.00	 14	 0.62	 
BFE_316	 2	 2	 2209.jpg	 1.881381e+02	 22	 8.562936e+02	 220	 6.501006e+02	 98	 1.891559e+02	 716.67	 666.67	 54.00	 30	 0.59	 
BFE_316	 2	 2	 1119.jpg	 1.921426e+02	 12	 999000	 120	 999000	 999	 1.931604e+02	 716.67	 666.67	 37.00	 19	 0.17	 
BFE_316	 2	 2	 1110.jpg	 1.981327e+02	 12	 999000	 120	 999000	 999	 1.991505e+02	 716.67	 666.67	 10.00	 10	 0.67	 
BFE_316	 2	 2	 2203.jpg	 2.001349e+02	 24	 999000	 240	 999000	 999	 2.011528e+02	 716.67	 666.67	 62.00	 24	 0.47	 
BFE_316	 2	 2	 2109.jpg	 2.021371e+02	 24	 999000	 240	 999000	 999	 2.031549e+02	 716.67	 666.67	 44.00	 9	 0.81	 
BFE_316	 2	 2	 2218.jpg	 2.041393e+02	 24	 999000	 240	 999000	 999	 2.051572e+02	 716.67	 666.67	 59.00	 39	 0.51	 
BFE_316	 2	 2	 1218.jpg	 2.061417e+02	 12	 999000	 120	 999000	 999	 2.071595e+02	 716.67	 666.67	 18.00	 39	 0.59	 
BFE_316	 2	 2	 1205.jpg	 2.101461e+02	 12	 999000	 120	 999000	 999	 2.111639e+02	 716.67	 666.67	 22.00	 26	 0.55	 
BFE_316	 2	 2	 1106.jpg	 2.121484e+02	 11	 1.126046e+03	 1100	 7.166977e+02	 98	 2.131661e+02	 666.67	 666.67	 16.00	 6	 0.60	 
BFE_316	 2	 2	 1115.jpg	 2.161362e+02	 12	 999000	 120	 999000	 999	 2.171541e+02	 666.67	 666.67	 15.00	 15	 0.61	 
BFE_316	 2	 2	 1116.jpg	 2.181384e+02	 12	 999000	 120	 999000	 999	 2.191561e+02	 666.67	 666.67	 38.00	 16	 0.17	 
BFE_316	 2	 2	 1202.jpg	 2.201406e+02	 11	 9.178320e+02	 110	 6.666995e+02	 98	 2.211585e+02	 683.33	 666.67	 11.00	 23	 0.66	 
BFE_316	 2	 2	 2104.jpg	 2.221429e+02	 24	 999000	 240	 999000	 999	 2.231607e+02	 683.33	 666.67	 78.00	 4	 0.17	 
BFE_316	 2	 2	 1103.jpg	 2.271315e+02	 12	 999000	 120	 999000	 999	 2.281496e+02	 683.33	 666.67	 7.00	 3	 0.71	 
BFE_316	 2	 2	 1214.jpg	 2.291341e+02	 12	 999000	 120	 999000	 999	 2.301518e+02	 683.33	 666.67	 4.00	 35	 0.75	 
BFE_316	 2	 2	 2205.jpg	 2.311362e+02	 24	 999000	 240	 999000	 999	 2.321541e+02	 683.33	 666.67	 53.00	 26	 0.61	 
BFE_316	 2	 2	 2208.jpg	 2.341398e+02	 24	 999000	 240	 999000	 999	 2.351574e+02	 683.33	 666.67	 50.00	 29	 0.62	 
BFE_316	 2	 2	 1209.jpg	 2.411475e+02	 12	 3.428961e+02	 12	 999000	 98	 2.421653e+02	 683.33	 666.67	 3.00	 30	 0.77	 
BFE_316	 2	 2	 2211.jpg	 2.451354e+02	 24	 999000	 240	 999000	 999	 2.461531e+02	 683.33	 666.67	 47.00	 32	 0.70	 
BFE_316	 2	 2	 2115.jpg	 2.521432e+02	 22	 9.712606e+02	 220	 6.667028e+02	 98	 2.531609e+02	 683.33	 683.33	 51.00	 15	 0.61	 
