subjectID	 order	 runNum	 itemName	 onsetTime	 shuff_trialType	 RT	 respInTime	 AudioTime	 response	 fixationTime	 ladder1	 ladder2	 bidIndex	 itemNameIndex	 bidValue	 
BFE_310	 2	 5	 2117.jpg	 5.353271e+02	 24	 999000	 240	 999000	 999	 5.363451e+02	 683.33	 616.67	 62.00	 17	 0.59	 
BFE_310	 2	 5	 1214.jpg	 5.383308e+02	 12	 999000	 120	 999000	 999	 5.393487e+02	 683.33	 616.67	 38.00	 35	 0.22	 
BFE_310	 2	 5	 2102.jpg	 5.423352e+02	 24	 999000	 240	 999000	 999	 5.433531e+02	 683.33	 616.67	 58.00	 2	 0.64	 
BFE_310	 2	 5	 1107.jpg	 5.443375e+02	 12	 999000	 120	 999000	 999	 5.453553e+02	 683.33	 616.67	 22.00	 7	 0.44	 
BFE_310	 2	 5	 1208.jpg	 5.463232e+02	 12	 999000	 120	 999000	 999	 5.473408e+02	 683.33	 616.67	 4.00	 29	 0.77	 
BFE_310	 2	 5	 1201.jpg	 5.503276e+02	 12	 999000	 120	 999000	 999	 5.513454e+02	 683.33	 616.67	 12.00	 22	 0.61	 
BFE_310	 2	 5	 2114.jpg	 5.523298e+02	 24	 999000	 240	 999000	 999	 5.533475e+02	 683.33	 616.67	 59.00	 14	 0.62	 
BFE_310	 2	 5	 1118.jpg	 5.573355e+02	 12	 999000	 120	 999000	 999	 5.583532e+02	 683.33	 616.67	 19.00	 18	 0.53	 
BFE_310	 2	 5	 1206.jpg	 5.593377e+02	 11	 1.106998e+03	 1100	 6.833855e+02	 98	 5.603554e+02	 633.33	 616.67	 17.00	 27	 0.54	 
BFE_310	 2	 5	 1114.jpg	 5.623243e+02	 11	 8.723319e+02	 110	 6.333721e+02	 98	 5.633421e+02	 650.00	 616.67	 16.00	 14	 0.56	 
BFE_310	 2	 5	 2215.jpg	 5.653275e+02	 24	 999000	 240	 999000	 999	 5.663455e+02	 650.00	 616.67	 52.00	 36	 0.71	 
BFE_310	 2	 5	 2103.jpg	 5.693323e+02	 24	 999000	 240	 999000	 999	 5.703500e+02	 650.00	 616.67	 78.00	 3	 0.23	 
BFE_310	 2	 5	 1203.jpg	 5.723356e+02	 12	 999000	 120	 999000	 999	 5.733533e+02	 650.00	 616.67	 3.00	 24	 0.88	 
BFE_310	 2	 5	 2107.jpg	 5.743379e+02	 24	 999000	 240	 999000	 999	 5.753555e+02	 650.00	 616.67	 77.00	 7	 0.26	 
BFE_310	 2	 5	 2218.jpg	 5.773245e+02	 22	 9.041541e+02	 220	 6.167119e+02	 98	 5.783422e+02	 650.00	 633.33	 48.00	 39	 0.79	 
BFE_310	 2	 5	 2212.jpg	 5.813290e+02	 22	 8.756897e+02	 220	 6.333606e+02	 98	 5.823468e+02	 650.00	 650.00	 54.00	 33	 0.70	 
BFE_310	 2	 5	 1111.jpg	 5.843324e+02	 12	 999000	 120	 999000	 999	 5.853501e+02	 650.00	 650.00	 15.00	 11	 0.56	 
BFE_310	 2	 5	 2213.jpg	 5.863346e+02	 24	 999000	 240	 999000	 999	 5.873524e+02	 650.00	 650.00	 53.00	 34	 0.71	 
BFE_310	 2	 5	 1216.jpg	 5.883368e+02	 11	 9.238133e+02	 110	 6.500584e+02	 98	 5.893546e+02	 666.67	 650.00	 9.00	 37	 0.69	 
BFE_310	 2	 5	 1209.jpg	 5.933257e+02	 12	 999000	 120	 999000	 999	 5.943435e+02	 666.67	 650.00	 18.00	 30	 0.54	 
BFE_310	 2	 5	 2211.jpg	 5.973303e+02	 24	 999000	 240	 999000	 999	 5.983481e+02	 666.67	 650.00	 44.00	 32	 0.87	 
BFE_310	 2	 5	 1120.jpg	 6.013347e+02	 11	 9.019818e+02	 110	 6.666931e+02	 98	 6.023526e+02	 683.33	 650.00	 14.00	 20	 0.57	 
BFE_310	 2	 5	 1204.jpg	 6.073248e+02	 11	 9.198393e+02	 110	 6.833675e+02	 98	 6.083427e+02	 700.00	 650.00	 11.00	 25	 0.65	 
BFE_310	 2	 5	 2120.jpg	 6.093271e+02	 22	 8.856123e+02	 220	 6.500301e+02	 98	 6.103447e+02	 700.00	 666.67	 49.00	 20	 0.75	 
BFE_310	 2	 5	 2202.jpg	 6.113292e+02	 22	 8.994526e+02	 220	 6.667144e+02	 98	 6.123471e+02	 700.00	 683.33	 51.00	 23	 0.75	 
BFE_310	 2	 5	 2209.jpg	 6.133316e+02	 22	 9.210659e+02	 220	 6.833746e+02	 98	 6.143492e+02	 700.00	 700.00	 56.00	 30	 0.68	 
BFE_310	 2	 5	 1116.jpg	 6.153337e+02	 12	 999000	 120	 999000	 999	 6.163516e+02	 700.00	 700.00	 37.00	 16	 0.24	 
BFE_310	 2	 5	 2121.jpg	 6.193213e+02	 24	 999000	 240	 999000	 999	 6.203394e+02	 700.00	 700.00	 43.00	 21	 0.92	 
BFE_310	 2	 5	 1115.jpg	 6.213258e+02	 12	 999000	 120	 999000	 999	 6.223416e+02	 700.00	 700.00	 13.00	 15	 0.58	 
BFE_310	 2	 5	 1218.jpg	 6.253282e+02	 11	 9.564311e+02	 110	 7.000377e+02	 98	 6.263461e+02	 716.67	 700.00	 8.00	 39	 0.69	 
BFE_310	 2	 5	 2217.jpg	 6.273306e+02	 24	 999000	 240	 999000	 999	 6.283483e+02	 716.67	 700.00	 47.00	 38	 0.81	 
BFE_310	 2	 5	 2110.jpg	 6.293328e+02	 22	 9.598858e+02	 220	 7.000360e+02	 98	 6.303506e+02	 716.67	 716.67	 57.00	 10	 0.68	 
BFE_310	 2	 5	 2205.jpg	 6.313351e+02	 24	 999000	 240	 999000	 999	 6.323528e+02	 716.67	 716.67	 50.00	 26	 0.75	 
BFE_310	 2	 5	 1109.jpg	 6.363239e+02	 12	 999000	 120	 999000	 999	 6.373416e+02	 716.67	 716.67	 21.00	 9	 0.47	 
BFE_310	 2	 5	 1113.jpg	 6.383264e+02	 12	 999000	 120	 999000	 999	 6.393439e+02	 716.67	 716.67	 7.00	 13	 0.70	 
BFE_310	 2	 5	 1103.jpg	 6.403284e+02	 12	 999000	 120	 999000	 999	 6.413462e+02	 716.67	 716.67	 10.00	 3	 0.68	 
BFE_310	 2	 5	 2219.jpg	 6.433317e+02	 24	 999000	 240	 999000	 999	 6.443496e+02	 716.67	 716.67	 60.00	 40	 0.60	 
BFE_310	 2	 5	 2101.jpg	 6.503226e+02	 24	 999000	 240	 999000	 999	 6.513408e+02	 716.67	 716.67	 61.00	 1	 0.59	 
BFE_310	 2	 5	 1102.jpg	 6.543274e+02	 12	 999000	 120	 999000	 999	 6.553452e+02	 716.67	 716.67	 20.00	 2	 0.53	 
BFE_310	 2	 5	 2216.jpg	 6.613353e+02	 24	 999000	 240	 999000	 999	 6.623531e+02	 716.67	 716.67	 55.00	 37	 0.68	 
