subjectID	 order	 runNum	 itemName	 onsetTime	 shuff_trialType	 RT	 respInTime	 AudioTime	 response	 fixationTime	 ladder1	 ladder2	 bidIndex	 itemNameIndex	 bidValue	 
BFE_309	 1	 2	 2116.jpg	 1.161580e+02	 24	 999000	 240	 999000	 999	 1.171758e+02	 716.67	 716.67	 43.00	 16	 0.74	 
BFE_309	 1	 2	 2106.jpg	 1.181436e+02	 24	 999000	 240	 999000	 999	 1.191614e+02	 716.67	 716.67	 61.00	 6	 0.53	 
BFE_309	 1	 2	 2206.jpg	 1.221481e+02	 24	 999000	 240	 999000	 999	 1.231659e+02	 716.67	 716.67	 51.00	 27	 0.60	 
BFE_309	 1	 2	 1206.jpg	 1.251515e+02	 12	 999000	 120	 999000	 999	 1.261693e+02	 716.67	 716.67	 11.00	 27	 0.56	 
BFE_309	 1	 2	 1209.jpg	 1.271537e+02	 12	 7.766823e+02	 12	 999000	 98	 1.281714e+02	 716.67	 716.67	 8.00	 30	 0.68	 
BFE_309	 1	 2	 1218.jpg	 1.301402e+02	 12	 999000	 120	 999000	 999	 1.311582e+02	 716.67	 716.67	 21.00	 39	 0.46	 
BFE_309	 1	 2	 1111.jpg	 1.341449e+02	 11	 6.495027e+02	 11	 7.167230e+02	 98	 1.351627e+02	 733.33	 716.67	 10.00	 11	 0.57	 
BFE_309	 1	 2	 1202.jpg	 1.381494e+02	 11	 1.068923e+03	 1100	 7.333865e+02	 98	 1.391672e+02	 683.33	 716.67	 7.00	 23	 0.69	 
BFE_309	 1	 2	 1121.jpg	 1.401516e+02	 12	 999000	 120	 999000	 999	 1.411694e+02	 683.33	 716.67	 9.00	 21	 0.63	 
BFE_309	 1	 2	 2216.jpg	 1.451407e+02	 24	 999000	 240	 999000	 999	 1.461583e+02	 683.33	 716.67	 57.00	 37	 0.54	 
BFE_309	 1	 2	 1216.jpg	 1.471428e+02	 12	 999000	 120	 999000	 999	 1.481607e+02	 683.33	 716.67	 14.00	 37	 0.50	 
BFE_309	 1	 2	 1116.jpg	 1.491450e+02	 12	 999000	 120	 999000	 999	 1.501628e+02	 683.33	 716.67	 17.00	 16	 0.48	 
BFE_309	 1	 2	 1113.jpg	 1.551519e+02	 12	 999000	 120	 999000	 999	 1.561695e+02	 683.33	 716.67	 19.00	 13	 0.48	 
BFE_309	 1	 2	 2219.jpg	 1.571540e+02	 24	 999000	 240	 999000	 999	 1.581718e+02	 683.33	 716.67	 54.00	 40	 0.58	 
BFE_309	 1	 2	 2108.jpg	 1.591397e+02	 24	 999000	 240	 999000	 999	 1.601574e+02	 683.33	 716.67	 78.00	 8	 0.19	 
BFE_309	 1	 2	 1112.jpg	 1.611419e+02	 12	 999000	 120	 999000	 999	 1.621597e+02	 683.33	 716.67	 37.00	 12	 0.26	 
BFE_309	 1	 2	 2120.jpg	 1.651464e+02	 24	 999000	 240	 999000	 999	 1.661642e+02	 683.33	 716.67	 56.00	 20	 0.56	 
BFE_309	 1	 2	 2109.jpg	 1.691508e+02	 22	 9.875801e+02	 220	 7.167167e+02	 98	 1.701686e+02	 683.33	 733.33	 50.00	 9	 0.63	 
BFE_309	 1	 2	 1213.jpg	 1.721543e+02	 12	 999000	 120	 999000	 999	 1.731720e+02	 683.33	 733.33	 3.00	 34	 0.74	 
BFE_309	 1	 2	 2213.jpg	 1.761420e+02	 22	 9.403684e+02	 220	 7.333649e+02	 98	 1.771598e+02	 683.33	 750.00	 58.00	 34	 0.54	 
BFE_309	 1	 2	 1212.jpg	 1.791454e+02	 11	 1.032947e+03	 1100	 6.833628e+02	 98	 1.801632e+02	 633.33	 750.00	 12.00	 33	 0.54	 
BFE_309	 1	 2	 2111.jpg	 1.811477e+02	 24	 999000	 240	 999000	 999	 1.821654e+02	 633.33	 750.00	 49.00	 11	 0.64	 
BFE_309	 1	 2	 1217.jpg	 1.851522e+02	 12	 999000	 120	 999000	 999	 1.861699e+02	 633.33	 750.00	 20.00	 38	 0.47	 
BFE_309	 1	 2	 2102.jpg	 1.871545e+02	 24	 999000	 240	 999000	 999	 1.881722e+02	 633.33	 750.00	 48.00	 2	 0.65	 
BFE_309	 1	 2	 1103.jpg	 1.891397e+02	 12	 999000	 120	 999000	 999	 1.901577e+02	 633.33	 750.00	 4.00	 3	 0.73	 
BFE_309	 1	 2	 2112.jpg	 1.931444e+02	 24	 999000	 240	 999000	 999	 1.941624e+02	 633.33	 750.00	 77.00	 12	 0.23	 
BFE_309	 1	 2	 2211.jpg	 1.951467e+02	 22	 9.356669e+02	 220	 7.500380e+02	 98	 1.961644e+02	 633.33	 766.67	 47.00	 32	 0.67	 
BFE_309	 1	 2	 2210.jpg	 1.991512e+02	 24	 999000	 240	 999000	 999	 2.001690e+02	 633.33	 766.67	 62.00	 31	 0.52	 
BFE_309	 1	 2	 1210.jpg	 2.031557e+02	 11	 5.346137e+02	 11	 6.333716e+02	 98	 2.041735e+02	 650.00	 766.67	 15.00	 31	 0.50	 
BFE_309	 1	 2	 2118.jpg	 2.061424e+02	 24	 999000	 240	 999000	 999	 2.071601e+02	 650.00	 766.67	 59.00	 18	 0.54	 
BFE_309	 1	 2	 1109.jpg	 2.121491e+02	 11	 9.252306e+02	 110	 6.500370e+02	 98	 2.131670e+02	 666.67	 766.67	 18.00	 9	 0.48	 
BFE_309	 1	 2	 1104.jpg	 2.141514e+02	 12	 999000	 120	 999000	 999	 2.151692e+02	 666.67	 766.67	 16.00	 4	 0.49	 
BFE_309	 1	 2	 2101.jpg	 2.181559e+02	 24	 999000	 240	 999000	 999	 2.191737e+02	 666.67	 766.67	 60.00	 1	 0.53	 
BFE_309	 1	 2	 2207.jpg	 2.201414e+02	 22	 1.156899e+03	 2200	 7.667045e+02	 98	 2.211592e+02	 666.67	 716.67	 53.00	 28	 0.59	 
BFE_309	 1	 2	 1219.jpg	 2.221436e+02	 11	 9.707313e+02	 110	 6.666933e+02	 98	 2.231615e+02	 683.33	 716.67	 13.00	 40	 0.51	 
BFE_309	 1	 2	 2218.jpg	 2.241459e+02	 22	 9.124904e+02	 220	 7.167000e+02	 98	 2.251636e+02	 683.33	 733.33	 52.00	 39	 0.59	 
BFE_309	 1	 2	 1105.jpg	 2.291515e+02	 12	 999000	 120	 999000	 999	 2.301693e+02	 683.33	 733.33	 22.00	 5	 0.46	 
BFE_309	 1	 2	 2110.jpg	 2.311537e+02	 24	 999000	 240	 999000	 999	 2.321715e+02	 683.33	 733.33	 44.00	 10	 0.72	 
BFE_309	 1	 2	 2115.jpg	 2.331391e+02	 22	 1.071216e+03	 2200	 7.333599e+02	 98	 2.341571e+02	 683.33	 683.33	 55.00	 15	 0.56	 
BFE_309	 1	 2	 1107.jpg	 2.361427e+02	 12	 999000	 120	 999000	 999	 2.371605e+02	 683.33	 683.33	 38.00	 7	 0.26	 
