subjectID	 order	 runNum	 itemName	 onsetTime	 shuff_trialType	 RT	 respInTime	 AudioTime	 response	 fixationTime	 ladder1	 ladder2	 bidIndex	 itemNameIndex	 bidValue	 
BFE_316	 2	 9	 1204.jpg	 1.085544e+03	 12	 999000	 120	 999000	 999	 1.086562e+03	 683.33	 683.33	 21.00	 25	 0.56	 
BFE_316	 2	 9	 2208.jpg	 1.088547e+03	 24	 999000	 240	 999000	 999	 1.089565e+03	 683.33	 683.33	 50.00	 29	 0.62	 
BFE_316	 2	 9	 2214.jpg	 1.090550e+03	 24	 999000	 240	 999000	 999	 1.091567e+03	 683.33	 683.33	 43.00	 35	 0.82	 
BFE_316	 2	 9	 1110.jpg	 1.092552e+03	 12	 999000	 120	 999000	 999	 1.093570e+03	 683.33	 683.33	 10.00	 10	 0.67	 
BFE_316	 2	 9	 1121.jpg	 1.094554e+03	 12	 999000	 120	 999000	 999	 1.095572e+03	 683.33	 683.33	 13.00	 21	 0.64	 
BFE_316	 2	 9	 1115.jpg	 1.097541e+03	 12	 999000	 120	 999000	 999	 1.098559e+03	 683.33	 683.33	 15.00	 15	 0.61	 
BFE_316	 2	 9	 2109.jpg	 1.099543e+03	 24	 999000	 240	 999000	 999	 1.100561e+03	 683.33	 683.33	 44.00	 9	 0.81	 
BFE_316	 2	 9	 1113.jpg	 1.103548e+03	 12	 999000	 120	 999000	 999	 1.104565e+03	 683.33	 683.33	 19.00	 13	 0.59	 
BFE_316	 2	 9	 2115.jpg	 1.105550e+03	 22	 1.028625e+03	 2200	 6.833832e+02	 98	 1.106568e+03	 683.33	 633.33	 51.00	 15	 0.61	 
BFE_316	 2	 9	 2209.jpg	 1.110539e+03	 22	 8.718402e+02	 220	 6.333711e+02	 98	 1.111556e+03	 683.33	 650.00	 54.00	 30	 0.59	 
BFE_316	 2	 9	 2218.jpg	 1.112541e+03	 24	 999000	 240	 999000	 999	 1.113575e+03	 683.33	 650.00	 59.00	 39	 0.51	 
BFE_316	 2	 9	 1209.jpg	 1.116546e+03	 12	 999000	 120	 999000	 999	 1.117563e+03	 683.33	 650.00	 3.00	 30	 0.77	 
BFE_316	 2	 9	 1208.jpg	 1.118548e+03	 11	 9.107296e+02	 110	 6.833845e+02	 98	 1.119566e+03	 700.00	 650.00	 17.00	 29	 0.59	 
BFE_316	 2	 9	 2121.jpg	 1.121551e+03	 24	 999000	 240	 999000	 999	 1.122569e+03	 700.00	 650.00	 55.00	 21	 0.58	 
BFE_316	 2	 9	 2106.jpg	 1.126540e+03	 24	 999000	 240	 999000	 999	 1.127558e+03	 700.00	 650.00	 61.00	 6	 0.47	 
BFE_316	 2	 9	 1206.jpg	 1.128542e+03	 11	 8.841537e+02	 110	 7.000285e+02	 98	 1.129560e+03	 716.67	 650.00	 8.00	 27	 0.68	 
BFE_316	 2	 9	 1218.jpg	 1.130544e+03	 12	 999000	 120	 999000	 999	 1.131562e+03	 716.67	 650.00	 18.00	 39	 0.59	 
BFE_316	 2	 9	 2202.jpg	 1.134549e+03	 22	 9.734330e+02	 220	 6.500296e+02	 98	 1.135567e+03	 716.67	 666.67	 48.00	 23	 0.66	 
BFE_316	 2	 9	 1213.jpg	 1.138553e+03	 12	 999000	 120	 999000	 999	 1.139571e+03	 716.67	 666.67	 12.00	 34	 0.66	 
BFE_316	 2	 9	 2205.jpg	 1.142541e+03	 24	 999000	 240	 999000	 999	 1.143559e+03	 716.67	 666.67	 53.00	 26	 0.61	 
BFE_316	 2	 9	 1216.jpg	 1.144543e+03	 11	 1.002995e+03	 1100	 7.167122e+02	 98	 1.145563e+03	 666.67	 666.67	 9.00	 37	 0.68	 
BFE_316	 2	 9	 2108.jpg	 1.146546e+03	 24	 999000	 240	 999000	 999	 1.147564e+03	 666.67	 666.67	 77.00	 8	 0.19	 
BFE_316	 2	 9	 1219.jpg	 1.148548e+03	 12	 999000	 120	 999000	 999	 1.149566e+03	 666.67	 666.67	 20.00	 40	 0.57	 
BFE_316	 2	 9	 2113.jpg	 1.150550e+03	 24	 999000	 240	 999000	 999	 1.151568e+03	 666.67	 666.67	 58.00	 13	 0.51	 
BFE_316	 2	 9	 1214.jpg	 1.156540e+03	 12	 999000	 120	 999000	 999	 1.157558e+03	 666.67	 666.67	 4.00	 35	 0.75	 
BFE_316	 2	 9	 2206.jpg	 1.159544e+03	 22	 8.668066e+02	 220	 6.666986e+02	 98	 1.160561e+03	 666.67	 683.33	 49.00	 27	 0.63	 
BFE_316	 2	 9	 1205.jpg	 1.161546e+03	 12	 999000	 120	 999000	 999	 1.162563e+03	 666.67	 683.33	 22.00	 26	 0.55	 
BFE_316	 2	 9	 2120.jpg	 1.163548e+03	 24	 999000	 240	 999000	 999	 1.164566e+03	 666.67	 683.33	 52.00	 20	 0.61	 
BFE_316	 2	 9	 1114.jpg	 1.166552e+03	 11	 8.748949e+02	 110	 6.666936e+02	 98	 1.167569e+03	 683.33	 683.33	 14.00	 14	 0.62	 
BFE_316	 2	 9	 2102.jpg	 1.168554e+03	 22	 9.286913e+02	 220	 6.833737e+02	 98	 1.169572e+03	 683.33	 700.00	 56.00	 2	 0.57	 
BFE_316	 2	 9	 1119.jpg	 1.170539e+03	 12	 999000	 120	 999000	 999	 1.171557e+03	 683.33	 700.00	 37.00	 19	 0.17	 
BFE_316	 2	 9	 2114.jpg	 1.172542e+03	 22	 8.608308e+02	 220	 7.000316e+02	 98	 1.173559e+03	 683.33	 716.67	 57.00	 14	 0.52	 
BFE_316	 2	 9	 2203.jpg	 1.175562e+03	 24	 999000	 240	 999000	 999	 1.176579e+03	 683.33	 716.67	 62.00	 24	 0.47	 
BFE_316	 2	 9	 1103.jpg	 1.177547e+03	 12	 999000	 120	 999000	 999	 1.178565e+03	 683.33	 716.67	 7.00	 3	 0.71	 
BFE_316	 2	 9	 1106.jpg	 1.179549e+03	 11	 8.930556e+02	 110	 6.833661e+02	 98	 1.180567e+03	 700.00	 716.67	 16.00	 6	 0.60	 
BFE_316	 2	 9	 2105.jpg	 1.181552e+03	 24	 999000	 240	 999000	 999	 1.182570e+03	 700.00	 716.67	 60.00	 5	 0.51	 
BFE_316	 2	 9	 1116.jpg	 1.183554e+03	 12	 999000	 120	 999000	 999	 1.184572e+03	 700.00	 716.67	 38.00	 16	 0.17	 
BFE_316	 2	 9	 1202.jpg	 1.189544e+03	 11	 1.018493e+03	 1100	 7.000324e+02	 98	 1.190562e+03	 650.00	 716.67	 11.00	 23	 0.66	 
BFE_316	 2	 9	 2211.jpg	 1.192547e+03	 24	 999000	 240	 999000	 999	 1.193565e+03	 650.00	 716.67	 47.00	 32	 0.70	 
BFE_316	 2	 9	 2104.jpg	 1.196552e+03	 24	 999000	 240	 999000	 999	 1.197570e+03	 650.00	 716.67	 78.00	 4	 0.17	 
