subjectID	 order	 runNum	 itemName	 onsetTime	 shuff_trialType	 RT	 respInTime	 AudioTime	 response	 fixationTime	 ladder1	 ladder2	 bidIndex	 itemNameIndex	 bidValue	 
BFE_314	 2	 9	 1109.jpg	 1.020601e+03	 12	 7.926193e+02	 12	 999000	 98	 1.021619e+03	 750.00	 816.67	 22.00	 9	 0.48	 
BFE_314	 2	 9	 2209.jpg	 1.023588e+03	 24	 999000	 240	 999000	 999	 1.024606e+03	 750.00	 816.67	 60.00	 30	 0.53	 
BFE_314	 2	 9	 2218.jpg	 1.027592e+03	 24	 999000	 240	 999000	 999	 1.028610e+03	 750.00	 816.67	 77.00	 39	 0.20	 
BFE_314	 2	 9	 2201.jpg	 1.029595e+03	 24	 999000	 240	 999000	 999	 1.030612e+03	 750.00	 816.67	 52.00	 22	 0.62	 
BFE_314	 2	 9	 1205.jpg	 1.031597e+03	 12	 999000	 120	 999000	 999	 1.032615e+03	 750.00	 816.67	 13.00	 26	 0.67	 
BFE_314	 2	 9	 2120.jpg	 1.035585e+03	 24	 999000	 240	 999000	 999	 1.036602e+03	 750.00	 816.67	 53.00	 20	 0.61	 
BFE_314	 2	 9	 1110.jpg	 1.037587e+03	 11	 5.508369e+02	 11	 7.500425e+02	 98	 1.038605e+03	 766.67	 816.67	 8.00	 10	 0.72	 
BFE_314	 2	 9	 1118.jpg	 1.042593e+03	 12	 999000	 120	 999000	 999	 1.043610e+03	 766.67	 816.67	 37.00	 18	 0.20	 
BFE_314	 2	 9	 1121.jpg	 1.044595e+03	 12	 999000	 120	 999000	 999	 1.045612e+03	 766.67	 816.67	 7.00	 21	 0.73	 
BFE_314	 2	 9	 2102.jpg	 1.047581e+03	 24	 999000	 240	 999000	 999	 1.048599e+03	 766.67	 816.67	 55.00	 2	 0.57	 
BFE_314	 2	 9	 2105.jpg	 1.050585e+03	 24	 999000	 240	 999000	 999	 1.051603e+03	 766.67	 816.67	 59.00	 5	 0.53	 
BFE_314	 2	 9	 1103.jpg	 1.054589e+03	 11	 5.484606e+02	 11	 7.666978e+02	 98	 1.055607e+03	 783.33	 816.67	 9.00	 3	 0.71	 
BFE_314	 2	 9	 2113.jpg	 1.057593e+03	 24	 999000	 240	 999000	 999	 1.058610e+03	 783.33	 816.67	 43.00	 13	 0.82	 
BFE_314	 2	 9	 2119.jpg	 1.059595e+03	 24	 999000	 240	 999000	 999	 1.060613e+03	 783.33	 816.67	 61.00	 19	 0.51	 
BFE_314	 2	 9	 2115.jpg	 1.062581e+03	 22	 7.484956e+02	 22	 8.167235e+02	 98	 1.063599e+03	 783.33	 833.33	 51.00	 15	 0.64	 
BFE_314	 2	 9	 2107.jpg	 1.066586e+03	 22	 9.596827e+02	 220	 8.333644e+02	 98	 1.067604e+03	 783.33	 850.00	 57.00	 7	 0.55	 
BFE_314	 2	 9	 2203.jpg	 1.069589e+03	 24	 999000	 240	 999000	 999	 1.070607e+03	 783.33	 850.00	 78.00	 24	 0.17	 
BFE_314	 2	 9	 2121.jpg	 1.071592e+03	 24	 999000	 240	 999000	 999	 1.072609e+03	 783.33	 850.00	 50.00	 21	 0.68	 
BFE_314	 2	 9	 1215.jpg	 1.073594e+03	 12	 999000	 120	 999000	 999	 1.074612e+03	 783.33	 850.00	 20.00	 36	 0.49	 
BFE_314	 2	 9	 2106.jpg	 1.078583e+03	 24	 999000	 240	 999000	 999	 1.079601e+03	 783.33	 850.00	 44.00	 6	 0.78	 
BFE_314	 2	 9	 2104.jpg	 1.082587e+03	 22	 7.504707e+02	 22	 8.500315e+02	 98	 1.083605e+03	 783.33	 866.67	 48.00	 4	 0.71	 
BFE_314	 2	 9	 1209.jpg	 1.086592e+03	 12	 999000	 120	 999000	 999	 1.087610e+03	 783.33	 866.67	 18.00	 30	 0.50	 
BFE_314	 2	 9	 2114.jpg	 1.092582e+03	 24	 999000	 240	 999000	 999	 1.093600e+03	 783.33	 866.67	 62.00	 14	 0.50	 
BFE_314	 2	 9	 2109.jpg	 1.094584e+03	 22	 1.025602e+03	 2200	 8.666992e+02	 98	 1.095602e+03	 783.33	 816.67	 54.00	 9	 0.59	 
BFE_314	 2	 9	 1120.jpg	 1.096586e+03	 12	 999000	 120	 999000	 999	 1.097604e+03	 783.33	 816.67	 12.00	 20	 0.68	 
BFE_314	 2	 9	 1203.jpg	 1.098589e+03	 12	 999000	 120	 999000	 999	 1.099606e+03	 783.33	 816.67	 38.00	 24	 0.19	 
BFE_314	 2	 9	 1201.jpg	 1.100591e+03	 12	 999000	 120	 999000	 999	 1.101609e+03	 783.33	 816.67	 4.00	 22	 0.75	 
BFE_314	 2	 9	 1104.jpg	 1.104595e+03	 11	 8.064870e+02	 110	 7.833590e+02	 98	 1.105613e+03	 800.00	 816.67	 14.00	 4	 0.64	 
BFE_314	 2	 9	 1106.jpg	 1.106598e+03	 12	 999000	 120	 999000	 999	 1.107615e+03	 800.00	 816.67	 10.00	 6	 0.70	 
BFE_314	 2	 9	 1114.jpg	 1.110585e+03	 12	 999000	 120	 999000	 999	 1.111603e+03	 800.00	 816.67	 15.00	 14	 0.55	 
BFE_314	 2	 9	 2206.jpg	 1.112588e+03	 22	 6.861551e+02	 22	 8.167333e+02	 98	 1.113605e+03	 800.00	 833.33	 49.00	 27	 0.69	 
BFE_314	 2	 9	 1105.jpg	 1.114590e+03	 11	 1.171850e+03	 1100	 8.000320e+02	 98	 1.115608e+03	 750.00	 833.33	 16.00	 5	 0.55	 
BFE_314	 2	 9	 1204.jpg	 1.116592e+03	 11	 1.025673e+03	 1100	 7.500320e+02	 98	 1.117610e+03	 700.00	 833.33	 17.00	 25	 0.52	 
BFE_314	 2	 9	 1208.jpg	 1.121581e+03	 12	 999000	 120	 999000	 999	 1.122599e+03	 700.00	 833.33	 19.00	 29	 0.49	 
BFE_314	 2	 9	 2111.jpg	 1.123583e+03	 22	 9.545213e+02	 220	 8.333656e+02	 98	 1.124601e+03	 700.00	 850.00	 56.00	 11	 0.56	 
BFE_314	 2	 9	 1216.jpg	 1.125585e+03	 12	 999000	 120	 999000	 999	 1.126603e+03	 700.00	 850.00	 3.00	 37	 0.77	 
BFE_314	 2	 9	 1115.jpg	 1.128589e+03	 11	 6.529376e+02	 11	 7.000332e+02	 98	 1.129607e+03	 716.67	 850.00	 11.00	 15	 0.70	 
BFE_314	 2	 9	 2205.jpg	 1.135597e+03	 24	 999000	 240	 999000	 999	 1.136614e+03	 716.67	 850.00	 47.00	 26	 0.74	 
BFE_314	 2	 9	 2103.jpg	 1.139584e+03	 24	 999000	 240	 999000	 999	 1.140602e+03	 716.67	 850.00	 58.00	 3	 0.54	 
BFE_314	 2	 9	 1107.jpg	 1.146592e+03	 12	 999000	 120	 999000	 999	 1.147610e+03	 716.67	 850.00	 21.00	 7	 0.48	 
