subjectID	 order	 runNum	 itemName	 onsetTime	 shuff_trialType	 RT	 respInTime	 AudioTime	 response	 fixationTime	 ladder1	 ladder2	 bidIndex	 itemNameIndex	 bidValue	 
BFE_325	 1	 7	 1205.jpg	 8.287577e+02	 12	 999000	 120	 999000	 999	 8.297755e+02	 683.33	 750.00	 20.00	 26	 0.48	 
BFE_325	 1	 7	 1114.jpg	 8.337468e+02	 11	 9.350155e+02	 110	 6.833763e+02	 98	 8.347645e+02	 700.00	 750.00	 15.00	 14	 0.60	 
BFE_325	 1	 7	 1207.jpg	 8.357489e+02	 11	 9.248228e+02	 110	 7.000353e+02	 98	 8.367667e+02	 716.67	 750.00	 18.00	 28	 0.54	 
BFE_325	 1	 7	 1107.jpg	 8.377511e+02	 12	 999000	 120	 999000	 999	 8.387690e+02	 716.67	 750.00	 38.00	 7	 0.22	 
BFE_325	 1	 7	 1214.jpg	 8.437412e+02	 12	 999000	 120	 999000	 999	 8.447591e+02	 716.67	 750.00	 21.00	 35	 0.45	 
BFE_325	 1	 7	 2108.jpg	 8.457436e+02	 24	 999000	 240	 999000	 999	 8.467613e+02	 716.67	 750.00	 78.00	 8	 0.16	 
BFE_325	 1	 7	 2202.jpg	 8.487469e+02	 22	 1.054880e+03	 2200	 7.500397e+02	 98	 8.497646e+02	 716.67	 700.00	 55.00	 23	 0.60	 
BFE_325	 1	 7	 1206.jpg	 8.507491e+02	 12	 999000	 120	 999000	 999	 8.517669e+02	 716.67	 700.00	 8.00	 27	 0.69	 
BFE_325	 1	 7	 1110.jpg	 8.547366e+02	 12	 999000	 120	 999000	 999	 8.557547e+02	 716.67	 700.00	 16.00	 10	 0.58	 
BFE_325	 1	 7	 2204.jpg	 8.567392e+02	 22	 9.825860e+02	 220	 7.000324e+02	 98	 8.577570e+02	 716.67	 716.67	 58.00	 25	 0.57	 
BFE_325	 1	 7	 2213.jpg	 8.617468e+02	 24	 999000	 240	 999000	 999	 8.627626e+02	 716.67	 716.67	 43.00	 34	 0.82	 
BFE_325	 1	 7	 1216.jpg	 8.687357e+02	 12	 999000	 120	 999000	 999	 8.697538e+02	 716.67	 716.67	 4.00	 37	 0.75	 
BFE_325	 1	 7	 1115.jpg	 8.707383e+02	 12	 999000	 120	 999000	 999	 8.717560e+02	 716.67	 716.67	 37.00	 15	 0.24	 
BFE_325	 1	 7	 2214.jpg	 8.737416e+02	 22	 9.882132e+02	 220	 7.166962e+02	 98	 8.747594e+02	 716.67	 733.33	 53.00	 35	 0.63	 
BFE_325	 1	 7	 2215.jpg	 8.767450e+02	 24	 999000	 240	 999000	 999	 8.777628e+02	 716.67	 733.33	 56.00	 36	 0.59	 
BFE_325	 1	 7	 1211.jpg	 8.807495e+02	 11	 9.243095e+02	 110	 7.166972e+02	 98	 8.817672e+02	 733.33	 733.33	 7.00	 32	 0.74	 
BFE_325	 1	 7	 1208.jpg	 8.847373e+02	 12	 999000	 120	 999000	 999	 8.857551e+02	 733.33	 733.33	 3.00	 29	 0.77	 
BFE_325	 1	 7	 2216.jpg	 8.887418e+02	 24	 999000	 240	 999000	 999	 8.897596e+02	 733.33	 733.33	 60.00	 37	 0.53	 
BFE_325	 1	 7	 2219.jpg	 8.917451e+02	 24	 999000	 240	 999000	 999	 8.927630e+02	 733.33	 733.33	 61.00	 40	 0.53	 
BFE_325	 1	 7	 2116.jpg	 8.977519e+02	 24	 999000	 240	 999000	 999	 8.987697e+02	 733.33	 733.33	 44.00	 16	 0.80	 
BFE_325	 1	 7	 1202.jpg	 8.997375e+02	 12	 999000	 120	 999000	 999	 9.007553e+02	 733.33	 733.33	 11.00	 23	 0.65	 
BFE_325	 1	 7	 2115.jpg	 9.027408e+02	 22	 1.012948e+03	 2200	 7.333634e+02	 98	 9.037599e+02	 733.33	 683.33	 47.00	 15	 0.73	 
BFE_325	 1	 7	 1204.jpg	 9.047431e+02	 12	 999000	 120	 999000	 999	 9.057609e+02	 733.33	 683.33	 19.00	 25	 0.50	 
BFE_325	 1	 7	 1213.jpg	 9.067454e+02	 11	 9.923985e+02	 110	 7.333608e+02	 98	 9.077631e+02	 750.00	 683.33	 12.00	 34	 0.65	 
BFE_325	 1	 7	 2217.jpg	 9.087475e+02	 24	 999000	 240	 999000	 999	 9.097653e+02	 750.00	 683.33	 59.00	 38	 0.54	 
BFE_325	 1	 7	 1219.jpg	 9.117509e+02	 12	 999000	 120	 999000	 999	 9.127687e+02	 750.00	 683.33	 14.00	 40	 0.62	 
BFE_325	 1	 7	 2111.jpg	 9.157388e+02	 24	 999000	 240	 999000	 999	 9.167565e+02	 750.00	 683.33	 51.00	 11	 0.64	 
BFE_325	 1	 7	 2114.jpg	 9.177410e+02	 22	 9.887847e+02	 220	 6.833666e+02	 98	 9.187587e+02	 750.00	 700.00	 50.00	 14	 0.64	 
BFE_325	 1	 7	 1103.jpg	 9.197432e+02	 12	 999000	 120	 999000	 999	 9.207610e+02	 750.00	 700.00	 17.00	 3	 0.54	 
BFE_325	 1	 7	 1111.jpg	 9.217455e+02	 12	 999000	 120	 999000	 999	 9.227632e+02	 750.00	 700.00	 9.00	 11	 0.67	 
BFE_325	 1	 7	 2121.jpg	 9.237477e+02	 24	 999000	 240	 999000	 999	 9.247655e+02	 750.00	 700.00	 54.00	 21	 0.61	 
BFE_325	 1	 7	 1209.jpg	 9.257500e+02	 11	 9.558198e+02	 110	 7.500370e+02	 98	 9.267678e+02	 766.67	 700.00	 13.00	 30	 0.64	 
BFE_325	 1	 7	 1203.jpg	 9.297378e+02	 12	 999000	 120	 999000	 999	 9.307556e+02	 766.67	 700.00	 22.00	 24	 0.44	 
BFE_325	 1	 7	 2209.jpg	 9.337423e+02	 24	 999000	 240	 999000	 999	 9.347601e+02	 766.67	 700.00	 48.00	 30	 0.68	 
BFE_325	 1	 7	 2205.jpg	 9.357445e+02	 24	 999000	 240	 999000	 999	 9.367623e+02	 766.67	 700.00	 49.00	 26	 0.67	 
BFE_325	 1	 7	 2208.jpg	 9.377467e+02	 24	 999000	 240	 999000	 999	 9.387646e+02	 766.67	 700.00	 57.00	 29	 0.59	 
BFE_325	 1	 7	 2203.jpg	 9.397491e+02	 24	 999000	 240	 999000	 999	 9.407668e+02	 766.67	 700.00	 77.00	 24	 0.20	 
BFE_325	 1	 7	 2212.jpg	 9.417513e+02	 22	 9.144994e+02	 220	 7.000283e+02	 98	 9.427690e+02	 766.67	 716.67	 52.00	 33	 0.63	 
BFE_325	 1	 7	 2109.jpg	 9.477413e+02	 24	 999000	 240	 999000	 999	 9.487591e+02	 766.67	 716.67	 62.00	 9	 0.52	 
BFE_325	 1	 7	 1113.jpg	 9.497435e+02	 11	 1.018261e+03	 1100	 7.666934e+02	 98	 9.507614e+02	 716.67	 716.67	 10.00	 13	 0.65	 
