subjectID	 order	 runNum	 itemName	 onsetTime	 shuff_trialType	 RT	 respInTime	 AudioTime	 response	 fixationTime	 ladder1	 ladder2	 bidIndex	 itemNameIndex	 bidValue	 
BFE_319	 1	 4	 2212.jpg	 3.709178e+02	 24	 999000	 240	 999000	 999	 3.719356e+02	 716.67	 650.00	 61.00	 33	 0.49	 
BFE_319	 1	 4	 1210.jpg	 3.759067e+02	 11	 1.047486e+03	 1100	 7.167167e+02	 98	 3.769245e+02	 666.67	 650.00	 15.00	 31	 0.58	 
BFE_319	 1	 4	 1107.jpg	 3.779091e+02	 12	 999000	 120	 999000	 999	 3.789267e+02	 666.67	 650.00	 3.00	 7	 0.83	 
BFE_319	 1	 4	 1206.jpg	 3.799113e+02	 12	 999000	 120	 999000	 999	 3.809290e+02	 666.67	 650.00	 8.00	 27	 0.66	 
BFE_319	 1	 4	 1209.jpg	 3.859014e+02	 12	 999000	 120	 999000	 999	 3.869190e+02	 666.67	 650.00	 14.00	 30	 0.59	 
BFE_319	 1	 4	 2205.jpg	 3.879036e+02	 22	 9.546026e+02	 220	 6.500624e+02	 98	 3.889214e+02	 666.67	 666.67	 50.00	 26	 0.60	 
BFE_319	 1	 4	 2215.jpg	 3.909069e+02	 22	 9.352959e+02	 220	 6.667064e+02	 98	 3.919247e+02	 666.67	 683.33	 55.00	 36	 0.56	 
BFE_319	 1	 4	 1119.jpg	 3.929092e+02	 12	 999000	 120	 999000	 999	 3.939270e+02	 666.67	 683.33	 22.00	 19	 0.44	 
BFE_319	 1	 4	 1109.jpg	 3.969136e+02	 12	 999000	 120	 999000	 999	 3.979314e+02	 666.67	 683.33	 11.00	 9	 0.61	 
BFE_319	 1	 4	 1207.jpg	 3.989159e+02	 12	 999000	 120	 999000	 999	 3.999337e+02	 666.67	 683.33	 19.00	 28	 0.52	 
BFE_319	 1	 4	 1213.jpg	 4.039048e+02	 12	 999000	 120	 999000	 999	 4.049226e+02	 666.67	 683.33	 17.00	 34	 0.56	 
BFE_319	 1	 4	 2107.jpg	 4.109128e+02	 22	 1.041441e+03	 2200	 6.833713e+02	 98	 4.119305e+02	 666.67	 633.33	 52.00	 7	 0.60	 
BFE_319	 1	 4	 2202.jpg	 4.129150e+02	 24	 999000	 240	 999000	 999	 4.139328e+02	 666.67	 633.33	 78.00	 23	 0.28	 
BFE_319	 1	 4	 1217.jpg	 4.159017e+02	 12	 999000	 120	 999000	 999	 4.169194e+02	 666.67	 633.33	 38.00	 38	 0.24	 
BFE_319	 1	 4	 2104.jpg	 4.189050e+02	 24	 999000	 240	 999000	 999	 4.199227e+02	 666.67	 633.33	 48.00	 4	 0.65	 
BFE_319	 1	 4	 1103.jpg	 4.229095e+02	 11	 9.086727e+02	 110	 6.667057e+02	 98	 4.239272e+02	 683.33	 633.33	 7.00	 3	 0.71	 
BFE_319	 1	 4	 1105.jpg	 4.269140e+02	 11	 9.282222e+02	 110	 6.833670e+02	 98	 4.279318e+02	 700.00	 633.33	 13.00	 5	 0.60	 
BFE_319	 1	 4	 2101.jpg	 4.309018e+02	 24	 999000	 240	 999000	 999	 4.319196e+02	 700.00	 633.33	 54.00	 1	 0.56	 
BFE_319	 1	 4	 2219.jpg	 4.339054e+02	 24	 999000	 240	 999000	 999	 4.349230e+02	 700.00	 633.33	 62.00	 40	 0.47	 
BFE_319	 1	 4	 2207.jpg	 4.399120e+02	 22	 8.582237e+02	 220	 6.333646e+02	 98	 4.409297e+02	 700.00	 650.00	 58.00	 28	 0.53	 
BFE_319	 1	 4	 2102.jpg	 4.419141e+02	 22	 9.360647e+02	 220	 6.500406e+02	 98	 4.429320e+02	 700.00	 666.67	 47.00	 2	 0.70	 
BFE_319	 1	 4	 1120.jpg	 4.449005e+02	 11	 9.336613e+02	 110	 7.000375e+02	 98	 4.459187e+02	 716.67	 666.67	 12.00	 20	 0.60	 
BFE_319	 1	 4	 1115.jpg	 4.469032e+02	 11	 9.550282e+02	 110	 7.167076e+02	 98	 4.479209e+02	 733.33	 666.67	 18.00	 15	 0.54	 
BFE_319	 1	 4	 2114.jpg	 4.489054e+02	 24	 999000	 240	 999000	 999	 4.499231e+02	 733.33	 666.67	 57.00	 14	 0.56	 
BFE_319	 1	 4	 2110.jpg	 4.509077e+02	 24	 999000	 240	 999000	 999	 4.519254e+02	 733.33	 666.67	 59.00	 10	 0.50	 
BFE_319	 1	 4	 2106.jpg	 4.539110e+02	 24	 999000	 240	 999000	 999	 4.549288e+02	 733.33	 666.67	 60.00	 6	 0.50	 
BFE_319	 1	 4	 2118.jpg	 4.579155e+02	 24	 999000	 240	 999000	 999	 4.589333e+02	 733.33	 666.67	 43.00	 18	 0.80	 
BFE_319	 1	 4	 2108.jpg	 4.599010e+02	 24	 999000	 240	 999000	 999	 4.609189e+02	 733.33	 666.67	 77.00	 8	 0.28	 
BFE_319	 1	 4	 1208.jpg	 4.619033e+02	 12	 999000	 120	 999000	 999	 4.629211e+02	 733.33	 666.67	 37.00	 29	 0.24	 
BFE_319	 1	 4	 1118.jpg	 4.639056e+02	 11	 1.048625e+03	 1100	 7.333740e+02	 98	 4.649233e+02	 683.33	 666.67	 10.00	 18	 0.64	 
BFE_319	 1	 4	 1101.jpg	 4.659076e+02	 12	 999000	 120	 999000	 999	 4.669255e+02	 683.33	 666.67	 4.00	 1	 0.83	 
BFE_319	 1	 4	 2206.jpg	 4.679101e+02	 24	 999000	 240	 999000	 999	 4.689278e+02	 683.33	 666.67	 51.00	 27	 0.60	 
BFE_319	 1	 4	 2209.jpg	 4.719145e+02	 24	 999000	 240	 999000	 999	 4.729324e+02	 683.33	 666.67	 56.00	 30	 0.56	 
BFE_319	 1	 4	 2103.jpg	 4.759023e+02	 24	 999000	 240	 999000	 999	 4.769202e+02	 683.33	 666.67	 49.00	 3	 0.60	 
BFE_319	 1	 4	 1216.jpg	 4.779047e+02	 12	 999000	 120	 999000	 999	 4.789224e+02	 683.33	 666.67	 20.00	 37	 0.51	 
BFE_319	 1	 4	 2105.jpg	 4.799069e+02	 22	 9.113305e+02	 220	 6.667007e+02	 98	 4.809247e+02	 683.33	 683.33	 53.00	 5	 0.59	 
BFE_319	 1	 4	 2115.jpg	 4.819090e+02	 24	 999000	 240	 999000	 999	 4.829268e+02	 683.33	 683.33	 44.00	 15	 0.79	 
BFE_319	 1	 4	 1112.jpg	 4.839112e+02	 12	 999000	 120	 999000	 999	 4.849291e+02	 683.33	 683.33	 21.00	 12	 0.45	 
BFE_319	 1	 4	 1114.jpg	 4.899014e+02	 12	 999000	 120	 999000	 999	 4.909192e+02	 683.33	 683.33	 16.00	 14	 0.58	 
BFE_319	 1	 4	 1121.jpg	 4.919036e+02	 12	 999000	 120	 999000	 999	 4.929214e+02	 683.33	 683.33	 9.00	 21	 0.65	 
