subjectID	 order	 runNum	 itemName	 onsetTime	 shuff_trialType	 RT	 respInTime	 AudioTime	 response	 fixationTime	 ladder1	 ladder2	 bidIndex	 itemNameIndex	 bidValue	 
BFE_113	 1	 8	 1217.jpg	 9.497088e+02	 12	 999000	 120	 999000	 999	 9.507266e+02	 650.00	 716.67	 9.00	 38	 0.71	 
BFE_113	 1	 8	 1212.jpg	 9.526955e+02	 12	 999000	 120	 999000	 999	 9.537133e+02	 650.00	 716.67	 16.00	 33	 0.54	 
BFE_113	 1	 8	 1107.jpg	 9.546978e+02	 12	 999000	 120	 999000	 999	 9.557157e+02	 650.00	 716.67	 38.00	 7	 0.13	 
BFE_113	 1	 8	 2207.jpg	 9.566999e+02	 22	 9.900885e+02	 220	 7.167189e+02	 98	 9.577178e+02	 650.00	 733.33	 50.00	 28	 0.66	 
BFE_113	 1	 8	 1112.jpg	 9.587022e+02	 12	 999000	 120	 999000	 999	 9.597200e+02	 650.00	 733.33	 37.00	 12	 0.21	 
BFE_113	 1	 8	 2103.jpg	 9.617056e+02	 24	 999000	 240	 999000	 999	 9.627234e+02	 650.00	 733.33	 59.00	 3	 0.51	 
BFE_113	 1	 8	 2113.jpg	 9.636908e+02	 24	 999000	 240	 999000	 999	 9.647090e+02	 650.00	 733.33	 48.00	 13	 0.77	 
BFE_113	 1	 8	 1213.jpg	 9.676958e+02	 11	 8.662605e+02	 110	 6.500821e+02	 98	 9.687134e+02	 666.67	 733.33	 18.00	 34	 0.50	 
BFE_113	 1	 8	 2105.jpg	 9.696979e+02	 24	 999000	 240	 999000	 999	 9.707158e+02	 666.67	 733.33	 51.00	 5	 0.63	 
BFE_113	 1	 8	 1113.jpg	 9.747035e+02	 11	 8.745109e+02	 110	 6.666942e+02	 98	 9.757213e+02	 683.33	 733.33	 10.00	 13	 0.70	 
BFE_113	 1	 8	 1102.jpg	 9.767058e+02	 11	 8.722760e+02	 110	 6.833729e+02	 98	 9.777236e+02	 700.00	 733.33	 13.00	 2	 0.65	 
BFE_113	 1	 8	 1103.jpg	 9.806936e+02	 12	 999000	 120	 999000	 999	 9.817114e+02	 700.00	 733.33	 17.00	 3	 0.53	 
BFE_113	 1	 8	 2117.jpg	 9.826959e+02	 24	 999000	 240	 999000	 999	 9.837136e+02	 700.00	 733.33	 62.00	 17	 0.46	 
BFE_113	 1	 8	 1218.jpg	 9.856994e+02	 12	 999000	 120	 999000	 999	 9.867170e+02	 700.00	 733.33	 19.00	 39	 0.50	 
BFE_113	 1	 8	 2213.jpg	 9.907049e+02	 22	 1.073149e+03	 2200	 7.333725e+02	 98	 9.917226e+02	 700.00	 683.33	 53.00	 34	 0.62	 
BFE_113	 1	 8	 1106.jpg	 9.926900e+02	 11	 8.959854e+02	 110	 7.000637e+02	 98	 9.937082e+02	 716.67	 683.33	 7.00	 6	 0.78	 
BFE_113	 1	 8	 2111.jpg	 9.946927e+02	 24	 999000	 240	 999000	 999	 9.957104e+02	 716.67	 683.33	 56.00	 11	 0.55	 
BFE_113	 1	 8	 1204.jpg	 9.986971e+02	 12	 999000	 120	 999000	 999	 9.997149e+02	 716.67	 683.33	 21.00	 25	 0.49	 
BFE_113	 1	 8	 2218.jpg	 1.002702e+03	 22	 9.003286e+02	 220	 6.833675e+02	 98	 1.003719e+03	 716.67	 700.00	 58.00	 39	 0.52	 
BFE_113	 1	 8	 2102.jpg	 1.006706e+03	 24	 999000	 240	 999000	 999	 1.007724e+03	 716.67	 700.00	 61.00	 2	 0.47	 
BFE_113	 1	 8	 2209.jpg	 1.008692e+03	 22	 1.102232e+03	 2200	 7.000397e+02	 98	 1.009709e+03	 716.67	 650.00	 55.00	 30	 0.60	 
BFE_113	 1	 8	 1209.jpg	 1.010694e+03	 12	 999000	 120	 999000	 999	 1.011712e+03	 716.67	 650.00	 11.00	 30	 0.66	 
BFE_113	 1	 8	 1109.jpg	 1.012696e+03	 12	 999000	 120	 999000	 999	 1.013714e+03	 716.67	 650.00	 20.00	 9	 0.49	 
BFE_113	 1	 8	 2121.jpg	 1.014698e+03	 24	 999000	 240	 999000	 999	 1.015716e+03	 716.67	 650.00	 49.00	 21	 0.72	 
BFE_113	 1	 8	 2114.jpg	 1.020705e+03	 24	 999000	 240	 999000	 999	 1.021723e+03	 716.67	 650.00	 44.00	 14	 0.82	 
BFE_113	 1	 8	 1117.jpg	 1.023692e+03	 11	 1.022143e+03	 1100	 7.167212e+02	 98	 1.024710e+03	 666.67	 650.00	 15.00	 17	 0.55	 
BFE_113	 1	 8	 1114.jpg	 1.025694e+03	 11	 9.159321e+02	 110	 6.666987e+02	 98	 1.026712e+03	 683.33	 650.00	 12.00	 14	 0.65	 
BFE_113	 1	 8	 2112.jpg	 1.027696e+03	 24	 999000	 240	 999000	 999	 1.028714e+03	 683.33	 650.00	 78.00	 12	 0.19	 
BFE_113	 1	 8	 1215.jpg	 1.030700e+03	 12	 999000	 120	 999000	 999	 1.031718e+03	 683.33	 650.00	 3.00	 36	 0.83	 
BFE_113	 1	 8	 2205.jpg	 1.032702e+03	 22	 9.480441e+02	 220	 6.500308e+02	 98	 1.033720e+03	 683.33	 666.67	 47.00	 26	 0.77	 
BFE_113	 1	 8	 1219.jpg	 1.034704e+03	 12	 999000	 120	 999000	 999	 1.035722e+03	 683.33	 666.67	 4.00	 40	 0.81	 
BFE_113	 1	 8	 2212.jpg	 1.036707e+03	 24	 999000	 240	 999000	 999	 1.037724e+03	 683.33	 666.67	 57.00	 33	 0.55	 
BFE_113	 1	 8	 2120.jpg	 1.039693e+03	 24	 999000	 240	 999000	 999	 1.040711e+03	 683.33	 666.67	 77.00	 20	 0.19	 
BFE_113	 1	 8	 2109.jpg	 1.041695e+03	 24	 999000	 240	 999000	 999	 1.042713e+03	 683.33	 666.67	 43.00	 9	 0.83	 
BFE_113	 1	 8	 1214.jpg	 1.043698e+03	 12	 999000	 120	 999000	 999	 1.044715e+03	 683.33	 666.67	 14.00	 35	 0.57	 
BFE_113	 1	 8	 2217.jpg	 1.045700e+03	 24	 999000	 240	 999000	 999	 1.046718e+03	 683.33	 666.67	 54.00	 38	 0.62	 
BFE_113	 1	 8	 2216.jpg	 1.047702e+03	 22	 9.238454e+02	 220	 6.666964e+02	 98	 1.048720e+03	 683.33	 683.33	 52.00	 37	 0.62	 
BFE_113	 1	 8	 1206.jpg	 1.053692e+03	 12	 999000	 120	 999000	 999	 1.054710e+03	 683.33	 683.33	 8.00	 27	 0.77	 
BFE_113	 1	 8	 2204.jpg	 1.056696e+03	 24	 999000	 240	 999000	 999	 1.057713e+03	 683.33	 683.33	 60.00	 25	 0.50	 
BFE_113	 1	 8	 1211.jpg	 1.060700e+03	 12	 999000	 120	 999000	 999	 1.061718e+03	 683.33	 683.33	 22.00	 32	 0.49	 
