subjectID	 order	 runNum	 itemName	 onsetTime	 shuff_trialType	 RT	 respInTime	 AudioTime	 response	 fixationTime	 ladder1	 ladder2	 bidIndex	 itemNameIndex	 bidValue	 
BFE_321	 1	 14	 1218.jpg	 1.843031e+03	 12	 999000	 120	 999000	 999	 1.844049e+03	 650.00	 583.33	 37.00	 39	 0.24	 
BFE_321	 1	 14	 2206.jpg	 1.845016e+03	 24	 999000	 240	 999000	 999	 1.846034e+03	 650.00	 583.33	 62.00	 27	 0.49	 
BFE_321	 1	 14	 1119.jpg	 1.849021e+03	 12	 999000	 120	 999000	 999	 1.850039e+03	 650.00	 583.33	 16.00	 19	 0.54	 
BFE_321	 1	 14	 1111.jpg	 1.852024e+03	 12	 999000	 120	 999000	 999	 1.853042e+03	 650.00	 583.33	 14.00	 11	 0.58	 
BFE_321	 1	 14	 1110.jpg	 1.854026e+03	 12	 999000	 120	 999000	 999	 1.855044e+03	 650.00	 583.33	 22.00	 10	 0.50	 
BFE_321	 1	 14	 2111.jpg	 1.857013e+03	 24	 999000	 240	 999000	 999	 1.858031e+03	 650.00	 583.33	 56.00	 11	 0.59	 
BFE_321	 1	 14	 2209.jpg	 1.861018e+03	 24	 999000	 240	 999000	 999	 1.862035e+03	 650.00	 583.33	 48.00	 30	 0.72	 
BFE_321	 1	 14	 2208.jpg	 1.865022e+03	 24	 999000	 240	 999000	 999	 1.866040e+03	 650.00	 583.33	 59.00	 29	 0.51	 
BFE_321	 1	 14	 2214.jpg	 1.867024e+03	 24	 999000	 240	 999000	 999	 1.868042e+03	 650.00	 583.33	 61.00	 35	 0.50	 
BFE_321	 1	 14	 2103.jpg	 1.872013e+03	 22	 9.407654e+02	 220	 5.833813e+02	 98	 1.873031e+03	 650.00	 600.00	 53.00	 3	 0.63	 
BFE_321	 1	 14	 1121.jpg	 1.874016e+03	 11	 9.624186e+02	 110	 6.500724e+02	 98	 1.875033e+03	 666.67	 600.00	 13.00	 21	 0.59	 
BFE_321	 1	 14	 2218.jpg	 1.876018e+03	 24	 999000	 240	 999000	 999	 1.877036e+03	 666.67	 600.00	 54.00	 39	 0.63	 
BFE_321	 1	 14	 1102.jpg	 1.882025e+03	 12	 999000	 120	 999000	 999	 1.883042e+03	 666.67	 600.00	 17.00	 2	 0.52	 
BFE_321	 1	 14	 2110.jpg	 1.884027e+03	 22	 9.193162e+02	 220	 6.000393e+02	 98	 1.885045e+03	 666.67	 616.67	 58.00	 10	 0.54	 
BFE_321	 1	 14	 1211.jpg	 1.886012e+03	 12	 999000	 120	 999000	 999	 1.887030e+03	 666.67	 616.67	 11.00	 32	 0.65	 
BFE_321	 1	 14	 1214.jpg	 1.888015e+03	 12	 999000	 120	 999000	 999	 1.889032e+03	 666.67	 616.67	 20.00	 35	 0.50	 
BFE_321	 1	 14	 2213.jpg	 1.892019e+03	 24	 999000	 240	 999000	 999	 1.893037e+03	 666.67	 616.67	 43.00	 34	 0.82	 
BFE_321	 1	 14	 2112.jpg	 1.896024e+03	 24	 999000	 240	 999000	 999	 1.897041e+03	 666.67	 616.67	 78.00	 12	 0.20	 
BFE_321	 1	 14	 1103.jpg	 1.899027e+03	 11	 9.831325e+02	 110	 6.667064e+02	 98	 1.900045e+03	 683.33	 616.67	 10.00	 3	 0.68	 
BFE_321	 1	 14	 2107.jpg	 1.903015e+03	 24	 999000	 240	 999000	 999	 1.904033e+03	 683.33	 616.67	 49.00	 7	 0.70	 
BFE_321	 1	 14	 1210.jpg	 1.906018e+03	 11	 1.039860e+03	 1100	 6.833637e+02	 98	 1.907036e+03	 633.33	 616.67	 15.00	 31	 0.57	 
BFE_321	 1	 14	 2116.jpg	 1.908020e+03	 24	 999000	 240	 999000	 999	 1.909038e+03	 633.33	 616.67	 60.00	 16	 0.51	 
BFE_321	 1	 14	 2106.jpg	 1.912025e+03	 24	 999000	 240	 999000	 999	 1.913043e+03	 633.33	 616.67	 51.00	 6	 0.67	 
BFE_321	 1	 14	 1208.jpg	 1.914027e+03	 11	 9.429243e+02	 110	 6.333625e+02	 98	 1.915045e+03	 650.00	 616.67	 12.00	 29	 0.62	 
BFE_321	 1	 14	 1106.jpg	 1.916012e+03	 12	 999000	 120	 999000	 999	 1.917031e+03	 650.00	 616.67	 3.00	 6	 0.81	 
BFE_321	 1	 14	 2216.jpg	 1.920017e+03	 22	 8.888084e+02	 220	 6.167059e+02	 98	 1.921035e+03	 650.00	 633.33	 50.00	 37	 0.69	 
BFE_321	 1	 14	 1213.jpg	 1.922019e+03	 11	 9.186116e+02	 110	 6.500317e+02	 98	 1.923037e+03	 666.67	 633.33	 18.00	 34	 0.52	 
BFE_321	 1	 14	 1113.jpg	 1.926024e+03	 11	 8.901227e+02	 110	 6.667025e+02	 98	 1.927042e+03	 683.33	 633.33	 7.00	 13	 0.73	 
BFE_321	 1	 14	 2204.jpg	 1.930011e+03	 22	 8.786339e+02	 220	 6.333848e+02	 98	 1.931030e+03	 683.33	 650.00	 47.00	 25	 0.75	 
BFE_321	 1	 14	 1204.jpg	 1.933015e+03	 12	 999000	 120	 999000	 999	 1.934033e+03	 683.33	 650.00	 9.00	 25	 0.71	 
BFE_321	 1	 14	 2115.jpg	 1.939022e+03	 24	 999000	 240	 999000	 999	 1.940040e+03	 683.33	 650.00	 57.00	 15	 0.56	 
BFE_321	 1	 14	 1203.jpg	 1.941026e+03	 12	 999000	 120	 999000	 999	 1.942042e+03	 683.33	 650.00	 21.00	 24	 0.50	 
BFE_321	 1	 14	 1206.jpg	 1.945012e+03	 12	 999000	 120	 999000	 999	 1.946030e+03	 683.33	 650.00	 4.00	 27	 0.79	 
BFE_321	 1	 14	 2202.jpg	 1.947014e+03	 24	 999000	 240	 999000	 999	 1.948032e+03	 683.33	 650.00	 44.00	 23	 0.82	 
BFE_321	 1	 14	 1201.jpg	 1.949016e+03	 12	 999000	 120	 999000	 999	 1.950034e+03	 683.33	 650.00	 19.00	 22	 0.51	 
BFE_321	 1	 14	 2219.jpg	 1.951019e+03	 22	 1.071443e+03	 2200	 6.500344e+02	 98	 1.952036e+03	 683.33	 600.00	 52.00	 40	 0.63	 
BFE_321	 1	 14	 1114.jpg	 1.956024e+03	 12	 999000	 120	 999000	 999	 1.957042e+03	 683.33	 600.00	 8.00	 14	 0.72	 
BFE_321	 1	 14	 2201.jpg	 1.958026e+03	 22	 1.063567e+03	 2200	 6.000339e+02	 98	 1.959044e+03	 683.33	 550.00	 55.00	 22	 0.62	 
BFE_321	 1	 14	 1212.jpg	 1.960012e+03	 12	 999000	 120	 999000	 999	 1.961030e+03	 683.33	 550.00	 38.00	 33	 0.22	 
BFE_321	 1	 14	 2108.jpg	 1.963016e+03	 24	 999000	 240	 999000	 999	 1.964033e+03	 683.33	 550.00	 77.00	 8	 0.21	 
