subjectID	 order	 runNum	 itemName	 onsetTime	 shuff_trialType	 RT	 respInTime	 AudioTime	 response	 fixationTime	 ladder1	 ladder2	 bidIndex	 itemNameIndex	 bidValue	 
BFE_316	 2	 18	 1103.jpg	 2.273242e+03	 12	 999000	 120	 999000	 999	 2.274260e+03	 716.67	 716.67	 7.00	 3	 0.71	 
BFE_316	 2	 18	 2104.jpg	 2.275227e+03	 24	 999000	 240	 999000	 999	 2.276246e+03	 716.67	 716.67	 78.00	 4	 0.17	 
BFE_316	 2	 18	 2202.jpg	 2.279232e+03	 22	 9.141455e+02	 220	 7.167114e+02	 98	 2.280250e+03	 716.67	 733.33	 48.00	 23	 0.66	 
BFE_316	 2	 18	 2211.jpg	 2.282236e+03	 24	 999000	 240	 999000	 999	 2.283253e+03	 716.67	 733.33	 47.00	 32	 0.70	 
BFE_316	 2	 18	 2109.jpg	 2.284238e+03	 24	 999000	 240	 999000	 999	 2.285256e+03	 716.67	 733.33	 44.00	 9	 0.81	 
BFE_316	 2	 18	 1214.jpg	 2.287241e+03	 12	 999000	 120	 999000	 999	 2.288259e+03	 716.67	 733.33	 4.00	 35	 0.75	 
BFE_316	 2	 18	 1208.jpg	 2.291229e+03	 11	 8.853702e+02	 110	 7.167560e+02	 98	 2.292247e+03	 733.33	 733.33	 17.00	 29	 0.59	 
BFE_316	 2	 18	 2120.jpg	 2.295234e+03	 24	 999000	 240	 999000	 999	 2.296251e+03	 733.33	 733.33	 52.00	 20	 0.61	 
BFE_316	 2	 18	 1113.jpg	 2.297236e+03	 12	 999000	 120	 999000	 999	 2.298254e+03	 733.33	 733.33	 19.00	 13	 0.59	 
BFE_316	 2	 18	 2114.jpg	 2.302241e+03	 22	 9.290480e+02	 220	 7.333733e+02	 98	 2.303259e+03	 733.33	 750.00	 57.00	 14	 0.52	 
BFE_316	 2	 18	 2209.jpg	 2.304244e+03	 22	 9.188230e+02	 220	 7.500337e+02	 98	 2.305261e+03	 733.33	 766.67	 54.00	 30	 0.59	 
BFE_316	 2	 18	 1110.jpg	 2.306229e+03	 12	 999000	 120	 999000	 999	 2.307247e+03	 733.33	 766.67	 10.00	 10	 0.67	 
BFE_316	 2	 18	 1206.jpg	 2.312236e+03	 11	 9.344456e+02	 110	 7.333684e+02	 98	 2.313254e+03	 750.00	 766.67	 8.00	 27	 0.68	 
BFE_316	 2	 18	 1202.jpg	 2.314238e+03	 11	 7.161328e+02	 11	 7.500276e+02	 98	 2.315256e+03	 766.67	 766.67	 11.00	 23	 0.66	 
BFE_316	 2	 18	 1219.jpg	 2.316240e+03	 12	 999000	 120	 999000	 999	 2.317258e+03	 766.67	 766.67	 20.00	 40	 0.57	 
BFE_316	 2	 18	 2214.jpg	 2.318243e+03	 24	 999000	 240	 999000	 999	 2.319260e+03	 766.67	 766.67	 43.00	 35	 0.82	 
BFE_316	 2	 18	 1121.jpg	 2.322230e+03	 12	 999000	 120	 999000	 999	 2.323248e+03	 766.67	 766.67	 13.00	 21	 0.64	 
BFE_316	 2	 18	 2206.jpg	 2.326235e+03	 22	 8.794768e+02	 220	 7.666951e+02	 98	 2.327253e+03	 766.67	 783.33	 49.00	 27	 0.63	 
BFE_316	 2	 18	 2108.jpg	 2.329238e+03	 24	 999000	 240	 999000	 999	 2.330256e+03	 766.67	 783.33	 77.00	 8	 0.19	 
BFE_316	 2	 18	 2102.jpg	 2.333243e+03	 22	 1.087643e+03	 2200	 7.833986e+02	 98	 2.334261e+03	 766.67	 733.33	 56.00	 2	 0.57	 
BFE_316	 2	 18	 1106.jpg	 2.336229e+03	 11	 1.012982e+03	 1100	 7.667060e+02	 98	 2.337249e+03	 716.67	 733.33	 16.00	 6	 0.60	 
BFE_316	 2	 18	 2113.jpg	 2.338232e+03	 24	 999000	 240	 999000	 999	 2.339249e+03	 716.67	 733.33	 58.00	 13	 0.51	 
BFE_316	 2	 18	 2105.jpg	 2.342236e+03	 24	 999000	 240	 999000	 999	 2.343254e+03	 716.67	 733.33	 60.00	 5	 0.51	 
BFE_316	 2	 18	 1119.jpg	 2.344238e+03	 12	 999000	 120	 999000	 999	 2.345256e+03	 716.67	 733.33	 37.00	 19	 0.17	 
BFE_316	 2	 18	 1204.jpg	 2.346241e+03	 12	 999000	 120	 999000	 999	 2.347258e+03	 716.67	 733.33	 21.00	 25	 0.56	 
BFE_316	 2	 18	 2205.jpg	 2.350228e+03	 24	 999000	 240	 999000	 999	 2.351246e+03	 716.67	 733.33	 53.00	 26	 0.61	 
BFE_316	 2	 18	 2115.jpg	 2.352231e+03	 22	 9.076481e+02	 220	 7.333670e+02	 98	 2.353249e+03	 716.67	 750.00	 51.00	 15	 0.61	 
BFE_316	 2	 18	 1218.jpg	 2.356235e+03	 12	 999000	 120	 999000	 999	 2.357253e+03	 716.67	 750.00	 18.00	 39	 0.59	 
BFE_316	 2	 18	 2106.jpg	 2.360240e+03	 24	 999000	 240	 999000	 999	 2.361258e+03	 716.67	 750.00	 61.00	 6	 0.47	 
BFE_316	 2	 18	 2121.jpg	 2.363243e+03	 24	 999000	 240	 999000	 999	 2.364261e+03	 716.67	 750.00	 55.00	 21	 0.58	 
BFE_316	 2	 18	 1216.jpg	 2.369233e+03	 11	 1.009250e+03	 1100	 7.167038e+02	 98	 2.370251e+03	 666.67	 750.00	 9.00	 37	 0.68	 
BFE_316	 2	 18	 1213.jpg	 2.371235e+03	 12	 999000	 120	 999000	 999	 2.372253e+03	 666.67	 750.00	 12.00	 34	 0.66	 
BFE_316	 2	 18	 1209.jpg	 2.375240e+03	 12	 999000	 120	 999000	 999	 2.376258e+03	 666.67	 750.00	 3.00	 30	 0.77	 
BFE_316	 2	 18	 1114.jpg	 2.377242e+03	 11	 9.202475e+02	 110	 6.667018e+02	 98	 2.378260e+03	 683.33	 750.00	 14.00	 14	 0.62	 
BFE_316	 2	 18	 1205.jpg	 2.379227e+03	 12	 999000	 120	 999000	 999	 2.380246e+03	 683.33	 750.00	 22.00	 26	 0.55	 
BFE_316	 2	 18	 1115.jpg	 2.381230e+03	 12	 999000	 120	 999000	 999	 2.382248e+03	 683.33	 750.00	 15.00	 15	 0.61	 
BFE_316	 2	 18	 2208.jpg	 2.386236e+03	 24	 999000	 240	 999000	 999	 2.387254e+03	 683.33	 750.00	 50.00	 29	 0.62	 
BFE_316	 2	 18	 1116.jpg	 2.388238e+03	 12	 999000	 120	 999000	 999	 2.389256e+03	 683.33	 750.00	 38.00	 16	 0.17	 
BFE_316	 2	 18	 2218.jpg	 2.390240e+03	 24	 999000	 240	 999000	 999	 2.391258e+03	 683.33	 750.00	 59.00	 39	 0.51	 
BFE_316	 2	 18	 2203.jpg	 2.393226e+03	 24	 999000	 240	 999000	 999	 2.394245e+03	 683.33	 750.00	 62.00	 24	 0.47	 
