subjectID	 order	 runNum	 itemName	 onsetTime	 shuff_trialType	 RT	 respInTime	 AudioTime	 response	 fixationTime	 ladder1	 ladder2	 bidIndex	 itemNameIndex	 bidValue	 
BFE_309	 1	 6	 1209.jpg	 6.587005e+02	 12	 999000	 120	 999000	 999	 6.597182e+02	 650.00	 716.67	 8.00	 30	 0.68	 
BFE_309	 1	 6	 1217.jpg	 6.616871e+02	 12	 999000	 120	 999000	 999	 6.627050e+02	 650.00	 716.67	 20.00	 38	 0.47	 
BFE_309	 1	 6	 1216.jpg	 6.656916e+02	 12	 999000	 120	 999000	 999	 6.667094e+02	 650.00	 716.67	 14.00	 37	 0.50	 
BFE_309	 1	 6	 2206.jpg	 6.676939e+02	 24	 999000	 240	 999000	 999	 6.687116e+02	 650.00	 716.67	 51.00	 27	 0.60	 
BFE_309	 1	 6	 2109.jpg	 6.696960e+02	 22	 1.018350e+03	 2200	 7.167078e+02	 98	 6.707138e+02	 650.00	 666.67	 50.00	 9	 0.63	 
BFE_309	 1	 6	 1202.jpg	 6.736839e+02	 11	 9.584378e+02	 110	 6.500504e+02	 98	 6.747017e+02	 666.67	 666.67	 7.00	 23	 0.69	 
BFE_309	 1	 6	 2211.jpg	 6.756862e+02	 22	 8.521927e+02	 220	 6.667030e+02	 98	 6.767039e+02	 666.67	 683.33	 47.00	 32	 0.67	 
BFE_309	 1	 6	 1206.jpg	 6.806917e+02	 12	 5.506277e+02	 12	 999000	 98	 6.817095e+02	 666.67	 683.33	 11.00	 27	 0.56	 
BFE_309	 1	 6	 2213.jpg	 6.826941e+02	 22	 9.722379e+02	 220	 6.833749e+02	 98	 6.837118e+02	 666.67	 700.00	 58.00	 34	 0.54	 
BFE_309	 1	 6	 2102.jpg	 6.856974e+02	 24	 1.312997e+03	 24	 999000	 98	 6.867151e+02	 666.67	 700.00	 48.00	 2	 0.65	 
BFE_309	 1	 6	 2219.jpg	 6.886840e+02	 24	 999000	 240	 999000	 999	 6.897018e+02	 666.67	 700.00	 54.00	 40	 0.58	 
BFE_309	 1	 6	 2116.jpg	 6.926885e+02	 24	 999000	 240	 999000	 999	 6.937063e+02	 666.67	 700.00	 43.00	 16	 0.74	 
BFE_309	 1	 6	 1219.jpg	 6.956919e+02	 11	 9.584013e+02	 110	 6.666991e+02	 98	 6.967097e+02	 683.33	 700.00	 13.00	 40	 0.51	 
BFE_309	 1	 6	 2112.jpg	 6.976942e+02	 24	 999000	 240	 999000	 999	 6.987119e+02	 683.33	 700.00	 77.00	 12	 0.23	 
BFE_309	 1	 6	 1111.jpg	 7.006975e+02	 11	 8.968133e+02	 110	 6.833665e+02	 98	 7.017153e+02	 700.00	 700.00	 10.00	 11	 0.57	 
BFE_309	 1	 6	 1109.jpg	 7.046854e+02	 11	 1.068948e+03	 1100	 7.000317e+02	 98	 7.057031e+02	 650.00	 700.00	 18.00	 9	 0.48	 
BFE_309	 1	 6	 2115.jpg	 7.076887e+02	 22	 1.017648e+03	 2200	 7.000650e+02	 98	 7.087066e+02	 650.00	 650.00	 55.00	 15	 0.56	 
BFE_309	 1	 6	 2218.jpg	 7.096910e+02	 22	 8.473669e+02	 220	 6.500337e+02	 98	 7.107087e+02	 650.00	 666.67	 52.00	 39	 0.59	 
BFE_309	 1	 6	 1210.jpg	 7.116933e+02	 11	 8.530977e+02	 110	 6.500251e+02	 98	 7.127110e+02	 666.67	 666.67	 15.00	 31	 0.50	 
BFE_309	 1	 6	 1112.jpg	 7.166818e+02	 12	 3.685556e+02	 12	 999000	 98	 7.176999e+02	 666.67	 666.67	 37.00	 12	 0.26	 
BFE_309	 1	 6	 1105.jpg	 7.206867e+02	 12	 999000	 120	 999000	 999	 7.217044e+02	 666.67	 666.67	 22.00	 5	 0.46	 
BFE_309	 1	 6	 1107.jpg	 7.246911e+02	 12	 999000	 120	 999000	 999	 7.257089e+02	 666.67	 666.67	 38.00	 7	 0.26	 
BFE_309	 1	 6	 2210.jpg	 7.306979e+02	 24	 999000	 240	 999000	 999	 7.317157e+02	 666.67	 666.67	 62.00	 31	 0.52	 
BFE_309	 1	 6	 1212.jpg	 7.326834e+02	 11	 9.429351e+02	 110	 6.666963e+02	 98	 7.337012e+02	 683.33	 666.67	 12.00	 33	 0.54	 
BFE_309	 1	 6	 2111.jpg	 7.346858e+02	 24	 999000	 240	 999000	 999	 7.357034e+02	 683.33	 666.67	 49.00	 11	 0.64	 
BFE_309	 1	 6	 2108.jpg	 7.366879e+02	 24	 6.264732e+02	 24	 999000	 98	 7.377057e+02	 683.33	 666.67	 78.00	 8	 0.19	 
BFE_309	 1	 6	 2118.jpg	 7.386902e+02	 24	 999000	 240	 999000	 999	 7.397079e+02	 683.33	 666.67	 59.00	 18	 0.54	 
BFE_309	 1	 6	 2110.jpg	 7.426946e+02	 24	 999000	 240	 999000	 999	 7.437124e+02	 683.33	 666.67	 44.00	 10	 0.72	 
BFE_309	 1	 6	 2101.jpg	 7.446969e+02	 24	 999000	 240	 999000	 999	 7.457147e+02	 683.33	 666.67	 60.00	 1	 0.53	 
BFE_309	 1	 6	 2207.jpg	 7.486847e+02	 22	 9.656635e+02	 220	 6.667033e+02	 98	 7.497026e+02	 683.33	 683.33	 53.00	 28	 0.59	 
BFE_309	 1	 6	 1116.jpg	 7.506871e+02	 12	 999000	 120	 999000	 999	 7.517048e+02	 683.33	 683.33	 17.00	 16	 0.48	 
BFE_309	 1	 6	 1104.jpg	 7.526893e+02	 12	 999000	 120	 999000	 999	 7.537070e+02	 683.33	 683.33	 16.00	 4	 0.49	 
BFE_309	 1	 6	 1218.jpg	 7.546914e+02	 12	 999000	 120	 999000	 999	 7.557093e+02	 683.33	 683.33	 21.00	 39	 0.46	 
BFE_309	 1	 6	 1213.jpg	 7.596971e+02	 12	 999000	 120	 999000	 999	 7.607149e+02	 683.33	 683.33	 3.00	 34	 0.74	 
BFE_309	 1	 6	 2106.jpg	 7.616827e+02	 24	 999000	 240	 999000	 999	 7.627005e+02	 683.33	 683.33	 61.00	 6	 0.53	 
BFE_309	 1	 6	 2216.jpg	 7.636849e+02	 24	 999000	 240	 999000	 999	 7.647027e+02	 683.33	 683.33	 57.00	 37	 0.54	 
BFE_309	 1	 6	 1103.jpg	 7.666884e+02	 12	 999000	 120	 999000	 999	 7.677060e+02	 683.33	 683.33	 4.00	 3	 0.73	 
BFE_309	 1	 6	 1121.jpg	 7.736961e+02	 12	 999000	 120	 999000	 999	 7.747141e+02	 683.33	 683.33	 9.00	 21	 0.63	 
BFE_309	 1	 6	 1113.jpg	 7.776840e+02	 12	 3.583605e+02	 12	 999000	 98	 7.787018e+02	 683.33	 683.33	 19.00	 13	 0.48	 
BFE_309	 1	 6	 2120.jpg	 7.846919e+02	 24	 999000	 240	 999000	 999	 7.857096e+02	 683.33	 683.33	 56.00	 20	 0.56	 
