subjectID	 order	 runNum	 itemName	 onsetTime	 shuff_trialType	 RT	 respInTime	 AudioTime	 response	 fixationTime	 ladder1	 ladder2	 bidIndex	 itemNameIndex	 bidValue	 
BMI_bff_350	 2	 18	 2211.jpg	 2.284866e+03	 22	 9.439742e+02	 220	 7.167229e+02	 98	 2.285884e+03	 716.67	 733.33	 48.00	 32	 0.68	 
BMI_bff_350	 2	 18	 2121.jpg	 2.286852e+03	 24	 999000	 240	 999000	 999	 2.287870e+03	 716.67	 733.33	 50.00	 21	 0.66	 
BMI_bff_350	 2	 18	 1203.jpg	 2.290856e+03	 12	 999000	 120	 999000	 999	 2.291874e+03	 716.67	 733.33	 21.00	 24	 0.51	 
BMI_bff_350	 2	 18	 2102.jpg	 2.293860e+03	 24	 999000	 240	 999000	 999	 2.294877e+03	 716.67	 733.33	 61.00	 2	 0.48	 
BMI_bff_350	 2	 18	 1120.jpg	 2.295862e+03	 12	 999000	 120	 999000	 999	 2.296880e+03	 716.67	 733.33	 3.00	 20	 0.81	 
BMI_bff_350	 2	 18	 2105.jpg	 2.298848e+03	 24	 999000	 240	 999000	 999	 2.299866e+03	 716.67	 733.33	 55.00	 5	 0.57	 
BMI_bff_350	 2	 18	 1216.jpg	 2.302853e+03	 11	 8.931055e+02	 110	 7.167049e+02	 98	 2.303871e+03	 733.33	 733.33	 9.00	 37	 0.66	 
BMI_bff_350	 2	 18	 2213.jpg	 2.306858e+03	 22	 4.806773e+02	 22	 7.333743e+02	 98	 2.307875e+03	 733.33	 750.00	 54.00	 34	 0.57	 
BMI_bff_350	 2	 18	 2103.jpg	 2.308860e+03	 24	 999000	 240	 999000	 999	 2.309878e+03	 733.33	 750.00	 60.00	 3	 0.48	 
BMI_bff_350	 2	 18	 2116.jpg	 2.313848e+03	 22	 1.249798e+03	 2200	 7.500339e+02	 98	 2.314867e+03	 733.33	 700.00	 49.00	 16	 0.66	 
BMI_bff_350	 2	 18	 1113.jpg	 2.315851e+03	 11	 8.471978e+02	 110	 7.333650e+02	 98	 2.316869e+03	 750.00	 700.00	 11.00	 13	 0.60	 
BMI_bff_350	 2	 18	 1213.jpg	 2.317853e+03	 11	 9.330528e+02	 110	 7.500291e+02	 98	 2.318871e+03	 766.67	 700.00	 17.00	 34	 0.54	 
BMI_bff_350	 2	 18	 1102.jpg	 2.323860e+03	 12	 999000	 120	 999000	 999	 2.324878e+03	 766.67	 700.00	 37.00	 2	 0.24	 
BMI_bff_350	 2	 18	 1217.jpg	 2.325862e+03	 11	 9.961081e+02	 110	 7.667022e+02	 98	 2.326882e+03	 783.33	 700.00	 14.00	 38	 0.57	 
BMI_bff_350	 2	 18	 1201.jpg	 2.327848e+03	 12	 999000	 120	 999000	 999	 2.328866e+03	 783.33	 700.00	 10.00	 22	 0.61	 
BMI_bff_350	 2	 18	 2218.jpg	 2.329850e+03	 24	 999000	 240	 999000	 999	 2.330868e+03	 783.33	 700.00	 53.00	 39	 0.61	 
BMI_bff_350	 2	 18	 1110.jpg	 2.333855e+03	 12	 999000	 120	 999000	 999	 2.334872e+03	 783.33	 700.00	 38.00	 10	 0.22	 
BMI_bff_350	 2	 18	 1103.jpg	 2.337859e+03	 12	 999000	 120	 999000	 999	 2.338877e+03	 783.33	 700.00	 7.00	 3	 0.70	 
BMI_bff_350	 2	 18	 1202.jpg	 2.340862e+03	 11	 8.518606e+02	 110	 7.833639e+02	 98	 2.341880e+03	 800.00	 700.00	 8.00	 23	 0.69	 
BMI_bff_350	 2	 18	 2115.jpg	 2.344850e+03	 24	 999000	 240	 999000	 999	 2.345868e+03	 800.00	 700.00	 52.00	 15	 0.61	 
BMI_bff_350	 2	 18	 1208.jpg	 2.347854e+03	 12	 999000	 120	 999000	 999	 2.348871e+03	 800.00	 700.00	 19.00	 29	 0.53	 
BMI_bff_350	 2	 18	 1215.jpg	 2.349856e+03	 12	 999000	 120	 999000	 999	 2.350874e+03	 800.00	 700.00	 12.00	 36	 0.59	 
BMI_bff_350	 2	 18	 2212.jpg	 2.353860e+03	 22	 9.259932e+02	 220	 7.000294e+02	 98	 2.354878e+03	 800.00	 716.67	 56.00	 33	 0.56	 
BMI_bff_350	 2	 18	 1219.jpg	 2.355863e+03	 12	 999000	 120	 999000	 999	 2.356880e+03	 800.00	 716.67	 4.00	 40	 0.76	 
BMI_bff_350	 2	 18	 2209.jpg	 2.357848e+03	 22	 9.064574e+02	 220	 7.166982e+02	 98	 2.358866e+03	 800.00	 733.33	 51.00	 30	 0.62	 
BMI_bff_350	 2	 18	 2206.jpg	 2.361853e+03	 24	 999000	 240	 999000	 999	 2.362870e+03	 800.00	 733.33	 77.00	 27	 0.24	 
BMI_bff_350	 2	 18	 1209.jpg	 2.363855e+03	 12	 7.073941e+02	 12	 999000	 98	 2.364873e+03	 800.00	 733.33	 18.00	 30	 0.53	 
BMI_bff_350	 2	 18	 2117.jpg	 2.367859e+03	 24	 999000	 240	 999000	 999	 2.368877e+03	 800.00	 733.33	 78.00	 17	 0.22	 
BMI_bff_350	 2	 18	 2114.jpg	 2.371864e+03	 24	 999000	 240	 999000	 999	 2.372882e+03	 800.00	 733.33	 43.00	 14	 0.78	 
BMI_bff_350	 2	 18	 2205.jpg	 2.374851e+03	 24	 999000	 240	 999000	 999	 2.375868e+03	 800.00	 733.33	 47.00	 26	 0.69	 
BMI_bff_350	 2	 18	 1109.jpg	 2.380857e+03	 11	 1.168959e+03	 1100	 8.000436e+02	 98	 2.381875e+03	 750.00	 733.33	 16.00	 9	 0.56	 
BMI_bff_350	 2	 18	 2208.jpg	 2.382860e+03	 24	 999000	 240	 999000	 999	 2.383877e+03	 750.00	 733.33	 59.00	 29	 0.50	 
BMI_bff_350	 2	 18	 1211.jpg	 2.386864e+03	 12	 7.861009e+02	 12	 999000	 98	 2.387882e+03	 750.00	 733.33	 22.00	 32	 0.48	 
BMI_bff_350	 2	 18	 2202.jpg	 2.388850e+03	 24	 8.246595e+02	 24	 999000	 98	 2.389867e+03	 750.00	 733.33	 44.00	 23	 0.78	 
BMI_bff_350	 2	 18	 2109.jpg	 2.390852e+03	 24	 999000	 240	 999000	 999	 2.391870e+03	 750.00	 733.33	 58.00	 9	 0.54	 
BMI_bff_350	 2	 18	 2210.jpg	 2.392854e+03	 22	 9.002056e+02	 220	 7.333606e+02	 98	 2.393872e+03	 750.00	 750.00	 57.00	 31	 0.55	 
BMI_bff_350	 2	 18	 1116.jpg	 2.397860e+03	 12	 999000	 120	 999000	 999	 2.398878e+03	 750.00	 750.00	 15.00	 16	 0.56	 
BMI_bff_350	 2	 18	 1114.jpg	 2.399862e+03	 12	 999000	 120	 999000	 999	 2.400880e+03	 750.00	 750.00	 13.00	 14	 0.58	 
BMI_bff_350	 2	 18	 1118.jpg	 2.401864e+03	 12	 999000	 120	 999000	 999	 2.402882e+03	 750.00	 750.00	 20.00	 18	 0.52	 
BMI_bff_350	 2	 18	 2215.jpg	 2.404851e+03	 24	 999000	 240	 999000	 999	 2.405869e+03	 750.00	 750.00	 62.00	 36	 0.46	 
