subjectID	 order	 runNum	 itemName	 onsetTime	 shuff_trialType	 RT	 respInTime	 AudioTime	 response	 fixationTime	 ladder1	 ladder2	 bidIndex	 itemNameIndex	 bidValue	 
BMI_bff_351	 1	 1	 2118.jpg	 1.334426e+00	 22	 1.107718e+03	 2200	 7.500840e+02	 98	 2.351770e+00	 750.00	 700.00	 52.00	 18	 0.63	 
BMI_bff_351	 1	 1	 2206.jpg	 3.336305e+00	 22	 9.378509e+02	 220	 7.000272e+02	 98	 4.354057e+00	 750.00	 716.67	 47.00	 27	 0.73	 
BMI_bff_351	 1	 1	 1104.jpg	 7.324041e+00	 12	 999000	 120	 999000	 999	 8.341946e+00	 750.00	 716.67	 38.00	 4	 0.16	 
BMI_bff_351	 1	 1	 2216.jpg	 1.032752e+01	 24	 999000	 240	 999000	 999	 1.134520e+01	 750.00	 716.67	 54.00	 37	 0.60	 
BMI_bff_351	 1	 1	 1209.jpg	 1.232965e+01	 12	 999000	 120	 999000	 999	 1.334751e+01	 750.00	 716.67	 17.00	 30	 0.54	 
BMI_bff_351	 1	 1	 1101.jpg	 1.533313e+01	 12	 999000	 120	 999000	 999	 1.635089e+01	 750.00	 716.67	 22.00	 1	 0.50	 
BMI_bff_351	 1	 1	 2211.jpg	 1.932058e+01	 24	 999000	 240	 999000	 999	 2.033868e+01	 750.00	 716.67	 51.00	 32	 0.65	 
BMI_bff_351	 1	 1	 2201.jpg	 2.332538e+01	 22	 1.012743e+03	 2200	 7.167035e+02	 98	 2.434500e+01	 750.00	 666.67	 50.00	 22	 0.65	 
BMI_bff_351	 1	 1	 2113.jpg	 2.532762e+01	 24	 999000	 240	 999000	 999	 2.634543e+01	 750.00	 666.67	 44.00	 13	 0.86	 
BMI_bff_351	 1	 1	 1106.jpg	 3.033319e+01	 12	 999000	 120	 999000	 999	 3.135098e+01	 750.00	 666.67	 11.00	 6	 0.67	 
BMI_bff_351	 1	 1	 2111.jpg	 3.233549e+01	 22	 1.010632e+03	 2200	 6.666930e+02	 98	 3.335538e+01	 750.00	 616.67	 53.00	 11	 0.62	 
BMI_bff_351	 1	 1	 2213.jpg	 3.432072e+01	 24	 999000	 240	 999000	 999	 3.533879e+01	 750.00	 616.67	 56.00	 34	 0.60	 
BMI_bff_351	 1	 1	 2121.jpg	 4.032783e+01	 24	 999000	 240	 999000	 999	 4.134557e+01	 750.00	 616.67	 43.00	 21	 0.86	 
BMI_bff_351	 1	 1	 2204.jpg	 4.233006e+01	 24	 999000	 240	 999000	 999	 4.334791e+01	 750.00	 616.67	 61.00	 25	 0.51	 
BMI_bff_351	 1	 1	 1103.jpg	 4.433241e+01	 12	 999000	 120	 999000	 999	 4.535004e+01	 750.00	 616.67	 3.00	 3	 0.83	 
BMI_bff_351	 1	 1	 1212.jpg	 4.633460e+01	 12	 999000	 120	 999000	 999	 4.735227e+01	 750.00	 616.67	 37.00	 33	 0.21	 
BMI_bff_351	 1	 1	 2105.jpg	 5.032236e+01	 24	 999000	 240	 999000	 999	 5.134018e+01	 750.00	 616.67	 60.00	 5	 0.51	 
BMI_bff_351	 1	 1	 1105.jpg	 5.432688e+01	 12	 999000	 120	 999000	 999	 5.534459e+01	 750.00	 616.67	 16.00	 5	 0.56	 
BMI_bff_351	 1	 1	 1114.jpg	 5.733026e+01	 11	 1.071880e+03	 1100	 7.500510e+02	 98	 5.834801e+01	 700.00	 616.67	 10.00	 14	 0.69	 
BMI_bff_351	 1	 1	 1219.jpg	 6.133470e+01	 12	 999000	 120	 999000	 999	 6.235250e+01	 700.00	 616.67	 19.00	 40	 0.51	 
BMI_bff_351	 1	 1	 2115.jpg	 6.432161e+01	 24	 999000	 240	 999000	 999	 6.533916e+01	 700.00	 616.67	 48.00	 15	 0.71	 
BMI_bff_351	 1	 1	 2116.jpg	 6.632365e+01	 22	 9.424939e+02	 220	 6.166954e+02	 98	 6.734150e+01	 700.00	 633.33	 58.00	 16	 0.54	 
BMI_bff_351	 1	 1	 2120.jpg	 7.032817e+01	 24	 999000	 240	 999000	 999	 7.134590e+01	 700.00	 633.33	 62.00	 20	 0.48	 
BMI_bff_351	 1	 1	 1210.jpg	 7.233037e+01	 12	 999000	 120	 999000	 999	 7.334818e+01	 700.00	 633.33	 20.00	 31	 0.51	 
BMI_bff_351	 1	 1	 1218.jpg	 7.433263e+01	 11	 9.975309e+02	 110	 7.000373e+02	 98	 7.535353e+01	 716.67	 633.33	 18.00	 39	 0.52	 
BMI_bff_351	 1	 1	 1211.jpg	 7.832020e+01	 12	 999000	 120	 999000	 999	 7.933823e+01	 716.67	 633.33	 14.00	 32	 0.61	 
BMI_bff_351	 1	 1	 2210.jpg	 8.032284e+01	 24	 999000	 240	 999000	 999	 8.134052e+01	 716.67	 633.33	 59.00	 31	 0.54	 
BMI_bff_351	 1	 1	 2209.jpg	 8.432723e+01	 22	 8.989400e+02	 220	 6.333690e+02	 98	 8.534497e+01	 716.67	 650.00	 55.00	 30	 0.60	 
BMI_bff_351	 1	 1	 1206.jpg	 8.833176e+01	 11	 9.903886e+02	 110	 7.167080e+02	 98	 8.934951e+01	 733.33	 650.00	 7.00	 27	 0.76	 
BMI_bff_351	 1	 1	 1215.jpg	 9.133525e+01	 11	 9.868902e+02	 110	 7.333698e+02	 98	 9.235288e+01	 750.00	 650.00	 12.00	 36	 0.64	 
BMI_bff_351	 1	 1	 1111.jpg	 9.732514e+01	 12	 999000	 120	 999000	 999	 9.834296e+01	 750.00	 650.00	 21.00	 11	 0.50	 
BMI_bff_351	 1	 1	 2101.jpg	 9.932744e+01	 24	 999000	 240	 999000	 999	 1.003452e+02	 750.00	 650.00	 49.00	 1	 0.70	 
BMI_bff_351	 1	 1	 1102.jpg	 1.033320e+02	 12	 999000	 120	 999000	 999	 1.043497e+02	 750.00	 650.00	 9.00	 2	 0.71	 
BMI_bff_351	 1	 1	 1115.jpg	 1.053342e+02	 12	 999000	 120	 999000	 999	 1.063519e+02	 750.00	 650.00	 8.00	 15	 0.73	 
BMI_bff_351	 1	 1	 1113.jpg	 1.073364e+02	 12	 999000	 120	 999000	 999	 1.083542e+02	 750.00	 650.00	 4.00	 13	 0.81	 
BMI_bff_351	 1	 1	 2217.jpg	 1.093220e+02	 24	 999000	 240	 999000	 999	 1.103398e+02	 750.00	 650.00	 78.00	 38	 0.16	 
BMI_bff_351	 1	 1	 2219.jpg	 1.143276e+02	 24	 999000	 240	 999000	 999	 1.153453e+02	 750.00	 650.00	 57.00	 40	 0.57	 
BMI_bff_351	 1	 1	 1119.jpg	 1.163299e+02	 11	 1.024297e+03	 1100	 7.500541e+02	 98	 1.173476e+02	 700.00	 650.00	 15.00	 19	 0.58	 
BMI_bff_351	 1	 1	 2112.jpg	 1.183320e+02	 24	 999000	 240	 999000	 999	 1.193499e+02	 700.00	 650.00	 77.00	 12	 0.16	 
BMI_bff_351	 1	 1	 1214.jpg	 1.213354e+02	 11	 1.018722e+03	 1100	 7.000312e+02	 98	 1.223532e+02	 650.00	 650.00	 13.00	 35	 0.63	 
