subjectID	 order	 runNum	 itemName	 onsetTime	 shuff_trialType	 RT	 respInTime	 AudioTime	 response	 fixationTime	 ladder1	 ladder2	 bidIndex	 itemNameIndex	 bidValue	 
ccat_104	 2	 10	 141.jpg	 7.756444e+02	 12	 999000	 120	 999000	 999	 7.766942e+02	 450.00	 516.67	 12.00	 41	 0.68	 
ccat_104	 2	 10	 131.jpg	 7.776273e+02	 22	 9.925942e+02	 220	 5.434350e+02	 98	 7.786934e+02	 450.00	 533.33	 43.00	 31	 0.39	 
ccat_104	 2	 10	 118.jpg	 7.796263e+02	 11	 8.896017e+02	 110	 4.758425e+02	 98	 7.806926e+02	 466.67	 533.33	 11.00	 18	 0.69	 
ccat_104	 2	 10	 154.jpg	 7.816255e+02	 24	 999000	 240	 999000	 999	 7.826752e+02	 466.67	 533.33	 40.00	 54	 0.42	 
ccat_104	 2	 10	 112.jpg	 7.836247e+02	 24	 999000	 240	 999000	 999	 7.846744e+02	 466.67	 533.33	 41.00	 12	 0.41	 
ccat_104	 2	 10	 133.jpg	 7.856239e+02	 11	 1.043927e+03	 1100	 4.925536e+02	 98	 7.866902e+02	 416.67	 533.33	 14.00	 33	 0.65	 
ccat_104	 2	 10	 148.jpg	 7.876231e+02	 24	 999000	 240	 999000	 999	 7.886728e+02	 416.67	 533.33	 42.00	 48	 0.40	 
ccat_104	 2	 10	 140.jpg	 7.896223e+02	 24	 999000	 240	 999000	 999	 7.906721e+02	 416.67	 533.33	 53.00	 40	 0.23	 
ccat_104	 2	 10	 102.jpg	 7.916216e+02	 12	 999000	 120	 999000	 999	 7.926712e+02	 416.67	 533.33	 7.00	 2	 0.81	 
ccat_104	 2	 10	 152.jpg	 7.936208e+02	 12	 999000	 120	 999000	 999	 7.946705e+02	 416.67	 533.33	 6.00	 52	 0.85	 
ccat_104	 2	 10	 116.jpg	 7.956200e+02	 24	 999000	 240	 999000	 999	 7.966697e+02	 416.67	 533.33	 58.00	 16	 0.13	 
ccat_104	 2	 10	 107.jpg	 7.976192e+02	 24	 999000	 240	 999000	 999	 7.986689e+02	 416.67	 533.33	 50.00	 7	 0.26	 
ccat_104	 2	 10	 136.jpg	 7.996184e+02	 12	 999000	 120	 999000	 999	 8.006681e+02	 416.67	 533.33	 4.00	 36	 0.86	 
ccat_104	 2	 10	 138.jpg	 8.016176e+02	 22	 8.742184e+02	 220	 5.601518e+02	 98	 8.027006e+02	 416.67	 550.00	 48.00	 38	 0.27	 
ccat_104	 2	 10	 113.jpg	 8.036335e+02	 12	 999000	 120	 999000	 999	 8.046832e+02	 416.67	 550.00	 20.00	 13	 0.62	 
ccat_104	 2	 10	 115.jpg	 8.056327e+02	 12	 999000	 120	 999000	 999	 8.066824e+02	 416.67	 550.00	 18.00	 15	 0.63	 
ccat_104	 2	 10	 127.jpg	 8.076319e+02	 12	 999000	 120	 999000	 999	 8.086816e+02	 416.67	 550.00	 13.00	 27	 0.66	 
ccat_104	 2	 10	 144.jpg	 8.096311e+02	 11	 8.927068e+02	 110	 4.427084e+02	 98	 8.106975e+02	 433.33	 550.00	 9.00	 44	 0.71	 
ccat_104	 2	 10	 159.jpg	 8.116304e+02	 24	 999000	 240	 999000	 999	 8.126800e+02	 433.33	 550.00	 56.00	 59	 0.18	 
ccat_104	 2	 10	 104.jpg	 8.136296e+02	 12	 999000	 120	 999000	 999	 8.146793e+02	 433.33	 550.00	 21.00	 4	 0.61	 
ccat_104	 2	 10	 157.jpg	 8.156288e+02	 24	 999000	 240	 999000	 999	 8.166785e+02	 433.33	 550.00	 55.00	 57	 0.18	 
ccat_104	 2	 10	 120.jpg	 8.176280e+02	 11	 9.038486e+02	 110	 4.593205e+02	 98	 8.186943e+02	 450.00	 550.00	 16.00	 20	 0.64	 
ccat_104	 2	 10	 155.jpg	 8.196272e+02	 24	 999000	 240	 999000	 999	 8.206769e+02	 450.00	 550.00	 57.00	 55	 0.16	 
ccat_104	 2	 10	 149.jpg	 8.216264e+02	 24	 999000	 240	 999000	 999	 8.226761e+02	 450.00	 550.00	 52.00	 49	 0.23	 
ccat_104	 2	 10	 130.jpg	 8.236256e+02	 24	 999000	 240	 999000	 999	 8.246753e+02	 450.00	 550.00	 44.00	 30	 0.33	 
ccat_104	 2	 10	 129.jpg	 8.256248e+02	 12	 999000	 120	 999000	 999	 8.266745e+02	 450.00	 550.00	 3.00	 29	 0.86	 
ccat_104	 2	 10	 119.jpg	 8.276240e+02	 22	 1.035842e+03	 2200	 5.760918e+02	 98	 8.286903e+02	 450.00	 500.00	 49.00	 19	 0.27	 
ccat_104	 2	 10	 146.jpg	 8.296232e+02	 22	 1.020647e+03	 2200	 5.256915e+02	 98	 8.306896e+02	 450.00	 450.00	 51.00	 46	 0.24	 
ccat_104	 2	 10	 126.jpg	 8.316224e+02	 12	 999000	 120	 999000	 999	 8.326722e+02	 450.00	 450.00	 15.00	 26	 0.64	 
ccat_104	 2	 10	 145.jpg	 8.336217e+02	 24	 999000	 240	 999000	 999	 8.346714e+02	 450.00	 450.00	 39.00	 45	 0.42	 
ccat_104	 2	 10	 153.jpg	 8.356209e+02	 12	 999000	 120	 999000	 999	 8.366706e+02	 450.00	 450.00	 19.00	 53	 0.63	 
ccat_104	 2	 10	 105.jpg	 8.376201e+02	 12	 999000	 120	 999000	 999	 8.386698e+02	 450.00	 450.00	 5.00	 5	 0.85	 
ccat_104	 2	 10	 139.jpg	 8.396193e+02	 24	 999000	 240	 999000	 999	 8.406691e+02	 450.00	 450.00	 45.00	 39	 0.31	 
ccat_104	 2	 10	 111.jpg	 8.416185e+02	 12	 999000	 120	 999000	 999	 8.426682e+02	 450.00	 450.00	 10.00	 11	 0.70	 
ccat_104	 2	 10	 117.jpg	 8.436177e+02	 22	 9.301513e+02	 220	 4.760766e+02	 98	 8.446841e+02	 450.00	 466.67	 46.00	 17	 0.30	 
ccat_104	 2	 10	 128.jpg	 8.456336e+02	 22	 1.106210e+03	 2200	 4.999501e+02	 98	 8.467000e+02	 450.00	 416.67	 54.00	 28	 0.23	 
ccat_104	 2	 10	 137.jpg	 8.476329e+02	 24	 999000	 240	 999000	 999	 8.486826e+02	 450.00	 416.67	 47.00	 37	 0.28	 
ccat_104	 2	 10	 124.jpg	 8.496320e+02	 11	 1.043801e+03	 1100	 4.759010e+02	 98	 8.506984e+02	 400.00	 416.67	 8.00	 24	 0.80	 
ccat_104	 2	 10	 134.jpg	 8.516314e+02	 12	 999000	 120	 999000	 999	 8.526810e+02	 400.00	 416.67	 22.00	 34	 0.60	 
ccat_104	 2	 10	 110.jpg	 8.536304e+02	 11	 8.453912e+02	 110	 4.259724e+02	 98	 8.546969e+02	 416.67	 416.67	 17.00	 10	 0.63	 
