subjectID	 order	 runNum	 itemName	 onsetTime	 shuff_trialType	 RT	 respInTime	 AudioTime	 response	 fixationTime	 ladder1	 ladder2	 bidIndex	 itemNameIndex	 bidValue	 
ccat_406	 2	 7	 109.jpg	 5.811788e+02	 12	 999000	 120	 999000	 999	 5.822285e+02	 483.33	 483.33	 6.00	 9	 0.83	 
ccat_406	 2	 7	 142.jpg	 5.831448e+02	 12	 999000	 120	 999000	 999	 5.841945e+02	 483.33	 483.33	 18.00	 42	 0.67	 
ccat_406	 2	 7	 147.jpg	 5.851440e+02	 24	 999000	 240	 999000	 999	 5.862104e+02	 483.33	 483.33	 58.00	 47	 0.13	 
ccat_406	 2	 7	 150.jpg	 5.871432e+02	 12	 999000	 120	 999000	 999	 5.882095e+02	 483.33	 483.33	 15.00	 50	 0.70	 
ccat_406	 2	 7	 110.jpg	 5.891425e+02	 22	 9.016005e+02	 220	 5.507273e+02	 98	 5.902421e+02	 483.33	 500.00	 46.00	 10	 0.29	 
ccat_406	 2	 7	 140.jpg	 5.911583e+02	 12	 999000	 120	 999000	 999	 5.922247e+02	 483.33	 500.00	 4.00	 40	 0.86	 
ccat_406	 2	 7	 159.jpg	 5.931575e+02	 24	 999000	 240	 999000	 999	 5.942073e+02	 483.33	 500.00	 41.00	 59	 0.36	 
ccat_406	 2	 7	 111.jpg	 5.951567e+02	 24	 999000	 240	 999000	 999	 5.962064e+02	 483.33	 500.00	 47.00	 11	 0.28	 
ccat_406	 2	 7	 144.jpg	 5.971559e+02	 12	 999000	 120	 999000	 999	 5.982056e+02	 483.33	 500.00	 10.00	 44	 0.78	 
ccat_406	 2	 7	 104.jpg	 5.991551e+02	 22	 8.888734e+02	 220	 5.665686e+02	 98	 6.002215e+02	 483.33	 516.67	 54.00	 4	 0.19	 
ccat_406	 2	 7	 101.jpg	 6.011544e+02	 12	 999000	 120	 999000	 999	 6.022041e+02	 483.33	 516.67	 19.00	 1	 0.65	 
ccat_406	 2	 7	 118.jpg	 6.031536e+02	 24	 999000	 240	 999000	 999	 6.042033e+02	 483.33	 516.67	 45.00	 18	 0.30	 
ccat_406	 2	 7	 137.jpg	 6.051528e+02	 12	 999000	 120	 999000	 999	 6.062025e+02	 483.33	 516.67	 22.00	 37	 0.64	 
ccat_406	 2	 7	 108.jpg	 6.071520e+02	 24	 999000	 240	 999000	 999	 6.082017e+02	 483.33	 516.67	 57.00	 8	 0.14	 
ccat_406	 2	 7	 124.jpg	 6.091512e+02	 24	 999000	 240	 999000	 999	 6.102009e+02	 483.33	 516.67	 42.00	 24	 0.35	 
ccat_406	 2	 7	 158.jpg	 6.111505e+02	 11	 1.037559e+03	 1100	 5.499674e+02	 98	 6.122168e+02	 433.33	 516.67	 8.00	 58	 0.80	 
ccat_406	 2	 7	 127.jpg	 6.131497e+02	 12	 999000	 120	 999000	 999	 6.141993e+02	 433.33	 516.67	 20.00	 27	 0.65	 
ccat_406	 2	 7	 156.jpg	 6.151489e+02	 12	 999000	 120	 999000	 999	 6.161985e+02	 433.33	 516.67	 13.00	 56	 0.71	 
ccat_406	 2	 7	 115.jpg	 6.171481e+02	 12	 999000	 120	 999000	 999	 6.181978e+02	 433.33	 516.67	 5.00	 15	 0.85	 
ccat_406	 2	 7	 107.jpg	 6.191473e+02	 24	 999000	 240	 999000	 999	 6.201970e+02	 433.33	 516.67	 53.00	 7	 0.22	 
ccat_406	 2	 7	 117.jpg	 6.211465e+02	 22	 1.025541e+03	 2200	 5.829407e+02	 98	 6.222128e+02	 433.33	 466.67	 48.00	 17	 0.25	 
ccat_406	 2	 7	 122.jpg	 6.231457e+02	 24	 999000	 240	 999000	 999	 6.241954e+02	 433.33	 466.67	 56.00	 22	 0.16	 
ccat_406	 2	 7	 131.jpg	 6.251449e+02	 11	 8.991240e+02	 110	 5.013737e+02	 98	 6.262113e+02	 450.00	 466.67	 9.00	 31	 0.78	 
ccat_406	 2	 7	 126.jpg	 6.271442e+02	 24	 999000	 240	 999000	 999	 6.281939e+02	 450.00	 466.67	 40.00	 26	 0.38	 
ccat_406	 2	 7	 133.jpg	 6.291434e+02	 11	 8.766838e+02	 110	 5.161852e+02	 98	 6.302097e+02	 466.67	 466.67	 11.00	 33	 0.73	 
ccat_406	 2	 7	 120.jpg	 6.311426e+02	 22	 8.614154e+02	 220	 5.329816e+02	 98	 6.322089e+02	 466.67	 483.33	 49.00	 20	 0.24	 
ccat_406	 2	 7	 113.jpg	 6.331418e+02	 11	 8.461785e+02	 110	 5.331622e+02	 98	 6.342082e+02	 483.33	 483.33	 14.00	 13	 0.71	 
ccat_406	 2	 7	 123.jpg	 6.351577e+02	 22	 8.543765e+02	 220	 5.494161e+02	 98	 6.362407e+02	 483.33	 500.00	 51.00	 23	 0.23	 
ccat_406	 2	 7	 154.jpg	 6.371569e+02	 12	 999000	 120	 999000	 999	 6.382066e+02	 483.33	 500.00	 21.00	 54	 0.64	 
ccat_406	 2	 7	 157.jpg	 6.391561e+02	 11	 9.599624e+02	 110	 5.497857e+02	 98	 6.402224e+02	 500.00	 500.00	 16.00	 57	 0.68	 
ccat_406	 2	 7	 121.jpg	 6.411554e+02	 24	 999000	 240	 999000	 999	 6.422050e+02	 500.00	 500.00	 52.00	 21	 0.22	 
ccat_406	 2	 7	 132.jpg	 6.431545e+02	 22	 9.615326e+02	 220	 5.666652e+02	 98	 6.442209e+02	 500.00	 516.67	 43.00	 32	 0.34	 
ccat_406	 2	 7	 141.jpg	 6.451538e+02	 11	 1.034263e+03	 1100	 5.660727e+02	 98	 6.462201e+02	 450.00	 516.67	 17.00	 41	 0.68	 
ccat_406	 2	 7	 116.jpg	 6.471530e+02	 12	 999000	 120	 999000	 999	 6.482193e+02	 450.00	 516.67	 3.00	 16	 0.87	 
ccat_406	 2	 7	 114.jpg	 6.491522e+02	 24	 999000	 240	 999000	 999	 6.502019e+02	 450.00	 516.67	 44.00	 14	 0.31	 
ccat_406	 2	 7	 112.jpg	 6.511514e+02	 24	 999000	 240	 999000	 999	 6.522011e+02	 450.00	 516.67	 50.00	 12	 0.23	 
ccat_406	 2	 7	 143.jpg	 6.531506e+02	 12	 999000	 120	 999000	 999	 6.542003e+02	 450.00	 516.67	 7.00	 43	 0.82	 
ccat_406	 2	 7	 148.jpg	 6.551498e+02	 24	 999000	 240	 999000	 999	 6.561995e+02	 450.00	 516.67	 55.00	 48	 0.18	 
ccat_406	 2	 7	 151.jpg	 6.571490e+02	 12	 999000	 120	 999000	 999	 6.581988e+02	 450.00	 516.67	 12.00	 51	 0.73	 
ccat_406	 2	 7	 153.jpg	 6.591483e+02	 24	 999000	 240	 999000	 999	 6.601979e+02	 450.00	 516.67	 39.00	 53	 0.39	 
