1	 6	 116.jpg	 1	 1	 5	 0	 
2	 2	 104.jpg	 1	 1	 48	 0	 
3	 69	 241.jpg	 0	 0	 0	 0	 
4	 32	 204.jpg	 0	 0	 0	 0	 
5	 5	 111.jpg	 1	 1	 18	 1	 
6	 54	 226.jpg	 0	 0	 0	 0	 
7	 29	 201.jpg	 0	 0	 0	 0	 
8	 4	 106.jpg	 1	 1	 14	 0	 
9	 42	 214.jpg	 0	 0	 0	 0	 
10	 8	 120.jpg	 1	 1	 12	 1	 
11	 60	 232.jpg	 0	 0	 0	 0	 
12	 77	 249.jpg	 0	 0	 0	 0	 
13	 10	 127.jpg	 1	 0	 45	 1	 
14	 46	 218.jpg	 0	 0	 0	 0	 
15	 3	 105.jpg	 1	 1	 17	 0	 
16	 70	 242.jpg	 0	 1	 0	 0	 
17	 14	 134.jpg	 1	 1	 11	 0	 
18	 86	 258.jpg	 0	 0	 0	 0	 
19	 27	 157.jpg	 1	 1	 8	 0	 
20	 31	 203.jpg	 0	 1	 0	 0	 
21	 72	 244.jpg	 0	 0	 0	 0	 
22	 9	 124.jpg	 1	 1	 47	 1	 
23	 74	 246.jpg	 0	 1	 0	 0	 
24	 26	 152.jpg	 1	 1	 7	 1	 
25	 79	 251.jpg	 0	 1	 0	 0	 
26	 12	 131.jpg	 1	 0	 13	 1	 
27	 55	 227.jpg	 0	 1	 0	 0	 
28	 15	 135.jpg	 1	 1	 15	 1	 
29	 84	 256.jpg	 0	 0	 0	 0	 
30	 11	 129.jpg	 1	 1	 16	 0	 
31	 53	 225.jpg	 0	 1	 0	 0	 
32	 18	 140.jpg	 1	 0	 50	 1	 
33	 57	 229.jpg	 0	 1	 0	 0	 
34	 24	 149.jpg	 1	 1	 43	 0	 
35	 88	 260.jpg	 0	 1	 0	 0	 
36	 73	 245.jpg	 0	 1	 0	 0	 
37	 48	 220.jpg	 0	 0	 0	 0	 
38	 45	 217.jpg	 0	 1	 0	 0	 
39	 85	 257.jpg	 0	 1	 0	 0	 
40	 82	 254.jpg	 0	 1	 0	 0	 
41	 43	 215.jpg	 0	 0	 0	 0	 
42	 51	 223.jpg	 0	 0	 0	 0	 
43	 34	 206.jpg	 0	 0	 0	 0	 
44	 61	 233.jpg	 0	 0	 0	 0	 
45	 16	 138.jpg	 1	 1	 56	 0	 
46	 58	 230.jpg	 0	 1	 0	 0	 
47	 65	 237.jpg	 0	 1	 0	 0	 
48	 39	 211.jpg	 0	 1	 0	 0	 
49	 35	 207.jpg	 0	 1	 0	 0	 
50	 17	 139.jpg	 1	 1	 53	 1	 
51	 50	 222.jpg	 0	 0	 0	 0	 
52	 19	 142.jpg	 1	 1	 46	 0	 
53	 25	 150.jpg	 1	 1	 51	 0	 
54	 83	 255.jpg	 0	 1	 0	 0	 
55	 20	 143.jpg	 1	 1	 9	 0	 
56	 1	 101.jpg	 1	 1	 6	 0	 
57	 75	 247.jpg	 0	 1	 0	 0	 
58	 52	 224.jpg	 0	 0	 0	 0	 
59	 64	 236.jpg	 0	 0	 0	 0	 
60	 37	 209.jpg	 0	 1	 0	 0	 
61	 62	 234.jpg	 0	 1	 0	 0	 
62	 28	 158.jpg	 1	 1	 52	 1	 
63	 47	 219.jpg	 0	 1	 0	 0	 
64	 40	 212.jpg	 0	 0	 0	 0	 
65	 7	 119.jpg	 1	 1	 10	 1	 
66	 44	 216.jpg	 0	 0	 0	 0	 
67	 78	 250.jpg	 0	 0	 0	 0	 
68	 38	 210.jpg	 0	 1	 0	 0	 
69	 81	 253.jpg	 0	 1	 0	 0	 
70	 59	 231.jpg	 0	 0	 0	 0	 
71	 67	 239.jpg	 0	 1	 0	 0	 
72	 49	 221.jpg	 0	 1	 0	 0	 
73	 71	 243.jpg	 0	 0	 0	 0	 
74	 66	 238.jpg	 0	 1	 0	 0	 
75	 56	 228.jpg	 0	 1	 0	 0	 
76	 21	 145.jpg	 1	 1	 54	 0	 
77	 41	 213.jpg	 0	 0	 0	 0	 
78	 76	 248.jpg	 0	 1	 0	 0	 
79	 36	 208.jpg	 0	 0	 0	 0	 
80	 80	 252.jpg	 0	 1	 0	 0	 
81	 63	 235.jpg	 0	 0	 0	 0	 
82	 87	 259.jpg	 0	 0	 0	 0	 
83	 13	 132.jpg	 1	 1	 44	 1	 
84	 33	 205.jpg	 0	 1	 0	 0	 
85	 30	 202.jpg	 0	 0	 0	 0	 
86	 68	 240.jpg	 0	 0	 0	 0	 
87	 23	 148.jpg	 1	 0	 49	 0	 
88	 22	 147.jpg	 1	 1	 55	 0	 
