subjectID	 order	 runNum	 itemName	 onsetTime	 shuff_trialType	 RT	 respInTime	 AudioTime	 response	 fixationTime	 ladder1	 ladder2	 bidIndex	 itemNameIndex	 bidValue	 
ccat_123	 1	 16	 112.jpg	 1.312068e+03	 12	 999000	 120	 999000	 999	 1.313118e+03	 650.00	 650.00	 3.00	 12	 0.86	 
ccat_123	 1	 16	 128.jpg	 1.314034e+03	 24	 999000	 240	 999000	 999	 1.315084e+03	 650.00	 650.00	 58.00	 28	 0.12	 
ccat_123	 1	 16	 132.jpg	 1.316033e+03	 24	 999000	 240	 999000	 999	 1.317083e+03	 650.00	 650.00	 39.00	 32	 0.40	 
ccat_123	 1	 16	 152.jpg	 1.318032e+03	 24	 999000	 240	 999000	 999	 1.319082e+03	 650.00	 650.00	 56.00	 52	 0.13	 
ccat_123	 1	 16	 123.jpg	 1.320032e+03	 12	 999000	 120	 999000	 999	 1.321081e+03	 650.00	 650.00	 20.00	 23	 0.64	 
ccat_123	 1	 16	 113.jpg	 1.322048e+03	 12	 999000	 120	 999000	 999	 1.323097e+03	 650.00	 650.00	 16.00	 13	 0.70	 
ccat_123	 1	 16	 154.jpg	 1.324047e+03	 12	 999000	 120	 999000	 999	 1.325096e+03	 650.00	 650.00	 11.00	 54	 0.78	 
ccat_123	 1	 16	 121.jpg	 1.326046e+03	 12	 999000	 120	 999000	 999	 1.327096e+03	 650.00	 650.00	 14.00	 21	 0.71	 
ccat_123	 1	 16	 119.jpg	 1.328045e+03	 24	 999000	 240	 999000	 999	 1.329095e+03	 650.00	 650.00	 42.00	 19	 0.36	 
ccat_123	 1	 16	 140.jpg	 1.330044e+03	 11	 1.040055e+03	 1100	 6.772474e+02	 98	 1.331111e+03	 600.00	 650.00	 15.00	 40	 0.70	 
ccat_123	 1	 16	 102.jpg	 1.332044e+03	 11	 9.049133e+02	 110	 6.268450e+02	 98	 1.333110e+03	 616.67	 650.00	 18.00	 2	 0.67	 
ccat_123	 1	 16	 147.jpg	 1.334043e+03	 22	 9.696949e+02	 220	 6.764078e+02	 98	 1.335109e+03	 616.67	 666.67	 50.00	 47	 0.23	 
ccat_123	 1	 16	 148.jpg	 1.336042e+03	 24	 999000	 240	 999000	 999	 1.337092e+03	 616.67	 666.67	 43.00	 48	 0.36	 
ccat_123	 1	 16	 114.jpg	 1.338041e+03	 12	 999000	 120	 999000	 999	 1.339091e+03	 616.67	 666.67	 21.00	 14	 0.63	 
ccat_123	 1	 16	 155.jpg	 1.340040e+03	 22	 1.003987e+03	 2200	 6.932719e+02	 98	 1.341107e+03	 616.67	 616.67	 53.00	 55	 0.22	 
ccat_123	 1	 16	 139.jpg	 1.342040e+03	 24	 999000	 240	 999000	 999	 1.343089e+03	 616.67	 616.67	 41.00	 39	 0.36	 
ccat_123	 1	 16	 106.jpg	 1.344039e+03	 12	 999000	 120	 999000	 999	 1.345089e+03	 616.67	 616.67	 5.00	 6	 0.84	 
ccat_123	 1	 16	 150.jpg	 1.346038e+03	 24	 999000	 240	 999000	 999	 1.347088e+03	 616.67	 616.67	 51.00	 50	 0.23	 
ccat_123	 1	 16	 137.jpg	 1.348037e+03	 24	 999000	 240	 999000	 999	 1.349087e+03	 616.67	 616.67	 46.00	 37	 0.30	 
ccat_123	 1	 16	 122.jpg	 1.350036e+03	 12	 999000	 120	 999000	 999	 1.351086e+03	 616.67	 616.67	 4.00	 22	 0.85	 
ccat_123	 1	 16	 160.jpg	 1.352036e+03	 12	 999000	 120	 999000	 999	 1.353085e+03	 616.67	 616.67	 19.00	 60	 0.66	 
ccat_123	 1	 16	 130.jpg	 1.354035e+03	 24	 999000	 240	 999000	 999	 1.355085e+03	 616.67	 616.67	 40.00	 30	 0.40	 
ccat_123	 1	 16	 146.jpg	 1.356034e+03	 24	 999000	 240	 999000	 999	 1.357084e+03	 616.67	 616.67	 55.00	 46	 0.20	 
ccat_123	 1	 16	 135.jpg	 1.358033e+03	 22	 9.790889e+02	 220	 6.431701e+02	 98	 1.359100e+03	 616.67	 633.33	 52.00	 35	 0.23	 
ccat_123	 1	 16	 104.jpg	 1.360033e+03	 12	 999000	 120	 999000	 999	 1.361082e+03	 616.67	 633.33	 8.00	 4	 0.81	 
ccat_123	 1	 16	 141.jpg	 1.362032e+03	 12	 999000	 120	 999000	 999	 1.363081e+03	 616.67	 633.33	 22.00	 41	 0.62	 
ccat_123	 1	 16	 125.jpg	 1.364048e+03	 24	 999000	 240	 999000	 999	 1.365097e+03	 616.67	 633.33	 48.00	 25	 0.28	 
ccat_123	 1	 16	 120.jpg	 1.366047e+03	 12	 999000	 120	 999000	 999	 1.367096e+03	 616.67	 633.33	 9.00	 20	 0.79	 
ccat_123	 1	 16	 157.jpg	 1.368046e+03	 24	 999000	 240	 999000	 999	 1.369096e+03	 616.67	 633.33	 49.00	 57	 0.27	 
ccat_123	 1	 16	 127.jpg	 1.370045e+03	 22	 1.023154e+03	 2200	 6.598475e+02	 98	 1.371112e+03	 616.67	 583.33	 44.00	 27	 0.31	 
ccat_123	 1	 16	 115.jpg	 1.372044e+03	 11	 9.839570e+02	 110	 6.432598e+02	 98	 1.373111e+03	 633.33	 583.33	 10.00	 15	 0.79	 
ccat_123	 1	 16	 133.jpg	 1.374044e+03	 24	 999000	 240	 999000	 999	 1.375093e+03	 633.33	 583.33	 54.00	 33	 0.20	 
ccat_123	 1	 16	 144.jpg	 1.376043e+03	 12	 999000	 120	 999000	 999	 1.377092e+03	 633.33	 583.33	 17.00	 44	 0.69	 
ccat_123	 1	 16	 131.jpg	 1.378042e+03	 22	 9.863422e+02	 220	 6.096887e+02	 98	 1.379125e+03	 633.33	 600.00	 45.00	 31	 0.30	 
ccat_123	 1	 16	 117.jpg	 1.380041e+03	 24	 999000	 240	 999000	 999	 1.381091e+03	 633.33	 600.00	 57.00	 17	 0.13	 
ccat_123	 1	 16	 124.jpg	 1.382041e+03	 12	 999000	 120	 999000	 999	 1.383090e+03	 633.33	 600.00	 6.00	 24	 0.82	 
ccat_123	 1	 16	 151.jpg	 1.384040e+03	 11	 9.726690e+02	 110	 6.598679e+02	 98	 1.385106e+03	 650.00	 600.00	 12.00	 51	 0.77	 
ccat_123	 1	 16	 118.jpg	 1.386039e+03	 11	 9.894380e+02	 110	 6.763466e+02	 98	 1.387105e+03	 666.67	 600.00	 7.00	 18	 0.81	 
ccat_123	 1	 16	 103.jpg	 1.388038e+03	 11	 1.006287e+03	 1100	 6.928807e+02	 98	 1.389105e+03	 616.67	 600.00	 13.00	 3	 0.74	 
ccat_123	 1	 16	 153.jpg	 1.390037e+03	 22	 9.271113e+02	 220	 6.265901e+02	 98	 1.391104e+03	 616.67	 616.67	 47.00	 53	 0.29	 
