subjectID	 order	 runNum	 itemName	 onsetTime	 shuff_trialType	 RT	 respInTime	 AudioTime	 response	 fixationTime	 ladder1	 ladder2	 bidIndex	 itemNameIndex	 bidValue	 
ccat_402	 2	 16	 111.jpg	 1.899480e+03	 12	 999000	 120	 999000	 999	 1.900530e+03	 516.67	 516.67	 3.00	 11	 0.85	 
ccat_402	 2	 16	 157.jpg	 1.901463e+03	 24	 999000	 240	 999000	 999	 1.902512e+03	 516.67	 516.67	 44.00	 57	 0.32	 
ccat_402	 2	 16	 128.jpg	 1.903462e+03	 22	 9.891219e+02	 220	 5.869804e+02	 98	 1.904528e+03	 516.67	 533.33	 49.00	 28	 0.24	 
ccat_402	 2	 16	 124.jpg	 1.905461e+03	 12	 999000	 120	 999000	 999	 1.906511e+03	 516.67	 533.33	 5.00	 24	 0.83	 
ccat_402	 2	 16	 107.jpg	 1.907461e+03	 11	 9.586593e+02	 110	 5.864184e+02	 98	 1.908527e+03	 533.33	 533.33	 14.00	 7	 0.72	 
ccat_402	 2	 16	 158.jpg	 1.909460e+03	 22	 9.275037e+02	 220	 6.010590e+02	 98	 1.910526e+03	 533.33	 550.00	 54.00	 58	 0.20	 
ccat_402	 2	 16	 120.jpg	 1.911459e+03	 12	 999000	 120	 999000	 999	 1.912509e+03	 533.33	 550.00	 10.00	 20	 0.76	 
ccat_402	 2	 16	 133.jpg	 1.913458e+03	 24	 999000	 240	 999000	 999	 1.914508e+03	 533.33	 550.00	 45.00	 33	 0.29	 
ccat_402	 2	 16	 155.jpg	 1.915457e+03	 12	 999000	 120	 999000	 999	 1.916507e+03	 533.33	 550.00	 15.00	 55	 0.72	 
ccat_402	 2	 16	 106.jpg	 1.917457e+03	 12	 999000	 120	 999000	 999	 1.918523e+03	 533.33	 550.00	 19.00	 6	 0.67	 
ccat_402	 2	 16	 108.jpg	 1.919456e+03	 11	 9.233931e+02	 110	 6.005924e+02	 98	 1.920522e+03	 550.00	 550.00	 9.00	 8	 0.76	 
ccat_402	 2	 16	 140.jpg	 1.921455e+03	 24	 999000	 240	 999000	 999	 1.922505e+03	 550.00	 550.00	 47.00	 40	 0.25	 
ccat_402	 2	 16	 139.jpg	 1.923454e+03	 24	 999000	 240	 999000	 999	 1.924504e+03	 550.00	 550.00	 57.00	 39	 0.16	 
ccat_402	 2	 16	 112.jpg	 1.925453e+03	 11	 8.857749e+02	 110	 6.169018e+02	 98	 1.926520e+03	 566.67	 550.00	 11.00	 12	 0.74	 
ccat_402	 2	 16	 160.jpg	 1.927453e+03	 12	 999000	 120	 999000	 999	 1.928502e+03	 566.67	 550.00	 6.00	 60	 0.81	 
ccat_402	 2	 16	 123.jpg	 1.929452e+03	 12	 999000	 120	 999000	 999	 1.930501e+03	 566.67	 550.00	 22.00	 23	 0.65	 
ccat_402	 2	 16	 148.jpg	 1.931451e+03	 11	 9.600805e+02	 110	 6.338895e+02	 98	 1.932517e+03	 583.33	 550.00	 8.00	 48	 0.76	 
ccat_402	 2	 16	 154.jpg	 1.933450e+03	 24	 999000	 240	 999000	 999	 1.934517e+03	 583.33	 550.00	 55.00	 54	 0.17	 
ccat_402	 2	 16	 137.jpg	 1.935450e+03	 22	 9.056968e+02	 220	 6.163760e+02	 98	 1.936532e+03	 583.33	 566.67	 51.00	 37	 0.23	 
ccat_402	 2	 16	 116.jpg	 1.937465e+03	 12	 999000	 120	 999000	 999	 1.938532e+03	 583.33	 566.67	 12.00	 16	 0.73	 
ccat_402	 2	 16	 156.jpg	 1.939465e+03	 12	 999000	 120	 999000	 999	 1.940531e+03	 583.33	 566.67	 13.00	 56	 0.72	 
ccat_402	 2	 16	 110.jpg	 1.941464e+03	 12	 999000	 120	 999000	 999	 1.942530e+03	 583.33	 566.67	 20.00	 10	 0.67	 
ccat_402	 2	 16	 114.jpg	 1.943463e+03	 11	 9.482709e+02	 110	 6.507336e+02	 98	 1.944529e+03	 600.00	 566.67	 17.00	 14	 0.71	 
ccat_402	 2	 16	 103.jpg	 1.945462e+03	 11	 1.060964e+03	 1100	 6.664175e+02	 98	 1.946529e+03	 550.00	 566.67	 16.00	 3	 0.72	 
ccat_402	 2	 16	 104.jpg	 1.947461e+03	 12	 999000	 120	 999000	 999	 1.948511e+03	 550.00	 566.67	 18.00	 4	 0.68	 
ccat_402	 2	 16	 129.jpg	 1.949461e+03	 24	 999000	 240	 999000	 999	 1.950510e+03	 550.00	 566.67	 42.00	 29	 0.34	 
ccat_402	 2	 16	 121.jpg	 1.951460e+03	 12	 999000	 120	 999000	 999	 1.952526e+03	 550.00	 566.67	 4.00	 21	 0.84	 
ccat_402	 2	 16	 147.jpg	 1.953459e+03	 24	 999000	 240	 999000	 999	 1.954509e+03	 550.00	 566.67	 58.00	 47	 0.14	 
ccat_402	 2	 16	 145.jpg	 1.955458e+03	 24	 999000	 240	 999000	 999	 1.956508e+03	 550.00	 566.67	 56.00	 45	 0.17	 
ccat_402	 2	 16	 117.jpg	 1.957458e+03	 22	 9.696609e+02	 220	 6.341321e+02	 98	 1.958524e+03	 550.00	 583.33	 46.00	 17	 0.27	 
ccat_402	 2	 16	 127.jpg	 1.959457e+03	 24	 999000	 240	 999000	 999	 1.960506e+03	 550.00	 583.33	 39.00	 27	 0.36	 
ccat_402	 2	 16	 138.jpg	 1.961456e+03	 22	 1.035252e+03	 2200	 6.502370e+02	 98	 1.962539e+03	 550.00	 533.33	 48.00	 38	 0.25	 
ccat_402	 2	 16	 134.jpg	 1.963455e+03	 24	 999000	 240	 999000	 999	 1.964505e+03	 550.00	 533.33	 40.00	 34	 0.35	 
ccat_402	 2	 16	 149.jpg	 1.965454e+03	 12	 999000	 120	 999000	 999	 1.966504e+03	 550.00	 533.33	 7.00	 49	 0.76	 
ccat_402	 2	 16	 144.jpg	 1.967454e+03	 24	 999000	 240	 999000	 999	 1.968503e+03	 550.00	 533.33	 53.00	 44	 0.21	 
ccat_402	 2	 16	 130.jpg	 1.969453e+03	 12	 999000	 120	 999000	 999	 1.970503e+03	 550.00	 533.33	 21.00	 30	 0.65	 
ccat_402	 2	 16	 109.jpg	 1.971452e+03	 24	 999000	 240	 999000	 999	 1.972502e+03	 550.00	 533.33	 41.00	 9	 0.35	 
ccat_402	 2	 16	 152.jpg	 1.973451e+03	 24	 999000	 240	 999000	 999	 1.974518e+03	 550.00	 533.33	 52.00	 52	 0.21	 
ccat_402	 2	 16	 150.jpg	 1.975450e+03	 22	 1.176808e+03	 2200	 6.234372e+02	 98	 1.976517e+03	 550.00	 483.33	 43.00	 50	 0.32	 
ccat_402	 2	 16	 159.jpg	 1.977450e+03	 24	 999000	 240	 999000	 999	 1.978499e+03	 550.00	 483.33	 50.00	 59	 0.23	 
