subjectID	 order	 runNum	 itemName	 onsetTime	 shuff_trialType	 RT	 respInTime	 AudioTime	 response	 fixationTime	 ladder1	 ladder2	 bidIndex	 itemNameIndex	 bidValue	 
ccat_406	 2	 2	 157.jpg	 8.449058e+01	 11	 5.534316e+02	 110	 5.842399e+02	 98	 8.555696e+01	 533.33	 450.00	 16.00	 57	 0.68	 
ccat_406	 2	 2	 110.jpg	 8.647319e+01	 22	 1.346765e+03	 2200	 5.162241e+02	 98	 8.753954e+01	 533.33	 400.00	 46.00	 10	 0.29	 
ccat_406	 2	 2	 126.jpg	 8.847241e+01	 24	 999000	 240	 999000	 999	 8.952205e+01	 533.33	 400.00	 40.00	 26	 0.38	 
ccat_406	 2	 2	 121.jpg	 9.047162e+01	 24	 999000	 240	 999000	 999	 9.152127e+01	 533.33	 400.00	 52.00	 21	 0.22	 
ccat_406	 2	 2	 140.jpg	 9.247083e+01	 12	 999000	 120	 999000	 999	 9.352049e+01	 533.33	 400.00	 4.00	 40	 0.86	 
ccat_406	 2	 2	 147.jpg	 9.447006e+01	 24	 999000	 240	 999000	 999	 9.551977e+01	 533.33	 400.00	 58.00	 47	 0.13	 
ccat_406	 2	 2	 118.jpg	 9.646926e+01	 24	 999000	 240	 999000	 999	 9.751891e+01	 533.33	 400.00	 45.00	 18	 0.30	 
ccat_406	 2	 2	 148.jpg	 9.846846e+01	 24	 999000	 240	 999000	 999	 9.951813e+01	 533.33	 400.00	 55.00	 48	 0.18	 
ccat_406	 2	 2	 153.jpg	 1.004843e+02	 24	 999000	 240	 999000	 999	 1.015340e+02	 533.33	 400.00	 39.00	 53	 0.39	 
ccat_406	 2	 2	 142.jpg	 1.024836e+02	 12	 999000	 120	 999000	 999	 1.035333e+02	 533.33	 400.00	 18.00	 42	 0.67	 
ccat_406	 2	 2	 133.jpg	 1.044829e+02	 11	 1.057100e+03	 1100	 6.001975e+02	 98	 1.055658e+02	 483.33	 400.00	 11.00	 33	 0.73	 
ccat_406	 2	 2	 151.jpg	 1.064821e+02	 12	 999000	 120	 999000	 999	 1.075483e+02	 483.33	 400.00	 12.00	 51	 0.73	 
ccat_406	 2	 2	 109.jpg	 1.084812e+02	 12	 999000	 120	 999000	 999	 1.095475e+02	 483.33	 400.00	 6.00	 9	 0.83	 
ccat_406	 2	 2	 132.jpg	 1.104804e+02	 22	 9.875171e+02	 220	 4.669314e+02	 98	 1.115469e+02	 483.33	 416.67	 43.00	 32	 0.34	 
ccat_406	 2	 2	 108.jpg	 1.124796e+02	 24	 999000	 240	 999000	 999	 1.135293e+02	 483.33	 416.67	 57.00	 8	 0.14	 
ccat_406	 2	 2	 141.jpg	 1.144789e+02	 11	 1.093113e+03	 1100	 5.498488e+02	 98	 1.155618e+02	 433.33	 416.67	 17.00	 41	 0.68	 
ccat_406	 2	 2	 156.jpg	 1.164781e+02	 12	 999000	 120	 999000	 999	 1.175277e+02	 433.33	 416.67	 13.00	 56	 0.71	 
ccat_406	 2	 2	 122.jpg	 1.184773e+02	 24	 999000	 240	 999000	 999	 1.195270e+02	 433.33	 416.67	 56.00	 22	 0.16	 
ccat_406	 2	 2	 104.jpg	 1.204765e+02	 22	 1.015482e+03	 2200	 4.836323e+02	 98	 1.215428e+02	 433.33	 366.67	 54.00	 4	 0.19	 
ccat_406	 2	 2	 117.jpg	 1.224757e+02	 22	 9.202196e+02	 220	 4.334719e+02	 98	 1.235420e+02	 433.33	 383.33	 48.00	 17	 0.25	 
ccat_406	 2	 2	 159.jpg	 1.244749e+02	 24	 999000	 240	 999000	 999	 1.255246e+02	 433.33	 383.33	 41.00	 59	 0.36	 
ccat_406	 2	 2	 107.jpg	 1.264741e+02	 24	 999000	 240	 999000	 999	 1.275238e+02	 433.33	 383.33	 53.00	 7	 0.22	 
ccat_406	 2	 2	 154.jpg	 1.284734e+02	 12	 999000	 120	 999000	 999	 1.295230e+02	 433.33	 383.33	 21.00	 54	 0.64	 
ccat_406	 2	 2	 144.jpg	 1.304726e+02	 12	 999000	 120	 999000	 999	 1.315222e+02	 433.33	 383.33	 10.00	 44	 0.78	 
ccat_406	 2	 2	 111.jpg	 1.324718e+02	 24	 999000	 240	 999000	 999	 1.335215e+02	 433.33	 383.33	 47.00	 11	 0.28	 
ccat_406	 2	 2	 158.jpg	 1.344710e+02	 11	 9.890149e+02	 110	 5.027969e+02	 98	 1.355374e+02	 450.00	 383.33	 8.00	 58	 0.80	 
ccat_406	 2	 2	 137.jpg	 1.364703e+02	 12	 999000	 120	 999000	 999	 1.375199e+02	 450.00	 383.33	 22.00	 37	 0.64	 
ccat_406	 2	 2	 113.jpg	 1.384694e+02	 11	 8.945134e+02	 110	 5.222633e+02	 98	 1.395358e+02	 466.67	 383.33	 14.00	 13	 0.71	 
ccat_406	 2	 2	 150.jpg	 1.404686e+02	 12	 999000	 120	 999000	 999	 1.415183e+02	 466.67	 383.33	 15.00	 50	 0.70	 
ccat_406	 2	 2	 115.jpg	 1.424845e+02	 12	 999000	 120	 999000	 999	 1.435342e+02	 466.67	 383.33	 5.00	 15	 0.85	 
ccat_406	 2	 2	 112.jpg	 1.444837e+02	 24	 999000	 240	 999000	 999	 1.455334e+02	 466.67	 383.33	 50.00	 12	 0.23	 
ccat_406	 2	 2	 131.jpg	 1.464830e+02	 11	 1.017066e+03	 1100	 5.336341e+02	 98	 1.475493e+02	 416.67	 383.33	 9.00	 31	 0.78	 
ccat_406	 2	 2	 143.jpg	 1.484822e+02	 12	 999000	 120	 999000	 999	 1.495318e+02	 416.67	 383.33	 7.00	 43	 0.82	 
ccat_406	 2	 2	 123.jpg	 1.504814e+02	 22	 8.746074e+02	 220	 4.499110e+02	 98	 1.515644e+02	 416.67	 400.00	 51.00	 23	 0.23	 
ccat_406	 2	 2	 120.jpg	 1.524806e+02	 22	 9.473300e+02	 220	 4.666561e+02	 98	 1.535469e+02	 416.67	 416.67	 49.00	 20	 0.24	 
ccat_406	 2	 2	 116.jpg	 1.544798e+02	 12	 999000	 120	 999000	 999	 1.555295e+02	 416.67	 416.67	 3.00	 16	 0.87	 
ccat_406	 2	 2	 114.jpg	 1.564790e+02	 24	 999000	 240	 999000	 999	 1.575287e+02	 416.67	 416.67	 44.00	 14	 0.31	 
ccat_406	 2	 2	 124.jpg	 1.584783e+02	 24	 999000	 240	 999000	 999	 1.595279e+02	 416.67	 416.67	 42.00	 24	 0.35	 
ccat_406	 2	 2	 127.jpg	 1.604774e+02	 12	 999000	 120	 999000	 999	 1.615271e+02	 416.67	 416.67	 20.00	 27	 0.65	 
ccat_406	 2	 2	 101.jpg	 1.624767e+02	 12	 999000	 120	 999000	 999	 1.635263e+02	 416.67	 416.67	 19.00	 1	 0.65	 
