subjectID	 order	 runNum	 itemName	 onsetTime	 shuff_trialType	 RT	 respInTime	 AudioTime	 response	 fixationTime	 ladder1	 ladder2	 bidIndex	 itemNameIndex	 bidValue	 
ccat_119	 1	 7	 144.jpg	 6.354454e+02	 12	 999000	 120	 999000	 999	 6.364951e+02	 483.33	 483.33	 17.00	 44	 0.68	 
ccat_119	 1	 7	 124.jpg	 6.374280e+02	 24	 999000	 240	 999000	 999	 6.384776e+02	 483.33	 483.33	 48.00	 24	 0.29	 
ccat_119	 1	 7	 120.jpg	 6.394272e+02	 24	 999000	 240	 999000	 999	 6.404768e+02	 483.33	 483.33	 46.00	 20	 0.30	 
ccat_119	 1	 7	 108.jpg	 6.414264e+02	 22	 9.612964e+02	 220	 5.105916e+02	 98	 6.424927e+02	 483.33	 500.00	 47.00	 8	 0.30	 
ccat_119	 1	 7	 155.jpg	 6.434256e+02	 22	 8.740828e+02	 220	 5.264606e+02	 98	 6.444919e+02	 483.33	 516.67	 44.00	 55	 0.31	 
ccat_119	 1	 7	 114.jpg	 6.454248e+02	 22	 9.388893e+02	 220	 5.428581e+02	 98	 6.464911e+02	 483.33	 533.33	 53.00	 14	 0.19	 
ccat_119	 1	 7	 140.jpg	 6.474240e+02	 12	 999000	 120	 999000	 999	 6.484737e+02	 483.33	 533.33	 16.00	 40	 0.69	 
ccat_119	 1	 7	 148.jpg	 6.494232e+02	 24	 999000	 240	 999000	 999	 6.504729e+02	 483.33	 533.33	 51.00	 48	 0.19	 
ccat_119	 1	 7	 132.jpg	 6.514225e+02	 12	 999000	 120	 999000	 999	 6.524721e+02	 483.33	 533.33	 4.00	 32	 0.86	 
ccat_119	 1	 7	 109.jpg	 6.534217e+02	 11	 9.819895e+02	 110	 5.097020e+02	 98	 6.544880e+02	 500.00	 533.33	 7.00	 9	 0.83	 
ccat_119	 1	 7	 130.jpg	 6.554209e+02	 11	 9.747955e+02	 110	 5.261480e+02	 98	 6.564872e+02	 516.67	 533.33	 10.00	 30	 0.79	 
ccat_119	 1	 7	 129.jpg	 6.574368e+02	 11	 8.789062e+02	 110	 5.428457e+02	 98	 6.585030e+02	 533.33	 533.33	 12.00	 29	 0.74	 
ccat_119	 1	 7	 159.jpg	 6.594360e+02	 24	 999000	 240	 999000	 999	 6.604856e+02	 533.33	 533.33	 49.00	 59	 0.28	 
ccat_119	 1	 7	 101.jpg	 6.614352e+02	 12	 999000	 120	 999000	 999	 6.624848e+02	 533.33	 533.33	 6.00	 1	 0.84	 
ccat_119	 1	 7	 122.jpg	 6.634344e+02	 24	 999000	 240	 999000	 999	 6.644840e+02	 533.33	 533.33	 58.00	 22	 0.11	 
ccat_119	 1	 7	 112.jpg	 6.654336e+02	 24	 999000	 240	 999000	 999	 6.664832e+02	 533.33	 533.33	 56.00	 12	 0.17	 
ccat_119	 1	 7	 111.jpg	 6.674328e+02	 24	 999000	 240	 999000	 999	 6.684825e+02	 533.33	 533.33	 55.00	 11	 0.17	 
ccat_119	 1	 7	 152.jpg	 6.694320e+02	 12	 999000	 120	 999000	 999	 6.704817e+02	 533.33	 533.33	 19.00	 52	 0.63	 
ccat_119	 1	 7	 117.jpg	 6.714313e+02	 24	 999000	 240	 999000	 999	 6.724809e+02	 533.33	 533.33	 57.00	 17	 0.17	 
ccat_119	 1	 7	 115.jpg	 6.734305e+02	 24	 999000	 240	 999000	 999	 6.744801e+02	 533.33	 533.33	 39.00	 15	 0.38	 
ccat_119	 1	 7	 113.jpg	 6.754297e+02	 12	 999000	 120	 999000	 999	 6.764793e+02	 533.33	 533.33	 22.00	 13	 0.62	 
ccat_119	 1	 7	 143.jpg	 6.774289e+02	 11	 1.062830e+03	 1100	 5.603554e+02	 98	 6.784952e+02	 483.33	 533.33	 15.00	 43	 0.69	 
ccat_119	 1	 7	 149.jpg	 6.794281e+02	 22	 1.023605e+03	 2200	 5.595670e+02	 98	 6.804944e+02	 483.33	 483.33	 52.00	 49	 0.19	 
ccat_119	 1	 7	 121.jpg	 6.814273e+02	 22	 9.283512e+02	 220	 5.094267e+02	 98	 6.824936e+02	 483.33	 500.00	 45.00	 21	 0.31	 
ccat_119	 1	 7	 151.jpg	 6.834265e+02	 12	 999000	 120	 999000	 999	 6.844762e+02	 483.33	 500.00	 11.00	 51	 0.76	 
ccat_119	 1	 7	 123.jpg	 6.854258e+02	 22	 9.540057e+02	 220	 5.262196e+02	 98	 6.864920e+02	 483.33	 516.67	 50.00	 23	 0.28	 
ccat_119	 1	 7	 102.jpg	 6.874250e+02	 11	 9.067746e+02	 110	 5.094776e+02	 98	 6.884912e+02	 500.00	 516.67	 13.00	 2	 0.74	 
ccat_119	 1	 7	 126.jpg	 6.894242e+02	 12	 999000	 120	 999000	 999	 6.904738e+02	 500.00	 516.67	 8.00	 26	 0.82	 
ccat_119	 1	 7	 131.jpg	 6.914234e+02	 12	 999000	 120	 999000	 999	 6.924730e+02	 500.00	 516.67	 9.00	 31	 0.80	 
ccat_119	 1	 7	 154.jpg	 6.934226e+02	 12	 999000	 120	 999000	 999	 6.944722e+02	 500.00	 516.67	 14.00	 54	 0.71	 
ccat_119	 1	 7	 127.jpg	 6.954218e+02	 12	 999000	 120	 999000	 999	 6.964714e+02	 500.00	 516.67	 20.00	 27	 0.63	 
ccat_119	 1	 7	 147.jpg	 6.974210e+02	 12	 999000	 120	 999000	 999	 6.984706e+02	 500.00	 516.67	 3.00	 47	 0.87	 
ccat_119	 1	 7	 128.jpg	 6.994203e+02	 24	 999000	 240	 999000	 999	 7.004699e+02	 500.00	 516.67	 43.00	 28	 0.36	 
ccat_119	 1	 7	 119.jpg	 7.014361e+02	 24	 999000	 240	 999000	 999	 7.024857e+02	 500.00	 516.67	 41.00	 19	 0.37	 
ccat_119	 1	 7	 160.jpg	 7.034353e+02	 24	 999000	 240	 999000	 999	 7.044849e+02	 500.00	 516.67	 54.00	 60	 0.18	 
ccat_119	 1	 7	 103.jpg	 7.054345e+02	 24	 999000	 240	 999000	 999	 7.064841e+02	 500.00	 516.67	 40.00	 3	 0.38	 
ccat_119	 1	 7	 158.jpg	 7.074337e+02	 24	 999000	 240	 999000	 999	 7.084834e+02	 500.00	 516.67	 42.00	 58	 0.36	 
ccat_119	 1	 7	 134.jpg	 7.094329e+02	 12	 999000	 120	 999000	 999	 7.104826e+02	 500.00	 516.67	 21.00	 34	 0.63	 
ccat_119	 1	 7	 110.jpg	 7.114322e+02	 12	 999000	 120	 999000	 999	 7.124818e+02	 500.00	 516.67	 5.00	 10	 0.85	 
ccat_119	 1	 7	 153.jpg	 7.134314e+02	 11	 9.563266e+02	 110	 5.270884e+02	 98	 7.144976e+02	 516.67	 516.67	 18.00	 53	 0.65	 
