subjectID	 order	 runNum	 itemName	 onsetTime	 shuff_trialType	 RT	 respInTime	 AudioTime	 response	 fixationTime	 ladder1	 ladder2	 bidIndex	 itemNameIndex	 bidValue	 
120	 2	 3	 158.jpg	 1.800809e+02	 12	 999000	 120	 999000	 999	 1.811307e+02	 616.67	 616.67	 22.00	 58	 0.61	 
120	 2	 3	 153.jpg	 1.820636e+02	 24	 999000	 240	 999000	 999	 1.831132e+02	 616.67	 616.67	 42.00	 53	 0.37	 
120	 2	 3	 115.jpg	 1.840628e+02	 12	 999000	 120	 999000	 999	 1.851124e+02	 616.67	 616.67	 15.00	 15	 0.67	 
120	 2	 3	 123.jpg	 1.860620e+02	 12	 999000	 120	 999000	 999	 1.871116e+02	 616.67	 616.67	 5.00	 23	 0.88	 
120	 2	 3	 148.jpg	 1.880614e+02	 22	 9.899823e+02	 220	 6.442334e+02	 98	 1.891274e+02	 616.67	 633.33	 51.00	 48	 0.22	 
120	 2	 3	 132.jpg	 1.900604e+02	 24	 999000	 240	 999000	 999	 1.911100e+02	 616.67	 633.33	 47.00	 32	 0.29	 
120	 2	 3	 110.jpg	 1.920596e+02	 12	 999000	 120	 999000	 999	 1.931092e+02	 616.67	 633.33	 7.00	 10	 0.80	 
120	 2	 3	 146.jpg	 1.940589e+02	 11	 1.000547e+03	 1100	 6.433098e+02	 98	 1.951251e+02	 566.67	 633.33	 8.00	 46	 0.80	 
120	 2	 3	 107.jpg	 1.960580e+02	 24	 999000	 240	 999000	 999	 1.971076e+02	 566.67	 633.33	 57.00	 7	 0.13	 
120	 2	 3	 126.jpg	 1.980572e+02	 22	 1.018120e+03	 2200	 6.600750e+02	 98	 1.991402e+02	 566.67	 583.33	 49.00	 26	 0.26	 
120	 2	 3	 144.jpg	 2.000565e+02	 12	 999000	 120	 999000	 999	 2.011061e+02	 566.67	 583.33	 6.00	 44	 0.81	 
120	 2	 3	 136.jpg	 2.020557e+02	 24	 999000	 240	 999000	 999	 2.031053e+02	 566.67	 583.33	 52.00	 36	 0.22	 
120	 2	 3	 140.jpg	 2.040549e+02	 22	 9.564814e+02	 220	 6.098720e+02	 98	 2.051212e+02	 566.67	 600.00	 43.00	 40	 0.37	 
120	 2	 3	 120.jpg	 2.060541e+02	 11	 9.332863e+02	 110	 5.931223e+02	 98	 2.071204e+02	 583.33	 600.00	 14.00	 20	 0.69	 
120	 2	 3	 157.jpg	 2.080533e+02	 24	 999000	 240	 999000	 999	 2.091029e+02	 583.33	 600.00	 50.00	 57	 0.23	 
120	 2	 3	 104.jpg	 2.100525e+02	 12	 999000	 120	 999000	 999	 2.111021e+02	 583.33	 600.00	 10.00	 4	 0.77	 
120	 2	 3	 111.jpg	 2.120518e+02	 12	 999000	 120	 999000	 999	 2.131013e+02	 583.33	 600.00	 19.00	 11	 0.66	 
120	 2	 3	 131.jpg	 2.140510e+02	 24	 999000	 240	 999000	 999	 2.151006e+02	 583.33	 600.00	 39.00	 31	 0.39	 
120	 2	 3	 122.jpg	 2.160501e+02	 11	 9.532408e+02	 110	 6.102947e+02	 98	 2.171331e+02	 600.00	 600.00	 17.00	 22	 0.66	 
120	 2	 3	 156.jpg	 2.180494e+02	 12	 999000	 120	 999000	 999	 2.190990e+02	 600.00	 600.00	 20.00	 56	 0.63	 
120	 2	 3	 108.jpg	 2.200486e+02	 12	 999000	 120	 999000	 999	 2.210982e+02	 600.00	 600.00	 3.00	 8	 0.90	 
120	 2	 3	 124.jpg	 2.220645e+02	 24	 999000	 240	 999000	 999	 2.231141e+02	 600.00	 600.00	 44.00	 24	 0.35	 
120	 2	 3	 149.jpg	 2.240637e+02	 24	 999000	 240	 999000	 999	 2.251133e+02	 600.00	 600.00	 53.00	 49	 0.21	 
120	 2	 3	 119.jpg	 2.260629e+02	 22	 9.724654e+02	 220	 6.270694e+02	 98	 2.271292e+02	 600.00	 616.67	 46.00	 19	 0.29	 
120	 2	 3	 152.jpg	 2.280621e+02	 22	 1.029206e+03	 2200	 6.430612e+02	 98	 2.291285e+02	 600.00	 566.67	 48.00	 52	 0.27	 
120	 2	 3	 160.jpg	 2.300613e+02	 12	 999000	 120	 999000	 999	 2.311109e+02	 600.00	 566.67	 12.00	 60	 0.74	 
120	 2	 3	 112.jpg	 2.320605e+02	 12	 999000	 120	 999000	 999	 2.331101e+02	 600.00	 566.67	 21.00	 12	 0.63	 
120	 2	 3	 125.jpg	 2.340598e+02	 22	 9.275844e+02	 220	 5.937039e+02	 98	 2.351260e+02	 600.00	 583.33	 54.00	 25	 0.19	 
120	 2	 3	 142.jpg	 2.360589e+02	 24	 999000	 240	 999000	 999	 2.371085e+02	 600.00	 583.33	 40.00	 42	 0.39	 
120	 2	 3	 151.jpg	 2.380582e+02	 24	 999000	 240	 999000	 999	 2.391077e+02	 600.00	 583.33	 55.00	 51	 0.17	 
120	 2	 3	 117.jpg	 2.400574e+02	 24	 999000	 240	 999000	 999	 2.411070e+02	 600.00	 583.33	 41.00	 17	 0.38	 
120	 2	 3	 129.jpg	 2.420566e+02	 12	 999000	 120	 999000	 999	 2.431062e+02	 600.00	 583.33	 18.00	 29	 0.66	 
120	 2	 3	 106.jpg	 2.440558e+02	 11	 9.875756e+02	 110	 6.268246e+02	 98	 2.451220e+02	 616.67	 583.33	 16.00	 6	 0.67	 
120	 2	 3	 134.jpg	 2.460550e+02	 11	 1.028334e+03	 1100	 6.433037e+02	 98	 2.471213e+02	 566.67	 583.33	 9.00	 34	 0.79	 
120	 2	 3	 128.jpg	 2.480542e+02	 12	 999000	 120	 999000	 999	 2.491038e+02	 566.67	 583.33	 4.00	 28	 0.89	 
120	 2	 3	 118.jpg	 2.500534e+02	 12	 999000	 120	 999000	 999	 2.511030e+02	 566.67	 583.33	 13.00	 18	 0.73	 
120	 2	 3	 135.jpg	 2.520526e+02	 24	 999000	 240	 999000	 999	 2.531022e+02	 566.67	 583.33	 58.00	 35	 0.12	 
120	 2	 3	 145.jpg	 2.540519e+02	 11	 9.194892e+02	 110	 5.933944e+02	 98	 2.551181e+02	 583.33	 583.33	 11.00	 45	 0.75	 
120	 2	 3	 109.jpg	 2.560511e+02	 24	 999000	 240	 999000	 999	 2.571007e+02	 583.33	 583.33	 45.00	 9	 0.31	 
120	 2	 3	 159.jpg	 2.580503e+02	 24	 999000	 240	 999000	 999	 2.590999e+02	 583.33	 583.33	 56.00	 59	 0.15	 
