subjectID	 order	 runNum	 itemName	 onsetTime	 shuff_trialType	 RT	 respInTime	 AudioTime	 response	 fixationTime	 ladder1	 ladder2	 bidIndex	 itemNameIndex	 bidValue	 
ccat_131	 1	 10	 133.jpg	 8.519178e+02	 22	 9.662644e+02	 220	 4.769072e+02	 98	 8.529842e+02	 516.67	 466.67	 53.00	 33	 0.23	 
ccat_131	 1	 10	 145.jpg	 8.539004e+02	 24	 999000	 240	 999000	 999	 8.549501e+02	 516.67	 466.67	 49.00	 45	 0.29	 
ccat_131	 1	 10	 122.jpg	 8.558996e+02	 11	 1.112471e+03	 1100	 5.423827e+02	 98	 8.569659e+02	 466.67	 466.67	 7.00	 22	 0.78	 
ccat_131	 1	 10	 139.jpg	 8.578988e+02	 24	 999000	 240	 999000	 999	 8.589486e+02	 466.67	 466.67	 56.00	 39	 0.21	 
ccat_131	 1	 10	 141.jpg	 8.598980e+02	 24	 999000	 240	 999000	 999	 8.609477e+02	 466.67	 466.67	 43.00	 41	 0.31	 
ccat_131	 1	 10	 159.jpg	 8.618972e+02	 24	 999000	 240	 999000	 999	 8.629469e+02	 466.67	 466.67	 58.00	 59	 0.10	 
ccat_131	 1	 10	 104.jpg	 8.638964e+02	 12	 999000	 120	 999000	 999	 8.649461e+02	 466.67	 466.67	 8.00	 4	 0.76	 
ccat_131	 1	 10	 103.jpg	 8.658957e+02	 12	 999000	 120	 999000	 999	 8.669455e+02	 466.67	 466.67	 6.00	 3	 0.81	 
ccat_131	 1	 10	 144.jpg	 8.679115e+02	 22	 1.108500e+03	 2200	 4.933789e+02	 98	 8.689779e+02	 466.67	 416.67	 50.00	 44	 0.29	 
ccat_131	 1	 10	 151.jpg	 8.699109e+02	 12	 999000	 120	 999000	 999	 8.709605e+02	 466.67	 416.67	 16.00	 51	 0.67	 
ccat_131	 1	 10	 110.jpg	 8.719099e+02	 12	 999000	 120	 999000	 999	 8.729597e+02	 466.67	 416.67	 21.00	 10	 0.61	 
ccat_131	 1	 10	 138.jpg	 8.739091e+02	 24	 999000	 240	 999000	 999	 8.749590e+02	 466.67	 416.67	 54.00	 38	 0.23	 
ccat_131	 1	 10	 113.jpg	 8.759084e+02	 12	 999000	 120	 999000	 999	 8.769581e+02	 466.67	 416.67	 5.00	 13	 0.83	 
ccat_131	 1	 10	 121.jpg	 8.779076e+02	 24	 999000	 240	 999000	 999	 8.789573e+02	 466.67	 416.67	 46.00	 21	 0.30	 
ccat_131	 1	 10	 142.jpg	 8.799068e+02	 22	 8.732216e+02	 220	 4.433133e+02	 98	 8.809731e+02	 466.67	 433.33	 52.00	 42	 0.28	 
ccat_131	 1	 10	 150.jpg	 8.819060e+02	 24	 999000	 240	 999000	 999	 8.829558e+02	 466.67	 433.33	 41.00	 50	 0.36	 
ccat_131	 1	 10	 126.jpg	 8.839052e+02	 11	 9.467940e+02	 110	 4.926178e+02	 98	 8.849716e+02	 483.33	 433.33	 12.00	 26	 0.71	 
ccat_131	 1	 10	 101.jpg	 8.859045e+02	 11	 9.235112e+02	 110	 5.090922e+02	 98	 8.869708e+02	 500.00	 433.33	 15.00	 1	 0.67	 
ccat_131	 1	 10	 115.jpg	 8.879037e+02	 12	 999000	 120	 999000	 999	 8.889534e+02	 500.00	 433.33	 22.00	 15	 0.58	 
ccat_131	 1	 10	 120.jpg	 8.899029e+02	 12	 999000	 120	 999000	 999	 8.909526e+02	 500.00	 433.33	 9.00	 20	 0.75	 
ccat_131	 1	 10	 149.jpg	 8.919021e+02	 24	 999000	 240	 999000	 999	 8.929518e+02	 500.00	 433.33	 55.00	 49	 0.23	 
ccat_131	 1	 10	 108.jpg	 8.939013e+02	 24	 999000	 240	 999000	 999	 8.949510e+02	 500.00	 433.33	 57.00	 8	 0.11	 
ccat_131	 1	 10	 112.jpg	 8.959005e+02	 11	 1.047504e+03	 1100	 5.266914e+02	 98	 8.969669e+02	 450.00	 433.33	 13.00	 12	 0.70	 
ccat_131	 1	 10	 158.jpg	 8.978997e+02	 22	 8.483259e+02	 220	 4.592018e+02	 98	 8.989661e+02	 450.00	 450.00	 45.00	 58	 0.30	 
ccat_131	 1	 10	 146.jpg	 8.998990e+02	 12	 999000	 120	 999000	 999	 9.009486e+02	 450.00	 450.00	 20.00	 46	 0.62	 
ccat_131	 1	 10	 143.jpg	 9.018981e+02	 11	 9.378529e+02	 110	 4.759086e+02	 98	 9.029645e+02	 466.67	 450.00	 18.00	 43	 0.64	 
ccat_131	 1	 10	 119.jpg	 9.038974e+02	 24	 999000	 240	 999000	 999	 9.049471e+02	 466.67	 450.00	 39.00	 19	 0.39	 
ccat_131	 1	 10	 155.jpg	 9.058966e+02	 24	 999000	 240	 999000	 999	 9.069464e+02	 466.67	 450.00	 51.00	 55	 0.29	 
ccat_131	 1	 10	 130.jpg	 9.078958e+02	 12	 999000	 120	 999000	 999	 9.089455e+02	 466.67	 450.00	 3.00	 30	 0.89	 
ccat_131	 1	 10	 102.jpg	 9.099116e+02	 12	 999000	 120	 999000	 999	 9.109614e+02	 466.67	 450.00	 11.00	 2	 0.71	 
ccat_131	 1	 10	 131.jpg	 9.119109e+02	 22	 1.053186e+03	 2200	 4.767463e+02	 98	 9.129773e+02	 466.67	 400.00	 47.00	 31	 0.30	 
ccat_131	 1	 10	 118.jpg	 9.139101e+02	 11	 9.259599e+02	 110	 4.924469e+02	 98	 9.149765e+02	 483.33	 400.00	 10.00	 18	 0.72	 
ccat_131	 1	 10	 125.jpg	 9.159094e+02	 24	 999000	 240	 999000	 999	 9.169590e+02	 483.33	 400.00	 48.00	 25	 0.29	 
ccat_131	 1	 10	 124.jpg	 9.179085e+02	 12	 999000	 120	 999000	 999	 9.189749e+02	 483.33	 400.00	 17.00	 24	 0.66	 
ccat_131	 1	 10	 109.jpg	 9.199077e+02	 12	 999000	 120	 999000	 999	 9.209575e+02	 483.33	 400.00	 4.00	 9	 0.83	 
ccat_131	 1	 10	 147.jpg	 9.219069e+02	 12	 999000	 120	 999000	 999	 9.229567e+02	 483.33	 400.00	 14.00	 47	 0.68	 
ccat_131	 1	 10	 107.jpg	 9.239062e+02	 24	 999000	 240	 999000	 999	 9.249557e+02	 483.33	 400.00	 40.00	 7	 0.38	 
ccat_131	 1	 10	 148.jpg	 9.259054e+02	 22	 9.386690e+02	 220	 4.391388e+02	 98	 9.269883e+02	 483.33	 416.67	 44.00	 48	 0.31	 
ccat_131	 1	 10	 134.jpg	 9.279046e+02	 12	 999000	 120	 999000	 999	 9.289543e+02	 483.33	 416.67	 19.00	 34	 0.63	 
ccat_131	 1	 10	 123.jpg	 9.299038e+02	 24	 999000	 240	 999000	 999	 9.309535e+02	 483.33	 416.67	 42.00	 23	 0.33	 
