subjectID	 order	 runNum	 itemName	 onsetTime	 shuff_trialType	 RT	 respInTime	 AudioTime	 response	 fixationTime	 ladder1	 ladder2	 bidIndex	 itemNameIndex	 bidValue	 
ccat_117	 1	 4	 106.jpg	 2.584278e+02	 24	 999000	 240	 999000	 999	 2.594776e+02	 516.67	 583.33	 43.00	 6	 0.42	 
ccat_117	 1	 4	 133.jpg	 2.604104e+02	 11	 9.129119e+02	 110	 5.438886e+02	 98	 2.614768e+02	 533.33	 583.33	 7.00	 33	 0.74	 
ccat_117	 1	 4	 119.jpg	 2.624097e+02	 12	 999000	 120	 999000	 999	 2.634593e+02	 533.33	 583.33	 20.00	 19	 0.57	 
ccat_117	 1	 4	 101.jpg	 2.644088e+02	 12	 999000	 120	 999000	 999	 2.654585e+02	 533.33	 583.33	 16.00	 1	 0.59	 
ccat_117	 1	 4	 117.jpg	 2.664081e+02	 22	 9.953463e+02	 220	 6.098000e+02	 98	 2.674911e+02	 533.33	 600.00	 45.00	 17	 0.41	 
ccat_117	 1	 4	 114.jpg	 2.684073e+02	 12	 999000	 120	 999000	 999	 2.694569e+02	 533.33	 600.00	 8.00	 14	 0.72	 
ccat_117	 1	 4	 151.jpg	 2.704065e+02	 12	 999000	 120	 999000	 999	 2.714561e+02	 533.33	 600.00	 17.00	 51	 0.59	 
ccat_117	 1	 4	 122.jpg	 2.724057e+02	 22	 1.037642e+03	 2200	 6.266156e+02	 98	 2.734720e+02	 533.33	 550.00	 52.00	 22	 0.31	 
ccat_117	 1	 4	 159.jpg	 2.744049e+02	 24	 999000	 240	 999000	 999	 2.754546e+02	 533.33	 550.00	 54.00	 59	 0.27	 
ccat_117	 1	 4	 102.jpg	 2.764041e+02	 12	 999000	 120	 999000	 999	 2.774538e+02	 533.33	 550.00	 4.00	 2	 0.78	 
ccat_117	 1	 4	 120.jpg	 2.784033e+02	 24	 999000	 240	 999000	 999	 2.794530e+02	 533.33	 550.00	 58.00	 20	 0.22	 
ccat_117	 1	 4	 124.jpg	 2.804026e+02	 12	 999000	 120	 999000	 999	 2.814522e+02	 533.33	 550.00	 19.00	 24	 0.58	 
ccat_117	 1	 4	 109.jpg	 2.824018e+02	 22	 9.695921e+02	 220	 5.763602e+02	 98	 2.834681e+02	 533.33	 566.67	 53.00	 9	 0.28	 
ccat_117	 1	 4	 125.jpg	 2.844010e+02	 12	 999000	 120	 999000	 999	 2.854506e+02	 533.33	 566.67	 9.00	 25	 0.71	 
ccat_117	 1	 4	 147.jpg	 2.864002e+02	 24	 999000	 240	 999000	 999	 2.874499e+02	 533.33	 566.67	 48.00	 47	 0.36	 
ccat_117	 1	 4	 111.jpg	 2.883994e+02	 11	 9.720108e+02	 110	 5.597679e+02	 98	 2.894824e+02	 550.00	 566.67	 12.00	 11	 0.64	 
ccat_117	 1	 4	 154.jpg	 2.903986e+02	 11	 9.727764e+02	 110	 5.764103e+02	 98	 2.914649e+02	 566.67	 566.67	 18.00	 54	 0.58	 
ccat_117	 1	 4	 123.jpg	 2.923979e+02	 22	 9.335308e+02	 220	 5.934006e+02	 98	 2.934642e+02	 566.67	 583.33	 44.00	 23	 0.41	 
ccat_117	 1	 4	 143.jpg	 2.943971e+02	 11	 9.423008e+02	 110	 5.930888e+02	 98	 2.954634e+02	 583.33	 583.33	 15.00	 43	 0.60	 
ccat_117	 1	 4	 144.jpg	 2.964129e+02	 12	 999000	 120	 999000	 999	 2.974627e+02	 583.33	 583.33	 3.00	 44	 0.78	 
ccat_117	 1	 4	 150.jpg	 2.984121e+02	 24	 999000	 240	 999000	 999	 2.994618e+02	 583.33	 583.33	 55.00	 50	 0.27	 
ccat_117	 1	 4	 130.jpg	 3.004113e+02	 22	 1.008094e+03	 2200	 6.098970e+02	 98	 3.014943e+02	 583.33	 533.33	 50.00	 30	 0.32	 
ccat_117	 1	 4	 140.jpg	 3.024106e+02	 11	 1.024806e+03	 1100	 6.095486e+02	 98	 3.034935e+02	 533.33	 533.33	 13.00	 40	 0.61	 
ccat_117	 1	 4	 141.jpg	 3.044098e+02	 24	 999000	 240	 999000	 999	 3.054594e+02	 533.33	 533.33	 46.00	 41	 0.39	 
ccat_117	 1	 4	 157.jpg	 3.064090e+02	 12	 999000	 120	 999000	 999	 3.074586e+02	 533.33	 533.33	 14.00	 57	 0.60	 
ccat_117	 1	 4	 126.jpg	 3.084082e+02	 12	 999000	 120	 999000	 999	 3.094579e+02	 533.33	 533.33	 11.00	 26	 0.68	 
ccat_117	 1	 4	 110.jpg	 3.104074e+02	 12	 999000	 120	 999000	 999	 3.114571e+02	 533.33	 533.33	 21.00	 10	 0.57	 
ccat_117	 1	 4	 118.jpg	 3.124066e+02	 24	 999000	 240	 999000	 999	 3.134563e+02	 533.33	 533.33	 56.00	 18	 0.25	 
ccat_117	 1	 4	 116.jpg	 3.144058e+02	 24	 999000	 240	 999000	 999	 3.154555e+02	 533.33	 533.33	 40.00	 16	 0.43	 
ccat_117	 1	 4	 128.jpg	 3.164050e+02	 24	 999000	 240	 999000	 999	 3.174547e+02	 533.33	 533.33	 49.00	 28	 0.36	 
ccat_117	 1	 4	 156.jpg	 3.184042e+02	 12	 999000	 120	 999000	 999	 3.194540e+02	 533.33	 533.33	 22.00	 56	 0.57	 
ccat_117	 1	 4	 103.jpg	 3.204035e+02	 12	 999000	 120	 999000	 999	 3.214531e+02	 533.33	 533.33	 6.00	 3	 0.74	 
ccat_117	 1	 4	 137.jpg	 3.224027e+02	 12	 999000	 120	 999000	 999	 3.234524e+02	 533.33	 533.33	 5.00	 37	 0.77	 
ccat_117	 1	 4	 135.jpg	 3.244019e+02	 24	 999000	 240	 999000	 999	 3.254515e+02	 533.33	 533.33	 57.00	 35	 0.25	 
ccat_117	 1	 4	 155.jpg	 3.264011e+02	 24	 999000	 240	 999000	 999	 3.274508e+02	 533.33	 533.33	 41.00	 55	 0.43	 
ccat_117	 1	 4	 138.jpg	 3.284003e+02	 24	 999000	 240	 999000	 999	 3.294500e+02	 533.33	 533.33	 51.00	 38	 0.32	 
ccat_117	 1	 4	 139.jpg	 3.303995e+02	 22	 9.078563e+02	 220	 5.605070e+02	 98	 3.314825e+02	 533.33	 550.00	 47.00	 39	 0.37	 
ccat_117	 1	 4	 108.jpg	 3.323987e+02	 24	 999000	 240	 999000	 999	 3.334484e+02	 533.33	 550.00	 42.00	 8	 0.42	 
ccat_117	 1	 4	 129.jpg	 3.343979e+02	 24	 999000	 240	 999000	 999	 3.354476e+02	 533.33	 550.00	 39.00	 29	 0.44	 
ccat_117	 1	 4	 131.jpg	 3.363971e+02	 11	 9.342487e+02	 110	 5.598965e+02	 98	 3.374802e+02	 550.00	 550.00	 10.00	 31	 0.69	 
