1	40	212.jpg	0	1	0	0	0
2	25	153.jpg	1	1	1	0	47
3	28	157.jpg	1	1	0	1	49
4	8	120.jpg	1	1	0	1	9
5	22	150.jpg	1	1	0	1	51
6	47	219.jpg	0	1	0	0	0
7	26	154.jpg	1	1	0	0	11
8	24	152.jpg	1	1	0	0	56
9	14	133.jpg	1	1	0	1	54
10	2	103.jpg	1	1	1	1	13
11	1	102.jpg	1	1	1	0	18
12	3	104.jpg	1	1	0	0	8
13	5	113.jpg	1	1	0	1	16
14	9	121.jpg	1	1	0	0	14
15	76	248.jpg	0	1	0	0	0
16	6	115.jpg	1	1	1	1	10
17	19	146.jpg	1	1	0	0	55
18	16	137.jpg	1	1	0	0	46
19	70	242.jpg	0	1	0	0	0
20	13	131.jpg	1	1	1	0	45
21	12	127.jpg	1	1	1	0	44
22	10	124.jpg	1	1	0	1	6
23	39	211.jpg	0	1	0	0	0
24	74	246.jpg	0	1	0	0	0
25	20	147.jpg	1	1	1	0	50
26	17	140.jpg	1	1	1	1	15
27	85	257.jpg	0	1	0	1	0
28	15	135.jpg	1	1	1	1	52
29	18	144.jpg	1	1	0	1	17
30	7	118.jpg	1	1	1	0	7
31	21	148.jpg	1	1	0	1	43
32	4	106.jpg	1	1	0	0	5
33	23	151.jpg	1	1	1	0	12
34	11	125.jpg	1	1	0	0	48
35	27	155.jpg	1	1	1	0	53
