subjectID	 order	 runNum	 itemName	 onsetTime	 shuff_trialType	 RT	 respInTime	 AudioTime	 response	 fixationTime	 ladder1	 ladder2	 bidIndex	 itemNameIndex	 bidValue	 
ccat_106	 2	 9	 145.jpg	 7.344065e+02	 22	 8.770832e+02	 220	 4.438437e+02	 98	 7.354729e+02	 483.33	 433.33	 46.00	 45	 0.38	 
ccat_106	 2	 9	 150.jpg	 7.363891e+02	 22	 8.624314e+02	 220	 4.596905e+02	 98	 7.374721e+02	 483.33	 450.00	 43.00	 50	 0.41	 
ccat_106	 2	 9	 153.jpg	 7.383883e+02	 12	 999000	 120	 999000	 999	 7.394380e+02	 483.33	 450.00	 15.00	 53	 0.66	 
ccat_106	 2	 9	 129.jpg	 7.403875e+02	 11	 9.200107e+02	 110	 5.096461e+02	 98	 7.414706e+02	 500.00	 450.00	 9.00	 29	 0.76	 
ccat_106	 2	 9	 147.jpg	 7.423867e+02	 24	 999000	 240	 999000	 999	 7.434365e+02	 500.00	 450.00	 56.00	 47	 0.13	 
ccat_106	 2	 9	 107.jpg	 7.443860e+02	 24	 999000	 240	 999000	 999	 7.454357e+02	 500.00	 450.00	 47.00	 7	 0.36	 
ccat_106	 2	 9	 119.jpg	 7.463852e+02	 12	 999000	 120	 999000	 999	 7.474349e+02	 500.00	 450.00	 5.00	 19	 0.78	 
ccat_106	 2	 9	 152.jpg	 7.483844e+02	 24	 999000	 240	 999000	 999	 7.494508e+02	 500.00	 450.00	 50.00	 52	 0.26	 
ccat_106	 2	 9	 148.jpg	 7.503836e+02	 24	 999000	 240	 999000	 999	 7.514333e+02	 500.00	 450.00	 41.00	 48	 0.42	 
ccat_106	 2	 9	 128.jpg	 7.523829e+02	 11	 9.647455e+02	 110	 5.271717e+02	 98	 7.534491e+02	 516.67	 450.00	 17.00	 28	 0.64	 
ccat_106	 2	 9	 156.jpg	 7.543820e+02	 22	 9.175739e+02	 220	 4.764130e+02	 98	 7.554483e+02	 516.67	 466.67	 48.00	 56	 0.34	 
ccat_106	 2	 9	 117.jpg	 7.563812e+02	 24	 999000	 240	 999000	 999	 7.574311e+02	 516.67	 466.67	 53.00	 17	 0.19	 
ccat_106	 2	 9	 159.jpg	 7.583804e+02	 24	 999000	 240	 999000	 999	 7.594301e+02	 516.67	 466.67	 45.00	 59	 0.38	 
ccat_106	 2	 9	 157.jpg	 7.603797e+02	 11	 9.119035e+02	 110	 5.437264e+02	 98	 7.614460e+02	 533.33	 466.67	 14.00	 57	 0.66	 
ccat_106	 2	 9	 125.jpg	 7.623789e+02	 24	 999000	 240	 999000	 999	 7.634285e+02	 533.33	 466.67	 52.00	 25	 0.25	 
ccat_106	 2	 9	 115.jpg	 7.643781e+02	 11	 9.455119e+02	 110	 5.601792e+02	 98	 7.654445e+02	 550.00	 466.67	 8.00	 15	 0.76	 
ccat_106	 2	 9	 142.jpg	 7.663773e+02	 22	 8.903393e+02	 220	 4.930448e+02	 98	 7.674436e+02	 550.00	 483.33	 49.00	 42	 0.29	 
ccat_106	 2	 9	 140.jpg	 7.683765e+02	 12	 999000	 120	 999000	 999	 7.694262e+02	 550.00	 483.33	 6.00	 40	 0.78	 
ccat_106	 2	 9	 135.jpg	 7.703757e+02	 24	 999000	 240	 999000	 999	 7.714420e+02	 550.00	 483.33	 44.00	 35	 0.40	 
ccat_106	 2	 9	 144.jpg	 7.723750e+02	 12	 999000	 120	 999000	 999	 7.734246e+02	 550.00	 483.33	 13.00	 44	 0.66	 
ccat_106	 2	 9	 130.jpg	 7.743741e+02	 11	 1.037425e+03	 1100	 5.773202e+02	 98	 7.754404e+02	 500.00	 483.33	 16.00	 30	 0.64	 
ccat_106	 2	 9	 143.jpg	 7.763734e+02	 12	 999000	 120	 999000	 999	 7.774231e+02	 500.00	 483.33	 4.00	 43	 0.82	 
ccat_106	 2	 9	 133.jpg	 7.783893e+02	 24	 999000	 240	 999000	 999	 7.794556e+02	 500.00	 483.33	 42.00	 33	 0.42	 
ccat_106	 2	 9	 110.jpg	 7.803884e+02	 12	 999000	 120	 999000	 999	 7.814382e+02	 500.00	 483.33	 21.00	 10	 0.59	 
ccat_106	 2	 9	 139.jpg	 7.823876e+02	 12	 999000	 120	 999000	 999	 7.834374e+02	 500.00	 483.33	 3.00	 39	 0.86	 
ccat_106	 2	 9	 132.jpg	 7.843869e+02	 24	 999000	 240	 999000	 999	 7.854368e+02	 500.00	 483.33	 58.00	 32	 0.12	 
ccat_106	 2	 9	 101.jpg	 7.863861e+02	 12	 999000	 120	 999000	 999	 7.874358e+02	 500.00	 483.33	 19.00	 1	 0.62	 
ccat_106	 2	 9	 158.jpg	 7.883853e+02	 24	 999000	 240	 999000	 999	 7.894350e+02	 500.00	 483.33	 55.00	 58	 0.15	 
ccat_106	 2	 9	 141.jpg	 7.903845e+02	 24	 999000	 240	 999000	 999	 7.914342e+02	 500.00	 483.33	 57.00	 41	 0.12	 
ccat_106	 2	 9	 151.jpg	 7.923837e+02	 22	 9.479825e+02	 220	 5.106304e+02	 98	 7.934500e+02	 500.00	 500.00	 54.00	 51	 0.18	 
ccat_106	 2	 9	 109.jpg	 7.943829e+02	 11	 1.012681e+03	 1100	 5.263129e+02	 98	 7.954492e+02	 450.00	 500.00	 11.00	 9	 0.67	 
ccat_106	 2	 9	 123.jpg	 7.963821e+02	 12	 999000	 120	 999000	 999	 7.974318e+02	 450.00	 500.00	 20.00	 23	 0.60	 
ccat_106	 2	 9	 120.jpg	 7.983814e+02	 12	 999000	 120	 999000	 999	 7.994310e+02	 450.00	 500.00	 22.00	 20	 0.59	 
ccat_106	 2	 9	 112.jpg	 8.003805e+02	 12	 999000	 120	 999000	 999	 8.014302e+02	 450.00	 500.00	 10.00	 12	 0.67	 
ccat_106	 2	 9	 149.jpg	 8.023798e+02	 24	 999000	 240	 999000	 999	 8.034295e+02	 450.00	 500.00	 39.00	 49	 0.44	 
ccat_106	 2	 9	 116.jpg	 8.043790e+02	 22	 9.286060e+02	 220	 5.271344e+02	 98	 8.054454e+02	 450.00	 516.67	 51.00	 16	 0.25	 
ccat_106	 2	 9	 146.jpg	 8.063782e+02	 12	 999000	 120	 999000	 999	 8.074279e+02	 450.00	 516.67	 7.00	 46	 0.78	 
ccat_106	 2	 9	 122.jpg	 8.083774e+02	 24	 999000	 240	 999000	 999	 8.094271e+02	 450.00	 516.67	 40.00	 22	 0.42	 
ccat_106	 2	 9	 118.jpg	 8.103766e+02	 12	 999000	 120	 999000	 999	 8.114263e+02	 450.00	 516.67	 18.00	 18	 0.64	 
ccat_106	 2	 9	 104.jpg	 8.123758e+02	 12	 999000	 120	 999000	 999	 8.134255e+02	 450.00	 516.67	 12.00	 4	 0.67	 
