subjectID	 order	 runNum	 itemName	 onsetTime	 shuff_trialType	 RT	 respInTime	 AudioTime	 response	 fixationTime	 ladder1	 ladder2	 bidIndex	 itemNameIndex	 bidValue	 
ccat_109	 1	 1	 142.jpg	 2.065565e+00	 24	 999000	 240	 999000	 999	 3.131335e+00	 750.00	 750.00	 46.00	 42	 0.30	 
ccat_109	 1	 1	 110.jpg	 4.030973e+00	 11	 1.268041e+03	 1100	 7.782618e+02	 98	 5.097190e+00	 700.00	 750.00	 13.00	 10	 0.76	 
ccat_109	 1	 1	 126.jpg	 6.030141e+00	 24	 999000	 240	 999000	 999	 7.079739e+00	 700.00	 750.00	 41.00	 26	 0.37	 
ccat_109	 1	 1	 124.jpg	 8.029342e+00	 12	 999000	 120	 999000	 999	 9.078978e+00	 700.00	 750.00	 3.00	 24	 0.85	 
ccat_109	 1	 1	 104.jpg	 1.002859e+01	 12	 999000	 120	 999000	 999	 1.107817e+01	 700.00	 750.00	 6.00	 4	 0.83	 
ccat_109	 1	 1	 150.jpg	 1.202783e+01	 24	 999000	 240	 999000	 999	 1.309402e+01	 700.00	 750.00	 54.00	 50	 0.21	 
ccat_109	 1	 1	 158.jpg	 1.402697e+01	 24	 999000	 240	 999000	 999	 1.507659e+01	 700.00	 750.00	 57.00	 58	 0.15	 
ccat_109	 1	 1	 153.jpg	 1.602619e+01	 12	 999000	 120	 999000	 999	 1.707584e+01	 700.00	 750.00	 22.00	 53	 0.56	 
ccat_109	 1	 1	 146.jpg	 1.802536e+01	 24	 999000	 240	 999000	 999	 1.907501e+01	 700.00	 750.00	 48.00	 46	 0.28	 
ccat_109	 1	 1	 145.jpg	 2.004137e+01	 24	 999000	 240	 999000	 999	 2.109088e+01	 700.00	 750.00	 58.00	 45	 0.12	 
ccat_109	 1	 1	 122.jpg	 2.204050e+01	 12	 999000	 120	 999000	 999	 2.309008e+01	 700.00	 750.00	 4.00	 22	 0.85	 
ccat_109	 1	 1	 106.jpg	 2.403969e+01	 24	 999000	 240	 999000	 999	 2.508935e+01	 700.00	 750.00	 51.00	 6	 0.24	 
ccat_109	 1	 1	 133.jpg	 2.603892e+01	 24	 999000	 240	 999000	 999	 2.708851e+01	 700.00	 750.00	 40.00	 33	 0.40	 
ccat_109	 1	 1	 130.jpg	 2.803813e+01	 22	 1.284837e+03	 2200	 7.776320e+02	 98	 2.910438e+01	 700.00	 700.00	 47.00	 30	 0.29	 
ccat_109	 1	 1	 116.jpg	 3.003732e+01	 24	 999000	 240	 999000	 999	 3.108694e+01	 700.00	 700.00	 43.00	 16	 0.37	 
ccat_109	 1	 1	 111.jpg	 3.203654e+01	 12	 999000	 120	 999000	 999	 3.308618e+01	 700.00	 700.00	 21.00	 11	 0.57	 
ccat_109	 1	 1	 160.jpg	 3.403576e+01	 12	 999000	 120	 999000	 999	 3.508537e+01	 700.00	 700.00	 11.00	 60	 0.78	 
ccat_109	 1	 1	 105.jpg	 3.603497e+01	 12	 999000	 120	 999000	 999	 3.710123e+01	 700.00	 700.00	 16.00	 5	 0.71	 
ccat_109	 1	 1	 148.jpg	 3.803422e+01	 12	 999000	 120	 999000	 999	 3.908375e+01	 700.00	 700.00	 20.00	 48	 0.59	 
ccat_109	 1	 1	 120.jpg	 4.003340e+01	 12	 999000	 120	 999000	 999	 4.108303e+01	 700.00	 700.00	 17.00	 20	 0.71	 
ccat_109	 1	 1	 113.jpg	 4.203265e+01	 12	 999000	 120	 999000	 999	 4.308222e+01	 700.00	 700.00	 19.00	 13	 0.64	 
ccat_109	 1	 1	 138.jpg	 4.403184e+01	 22	 1.243124e+03	 2200	 7.280313e+02	 98	 4.509806e+01	 700.00	 650.00	 53.00	 38	 0.22	 
ccat_109	 1	 1	 147.jpg	 4.603106e+01	 11	 1.283959e+03	 1100	 7.383247e+02	 98	 4.709735e+01	 650.00	 650.00	 12.00	 47	 0.77	 
ccat_109	 1	 1	 118.jpg	 4.803022e+01	 12	 999000	 120	 999000	 999	 4.909657e+01	 650.00	 650.00	 5.00	 18	 0.84	 
ccat_109	 1	 1	 115.jpg	 5.002942e+01	 11	 1.141604e+03	 1100	 6.772742e+02	 98	 5.109571e+01	 600.00	 650.00	 15.00	 15	 0.72	 
ccat_109	 1	 1	 128.jpg	 5.202866e+01	 24	 999000	 240	 999000	 999	 5.307828e+01	 600.00	 650.00	 56.00	 28	 0.16	 
ccat_109	 1	 1	 117.jpg	 5.402784e+01	 12	 999000	 120	 999000	 999	 5.507749e+01	 600.00	 650.00	 9.00	 17	 0.80	 
ccat_109	 1	 1	 114.jpg	 5.602704e+01	 22	 1.223927e+03	 2200	 6.789303e+02	 98	 5.709339e+01	 600.00	 600.00	 44.00	 14	 0.36	 
ccat_109	 1	 1	 141.jpg	 5.802629e+01	 12	 999000	 120	 999000	 999	 5.907589e+01	 600.00	 600.00	 14.00	 41	 0.73	 
ccat_109	 1	 1	 108.jpg	 6.002550e+01	 11	 1.041471e+03	 1100	 6.276034e+02	 98	 6.109176e+01	 550.00	 600.00	 7.00	 8	 0.81	 
ccat_109	 1	 1	 103.jpg	 6.202471e+01	 22	 1.066332e+03	 2200	 6.267065e+02	 98	 6.309100e+01	 550.00	 550.00	 52.00	 3	 0.24	 
ccat_109	 1	 1	 155.jpg	 6.404060e+01	 22	 9.623688e+02	 220	 5.766966e+02	 98	 6.510690e+01	 550.00	 566.67	 45.00	 55	 0.31	 
ccat_109	 1	 1	 125.jpg	 6.603982e+01	 24	 999000	 240	 999000	 999	 6.708940e+01	 550.00	 566.67	 39.00	 25	 0.42	 
ccat_109	 1	 1	 131.jpg	 6.803901e+01	 24	 999000	 240	 999000	 999	 6.908862e+01	 550.00	 566.67	 55.00	 31	 0.18	 
ccat_109	 1	 1	 157.jpg	 7.003828e+01	 22	 1.028691e+03	 2200	 5.941956e+02	 98	 7.110448e+01	 550.00	 516.67	 50.00	 57	 0.26	 
ccat_109	 1	 1	 112.jpg	 7.203744e+01	 12	 999000	 120	 999000	 999	 7.308707e+01	 550.00	 516.67	 8.00	 12	 0.80	 
ccat_109	 1	 1	 144.jpg	 7.403665e+01	 24	 999000	 240	 999000	 999	 7.508625e+01	 550.00	 516.67	 42.00	 44	 0.37	 
ccat_109	 1	 1	 127.jpg	 7.603586e+01	 24	 999000	 240	 999000	 999	 7.710211e+01	 550.00	 516.67	 49.00	 27	 0.26	 
ccat_109	 1	 1	 121.jpg	 7.803504e+01	 11	 1.015939e+03	 1100	 5.773749e+02	 98	 7.910130e+01	 500.00	 516.67	 18.00	 21	 0.66	 
ccat_109	 1	 1	 140.jpg	 8.003425e+01	 11	 1.008767e+03	 1100	 5.268668e+02	 98	 8.110059e+01	 450.00	 516.67	 10.00	 40	 0.80	 
