subjectID	 order	 runNum	 itemName	 onsetTime	 shuff_trialType	 RT	 respInTime	 AudioTime	 response	 fixationTime	 ladder1	 ladder2	 bidIndex	 itemNameIndex	 bidValue	 
ccat_107	 1	 5	 136.jpg	 3.736122e+02	 22	 9.200557e+02	 220	 5.096915e+02	 98	 3.746785e+02	 483.33	 500.00	 53.00	 36	 0.25	 
ccat_107	 1	 5	 105.jpg	 3.755948e+02	 12	 999000	 120	 999000	 999	 3.766444e+02	 483.33	 500.00	 4.00	 5	 0.84	 
ccat_107	 1	 5	 135.jpg	 3.775940e+02	 22	 9.862986e+02	 220	 5.260553e+02	 98	 3.786603e+02	 483.33	 516.67	 45.00	 35	 0.34	 
ccat_107	 1	 5	 156.jpg	 3.795932e+02	 24	 999000	 240	 999000	 999	 3.806430e+02	 483.33	 516.67	 51.00	 56	 0.26	 
ccat_107	 1	 5	 107.jpg	 3.815925e+02	 24	 999000	 240	 999000	 999	 3.826421e+02	 483.33	 516.67	 55.00	 7	 0.20	 
ccat_107	 1	 5	 118.jpg	 3.835916e+02	 12	 999000	 120	 999000	 999	 3.846413e+02	 483.33	 516.67	 16.00	 18	 0.68	 
ccat_107	 1	 5	 103.jpg	 3.855908e+02	 12	 999000	 120	 999000	 999	 3.866405e+02	 483.33	 516.67	 19.00	 3	 0.61	 
ccat_107	 1	 5	 121.jpg	 3.875900e+02	 12	 999000	 120	 999000	 999	 3.886397e+02	 483.33	 516.67	 14.00	 21	 0.70	 
ccat_107	 1	 5	 133.jpg	 3.895892e+02	 22	 1.007021e+03	 2200	 5.431617e+02	 98	 3.906556e+02	 483.33	 466.67	 52.00	 33	 0.25	 
ccat_107	 1	 5	 129.jpg	 3.915884e+02	 24	 999000	 240	 999000	 999	 3.926381e+02	 483.33	 466.67	 43.00	 29	 0.36	 
ccat_107	 1	 5	 110.jpg	 3.935877e+02	 12	 999000	 120	 999000	 999	 3.946373e+02	 483.33	 466.67	 21.00	 10	 0.60	 
ccat_107	 1	 5	 123.jpg	 3.955869e+02	 12	 999000	 120	 999000	 999	 3.966366e+02	 483.33	 466.67	 5.00	 23	 0.84	 
ccat_107	 1	 5	 122.jpg	 3.975861e+02	 11	 9.221842e+02	 110	 5.094698e+02	 98	 3.986525e+02	 500.00	 466.67	 13.00	 22	 0.71	 
ccat_107	 1	 5	 145.jpg	 3.995853e+02	 24	 999000	 240	 999000	 999	 4.006350e+02	 500.00	 466.67	 42.00	 45	 0.37	 
ccat_107	 1	 5	 111.jpg	 4.015845e+02	 12	 999000	 120	 999000	 999	 4.026342e+02	 500.00	 466.67	 20.00	 11	 0.61	 
ccat_107	 1	 5	 154.jpg	 4.035838e+02	 11	 9.404397e+02	 110	 5.264145e+02	 98	 4.046501e+02	 516.67	 466.67	 12.00	 54	 0.73	 
ccat_107	 1	 5	 155.jpg	 4.055996e+02	 22	 8.766610e+02	 220	 4.928404e+02	 98	 4.066659e+02	 516.67	 483.33	 44.00	 55	 0.35	 
ccat_107	 1	 5	 124.jpg	 4.075989e+02	 11	 9.014114e+02	 110	 5.428618e+02	 98	 4.086651e+02	 533.33	 483.33	 18.00	 24	 0.62	 
ccat_107	 1	 5	 120.jpg	 4.095980e+02	 12	 999000	 120	 999000	 999	 4.106477e+02	 533.33	 483.33	 6.00	 20	 0.81	 
ccat_107	 1	 5	 125.jpg	 4.115973e+02	 24	 999000	 240	 999000	 999	 4.126469e+02	 533.33	 483.33	 54.00	 25	 0.20	 
ccat_107	 1	 5	 108.jpg	 4.135964e+02	 12	 999000	 120	 999000	 999	 4.146461e+02	 533.33	 483.33	 22.00	 8	 0.60	 
ccat_107	 1	 5	 160.jpg	 4.155957e+02	 12	 999000	 120	 999000	 999	 4.166620e+02	 533.33	 483.33	 9.00	 60	 0.78	 
ccat_107	 1	 5	 149.jpg	 4.175949e+02	 22	 1.025333e+03	 2200	 5.100430e+02	 98	 4.186779e+02	 533.33	 433.33	 47.00	 49	 0.32	 
ccat_107	 1	 5	 106.jpg	 4.195941e+02	 11	 1.042191e+03	 1100	 5.597676e+02	 98	 4.206771e+02	 483.33	 433.33	 10.00	 6	 0.75	 
ccat_107	 1	 5	 138.jpg	 4.215933e+02	 24	 999000	 240	 999000	 999	 4.226430e+02	 483.33	 433.33	 46.00	 38	 0.34	 
ccat_107	 1	 5	 146.jpg	 4.235925e+02	 24	 999000	 240	 999000	 999	 4.246421e+02	 483.33	 433.33	 49.00	 46	 0.31	 
ccat_107	 1	 5	 112.jpg	 4.255917e+02	 11	 9.005376e+02	 110	 5.097150e+02	 98	 4.266747e+02	 500.00	 433.33	 15.00	 12	 0.69	 
ccat_107	 1	 5	 132.jpg	 4.275909e+02	 24	 999000	 240	 999000	 999	 4.286407e+02	 500.00	 433.33	 58.00	 32	 0.10	 
ccat_107	 1	 5	 153.jpg	 4.295902e+02	 24	 999000	 240	 999000	 999	 4.306398e+02	 500.00	 433.33	 40.00	 53	 0.39	 
ccat_107	 1	 5	 126.jpg	 4.315894e+02	 12	 999000	 120	 999000	 999	 4.326390e+02	 500.00	 433.33	 17.00	 26	 0.64	 
ccat_107	 1	 5	 142.jpg	 4.335886e+02	 12	 999000	 120	 999000	 999	 4.346382e+02	 500.00	 433.33	 11.00	 42	 0.74	 
ccat_107	 1	 5	 114.jpg	 4.355878e+02	 12	 999000	 120	 999000	 999	 4.366375e+02	 500.00	 433.33	 3.00	 14	 0.85	 
ccat_107	 1	 5	 101.jpg	 4.375870e+02	 24	 999000	 240	 999000	 999	 4.386367e+02	 500.00	 433.33	 41.00	 1	 0.37	 
ccat_107	 1	 5	 113.jpg	 4.395862e+02	 12	 999000	 120	 999000	 999	 4.406359e+02	 500.00	 433.33	 8.00	 13	 0.79	 
ccat_107	 1	 5	 131.jpg	 4.415854e+02	 24	 999000	 240	 999000	 999	 4.426351e+02	 500.00	 433.33	 39.00	 31	 0.41	 
ccat_107	 1	 5	 104.jpg	 4.435846e+02	 11	 1.035716e+03	 1100	 5.265596e+02	 98	 4.446510e+02	 450.00	 433.33	 7.00	 4	 0.80	 
ccat_107	 1	 5	 116.jpg	 4.456005e+02	 24	 999000	 240	 999000	 999	 4.466502e+02	 450.00	 433.33	 56.00	 16	 0.14	 
ccat_107	 1	 5	 159.jpg	 4.475997e+02	 24	 999000	 240	 999000	 999	 4.486494e+02	 450.00	 433.33	 57.00	 59	 0.13	 
ccat_107	 1	 5	 147.jpg	 4.495989e+02	 24	 999000	 240	 999000	 999	 4.506486e+02	 450.00	 433.33	 48.00	 47	 0.31	 
ccat_107	 1	 5	 141.jpg	 4.515981e+02	 22	 9.021575e+02	 220	 4.597059e+02	 98	 4.526812e+02	 450.00	 450.00	 50.00	 41	 0.27	 
