1	20	142.jpg	1	1	0	1	18
2	22	144.jpg	1	1	0	0	10
3	52	224.jpg	0	1	0	1	0
4	21	143.jpg	1	1	0	0	7
5	13	121.jpg	1	1	0	0	52
6	45	217.jpg	0	1	0	1	0
7	6	112.jpg	1	1	0	0	50
8	11	118.jpg	1	1	0	1	45
9	16	131.jpg	1	1	1	0	9
10	25	151.jpg	1	1	0	0	12
11	2	107.jpg	1	1	0	0	53
12	17	132.jpg	1	1	1	1	43
13	18	133.jpg	1	1	1	0	11
14	79	251.jpg	0	1	0	0	0
15	26	156.jpg	1	1	0	0	13
16	51	223.jpg	0	1	0	0	0
17	15	123.jpg	1	1	1	0	51
18	9	115.jpg	1	1	0	1	5
19	8	114.jpg	1	1	0	0	44
20	5	111.jpg	1	1	0	0	47
21	24	150.jpg	1	1	0	1	15
22	4	110.jpg	1	1	1	0	46
23	19	141.jpg	1	1	1	1	17
24	36	208.jpg	0	1	0	0	0
25	86	258.jpg	0	1	0	0	0
26	10	117.jpg	1	1	1	0	48
27	12	120.jpg	1	1	1	0	49
28	28	158.jpg	1	1	1	1	8
29	1	104.jpg	1	1	1	1	54
30	14	122.jpg	1	1	0	0	56
