1	 70	 242.jpg	 0	 0	 0	 0	 
2	 71	 243.jpg	 0	 0	 0	 0	 
3	 74	 246.jpg	 0	 0	 0	 0	 
4	 47	 219.jpg	 0	 0	 0	 0	 
5	 64	 236.jpg	 0	 0	 0	 0	 
6	 1	 104.jpg	 1	 1	 49	 1	 
7	 22	 147.jpg	 1	 1	 17	 1	 
8	 63	 235.jpg	 0	 0	 0	 0	 
9	 29	 201.jpg	 0	 0	 0	 0	 
10	 52	 224.jpg	 0	 0	 0	 0	 
11	 57	 229.jpg	 0	 0	 0	 0	 
12	 51	 223.jpg	 0	 0	 0	 0	 
13	 12	 125.jpg	 1	 1	 15	 0	 
14	 62	 234.jpg	 0	 0	 0	 0	 
15	 14	 130.jpg	 1	 1	 9	 1	 
16	 44	 216.jpg	 0	 0	 0	 0	 
17	 3	 110.jpg	 1	 1	 6	 0	 
18	 31	 203.jpg	 0	 0	 0	 0	 
19	 19	 139.jpg	 1	 1	 50	 0	 
20	 5	 112.jpg	 1	 1	 56	 0	 
21	 39	 211.jpg	 0	 0	 0	 0	 
22	 49	 221.jpg	 0	 0	 0	 0	 
23	 41	 213.jpg	 0	 0	 0	 0	 
24	 58	 230.jpg	 0	 0	 0	 0	 
25	 11	 124.jpg	 1	 1	 43	 1	 
26	 35	 207.jpg	 0	 0	 0	 0	 
27	 34	 206.jpg	 0	 0	 0	 0	 
28	 7	 118.jpg	 1	 0	 55	 0	 
29	 72	 244.jpg	 0	 0	 0	 0	 
30	 65	 237.jpg	 0	 0	 0	 0	 
31	 18	 137.jpg	 1	 1	 14	 1	 
32	 82	 254.jpg	 0	 0	 0	 0	 
33	 79	 251.jpg	 0	 0	 0	 0	 
34	 86	 258.jpg	 0	 0	 0	 0	 
35	 60	 232.jpg	 0	 0	 0	 0	 
36	 85	 257.jpg	 0	 0	 0	 0	 
37	 81	 253.jpg	 0	 0	 0	 0	 
38	 36	 208.jpg	 0	 0	 0	 0	 
39	 84	 256.jpg	 0	 0	 0	 0	 
40	 50	 222.jpg	 0	 0	 0	 0	 
41	 80	 252.jpg	 0	 0	 0	 0	 
42	 53	 225.jpg	 0	 0	 0	 0	 
43	 55	 227.jpg	 0	 0	 0	 0	 
44	 16	 135.jpg	 1	 1	 5	 0	 
45	 83	 255.jpg	 0	 0	 0	 0	 
46	 76	 248.jpg	 0	 0	 0	 0	 
47	 40	 212.jpg	 0	 0	 0	 0	 
48	 61	 233.jpg	 0	 0	 0	 0	 
49	 56	 228.jpg	 0	 0	 0	 0	 
50	 46	 218.jpg	 0	 0	 0	 0	 
51	 37	 209.jpg	 0	 0	 0	 0	 
52	 73	 245.jpg	 0	 0	 0	 0	 
53	 32	 204.jpg	 0	 0	 0	 0	 
54	 10	 122.jpg	 1	 1	 53	 0	 
55	 9	 120.jpg	 1	 1	 52	 0	 
56	 4	 111.jpg	 1	 1	 7	 0	 
57	 88	 260.jpg	 0	 0	 0	 0	 
58	 42	 214.jpg	 0	 0	 0	 0	 
59	 87	 259.jpg	 0	 0	 0	 0	 
60	 2	 109.jpg	 1	 1	 51	 1	 
61	 78	 250.jpg	 0	 0	 0	 0	 
62	 77	 249.jpg	 0	 0	 0	 0	 
63	 59	 231.jpg	 0	 0	 0	 0	 
64	 26	 154.jpg	 1	 1	 13	 0	 
65	 66	 238.jpg	 0	 0	 0	 0	 
66	 28	 159.jpg	 1	 1	 8	 1	 
67	 13	 129.jpg	 1	 1	 11	 1	 
68	 30	 202.jpg	 0	 0	 0	 0	 
69	 21	 145.jpg	 1	 1	 44	 0	 
70	 33	 205.jpg	 0	 0	 0	 0	 
71	 23	 148.jpg	 1	 1	 16	 1	 
72	 20	 142.jpg	 1	 1	 54	 1	 
73	 17	 136.jpg	 1	 1	 12	 0	 
74	 6	 116.jpg	 1	 1	 10	 0	 
75	 24	 150.jpg	 1	 0	 45	 0	 
76	 75	 247.jpg	 0	 1	 0	 0	 
77	 43	 215.jpg	 0	 0	 0	 0	 
78	 54	 226.jpg	 0	 0	 0	 0	 
79	 27	 158.jpg	 1	 1	 47	 0	 
80	 69	 241.jpg	 0	 0	 0	 0	 
81	 48	 220.jpg	 0	 0	 0	 0	 
82	 67	 239.jpg	 0	 0	 0	 0	 
83	 15	 134.jpg	 1	 1	 18	 0	 
84	 38	 210.jpg	 0	 0	 0	 0	 
85	 68	 240.jpg	 0	 0	 0	 0	 
86	 25	 151.jpg	 1	 1	 46	 1	 
87	 8	 119.jpg	 1	 1	 48	 1	 
88	 45	 217.jpg	 0	 0	 0	 0	 
