subjectID	 order	 runNum	 itemName	 onsetTime	 shuff_trialType	 RT	 respInTime	 AudioTime	 response	 fixationTime	 ladder1	 ladder2	 bidIndex	 itemNameIndex	 bidValue	 
ccat_121	 1	 15	 129.jpg	 1.269412e+03	 12	 999000	 120	 999000	 999	 1.270462e+03	 616.67	 550.00	 16.00	 29	 0.68	 
ccat_121	 1	 15	 137.jpg	 1.271395e+03	 24	 999000	 240	 999000	 999	 1.272444e+03	 616.67	 550.00	 57.00	 37	 0.16	 
ccat_121	 1	 15	 124.jpg	 1.273394e+03	 22	 9.453546e+02	 220	 5.761597e+02	 98	 1.274460e+03	 616.67	 566.67	 47.00	 24	 0.31	 
ccat_121	 1	 15	 120.jpg	 1.275393e+03	 11	 9.781262e+02	 110	 6.427748e+02	 98	 1.276460e+03	 633.33	 566.67	 12.00	 20	 0.70	 
ccat_121	 1	 15	 133.jpg	 1.277392e+03	 12	 999000	 120	 999000	 999	 1.278442e+03	 633.33	 566.67	 4.00	 33	 0.88	 
ccat_121	 1	 15	 148.jpg	 1.279392e+03	 24	 999000	 240	 999000	 999	 1.280441e+03	 633.33	 566.67	 49.00	 48	 0.29	 
ccat_121	 1	 15	 131.jpg	 1.281391e+03	 11	 1.044595e+03	 1100	 6.593751e+02	 98	 1.282457e+03	 583.33	 566.67	 13.00	 31	 0.70	 
ccat_121	 1	 15	 121.jpg	 1.283407e+03	 12	 999000	 120	 999000	 999	 1.284456e+03	 583.33	 566.67	 21.00	 21	 0.60	 
ccat_121	 1	 15	 157.jpg	 1.285406e+03	 12	 999000	 120	 999000	 999	 1.286456e+03	 583.33	 566.67	 8.00	 57	 0.76	 
ccat_121	 1	 15	 142.jpg	 1.287405e+03	 24	 999000	 240	 999000	 999	 1.288455e+03	 583.33	 566.67	 46.00	 42	 0.31	 
ccat_121	 1	 15	 140.jpg	 1.289404e+03	 22	 9.270613e+02	 220	 5.928778e+02	 98	 1.290471e+03	 583.33	 583.33	 50.00	 40	 0.26	 
ccat_121	 1	 15	 132.jpg	 1.291404e+03	 22	 1.007825e+03	 2200	 6.092876e+02	 98	 1.292470e+03	 583.33	 533.33	 44.00	 32	 0.33	 
ccat_121	 1	 15	 145.jpg	 1.293403e+03	 24	 999000	 240	 999000	 999	 1.294452e+03	 583.33	 533.33	 54.00	 45	 0.21	 
ccat_121	 1	 15	 147.jpg	 1.295402e+03	 24	 999000	 240	 999000	 999	 1.296452e+03	 583.33	 533.33	 55.00	 47	 0.20	 
ccat_121	 1	 15	 134.jpg	 1.297401e+03	 12	 999000	 120	 999000	 999	 1.298451e+03	 583.33	 533.33	 11.00	 34	 0.71	 
ccat_121	 1	 15	 158.jpg	 1.299400e+03	 22	 9.149675e+02	 220	 5.593965e+02	 98	 1.300467e+03	 583.33	 550.00	 52.00	 58	 0.26	 
ccat_121	 1	 15	 106.jpg	 1.301400e+03	 12	 999000	 120	 999000	 999	 1.302449e+03	 583.33	 550.00	 14.00	 6	 0.70	 
ccat_121	 1	 15	 138.jpg	 1.303399e+03	 24	 999000	 240	 999000	 999	 1.304448e+03	 583.33	 550.00	 56.00	 38	 0.18	 
ccat_121	 1	 15	 119.jpg	 1.305398e+03	 11	 1.013321e+03	 1100	 6.096664e+02	 98	 1.306465e+03	 533.33	 550.00	 10.00	 19	 0.72	 
ccat_121	 1	 15	 104.jpg	 1.307397e+03	 24	 999000	 240	 999000	 999	 1.308447e+03	 533.33	 550.00	 48.00	 4	 0.30	 
ccat_121	 1	 15	 111.jpg	 1.309396e+03	 11	 9.029558e+02	 110	 5.593275e+02	 98	 1.310463e+03	 550.00	 550.00	 18.00	 11	 0.66	 
ccat_121	 1	 15	 114.jpg	 1.311396e+03	 12	 999000	 120	 999000	 999	 1.312445e+03	 550.00	 550.00	 22.00	 14	 0.56	 
ccat_121	 1	 15	 108.jpg	 1.313395e+03	 24	 999000	 240	 999000	 999	 1.314445e+03	 550.00	 550.00	 41.00	 8	 0.40	 
ccat_121	 1	 15	 127.jpg	 1.315394e+03	 22	 1.049263e+03	 2200	 5.760018e+02	 98	 1.316460e+03	 550.00	 500.00	 45.00	 27	 0.33	 
ccat_121	 1	 15	 110.jpg	 1.317393e+03	 12	 7.540087e+02	 12	 999000	 98	 1.318443e+03	 550.00	 500.00	 3.00	 10	 0.88	 
ccat_121	 1	 15	 160.jpg	 1.319393e+03	 24	 999000	 240	 999000	 999	 1.320442e+03	 550.00	 500.00	 40.00	 60	 0.40	 
ccat_121	 1	 15	 150.jpg	 1.321392e+03	 24	 999000	 240	 999000	 999	 1.322441e+03	 550.00	 500.00	 51.00	 50	 0.26	 
ccat_121	 1	 15	 139.jpg	 1.323391e+03	 22	 9.003901e+02	 220	 5.262966e+02	 98	 1.324457e+03	 550.00	 516.67	 53.00	 39	 0.26	 
ccat_121	 1	 15	 112.jpg	 1.325407e+03	 24	 999000	 240	 999000	 999	 1.326457e+03	 550.00	 516.67	 42.00	 12	 0.36	 
ccat_121	 1	 15	 116.jpg	 1.327406e+03	 12	 999000	 120	 999000	 999	 1.328456e+03	 550.00	 516.67	 5.00	 16	 0.84	 
ccat_121	 1	 15	 128.jpg	 1.329405e+03	 12	 999000	 120	 999000	 999	 1.330455e+03	 550.00	 516.67	 20.00	 28	 0.61	 
ccat_121	 1	 15	 149.jpg	 1.331405e+03	 24	 999000	 240	 999000	 999	 1.332454e+03	 550.00	 516.67	 43.00	 49	 0.34	 
ccat_121	 1	 15	 141.jpg	 1.333404e+03	 24	 999000	 240	 999000	 999	 1.334453e+03	 550.00	 516.67	 39.00	 41	 0.41	 
ccat_121	 1	 15	 135.jpg	 1.335403e+03	 11	 1.000543e+03	 1100	 5.761489e+02	 98	 1.336469e+03	 500.00	 516.67	 15.00	 35	 0.68	 
ccat_121	 1	 15	 101.jpg	 1.337402e+03	 12	 999000	 120	 999000	 999	 1.338452e+03	 500.00	 516.67	 6.00	 1	 0.80	 
ccat_121	 1	 15	 152.jpg	 1.339401e+03	 11	 9.140494e+02	 110	 5.261603e+02	 98	 1.340468e+03	 516.67	 516.67	 7.00	 52	 0.77	 
ccat_121	 1	 15	 105.jpg	 1.341401e+03	 12	 999000	 120	 999000	 999	 1.342450e+03	 516.67	 516.67	 17.00	 5	 0.67	 
ccat_121	 1	 15	 144.jpg	 1.343400e+03	 24	 999000	 240	 999000	 999	 1.344449e+03	 516.67	 516.67	 58.00	 44	 0.12	 
ccat_121	 1	 15	 126.jpg	 1.345399e+03	 12	 999000	 120	 999000	 999	 1.346449e+03	 516.67	 516.67	 19.00	 26	 0.62	 
ccat_121	 1	 15	 143.jpg	 1.347398e+03	 12	 999000	 120	 999000	 999	 1.348448e+03	 516.67	 516.67	 9.00	 43	 0.73	 
