subjectID	 order	 runNum	 itemName	 onsetTime	 shuff_trialType	 RT	 respInTime	 AudioTime	 response	 fixationTime	 ladder1	 ladder2	 bidIndex	 itemNameIndex	 bidValue	 
ccat_110	 2	 14	 152.jpg	 1.123341e+03	 12	 999000	 120	 999000	 999	 1.124391e+03	 650.00	 716.67	 13.00	 52	 0.75	 
ccat_110	 2	 14	 114.jpg	 1.125324e+03	 11	 9.119235e+02	 110	 6.769516e+02	 98	 1.126390e+03	 666.67	 716.67	 17.00	 14	 0.73	 
ccat_110	 2	 14	 155.jpg	 1.127323e+03	 24	 999000	 240	 999000	 999	 1.128373e+03	 666.67	 716.67	 45.00	 55	 0.30	 
ccat_110	 2	 14	 107.jpg	 1.129322e+03	 12	 999000	 120	 999000	 999	 1.130372e+03	 666.67	 716.67	 12.00	 7	 0.75	 
ccat_110	 2	 14	 153.jpg	 1.131321e+03	 24	 999000	 240	 999000	 999	 1.132371e+03	 666.67	 716.67	 47.00	 53	 0.26	 
ccat_110	 2	 14	 111.jpg	 1.133321e+03	 12	 999000	 120	 999000	 999	 1.134370e+03	 666.67	 716.67	 5.00	 11	 0.83	 
ccat_110	 2	 14	 157.jpg	 1.135320e+03	 24	 999000	 240	 999000	 999	 1.136370e+03	 666.67	 716.67	 53.00	 57	 0.21	 
ccat_110	 2	 14	 118.jpg	 1.137319e+03	 11	 8.525845e+02	 110	 6.935206e+02	 98	 1.138385e+03	 683.33	 716.67	 11.00	 18	 0.75	 
ccat_110	 2	 14	 108.jpg	 1.139318e+03	 12	 999000	 120	 999000	 999	 1.140368e+03	 683.33	 716.67	 3.00	 8	 0.87	 
ccat_110	 2	 14	 103.jpg	 1.141318e+03	 12	 999000	 120	 999000	 999	 1.142367e+03	 683.33	 716.67	 15.00	 3	 0.74	 
ccat_110	 2	 14	 131.jpg	 1.143333e+03	 24	 999000	 240	 999000	 999	 1.144383e+03	 683.33	 716.67	 55.00	 31	 0.18	 
ccat_110	 2	 14	 126.jpg	 1.145333e+03	 24	 999000	 240	 999000	 999	 1.146382e+03	 683.33	 716.67	 44.00	 26	 0.31	 
ccat_110	 2	 14	 123.jpg	 1.147332e+03	 11	 9.038629e+02	 110	 7.104603e+02	 98	 1.148398e+03	 700.00	 716.67	 16.00	 23	 0.73	 
ccat_110	 2	 14	 130.jpg	 1.149331e+03	 24	 999000	 240	 999000	 999	 1.150381e+03	 700.00	 716.67	 39.00	 30	 0.40	 
ccat_110	 2	 14	 133.jpg	 1.151330e+03	 22	 9.213831e+02	 220	 7.433380e+02	 98	 1.152397e+03	 700.00	 733.33	 43.00	 33	 0.32	 
ccat_110	 2	 14	 154.jpg	 1.153329e+03	 22	 9.062454e+02	 220	 7.598870e+02	 98	 1.154396e+03	 700.00	 750.00	 49.00	 54	 0.24	 
ccat_110	 2	 14	 129.jpg	 1.155329e+03	 24	 999000	 240	 999000	 999	 1.156378e+03	 700.00	 750.00	 41.00	 29	 0.38	 
ccat_110	 2	 14	 109.jpg	 1.157328e+03	 24	 999000	 240	 999000	 999	 1.158378e+03	 700.00	 750.00	 50.00	 9	 0.23	 
ccat_110	 2	 14	 124.jpg	 1.159327e+03	 12	 999000	 120	 999000	 999	 1.160377e+03	 700.00	 750.00	 10.00	 24	 0.76	 
ccat_110	 2	 14	 102.jpg	 1.161326e+03	 12	 999000	 120	 999000	 999	 1.162376e+03	 700.00	 750.00	 6.00	 2	 0.83	 
ccat_110	 2	 14	 141.jpg	 1.163325e+03	 11	 8.702029e+02	 110	 7.268337e+02	 98	 1.164392e+03	 716.67	 750.00	 8.00	 41	 0.78	 
ccat_110	 2	 14	 145.jpg	 1.165325e+03	 22	 8.805810e+02	 220	 7.864218e+02	 98	 1.166391e+03	 716.67	 766.67	 51.00	 45	 0.22	 
ccat_110	 2	 14	 148.jpg	 1.167324e+03	 24	 999000	 240	 999000	 999	 1.168374e+03	 716.67	 766.67	 42.00	 48	 0.34	 
ccat_110	 2	 14	 104.jpg	 1.169323e+03	 11	 9.125760e+02	 110	 7.435070e+02	 98	 1.170389e+03	 733.33	 766.67	 14.00	 4	 0.75	 
ccat_110	 2	 14	 143.jpg	 1.171322e+03	 24	 999000	 240	 999000	 999	 1.172372e+03	 733.33	 766.67	 40.00	 43	 0.38	 
ccat_110	 2	 14	 137.jpg	 1.173322e+03	 24	 999000	 240	 999000	 999	 1.174371e+03	 733.33	 766.67	 56.00	 37	 0.18	 
ccat_110	 2	 14	 106.jpg	 1.175321e+03	 12	 999000	 120	 999000	 999	 1.176370e+03	 733.33	 766.67	 4.00	 6	 0.85	 
ccat_110	 2	 14	 117.jpg	 1.177320e+03	 12	 999000	 120	 999000	 999	 1.178370e+03	 733.33	 766.67	 21.00	 17	 0.65	 
ccat_110	 2	 14	 120.jpg	 1.179319e+03	 12	 999000	 120	 999000	 999	 1.180369e+03	 733.33	 766.67	 7.00	 20	 0.78	 
ccat_110	 2	 14	 132.jpg	 1.181318e+03	 12	 999000	 120	 999000	 999	 1.182368e+03	 733.33	 766.67	 20.00	 32	 0.67	 
ccat_110	 2	 14	 112.jpg	 1.183318e+03	 12	 999000	 120	 999000	 999	 1.184367e+03	 733.33	 766.67	 19.00	 12	 0.68	 
ccat_110	 2	 14	 138.jpg	 1.185333e+03	 24	 999000	 240	 999000	 999	 1.186383e+03	 733.33	 766.67	 57.00	 38	 0.16	 
ccat_110	 2	 14	 105.jpg	 1.187333e+03	 12	 999000	 120	 999000	 999	 1.188382e+03	 733.33	 766.67	 22.00	 5	 0.63	 
ccat_110	 2	 14	 144.jpg	 1.189332e+03	 24	 999000	 240	 999000	 999	 1.190382e+03	 733.33	 766.67	 58.00	 44	 0.12	 
ccat_110	 2	 14	 113.jpg	 1.191331e+03	 12	 999000	 120	 999000	 999	 1.192381e+03	 733.33	 766.67	 18.00	 13	 0.69	 
ccat_110	 2	 14	 158.jpg	 1.193330e+03	 22	 8.813574e+02	 220	 7.935558e+02	 98	 1.194397e+03	 733.33	 783.33	 46.00	 58	 0.27	 
ccat_110	 2	 14	 110.jpg	 1.195330e+03	 24	 999000	 240	 999000	 999	 1.196379e+03	 733.33	 783.33	 52.00	 10	 0.22	 
ccat_110	 2	 14	 142.jpg	 1.197329e+03	 22	 1.018966e+03	 2200	 8.100301e+02	 98	 1.198412e+03	 733.33	 733.33	 48.00	 42	 0.24	 
ccat_110	 2	 14	 160.jpg	 1.199328e+03	 11	 9.556444e+02	 110	 7.601384e+02	 98	 1.200411e+03	 750.00	 733.33	 9.00	 60	 0.77	 
ccat_110	 2	 14	 151.jpg	 1.201327e+03	 22	 9.805719e+02	 220	 7.599932e+02	 98	 1.202393e+03	 750.00	 750.00	 54.00	 51	 0.20	 
