subjectID	 order	 runNum	 itemName	 onsetTime	 shuff_trialType	 RT	 respInTime	 AudioTime	 response	 fixationTime	 ladder1	 ladder2	 bidIndex	 itemNameIndex	 bidValue	 
ccat_123	 1	 7	 121.jpg	 5.523007e+02	 12	 999000	 120	 999000	 999	 5.533504e+02	 616.67	 616.67	 14.00	 21	 0.71	 
ccat_123	 1	 7	 128.jpg	 5.542833e+02	 24	 999000	 240	 999000	 999	 5.553330e+02	 616.67	 616.67	 58.00	 28	 0.12	 
ccat_123	 1	 7	 137.jpg	 5.562825e+02	 24	 999000	 240	 999000	 999	 5.573322e+02	 616.67	 616.67	 46.00	 37	 0.30	 
ccat_123	 1	 7	 141.jpg	 5.582817e+02	 12	 999000	 120	 999000	 999	 5.593313e+02	 616.67	 616.67	 22.00	 41	 0.62	 
ccat_123	 1	 7	 119.jpg	 5.602809e+02	 24	 999000	 240	 999000	 999	 5.613306e+02	 616.67	 616.67	 42.00	 19	 0.36	 
ccat_123	 1	 7	 152.jpg	 5.622801e+02	 24	 999000	 240	 999000	 999	 5.633298e+02	 616.67	 616.67	 56.00	 52	 0.13	 
ccat_123	 1	 7	 122.jpg	 5.642793e+02	 12	 999000	 120	 999000	 999	 5.653290e+02	 616.67	 616.67	 4.00	 22	 0.85	 
ccat_123	 1	 7	 147.jpg	 5.662785e+02	 22	 1.005794e+03	 2200	 6.441167e+02	 98	 5.673449e+02	 616.67	 566.67	 50.00	 47	 0.23	 
ccat_123	 1	 7	 102.jpg	 5.682944e+02	 11	 9.898653e+02	 110	 6.429692e+02	 98	 5.693608e+02	 633.33	 566.67	 18.00	 2	 0.67	 
ccat_123	 1	 7	 144.jpg	 5.702936e+02	 12	 999000	 120	 999000	 999	 5.713433e+02	 633.33	 566.67	 17.00	 44	 0.69	 
ccat_123	 1	 7	 104.jpg	 5.722929e+02	 12	 999000	 120	 999000	 999	 5.733426e+02	 633.33	 566.67	 8.00	 4	 0.81	 
ccat_123	 1	 7	 117.jpg	 5.742921e+02	 24	 999000	 240	 999000	 999	 5.753417e+02	 633.33	 566.67	 57.00	 17	 0.13	 
ccat_123	 1	 7	 160.jpg	 5.762913e+02	 12	 999000	 120	 999000	 999	 5.773410e+02	 633.33	 566.67	 19.00	 60	 0.66	 
ccat_123	 1	 7	 120.jpg	 5.782905e+02	 12	 999000	 120	 999000	 999	 5.793401e+02	 633.33	 566.67	 9.00	 20	 0.79	 
ccat_123	 1	 7	 148.jpg	 5.802897e+02	 24	 999000	 240	 999000	 999	 5.813394e+02	 633.33	 566.67	 43.00	 48	 0.36	 
ccat_123	 1	 7	 135.jpg	 5.822889e+02	 22	 9.473899e+02	 220	 5.934087e+02	 98	 5.833552e+02	 633.33	 583.33	 52.00	 35	 0.23	 
ccat_123	 1	 7	 118.jpg	 5.842881e+02	 11	 9.641839e+02	 110	 6.595838e+02	 98	 5.853545e+02	 650.00	 583.33	 7.00	 18	 0.81	 
ccat_123	 1	 7	 125.jpg	 5.862874e+02	 24	 999000	 240	 999000	 999	 5.873370e+02	 650.00	 583.33	 48.00	 25	 0.28	 
ccat_123	 1	 7	 124.jpg	 5.882866e+02	 12	 999000	 120	 999000	 999	 5.893362e+02	 650.00	 583.33	 6.00	 24	 0.82	 
ccat_123	 1	 7	 157.jpg	 5.902858e+02	 24	 999000	 240	 999000	 999	 5.913355e+02	 650.00	 583.33	 49.00	 57	 0.27	 
ccat_123	 1	 7	 130.jpg	 5.922850e+02	 24	 999000	 240	 999000	 999	 5.933513e+02	 650.00	 583.33	 40.00	 30	 0.40	 
ccat_123	 1	 7	 131.jpg	 5.942842e+02	 22	 9.361546e+02	 220	 6.097654e+02	 98	 5.953672e+02	 650.00	 600.00	 45.00	 31	 0.30	 
ccat_123	 1	 7	 112.jpg	 5.962834e+02	 12	 999000	 120	 999000	 999	 5.973331e+02	 650.00	 600.00	 3.00	 12	 0.86	 
ccat_123	 1	 7	 132.jpg	 5.982826e+02	 24	 999000	 240	 999000	 999	 5.993489e+02	 650.00	 600.00	 39.00	 32	 0.40	 
ccat_123	 1	 7	 106.jpg	 6.002818e+02	 12	 999000	 120	 999000	 999	 6.013482e+02	 650.00	 600.00	 5.00	 6	 0.84	 
ccat_123	 1	 7	 133.jpg	 6.022811e+02	 24	 999000	 240	 999000	 999	 6.033307e+02	 650.00	 600.00	 54.00	 33	 0.20	 
ccat_123	 1	 7	 123.jpg	 6.042803e+02	 12	 999000	 120	 999000	 999	 6.053299e+02	 650.00	 600.00	 20.00	 23	 0.64	 
ccat_123	 1	 7	 139.jpg	 6.062795e+02	 24	 999000	 240	 999000	 999	 6.073291e+02	 650.00	 600.00	 41.00	 39	 0.36	 
ccat_123	 1	 7	 115.jpg	 6.082787e+02	 11	 9.896274e+02	 110	 6.766403e+02	 98	 6.093450e+02	 666.67	 600.00	 10.00	 15	 0.79	 
ccat_123	 1	 7	 127.jpg	 6.102946e+02	 22	 9.657376e+02	 220	 6.264111e+02	 98	 6.113609e+02	 666.67	 616.67	 44.00	 27	 0.31	 
ccat_123	 1	 7	 103.jpg	 6.122938e+02	 11	 9.985557e+02	 110	 6.931587e+02	 98	 6.133601e+02	 683.33	 616.67	 13.00	 3	 0.74	 
ccat_123	 1	 7	 150.jpg	 6.142930e+02	 24	 999000	 240	 999000	 999	 6.153426e+02	 683.33	 616.67	 51.00	 50	 0.23	 
ccat_123	 1	 7	 153.jpg	 6.162922e+02	 22	 9.361258e+02	 220	 6.429049e+02	 98	 6.173585e+02	 683.33	 633.33	 47.00	 53	 0.29	 
ccat_123	 1	 7	 114.jpg	 6.182915e+02	 12	 999000	 120	 999000	 999	 6.193411e+02	 683.33	 633.33	 21.00	 14	 0.63	 
ccat_123	 1	 7	 146.jpg	 6.202906e+02	 24	 999000	 240	 999000	 999	 6.213404e+02	 683.33	 633.33	 55.00	 46	 0.20	 
ccat_123	 1	 7	 155.jpg	 6.222898e+02	 22	 1.002493e+03	 2200	 6.598652e+02	 98	 6.233728e+02	 683.33	 583.33	 53.00	 55	 0.22	 
ccat_123	 1	 7	 151.jpg	 6.242890e+02	 11	 1.059308e+03	 1100	 7.098649e+02	 98	 6.253554e+02	 633.33	 583.33	 12.00	 51	 0.77	 
ccat_123	 1	 7	 140.jpg	 6.262882e+02	 11	 9.480501e+02	 110	 6.597801e+02	 98	 6.273546e+02	 650.00	 583.33	 15.00	 40	 0.70	 
ccat_123	 1	 7	 113.jpg	 6.282875e+02	 12	 999000	 120	 999000	 999	 6.293372e+02	 650.00	 583.33	 16.00	 13	 0.70	 
ccat_123	 1	 7	 154.jpg	 6.302867e+02	 12	 999000	 120	 999000	 999	 6.313363e+02	 650.00	 583.33	 11.00	 54	 0.78	 
