subjectID	order	runNum	itemName	onsetTime	shuff_trialType	RT	respInTime	AudioTime	response	fixationTime	ladder1	ladder2	bidIndex	itemNameIndex	bidValue
BMI_bs_119	 1	 9	 CrunchBisquitWhite2.bmp	 1.560124e+03	 12	 999000	 120	 999000	 999	 1.561141e+03	 816.67	 750.00	 29.00	 35	 2.03	 
BMI_bs_119	 1	 9	 GumiWine2.bmp	 1.562109e+03	 24	 999000	 240	 999000	 999	 1.563127e+03	 816.67	 750.00	 55.00	 28	 0.39	 
BMI_bs_119	 1	 9	 ClickXLwhite4.bmp	 1.566114e+03	 11	 1.101460e+03	 1100	 8.167267e+02	 98	 1.567150e+03	 766.67	 750.00	 20.00	 7	 2.35	 
BMI_bs_119	 1	 9	 HappyHippo.bmp	 1.569117e+03	 22	 9.218893e+02	 220	 7.500603e+02	 98	 1.570152e+03	 766.67	 766.67	 45.00	 50	 1.23	 
BMI_bs_119	 1	 9	 ClickBalls5.bmp	 1.571119e+03	 11	 9.447469e+02	 110	 7.667114e+02	 98	 1.572155e+03	 783.33	 766.67	 12.00	 25	 2.83	 
BMI_bs_119	 1	 9	 PesekZman.bmp	 1.574123e+03	 11	 9.903041e+02	 110	 7.833795e+02	 98	 1.575157e+03	 800.00	 766.67	 13.00	 24	 2.80	 
BMI_bs_119	 1	 9	 BambaSweet.bmp	 1.578110e+03	 22	 9.513800e+02	 220	 7.667135e+02	 98	 1.579145e+03	 800.00	 783.33	 56.00	 17	 0.27	 
BMI_bs_119	 1	 9	 KinderBuenoWhite2.bmp	 1.582115e+03	 12	 999000	 120	 999000	 999	 1.583133e+03	 800.00	 783.33	 14.00	 38	 2.79	 
BMI_bs_119	 1	 9	 HispusimShatiah.bmp	 1.584117e+03	 12	 999000	 120	 999000	 999	 1.585135e+03	 800.00	 783.33	 19.00	 36	 2.58	 
BMI_bs_119	 1	 9	 Kitkat.bmp	 1.589123e+03	 12	 999000	 120	 999000	 999	 1.590141e+03	 800.00	 783.33	 4.00	 23	 2.97	 
BMI_bs_119	 1	 9	 Egozi.bmp	 1.591108e+03	 12	 999000	 120	 999000	 999	 1.592126e+03	 800.00	 783.33	 17.00	 18	 2.62	 
BMI_bs_119	 1	 9	 Apropo.bmp	 1.593111e+03	 11	 9.819466e+02	 110	 8.000497e+02	 98	 1.594145e+03	 816.67	 783.33	 5.00	 29	 2.97	 
BMI_bs_119	 1	 9	 Twist.bmp	 1.599117e+03	 24	 999000	 240	 999000	 999	 1.600135e+03	 816.67	 783.33	 60.00	 20	 0.02	 
BMI_bs_119	 1	 9	 BisliOnion.bmp	 1.601120e+03	 24	 999000	 240	 999000	 999	 1.602137e+03	 816.67	 783.33	 36.00	 31	 1.56	 
BMI_bs_119	 1	 9	 ChocolateParaSucariotKoftzot2.bmp	 1.603122e+03	 24	 999000	 240	 999000	 999	 1.604140e+03	 816.67	 783.33	 43.00	 60	 1.38	 
BMI_bs_119	 1	 9	 ClickBisquit2.bmp	 1.605107e+03	 11	 1.001152e+03	 1100	 8.167147e+02	 98	 1.606142e+03	 766.67	 783.33	 10.00	 10	 2.84	 
BMI_bs_119	 1	 9	 SkittlesSour4.bmp	 1.609112e+03	 12	 999000	 120	 999000	 999	 1.610130e+03	 766.67	 783.33	 6.00	 33	 2.97	 
BMI_bs_119	 1	 9	 DoritosGrill.bmp	 1.613116e+03	 24	 999000	 240	 999000	 999	 1.614134e+03	 766.67	 783.33	 34.00	 44	 1.77	 
BMI_bs_119	 1	 9	 Hit.bmp	 1.616120e+03	 24	 999000	 240	 999000	 999	 1.617137e+03	 766.67	 783.33	 58.00	 43	 0.14	 
BMI_bs_119	 1	 9	 ClickXLbrown4.bmp	 1.620107e+03	 11	 9.527852e+02	 110	 7.667270e+02	 98	 1.621144e+03	 783.33	 783.33	 18.00	 42	 2.59	 
BMI_bs_119	 1	 9	 ChocolateParaCookies5.bmp	 1.623111e+03	 12	 999000	 120	 999000	 999	 1.624129e+03	 783.33	 783.33	 16.00	 37	 2.75	 
BMI_bs_119	 1	 9	 CrunchShokoVanil.bmp	 1.625113e+03	 22	 9.759191e+02	 220	 7.833772e+02	 98	 1.626149e+03	 783.33	 800.00	 37.00	 21	 1.55	 
BMI_bs_119	 1	 9	 Twix.bmp	 1.629118e+03	 12	 999000	 120	 999000	 999	 1.630135e+03	 783.33	 800.00	 1.00	 9	 2.99	 
BMI_bs_119	 1	 9	 Bamba.bmp	 1.631120e+03	 24	 999000	 240	 999000	 999	 1.632138e+03	 783.33	 800.00	 33.00	 53	 1.94	 
BMI_bs_119	 1	 9	 Snickers.bmp	 1.633122e+03	 12	 999000	 120	 999000	 999	 1.634140e+03	 783.33	 800.00	 11.00	 19	 2.84	 
BMI_bs_119	 1	 9	 Keifli.bmp	 1.637110e+03	 12	 999000	 120	 999000	 999	 1.638128e+03	 783.33	 800.00	 22.00	 40	 2.30	 
BMI_bs_119	 1	 9	 BabyDoll.bmp	 1.639112e+03	 22	 9.949814e+02	 220	 8.000481e+02	 98	 1.640147e+03	 783.33	 816.67	 39.00	 22	 1.51	 
BMI_bs_119	 1	 9	 Halva2.bmp	 1.643117e+03	 24	 999000	 240	 999000	 999	 1.644134e+03	 783.33	 816.67	 54.00	 16	 0.41	 
BMI_bs_119	 1	 9	 ChocolateParaMarir2.bmp	 1.647121e+03	 22	 1.075121e+03	 2200	 8.167190e+02	 98	 1.648157e+03	 783.33	 766.67	 52.00	 48	 0.47	 
BMI_bs_119	 1	 9	 DoritosNatural.bmp	 1.650108e+03	 12	 7.435566e+02	 12	 999000	 98	 1.651126e+03	 783.33	 766.67	 25.00	 26	 2.06	 
BMI_bs_119	 1	 9	 Mentos.bmp	 1.656114e+03	 22	 1.014700e+03	 2200	 7.667190e+02	 98	 1.657151e+03	 783.33	 716.67	 42.00	 5	 1.46	 
BMI_bs_119	 1	 9	 ClickBlackWhite3.bmp	 1.658117e+03	 12	 999000	 120	 999000	 999	 1.659135e+03	 783.33	 716.67	 3.00	 12	 2.98	 
BMI_bs_119	 1	 9	 Cheetos.bmp	 1.662121e+03	 24	 999000	 240	 999000	 999	 1.663139e+03	 783.33	 716.67	 31.00	 32	 2.02	 
BMI_bs_119	 1	 9	 WerthersOriginal.bmp	 1.664106e+03	 24	 999000	 240	 999000	 999	 1.665125e+03	 783.33	 716.67	 46.00	 41	 0.97	 
BMI_bs_119	 1	 9	 Smarties.bmp	 1.666109e+03	 22	 9.768028e+02	 220	 7.167306e+02	 98	 1.667145e+03	 783.33	 733.33	 47.00	 14	 0.87	 
BMI_bs_119	 1	 9	 Loacker.bmp	 1.668111e+03	 22	 9.097676e+02	 220	 7.333741e+02	 98	 1.669147e+03	 783.33	 750.00	 44.00	 6	 1.31	 
BMI_bs_119	 1	 9	 Mars.bmp	 1.673117e+03	 11	 9.892939e+02	 110	 7.833773e+02	 98	 1.674152e+03	 800.00	 750.00	 15.00	 11	 2.78	 
BMI_bs_119	 1	 9	 Dubonim.bmp	 1.675119e+03	 11	 9.783750e+02	 110	 8.000448e+02	 98	 1.676154e+03	 816.67	 750.00	 24.00	 13	 2.07	 
BMI_bs_119	 1	 9	 Mekupelet.bmp	 1.677121e+03	 24	 999000	 240	 999000	 999	 1.678139e+03	 816.67	 750.00	 48.00	 58	 0.87	 
BMI_bs_119	 1	 9	 BagaleShtuhim.bmp	 1.680108e+03	 24	 999000	 240	 999000	 999	 1.681126e+03	 816.67	 750.00	 41.00	 51	 1.48	 
BMI_bs_119	 1	 9	 DoritosSourSpicy.bmp	 1.683111e+03	 11	 1.007880e+03	 1100	 8.167206e+02	 98	 1.684147e+03	 766.67	 750.00	 7.00	 30	 2.96	 
BMI_bs_119	 1	 9	 GumiSnakes3.bmp	 1.687116e+03	 24	 999000	 240	 999000	 999	 1.688134e+03	 766.67	 750.00	 51.00	 45	 0.49	 
BMI_bs_119	 1	 9	 SkittlesFruits2.bmp	 1.689118e+03	 12	 999000	 120	 999000	 999	 1.690136e+03	 766.67	 750.00	 9.00	 46	 2.94	 
BMI_bs_119	 1	 9	 Shugi.bmp	 1.691120e+03	 24	 999000	 240	 999000	 999	 1.692138e+03	 766.67	 750.00	 35.00	 27	 1.58	 
BMI_bs_119	 1	 9	 BisliGrill.bmp	 1.694107e+03	 12	 999000	 120	 999000	 999	 1.695125e+03	 766.67	 750.00	 26.00	 55	 2.04	 
BMI_bs_119	 1	 9	 Taami.bmp	 1.697110e+03	 12	 999000	 120	 999000	 999	 1.698128e+03	 766.67	 750.00	 8.00	 8	 2.95	 
BMI_bs_119	 1	 9	 Bounty.bmp	 1.699113e+03	 24	 999000	 240	 999000	 999	 1.700130e+03	 766.67	 750.00	 59.00	 49	 0.11	 
BMI_bs_119	 1	 9	 BambaNugat.bmp	 1.701115e+03	 24	 999000	 240	 999000	 999	 1.702133e+03	 766.67	 750.00	 40.00	 2	 1.49	 
BMI_bs_119	 1	 9	 KifkefMaklot2.bmp	 1.703117e+03	 11	 1.061683e+03	 1100	 7.667102e+02	 98	 1.704154e+03	 716.67	 750.00	 21.00	 34	 2.32	 
BMI_bs_119	 1	 9	 Tortit.bmp	 1.708123e+03	 24	 999000	 240	 999000	 999	 1.709140e+03	 716.67	 750.00	 57.00	 3	 0.19	 
BMI_bs_119	 1	 9	 Tapuchips.bmp	 1.710108e+03	 12	 999000	 120	 999000	 999	 1.711126e+03	 716.67	 750.00	 30.00	 54	 2.03	 
BMI_bs_119	 1	 9	 KashitSour.bmp	 1.712110e+03	 12	 999000	 120	 999000	 999	 1.713128e+03	 716.67	 750.00	 27.00	 4	 2.03	 
BMI_bs_119	 1	 9	 KinderBuenoBrown3.bmp	 1.714113e+03	 12	 999000	 120	 999000	 999	 1.715131e+03	 716.67	 750.00	 2.00	 56	 2.99	 
BMI_bs_119	 1	 9	 KinderJoy.bmp	 1.721121e+03	 24	 9.914237e+02	 24	 999000	 98	 1.722138e+03	 716.67	 750.00	 49.00	 59	 0.85	 
BMI_bs_119	 1	 9	 TapuchipsCrunch.bmp	 1.723123e+03	 24	 999000	 240	 999000	 999	 1.724141e+03	 716.67	 750.00	 38.00	 52	 1.53	 
BMI_bs_119	 1	 9	 Popco.bmp	 1.730114e+03	 22	 1.054824e+03	 2200	 7.500472e+02	 98	 1.731149e+03	 716.67	 700.00	 53.00	 1	 0.45	 
BMI_bs_119	 1	 9	 BisliPizza3.bmp	 1.733117e+03	 12	 999000	 120	 999000	 999	 1.734135e+03	 716.67	 700.00	 23.00	 39	 2.07	 
BMI_bs_119	 1	 9	 Tictac.bmp	 1.736121e+03	 22	 8.758183e+02	 220	 7.000420e+02	 98	 1.737155e+03	 716.67	 716.67	 50.00	 47	 0.50	 
BMI_bs_119	 1	 9	 ChocolateParaMilk3.bmp	 1.742111e+03	 12	 999000	 120	 999000	 999	 1.743129e+03	 716.67	 716.67	 28.00	 15	 2.03	 
BMI_bs_119	 1	 9	 CrunchBisquitBrown3.bmp	 1.744113e+03	 24	 999000	 240	 999000	 999	 1.745131e+03	 716.67	 716.67	 32.00	 57	 1.99	 
