subjectID	 order	 runNum	 itemName	 onsetTime	 shuff_trialType	 RT	 respInTime	 AudioTime	 response	 fixationTime	 ladder1	 ladder2	 bidIndex	 itemNameIndex	 bidValue	 
BMI_bff_117	 1	 19	 301_benet_naftali.jpg	 2.298616e+03	 12	 999000	 120	 999000	 999	 2.299634e+03	 483.33	 483.33	 22.00	 41	 0.61	 
BMI_bff_117	 1	 19	 212_olmert_ehud.jpg	 2.303622e+03	 12	 999000	 120	 999000	 999	 2.304640e+03	 483.33	 483.33	 20.00	 32	 0.66	 
BMI_bff_117	 1	 19	 209_mitzna_amram.jpg	 2.305624e+03	 12	 999000	 120	 999000	 999	 2.306642e+03	 483.33	 483.33	 9.00	 29	 0.80	 
BMI_bff_117	 1	 19	 219_stern_eliezer.jpg	 2.307610e+03	 24	 999000	 240	 999000	 999	 2.308628e+03	 483.33	 483.33	 42.00	 39	 0.38	 
BMI_bff_117	 1	 19	 315_regev_miri.jpg	 2.313617e+03	 24	 999000	 240	 999000	 999	 2.314634e+03	 483.33	 483.33	 46.00	 55	 0.29	 
BMI_bff_117	 1	 19	 213_perry_yaakov.jpg	 2.315619e+03	 11	 8.864272e+02	 110	 4.833900e+02	 98	 2.316637e+03	 500.00	 483.33	 10.00	 33	 0.80	 
BMI_bff_117	 1	 19	 216_sharom_ariel.jpg	 2.318622e+03	 12	 999000	 120	 999000	 999	 2.319640e+03	 500.00	 483.33	 4.00	 36	 0.86	 
BMI_bff_117	 1	 19	 215_rozbozov_yoel.jpg	 2.320625e+03	 24	 999000	 240	 999000	 999	 2.321642e+03	 500.00	 483.33	 39.00	 35	 0.39	 
BMI_bff_117	 1	 19	 220_tamnu_shata_penina.jpg	 2.324612e+03	 12	 999000	 120	 999000	 999	 2.325630e+03	 500.00	 483.33	 3.00	 40	 0.90	 
BMI_bff_117	 1	 19	 106_herzog_yitzhak.jpg	 2.326615e+03	 11	 9.547987e+02	 110	 5.000308e+02	 98	 2.327632e+03	 516.67	 483.33	 12.00	 6	 0.74	 
BMI_bff_117	 1	 19	 304_dicter_abraham.jpg	 2.331620e+03	 22	 9.730553e+02	 220	 4.833804e+02	 98	 2.332638e+03	 516.67	 500.00	 45.00	 44	 0.33	 
BMI_bff_117	 1	 19	 115_shimon_peres.jpg	 2.338611e+03	 12	 999000	 120	 999000	 999	 2.339629e+03	 516.67	 500.00	 8.00	 15	 0.81	 
BMI_bff_117	 1	 19	 310_kirshenbaum_faina.jpg	 2.340614e+03	 24	 999000	 240	 999000	 999	 2.341631e+03	 516.67	 500.00	 41.00	 50	 0.39	 
BMI_bff_117	 1	 19	 210_mofaz_shaul.jpg	 2.343617e+03	 12	 999000	 120	 999000	 999	 2.344635e+03	 516.67	 500.00	 14.00	 30	 0.70	 
BMI_bff_117	 1	 19	 317_shaked_ayelet.jpg	 2.346620e+03	 12	 999000	 120	 999000	 999	 2.347638e+03	 516.67	 500.00	 16.00	 57	 0.70	 
BMI_bff_117	 1	 19	 312_livnat_limor.jpg	 2.350625e+03	 24	 999000	 240	 999000	 999	 2.351643e+03	 516.67	 500.00	 43.00	 52	 0.38	 
BMI_bff_117	 1	 19	 205_german_yael.jpg	 2.354613e+03	 11	 8.607544e+02	 110	 5.167044e+02	 98	 2.355630e+03	 533.33	 500.00	 13.00	 25	 0.73	 
BMI_bff_117	 1	 19	 217_shelach_ofer.jpg	 2.358617e+03	 12	 999000	 120	 999000	 999	 2.359635e+03	 533.33	 500.00	 11.00	 37	 0.75	 
BMI_bff_117	 1	 19	 303_deri_arye.jpg	 2.361621e+03	 24	 999000	 240	 999000	 999	 2.362638e+03	 533.33	 500.00	 49.00	 43	 0.25	 
BMI_bff_117	 1	 19	 314_netanyahu.jpg	 2.367611e+03	 24	 999000	 240	 999000	 999	 2.368628e+03	 533.33	 500.00	 40.00	 54	 0.39	 
BMI_bff_117	 1	 19	 302_danon_danny.jpg	 2.369613e+03	 24	 999000	 240	 999000	 999	 2.370631e+03	 533.33	 500.00	 51.00	 42	 0.22	 
BMI_bff_117	 1	 19	 104_galon_zahava.jpg	 2.372616e+03	 22	 8.971492e+02	 220	 5.000275e+02	 98	 2.373634e+03	 533.33	 516.67	 47.00	 4	 0.28	 
BMI_bff_117	 1	 19	 320_yaalon_moshe.jpg	 2.374618e+03	 11	 8.708527e+02	 110	 5.333721e+02	 98	 2.375636e+03	 550.00	 516.67	 18.00	 60	 0.67	 
BMI_bff_117	 1	 19	 206_itzik_dalia.jpg	 2.376621e+03	 24	 999000	 240	 999000	 999	 2.377638e+03	 550.00	 516.67	 56.00	 26	 0.15	 
BMI_bff_117	 1	 19	 110_nachman_shai.jpg	 2.378623e+03	 24	 999000	 240	 999000	 999	 2.379641e+03	 550.00	 516.67	 48.00	 10	 0.25	 
BMI_bff_117	 1	 19	 117_tibi_ahmed.jpg	 2.381610e+03	 22	 8.235858e+02	 220	 5.167067e+02	 98	 2.382627e+03	 550.00	 533.33	 50.00	 17	 0.22	 
BMI_bff_117	 1	 19	 108_khenin_dov.jpg	 2.385614e+03	 24	 999000	 240	 999000	 999	 2.386632e+03	 550.00	 533.33	 57.00	 8	 0.13	 
BMI_bff_117	 1	 19	 313_lizman_yaakov.jpg	 2.387616e+03	 24	 999000	 240	 999000	 999	 2.388634e+03	 550.00	 533.33	 54.00	 53	 0.18	 
BMI_bff_117	 1	 19	 319_steinitz_yuval.jpg	 2.389619e+03	 12	 999000	 120	 999000	 999	 2.390636e+03	 550.00	 533.33	 21.00	 59	 0.61	 
BMI_bff_117	 1	 19	 318_shalom_silvan.jpg	 2.391621e+03	 24	 999000	 240	 999000	 999	 2.392639e+03	 550.00	 533.33	 55.00	 58	 0.17	 
BMI_bff_117	 1	 19	 116_shmuli_itzik.jpg	 2.393623e+03	 22	 9.382798e+02	 220	 5.333678e+02	 98	 2.394641e+03	 550.00	 550.00	 52.00	 16	 0.20	 
BMI_bff_117	 1	 19	 211_molla_shlomo.jpg	 2.395608e+03	 12	 999000	 120	 999000	 999	 2.396626e+03	 550.00	 550.00	 19.00	 31	 0.66	 
BMI_bff_117	 1	 19	 308_hotovely_tzipi.jpg	 2.399613e+03	 11	 9.881201e+02	 110	 5.500363e+02	 98	 2.400631e+03	 566.67	 550.00	 7.00	 48	 0.84	 
BMI_bff_117	 1	 19	 207_lapid_yair.jpg	 2.403618e+03	 12	 999000	 120	 999000	 999	 2.404635e+03	 566.67	 550.00	 6.00	 27	 0.86	 
BMI_bff_117	 1	 19	 101_barak_ehud.jpg	 2.405620e+03	 12	 999000	 120	 999000	 999	 2.406638e+03	 566.67	 550.00	 17.00	 1	 0.67	 
BMI_bff_117	 1	 19	 201_baron_roni.jpg	 2.407622e+03	 22	 9.791958e+02	 220	 5.500360e+02	 98	 2.408640e+03	 566.67	 566.67	 44.00	 21	 0.37	 
BMI_bff_117	 1	 19	 208_livnee_zipi.jpg	 2.409625e+03	 12	 999000	 120	 999000	 999	 2.410642e+03	 566.67	 566.67	 5.00	 28	 0.86	 
BMI_bff_117	 1	 19	 306_gafni_moshe.jpg	 2.411610e+03	 22	 1.007327e+03	 2200	 5.667051e+02	 98	 2.412629e+03	 566.67	 516.67	 53.00	 46	 0.19	 
BMI_bff_117	 1	 19	 114_shafir_stav.jpg	 2.417617e+03	 11	 9.845901e+02	 110	 5.667074e+02	 98	 2.418635e+03	 583.33	 516.67	 15.00	 14	 0.70	 
BMI_bff_117	 1	 19	 307_hazan_oren.jpg	 2.419619e+03	 24	 999000	 240	 999000	 999	 2.420637e+03	 583.33	 516.67	 58.00	 47	 0.12	 
