subjectID	 order	 runNum	 itemName	 onsetTime	 shuff_trialType	 RT	 respInTime	 AudioTime	 response	 fixationTime	 ladder1	 ladder2	 bidIndex	 itemNameIndex	 bidValue	 
BMI_bff_109	 1	 19	 106_herzog_yitzhak.jpg	 2.316248e+03	 12	 999000	 120	 999000	 999	 2.317266e+03	 616.67	 683.33	 14.00	 6	 0.68	 
BMI_bff_109	 1	 19	 215_rozbozov_yoel.jpg	 2.321254e+03	 11	 9.155572e+02	 110	 6.167075e+02	 98	 2.322272e+03	 633.33	 683.33	 12.00	 35	 0.73	 
BMI_bff_109	 1	 19	 220_tamnu_shata_penina.jpg	 2.323239e+03	 11	 9.704123e+02	 110	 6.333606e+02	 98	 2.324257e+03	 650.00	 683.33	 13.00	 40	 0.69	 
BMI_bff_109	 1	 19	 312_livnat_limor.jpg	 2.325242e+03	 11	 8.959291e+02	 110	 6.500301e+02	 98	 2.326260e+03	 666.67	 683.33	 18.00	 52	 0.65	 
BMI_bff_109	 1	 19	 117_tibi_ahmed.jpg	 2.331249e+03	 24	 999000	 240	 999000	 999	 2.332266e+03	 666.67	 683.33	 58.00	 17	 0.13	 
BMI_bff_109	 1	 19	 314_netanyahu.jpg	 2.333251e+03	 24	 999000	 240	 999000	 999	 2.334269e+03	 666.67	 683.33	 56.00	 54	 0.19	 
BMI_bff_109	 1	 19	 310_kirshenbaum_faina.jpg	 2.336254e+03	 24	 999000	 240	 999000	 999	 2.337272e+03	 666.67	 683.33	 39.00	 50	 0.38	 
BMI_bff_109	 1	 19	 315_regev_miri.jpg	 2.338239e+03	 24	 999000	 240	 999000	 999	 2.339258e+03	 666.67	 683.33	 55.00	 55	 0.20	 
BMI_bff_109	 1	 19	 305_erdan_gilad.jpg	 2.342244e+03	 22	 9.575680e+02	 220	 6.833752e+02	 98	 2.343262e+03	 666.67	 700.00	 52.00	 45	 0.24	 
BMI_bff_109	 1	 19	 216_sharom_ariel.jpg	 2.344246e+03	 24	 999000	 240	 999000	 999	 2.345264e+03	 666.67	 700.00	 51.00	 36	 0.24	 
BMI_bff_109	 1	 19	 114_shafir_stav.jpg	 2.349252e+03	 12	 999000	 120	 999000	 999	 2.350270e+03	 666.67	 700.00	 4.00	 14	 0.88	 
BMI_bff_109	 1	 19	 212_olmert_ehud.jpg	 2.356243e+03	 24	 3.825577e+02	 24	 999000	 98	 2.357261e+03	 666.67	 700.00	 42.00	 32	 0.35	 
BMI_bff_109	 1	 19	 112_peretz_amir.jpg	 2.358245e+03	 12	 999000	 120	 999000	 999	 2.359263e+03	 666.67	 700.00	 22.00	 12	 0.62	 
BMI_bff_109	 1	 19	 101_barak_ehud.jpg	 2.361249e+03	 12	 999000	 120	 999000	 999	 2.362267e+03	 666.67	 700.00	 20.00	 1	 0.63	 
BMI_bff_109	 1	 19	 120_zuabi_hanin.jpg	 2.364252e+03	 22	 1.013493e+03	 2200	 7.000455e+02	 98	 2.365270e+03	 666.67	 650.00	 53.00	 20	 0.22	 
BMI_bff_109	 1	 19	 204_galant_yoav.jpg	 2.368240e+03	 22	 9.700196e+02	 220	 6.500269e+02	 98	 2.369258e+03	 666.67	 666.67	 47.00	 24	 0.28	 
BMI_bff_109	 1	 19	 318_shalom_silvan.jpg	 2.372244e+03	 12	 999000	 120	 999000	 999	 2.373262e+03	 666.67	 666.67	 21.00	 58	 0.62	 
BMI_bff_109	 1	 19	 110_nachman_shai.jpg	 2.376249e+03	 11	 9.207635e+02	 110	 6.667071e+02	 98	 2.377267e+03	 683.33	 666.67	 15.00	 10	 0.67	 
BMI_bff_109	 1	 19	 208_livnee_zipi.jpg	 2.379252e+03	 12	 999000	 120	 999000	 999	 2.380270e+03	 683.33	 666.67	 9.00	 28	 0.80	 
BMI_bff_109	 1	 19	 319_steinitz_yuval.jpg	 2.385242e+03	 24	 999000	 240	 999000	 999	 2.386260e+03	 683.33	 666.67	 41.00	 59	 0.36	 
BMI_bff_109	 1	 19	 103_cabel_eitan.jpg	 2.387245e+03	 22	 9.650847e+02	 220	 6.667024e+02	 98	 2.388262e+03	 683.33	 683.33	 44.00	 3	 0.35	 
BMI_bff_109	 1	 19	 311_liberman_avigdor.jpg	 2.390248e+03	 24	 999000	 240	 999000	 999	 2.391266e+03	 683.33	 683.33	 57.00	 51	 0.17	 
BMI_bff_109	 1	 19	 108_khenin_dov.jpg	 2.392250e+03	 12	 999000	 120	 999000	 999	 2.393268e+03	 683.33	 683.33	 3.00	 8	 0.88	 
BMI_bff_109	 1	 19	 213_perry_yaakov.jpg	 2.394253e+03	 22	 9.891600e+02	 220	 6.833610e+02	 98	 2.395270e+03	 683.33	 700.00	 45.00	 33	 0.33	 
BMI_bff_109	 1	 19	 303_deri_arye.jpg	 2.396255e+03	 22	 1.050919e+03	 2200	 7.000300e+02	 98	 2.397272e+03	 683.33	 650.00	 50.00	 43	 0.25	 
BMI_bff_109	 1	 19	 118_yacimovich_shelly.jpg	 2.399241e+03	 12	 999000	 120	 999000	 999	 2.400259e+03	 683.33	 650.00	 6.00	 18	 0.86	 
BMI_bff_109	 1	 19	 109_michaeli_meirav.jpg	 2.403246e+03	 11	 9.557265e+02	 110	 6.833689e+02	 98	 2.404264e+03	 700.00	 650.00	 10.00	 9	 0.78	 
BMI_bff_109	 1	 19	 217_shelach_ofer.jpg	 2.405248e+03	 12	 999000	 120	 999000	 999	 2.406266e+03	 700.00	 650.00	 16.00	 37	 0.67	 
BMI_bff_109	 1	 19	 214_piron_shai.jpg	 2.407250e+03	 24	 999000	 240	 999000	 999	 2.408268e+03	 700.00	 650.00	 48.00	 34	 0.28	 
BMI_bff_109	 1	 19	 202_cahlon_moshe.jpg	 2.409253e+03	 11	 1.053035e+03	 1100	 7.000305e+02	 98	 2.410270e+03	 650.00	 650.00	 7.00	 22	 0.83	 
BMI_bff_109	 1	 19	 211_molla_shlomo.jpg	 2.411238e+03	 12	 999000	 120	 999000	 999	 2.412256e+03	 650.00	 650.00	 17.00	 31	 0.66	 
BMI_bff_109	 1	 19	 115_shimon_peres.jpg	 2.413240e+03	 24	 999000	 240	 999000	 999	 2.414258e+03	 650.00	 650.00	 43.00	 15	 0.35	 
BMI_bff_109	 1	 19	 307_hazan_oren.jpg	 2.417245e+03	 24	 999000	 240	 999000	 999	 2.418263e+03	 650.00	 650.00	 54.00	 47	 0.21	 
BMI_bff_109	 1	 19	 302_danon_danny.jpg	 2.421249e+03	 24	 999000	 240	 999000	 999	 2.422267e+03	 650.00	 650.00	 46.00	 42	 0.32	 
BMI_bff_109	 1	 19	 116_shmuli_itzik.jpg	 2.423252e+03	 12	 999000	 120	 999000	 999	 2.424269e+03	 650.00	 650.00	 5.00	 16	 0.87	 
BMI_bff_109	 1	 19	 317_shaked_ayelet.jpg	 2.425254e+03	 24	 999000	 240	 999000	 999	 2.426272e+03	 650.00	 650.00	 49.00	 57	 0.27	 
BMI_bff_109	 1	 19	 209_mitzna_amram.jpg	 2.427239e+03	 12	 999000	 120	 999000	 999	 2.428257e+03	 650.00	 650.00	 19.00	 29	 0.63	 
BMI_bff_109	 1	 19	 219_stern_eliezer.jpg	 2.429242e+03	 24	 999000	 240	 999000	 999	 2.430260e+03	 650.00	 650.00	 40.00	 39	 0.37	 
BMI_bff_109	 1	 19	 107_horowitz_nitzan.jpg	 2.435248e+03	 12	 999000	 120	 999000	 999	 2.436266e+03	 650.00	 650.00	 8.00	 7	 0.82	 
BMI_bff_109	 1	 19	 105_gilon_ilan.jpg	 2.437251e+03	 12	 999000	 120	 999000	 999	 2.438269e+03	 650.00	 650.00	 11.00	 5	 0.75	 
