subjectID	 order	 runNum	 itemName	 onsetTime	 shuff_trialType	 RT	 respInTime	 AudioTime	 response	 fixationTime	 ladder1	 ladder2	 bidIndex	 itemNameIndex	 bidValue	 
BMI_bff_105	 1	 16	 207_lapid_yair.jpg	 1.891828e+03	 24	 999000	 240	 999000	 999	 1.892846e+03	 583.33	 516.67	 55.00	 27	 0.24	 
BMI_bff_105	 1	 16	 313_lizman_yaakov.jpg	 1.893830e+03	 22	 8.275768e+02	 220	 5.167085e+02	 98	 1.894848e+03	 583.33	 533.33	 53.00	 53	 0.26	 
BMI_bff_105	 1	 16	 109_michaeli_meirav.jpg	 1.897835e+03	 12	 999000	 120	 999000	 999	 1.898852e+03	 583.33	 533.33	 6.00	 9	 0.81	 
BMI_bff_105	 1	 16	 106_herzog_yitzhak.jpg	 1.900821e+03	 11	 1.060253e+03	 1100	 5.833744e+02	 98	 1.901839e+03	 533.33	 533.33	 15.00	 6	 0.69	 
BMI_bff_105	 1	 16	 208_livnee_zipi.jpg	 1.902824e+03	 22	 7.859673e+02	 220	 5.333675e+02	 98	 1.903841e+03	 533.33	 550.00	 45.00	 28	 0.32	 
BMI_bff_105	 1	 16	 210_mofaz_shaul.jpg	 1.905827e+03	 24	 999000	 240	 999000	 999	 1.906845e+03	 533.33	 550.00	 39.00	 30	 0.41	 
BMI_bff_105	 1	 16	 209_mitzna_amram.jpg	 1.909831e+03	 22	 8.742180e+02	 220	 5.500352e+02	 98	 1.910849e+03	 533.33	 566.67	 47.00	 29	 0.29	 
BMI_bff_105	 1	 16	 119_zandberg_tamar.jpg	 1.913819e+03	 12	 999000	 120	 999000	 999	 1.914837e+03	 533.33	 566.67	 4.00	 19	 0.85	 
BMI_bff_105	 1	 16	 211_molla_shlomo.jpg	 1.915822e+03	 24	 999000	 240	 999000	 999	 1.916839e+03	 533.33	 566.67	 48.00	 31	 0.29	 
BMI_bff_105	 1	 16	 202_cahlon_moshe.jpg	 1.920827e+03	 11	 8.065337e+02	 110	 5.333704e+02	 98	 1.921845e+03	 550.00	 566.67	 18.00	 22	 0.65	 
BMI_bff_105	 1	 16	 203_cohen_meir.jpg	 1.922829e+03	 12	 999000	 120	 999000	 999	 1.923847e+03	 550.00	 566.67	 22.00	 23	 0.59	 
BMI_bff_105	 1	 16	 218_shitrit_meir.jpg	 1.924832e+03	 24	 999000	 240	 999000	 999	 1.925850e+03	 550.00	 566.67	 42.00	 38	 0.35	 
BMI_bff_105	 1	 16	 220_tamnu_shata_penina.jpg	 1.930822e+03	 11	 8.039266e+02	 110	 5.500327e+02	 98	 1.931840e+03	 566.67	 566.67	 10.00	 40	 0.76	 
BMI_bff_105	 1	 16	 204_galant_yoav.jpg	 1.932824e+03	 24	 999000	 240	 999000	 999	 1.933842e+03	 566.67	 566.67	 56.00	 24	 0.22	 
BMI_bff_105	 1	 16	 120_zuabi_hanin.jpg	 1.934826e+03	 12	 999000	 120	 999000	 999	 1.935844e+03	 566.67	 566.67	 8.00	 20	 0.77	 
BMI_bff_105	 1	 16	 319_steinitz_yuval.jpg	 1.936828e+03	 12	 999000	 120	 999000	 999	 1.937846e+03	 566.67	 566.67	 17.00	 59	 0.66	 
BMI_bff_105	 1	 16	 303_deri_arye.jpg	 1.940833e+03	 24	 999000	 240	 999000	 999	 1.941851e+03	 566.67	 566.67	 41.00	 43	 0.38	 
BMI_bff_105	 1	 16	 301_benet_naftali.jpg	 1.944821e+03	 22	 1.101150e+03	 2200	 5.667019e+02	 98	 1.945839e+03	 566.67	 516.67	 50.00	 41	 0.28	 
BMI_bff_105	 1	 16	 315_regev_miri.jpg	 1.947824e+03	 24	 999000	 240	 999000	 999	 1.948842e+03	 566.67	 516.67	 54.00	 55	 0.25	 
BMI_bff_105	 1	 16	 118_yacimovich_shelly.jpg	 1.951829e+03	 12	 999000	 120	 999000	 999	 1.952846e+03	 566.67	 516.67	 19.00	 18	 0.64	 
BMI_bff_105	 1	 16	 105_gilon_ilan.jpg	 1.954832e+03	 12	 999000	 120	 999000	 999	 1.955850e+03	 566.67	 516.67	 14.00	 5	 0.69	 
BMI_bff_105	 1	 16	 111_odeh_aiman.jpg	 1.956834e+03	 11	 9.115083e+02	 110	 5.666938e+02	 98	 1.957852e+03	 583.33	 516.67	 13.00	 11	 0.70	 
BMI_bff_105	 1	 16	 114_shafir_stav.jpg	 1.960822e+03	 11	 8.516106e+02	 110	 5.833619e+02	 98	 1.961840e+03	 600.00	 516.67	 7.00	 14	 0.80	 
BMI_bff_105	 1	 16	 107_horowitz_nitzan.jpg	 1.962824e+03	 12	 999000	 120	 999000	 999	 1.963842e+03	 600.00	 516.67	 21.00	 7	 0.59	 
BMI_bff_105	 1	 16	 219_stern_eliezer.jpg	 1.964827e+03	 22	 7.670868e+02	 220	 5.167008e+02	 98	 1.965844e+03	 600.00	 533.33	 44.00	 39	 0.33	 
BMI_bff_105	 1	 16	 112_peretz_amir.jpg	 1.968831e+03	 12	 999000	 120	 999000	 999	 1.969849e+03	 600.00	 533.33	 20.00	 12	 0.59	 
BMI_bff_105	 1	 16	 320_yaalon_moshe.jpg	 1.970833e+03	 24	 999000	 240	 999000	 999	 1.971851e+03	 600.00	 533.33	 49.00	 60	 0.29	 
BMI_bff_105	 1	 16	 212_olmert_ehud.jpg	 1.974821e+03	 24	 999000	 240	 999000	 999	 1.975839e+03	 600.00	 533.33	 40.00	 32	 0.39	 
BMI_bff_105	 1	 16	 305_erdan_gilad.jpg	 1.978826e+03	 24	 999000	 240	 999000	 999	 1.979843e+03	 600.00	 533.33	 43.00	 45	 0.33	 
BMI_bff_105	 1	 16	 206_itzik_dalia.jpg	 1.981829e+03	 24	 999000	 240	 999000	 999	 1.982847e+03	 600.00	 533.33	 58.00	 26	 0.18	 
BMI_bff_105	 1	 16	 116_shmuli_itzik.jpg	 1.987836e+03	 24	 999000	 240	 999000	 999	 1.988854e+03	 600.00	 533.33	 57.00	 16	 0.19	 
BMI_bff_105	 1	 16	 104_galon_zahava.jpg	 1.989821e+03	 12	 999000	 120	 999000	 999	 1.990839e+03	 600.00	 533.33	 3.00	 4	 0.85	 
BMI_bff_105	 1	 16	 302_danon_danny.jpg	 1.993826e+03	 11	 1.015938e+03	 1100	 6.000300e+02	 98	 1.994844e+03	 550.00	 533.33	 12.00	 42	 0.73	 
BMI_bff_105	 1	 16	 205_german_yael.jpg	 1.995828e+03	 24	 999000	 240	 999000	 999	 1.996846e+03	 550.00	 533.33	 51.00	 25	 0.28	 
BMI_bff_105	 1	 16	 215_rozbozov_yoel.jpg	 1.997830e+03	 12	 999000	 120	 999000	 999	 1.998848e+03	 550.00	 533.33	 11.00	 35	 0.74	 
BMI_bff_105	 1	 16	 217_shelach_ofer.jpg	 1.999833e+03	 12	 999000	 120	 999000	 999	 2.000850e+03	 550.00	 533.33	 16.00	 37	 0.67	 
BMI_bff_105	 1	 16	 110_nachman_shai.jpg	 2.004822e+03	 22	 8.841429e+02	 220	 5.333678e+02	 98	 2.005839e+03	 550.00	 550.00	 52.00	 10	 0.27	 
BMI_bff_105	 1	 16	 318_shalom_silvan.jpg	 2.006824e+03	 12	 999000	 120	 999000	 999	 2.007842e+03	 550.00	 550.00	 5.00	 58	 0.84	 
BMI_bff_105	 1	 16	 108_khenin_dov.jpg	 2.008826e+03	 24	 999000	 240	 999000	 999	 2.009844e+03	 550.00	 550.00	 46.00	 8	 0.31	 
BMI_bff_105	 1	 16	 310_kirshenbaum_faina.jpg	 2.011829e+03	 12	 999000	 120	 999000	 999	 2.012847e+03	 550.00	 550.00	 9.00	 50	 0.77	 
