subjectID	 order	 runNum	 itemName	 onsetTime	 shuff_trialType	 RT	 respInTime	 AudioTime	 response	 fixationTime	 ladder1	 ladder2	 bidIndex	 itemNameIndex	 bidValue	 
BMI_bff_105	 1	 10	 109_michaeli_meirav.jpg	 1.125851e+03	 12	 999000	 120	 999000	 999	 1.126869e+03	 650.00	 583.33	 6.00	 9	 0.81	 
BMI_bff_105	 1	 10	 116_shmuli_itzik.jpg	 1.128854e+03	 24	 999000	 240	 999000	 999	 1.129872e+03	 650.00	 583.33	 57.00	 16	 0.19	 
BMI_bff_105	 1	 10	 208_livnee_zipi.jpg	 1.132842e+03	 22	 9.515958e+02	 220	 5.833679e+02	 98	 1.133860e+03	 650.00	 600.00	 45.00	 28	 0.32	 
BMI_bff_105	 1	 10	 303_deri_arye.jpg	 1.134845e+03	 24	 999000	 240	 999000	 999	 1.135862e+03	 650.00	 600.00	 41.00	 43	 0.38	 
BMI_bff_105	 1	 10	 318_shalom_silvan.jpg	 1.136847e+03	 12	 999000	 120	 999000	 999	 1.137865e+03	 650.00	 600.00	 5.00	 58	 0.84	 
BMI_bff_105	 1	 10	 106_herzog_yitzhak.jpg	 1.140851e+03	 11	 9.583960e+02	 110	 6.500390e+02	 98	 1.141869e+03	 666.67	 600.00	 15.00	 6	 0.69	 
BMI_bff_105	 1	 10	 114_shafir_stav.jpg	 1.142854e+03	 11	 1.044112e+03	 1100	 6.666955e+02	 98	 1.143871e+03	 616.67	 600.00	 7.00	 14	 0.80	 
BMI_bff_105	 1	 10	 302_danon_danny.jpg	 1.147842e+03	 11	 8.875440e+02	 110	 6.166926e+02	 98	 1.148860e+03	 633.33	 600.00	 12.00	 42	 0.73	 
BMI_bff_105	 1	 10	 210_mofaz_shaul.jpg	 1.149845e+03	 24	 999000	 240	 999000	 999	 1.150863e+03	 633.33	 600.00	 39.00	 30	 0.41	 
BMI_bff_105	 1	 10	 215_rozbozov_yoel.jpg	 1.152848e+03	 12	 999000	 120	 999000	 999	 1.153866e+03	 633.33	 600.00	 11.00	 35	 0.74	 
BMI_bff_105	 1	 10	 104_galon_zahava.jpg	 1.155851e+03	 12	 999000	 120	 999000	 999	 1.156869e+03	 633.33	 600.00	 3.00	 4	 0.85	 
BMI_bff_105	 1	 10	 209_mitzna_amram.jpg	 1.159856e+03	 22	 8.816983e+02	 220	 6.000322e+02	 98	 1.160874e+03	 633.33	 616.67	 47.00	 29	 0.29	 
BMI_bff_105	 1	 10	 111_odeh_aiman.jpg	 1.162842e+03	 11	 9.432897e+02	 110	 6.333660e+02	 98	 1.163860e+03	 650.00	 616.67	 13.00	 11	 0.70	 
BMI_bff_105	 1	 10	 218_shitrit_meir.jpg	 1.164845e+03	 24	 999000	 240	 999000	 999	 1.165863e+03	 650.00	 616.67	 42.00	 38	 0.35	 
BMI_bff_105	 1	 10	 219_stern_eliezer.jpg	 1.167848e+03	 22	 8.413393e+02	 220	 6.167012e+02	 98	 1.168866e+03	 650.00	 633.33	 44.00	 39	 0.33	 
BMI_bff_105	 1	 10	 319_steinitz_yuval.jpg	 1.171853e+03	 12	 999000	 120	 999000	 999	 1.172871e+03	 650.00	 633.33	 17.00	 59	 0.66	 
BMI_bff_105	 1	 10	 203_cohen_meir.jpg	 1.174856e+03	 12	 999000	 120	 999000	 999	 1.175874e+03	 650.00	 633.33	 22.00	 23	 0.59	 
BMI_bff_105	 1	 10	 305_erdan_gilad.jpg	 1.176841e+03	 24	 999000	 240	 999000	 999	 1.177859e+03	 650.00	 633.33	 43.00	 45	 0.33	 
BMI_bff_105	 1	 10	 107_horowitz_nitzan.jpg	 1.178844e+03	 12	 999000	 120	 999000	 999	 1.179862e+03	 650.00	 633.33	 21.00	 7	 0.59	 
BMI_bff_105	 1	 10	 118_yacimovich_shelly.jpg	 1.183850e+03	 12	 999000	 120	 999000	 999	 1.184867e+03	 650.00	 633.33	 19.00	 18	 0.64	 
BMI_bff_105	 1	 10	 108_khenin_dov.jpg	 1.187854e+03	 24	 999000	 240	 999000	 999	 1.188872e+03	 650.00	 633.33	 46.00	 8	 0.31	 
BMI_bff_105	 1	 10	 301_benet_naftali.jpg	 1.191842e+03	 22	 1.000085e+03	 2200	 6.333644e+02	 98	 1.192860e+03	 650.00	 583.33	 50.00	 41	 0.28	 
BMI_bff_105	 1	 10	 119_zandberg_tamar.jpg	 1.197849e+03	 12	 999000	 120	 999000	 999	 1.198866e+03	 650.00	 583.33	 4.00	 19	 0.85	 
BMI_bff_105	 1	 10	 112_peretz_amir.jpg	 1.199851e+03	 12	 999000	 120	 999000	 999	 1.200869e+03	 650.00	 583.33	 20.00	 12	 0.59	 
BMI_bff_105	 1	 10	 202_cahlon_moshe.jpg	 1.201853e+03	 11	 1.028514e+03	 1100	 6.500277e+02	 98	 1.202871e+03	 600.00	 583.33	 18.00	 22	 0.65	 
BMI_bff_105	 1	 10	 206_itzik_dalia.jpg	 1.203855e+03	 24	 999000	 240	 999000	 999	 1.204873e+03	 600.00	 583.33	 58.00	 26	 0.18	 
BMI_bff_105	 1	 10	 204_galant_yoav.jpg	 1.205858e+03	 24	 999000	 240	 999000	 999	 1.206875e+03	 600.00	 583.33	 56.00	 24	 0.22	 
BMI_bff_105	 1	 10	 310_kirshenbaum_faina.jpg	 1.209846e+03	 12	 999000	 120	 999000	 999	 1.210863e+03	 600.00	 583.33	 9.00	 50	 0.77	 
BMI_bff_105	 1	 10	 105_gilon_ilan.jpg	 1.211848e+03	 12	 999000	 120	 999000	 999	 1.212866e+03	 600.00	 583.33	 14.00	 5	 0.69	 
BMI_bff_105	 1	 10	 313_lizman_yaakov.jpg	 1.215852e+03	 22	 8.614596e+02	 220	 5.833885e+02	 98	 1.216870e+03	 600.00	 600.00	 53.00	 53	 0.26	 
BMI_bff_105	 1	 10	 211_molla_shlomo.jpg	 1.217855e+03	 24	 999000	 240	 999000	 999	 1.218872e+03	 600.00	 600.00	 48.00	 31	 0.29	 
BMI_bff_105	 1	 10	 217_shelach_ofer.jpg	 1.219857e+03	 12	 999000	 120	 999000	 999	 1.220874e+03	 600.00	 600.00	 16.00	 37	 0.67	 
BMI_bff_105	 1	 10	 212_olmert_ehud.jpg	 1.221842e+03	 24	 999000	 240	 999000	 999	 1.222860e+03	 600.00	 600.00	 40.00	 32	 0.39	 
BMI_bff_105	 1	 10	 315_regev_miri.jpg	 1.226848e+03	 24	 999000	 240	 999000	 999	 1.227866e+03	 600.00	 600.00	 54.00	 55	 0.25	 
BMI_bff_105	 1	 10	 205_german_yael.jpg	 1.228850e+03	 24	 999000	 240	 999000	 999	 1.229868e+03	 600.00	 600.00	 51.00	 25	 0.28	 
BMI_bff_105	 1	 10	 320_yaalon_moshe.jpg	 1.230852e+03	 24	 999000	 240	 999000	 999	 1.231870e+03	 600.00	 600.00	 49.00	 60	 0.29	 
BMI_bff_105	 1	 10	 110_nachman_shai.jpg	 1.233856e+03	 22	 8.579920e+02	 220	 6.000532e+02	 98	 1.234874e+03	 600.00	 616.67	 52.00	 10	 0.27	 
BMI_bff_105	 1	 10	 207_lapid_yair.jpg	 1.240847e+03	 24	 999000	 240	 999000	 999	 1.241865e+03	 600.00	 616.67	 55.00	 27	 0.24	 
BMI_bff_105	 1	 10	 220_tamnu_shata_penina.jpg	 1.244851e+03	 11	 9.822723e+02	 110	 6.000256e+02	 98	 1.245869e+03	 616.67	 616.67	 10.00	 40	 0.76	 
BMI_bff_105	 1	 10	 120_zuabi_hanin.jpg	 1.251842e+03	 12	 999000	 120	 999000	 999	 1.252860e+03	 616.67	 616.67	 8.00	 20	 0.77	 
