subjectID	 order	 runNum	 itemName	 onsetTime	 shuff_trialType	 RT	 respInTime	 AudioTime	 response	 fixationTime	 ladder1	 ladder2	 bidIndex	 itemNameIndex	 bidValue	 
BMI_bff_128	 2	 3	 117_tibi_ahmed.jpg	 2.662929e+02	 24	 999000	 240	 999000	 999	 2.673106e+02	 816.67	 750.00	 39.00	 17	 0.44	 
BMI_bff_128	 2	 3	 106_herzog_yitzhak.jpg	 2.692962e+02	 24	 999000	 240	 999000	 999	 2.703140e+02	 816.67	 750.00	 52.00	 6	 0.21	 
BMI_bff_128	 2	 3	 116_shmuli_itzik.jpg	 2.712985e+02	 22	 9.405091e+02	 220	 7.500516e+02	 98	 2.723162e+02	 816.67	 766.67	 48.00	 16	 0.26	 
BMI_bff_128	 2	 3	 314_netanyahu.jpg	 2.733007e+02	 22	 9.862670e+02	 220	 7.666990e+02	 98	 2.743185e+02	 816.67	 783.33	 51.00	 54	 0.21	 
BMI_bff_128	 2	 3	 317_shaked_ayelet.jpg	 2.753030e+02	 11	 1.008023e+03	 1100	 8.167264e+02	 98	 2.763208e+02	 766.67	 783.33	 16.00	 57	 0.70	 
BMI_bff_128	 2	 3	 305_erdan_gilad.jpg	 2.782896e+02	 24	 999000	 240	 999000	 999	 2.793074e+02	 766.67	 783.33	 40.00	 45	 0.43	 
BMI_bff_128	 2	 3	 308_hotovely_tzipi.jpg	 2.802919e+02	 12	 999000	 120	 999000	 999	 2.813097e+02	 766.67	 783.33	 15.00	 48	 0.71	 
BMI_bff_128	 2	 3	 211_molla_shlomo.jpg	 2.842964e+02	 11	 9.585390e+02	 110	 7.666937e+02	 98	 2.853141e+02	 783.33	 783.33	 17.00	 31	 0.69	 
BMI_bff_128	 2	 3	 207_lapid_yair.jpg	 2.862986e+02	 11	 9.723858e+02	 110	 7.833620e+02	 98	 2.873164e+02	 800.00	 783.33	 14.00	 27	 0.71	 
BMI_bff_128	 2	 3	 215_rozbozov_yoel.jpg	 2.913043e+02	 12	 999000	 120	 999000	 999	 2.923220e+02	 800.00	 783.33	 18.00	 35	 0.69	 
BMI_bff_128	 2	 3	 203_cohen_meir.jpg	 2.932900e+02	 12	 999000	 120	 999000	 999	 2.943076e+02	 800.00	 783.33	 22.00	 23	 0.60	 
BMI_bff_128	 2	 3	 210_mofaz_shaul.jpg	 2.972943e+02	 24	 999000	 240	 999000	 999	 2.983121e+02	 800.00	 783.33	 50.00	 30	 0.22	 
BMI_bff_128	 2	 3	 307_hazan_oren.jpg	 2.992965e+02	 24	 999000	 240	 999000	 999	 3.003144e+02	 800.00	 783.33	 58.00	 47	 0.12	 
BMI_bff_128	 2	 3	 214_piron_shai.jpg	 3.023000e+02	 22	 9.709855e+02	 220	 7.833704e+02	 98	 3.033177e+02	 800.00	 800.00	 49.00	 34	 0.24	 
BMI_bff_128	 2	 3	 313_lizman_yaakov.jpg	 3.072885e+02	 24	 999000	 240	 999000	 999	 3.083067e+02	 800.00	 800.00	 57.00	 53	 0.13	 
BMI_bff_128	 2	 3	 113_rosenthal_mickey.jpg	 3.092911e+02	 12	 999000	 120	 999000	 999	 3.103088e+02	 800.00	 800.00	 7.00	 13	 0.77	 
BMI_bff_128	 2	 3	 120_zuabi_hanin.jpg	 3.112934e+02	 11	 9.855696e+02	 110	 8.000370e+02	 98	 3.123111e+02	 816.67	 800.00	 9.00	 20	 0.74	 
BMI_bff_128	 2	 3	 101_barak_ehud.jpg	 3.152978e+02	 24	 999000	 240	 999000	 999	 3.163156e+02	 816.67	 800.00	 47.00	 1	 0.31	 
BMI_bff_128	 2	 3	 208_livnee_zipi.jpg	 3.193024e+02	 12	 999000	 120	 999000	 999	 3.203202e+02	 816.67	 800.00	 19.00	 28	 0.68	 
BMI_bff_128	 2	 3	 304_dicter_abraham.jpg	 3.232902e+02	 12	 999000	 120	 999000	 999	 3.243079e+02	 816.67	 800.00	 21.00	 44	 0.60	 
BMI_bff_128	 2	 3	 107_horowitz_nitzan.jpg	 3.252925e+02	 11	 1.010484e+03	 1100	 8.166945e+02	 98	 3.263102e+02	 766.67	 800.00	 11.00	 7	 0.73	 
BMI_bff_128	 2	 3	 216_sharom_ariel.jpg	 3.272947e+02	 24	 999000	 240	 999000	 999	 3.283124e+02	 766.67	 800.00	 53.00	 36	 0.20	 
BMI_bff_128	 2	 3	 112_peretz_amir.jpg	 3.292969e+02	 22	 9.980808e+02	 220	 8.000370e+02	 98	 3.303147e+02	 766.67	 816.67	 46.00	 12	 0.32	 
BMI_bff_128	 2	 3	 309_katz_yisrael.jpg	 3.312992e+02	 24	 999000	 240	 999000	 999	 3.323169e+02	 766.67	 816.67	 55.00	 49	 0.14	 
BMI_bff_128	 2	 3	 303_deri_arye.jpg	 3.372892e+02	 24	 999000	 240	 999000	 999	 3.383070e+02	 766.67	 816.67	 56.00	 43	 0.13	 
BMI_bff_128	 2	 3	 306_gafni_moshe.jpg	 3.402926e+02	 24	 999000	 240	 999000	 999	 3.413103e+02	 766.67	 816.67	 44.00	 46	 0.34	 
BMI_bff_128	 2	 3	 209_mitzna_amram.jpg	 3.422948e+02	 24	 999000	 240	 999000	 999	 3.433126e+02	 766.67	 816.67	 41.00	 29	 0.42	 
BMI_bff_128	 2	 3	 320_yaalon_moshe.jpg	 3.442971e+02	 22	 1.005950e+03	 2200	 8.166967e+02	 98	 3.453148e+02	 766.67	 766.67	 54.00	 60	 0.16	 
BMI_bff_128	 2	 3	 220_tamnu_shata_penina.jpg	 3.473005e+02	 12	 999000	 120	 999000	 999	 3.483183e+02	 766.67	 766.67	 6.00	 40	 0.82	 
BMI_bff_128	 2	 3	 315_regev_miri.jpg	 3.493027e+02	 22	 9.362720e+02	 220	 7.666992e+02	 98	 3.503205e+02	 766.67	 783.33	 43.00	 55	 0.35	 
BMI_bff_128	 2	 3	 217_shelach_ofer.jpg	 3.512883e+02	 12	 999000	 120	 999000	 999	 3.523061e+02	 766.67	 783.33	 13.00	 37	 0.72	 
BMI_bff_128	 2	 3	 119_zandberg_tamar.jpg	 3.532905e+02	 12	 999000	 120	 999000	 999	 3.543083e+02	 766.67	 783.33	 4.00	 19	 0.83	 
BMI_bff_128	 2	 3	 110_nachman_shai.jpg	 3.562939e+02	 24	 999000	 240	 999000	 999	 3.573116e+02	 766.67	 783.33	 42.00	 10	 0.38	 
BMI_bff_128	 2	 3	 311_liberman_avigdor.jpg	 3.582961e+02	 24	 999000	 240	 999000	 999	 3.593139e+02	 766.67	 783.33	 45.00	 51	 0.32	 
BMI_bff_128	 2	 3	 105_gilon_ilan.jpg	 3.602983e+02	 12	 999000	 120	 999000	 999	 3.613162e+02	 766.67	 783.33	 10.00	 5	 0.73	 
BMI_bff_128	 2	 3	 205_german_yael.jpg	 3.623007e+02	 12	 999000	 120	 999000	 999	 3.633184e+02	 766.67	 783.33	 12.00	 25	 0.73	 
BMI_bff_128	 2	 3	 108_khenin_dov.jpg	 3.643028e+02	 11	 9.681492e+02	 110	 7.666985e+02	 98	 3.653206e+02	 783.33	 783.33	 8.00	 8	 0.75	 
BMI_bff_128	 2	 3	 218_shitrit_meir.jpg	 3.702929e+02	 12	 5.300305e+02	 12	 999000	 98	 3.713108e+02	 783.33	 783.33	 20.00	 38	 0.61	 
BMI_bff_128	 2	 3	 118_yacimovich_shelly.jpg	 3.732962e+02	 12	 999000	 120	 999000	 999	 3.743141e+02	 783.33	 783.33	 5.00	 18	 0.83	 
BMI_bff_128	 2	 3	 114_shafir_stav.jpg	 3.773007e+02	 12	 999000	 120	 999000	 999	 3.783186e+02	 783.33	 783.33	 3.00	 14	 0.94	 
