subjectID	 order	 runNum	 itemName	 onsetTime	 shuff_trialType	 RT	 respInTime	 AudioTime	 response	 fixationTime	 ladder1	 ladder2	 bidIndex	 itemNameIndex	 bidValue	 
BMI_bff_126	 2	 11	 303_deri_arye.jpg	 1.273069e+03	 12	 999000	 120	 999000	 999	 1.274087e+03	 750.00	 750.00	 4.00	 43	 0.84	 
BMI_bff_126	 2	 11	 116_shmuli_itzik.jpg	 1.278075e+03	 11	 9.353851e+02	 110	 7.500498e+02	 98	 1.279092e+03	 766.67	 750.00	 17.00	 16	 0.66	 
BMI_bff_126	 2	 11	 119_zandberg_tamar.jpg	 1.280060e+03	 24	 999000	 240	 999000	 999	 1.281078e+03	 766.67	 750.00	 56.00	 19	 0.15	 
BMI_bff_126	 2	 11	 302_danon_danny.jpg	 1.282062e+03	 11	 9.475687e+02	 110	 7.667061e+02	 98	 1.283080e+03	 783.33	 750.00	 14.00	 42	 0.72	 
BMI_bff_126	 2	 11	 214_piron_shai.jpg	 1.288069e+03	 11	 9.329565e+02	 110	 7.833698e+02	 98	 1.289087e+03	 800.00	 750.00	 11.00	 34	 0.76	 
BMI_bff_126	 2	 11	 104_galon_zahava.jpg	 1.290071e+03	 22	 9.946306e+02	 220	 7.500508e+02	 98	 1.291089e+03	 800.00	 766.67	 54.00	 4	 0.20	 
BMI_bff_126	 2	 11	 313_lizman_yaakov.jpg	 1.293075e+03	 12	 999000	 120	 999000	 999	 1.294093e+03	 800.00	 766.67	 3.00	 53	 0.85	 
BMI_bff_126	 2	 11	 312_livnat_limor.jpg	 1.295060e+03	 24	 999000	 240	 999000	 999	 1.296078e+03	 800.00	 766.67	 52.00	 52	 0.21	 
BMI_bff_126	 2	 11	 220_tamnu_shata_penina.jpg	 1.299065e+03	 12	 999000	 120	 999000	 999	 1.300083e+03	 800.00	 766.67	 5.00	 40	 0.83	 
BMI_bff_126	 2	 11	 309_katz_yisrael.jpg	 1.301067e+03	 12	 999000	 120	 999000	 999	 1.302085e+03	 800.00	 766.67	 22.00	 49	 0.56	 
BMI_bff_126	 2	 11	 209_mitzna_amram.jpg	 1.306073e+03	 12	 999000	 120	 999000	 999	 1.307090e+03	 800.00	 766.67	 7.00	 29	 0.79	 
BMI_bff_126	 2	 11	 301_benet_naftali.jpg	 1.313064e+03	 12	 6.181550e+02	 12	 999000	 98	 1.314082e+03	 800.00	 766.67	 12.00	 41	 0.75	 
BMI_bff_126	 2	 11	 212_olmert_ehud.jpg	 1.315066e+03	 22	 9.998803e+02	 220	 7.666972e+02	 98	 1.316084e+03	 800.00	 783.33	 48.00	 32	 0.31	 
BMI_bff_126	 2	 11	 117_tibi_ahmed.jpg	 1.318069e+03	 22	 9.885375e+02	 220	 7.833664e+02	 98	 1.319087e+03	 800.00	 800.00	 51.00	 17	 0.28	 
BMI_bff_126	 2	 11	 208_livnee_zipi.jpg	 1.321073e+03	 24	 999000	 240	 999000	 999	 1.322092e+03	 800.00	 800.00	 55.00	 28	 0.16	 
BMI_bff_126	 2	 11	 112_peretz_amir.jpg	 1.325060e+03	 12	 999000	 120	 999000	 999	 1.326078e+03	 800.00	 800.00	 21.00	 12	 0.57	 
BMI_bff_126	 2	 11	 319_steinitz_yuval.jpg	 1.329065e+03	 22	 1.000778e+03	 2200	 8.000358e+02	 98	 1.330083e+03	 800.00	 750.00	 49.00	 59	 0.30	 
BMI_bff_126	 2	 11	 206_itzik_dalia.jpg	 1.333070e+03	 12	 999000	 120	 999000	 999	 1.334087e+03	 800.00	 750.00	 13.00	 26	 0.73	 
BMI_bff_126	 2	 11	 317_shaked_ayelet.jpg	 1.336073e+03	 12	 999000	 120	 999000	 999	 1.337091e+03	 800.00	 750.00	 6.00	 57	 0.83	 
BMI_bff_126	 2	 11	 105_gilon_ilan.jpg	 1.342063e+03	 24	 999000	 240	 999000	 999	 1.343081e+03	 800.00	 750.00	 53.00	 5	 0.20	 
BMI_bff_126	 2	 11	 216_sharom_ariel.jpg	 1.344065e+03	 24	 999000	 240	 999000	 999	 1.345083e+03	 800.00	 750.00	 47.00	 36	 0.33	 
BMI_bff_126	 2	 11	 219_stern_eliezer.jpg	 1.347069e+03	 12	 5.093396e+02	 12	 999000	 98	 1.348086e+03	 800.00	 750.00	 19.00	 39	 0.60	 
BMI_bff_126	 2	 11	 118_yacimovich_shelly.jpg	 1.349071e+03	 22	 9.310449e+02	 220	 7.500400e+02	 98	 1.350089e+03	 800.00	 766.67	 46.00	 18	 0.34	 
BMI_bff_126	 2	 11	 306_gafni_moshe.jpg	 1.351073e+03	 11	 1.152789e+03	 1100	 8.000307e+02	 98	 1.352091e+03	 750.00	 766.67	 8.00	 46	 0.78	 
BMI_bff_126	 2	 11	 102_beneliezer_binyamin.jpg	 1.353075e+03	 22	 1.134484e+03	 2200	 7.667066e+02	 98	 1.354093e+03	 750.00	 716.67	 43.00	 2	 0.38	 
BMI_bff_126	 2	 11	 215_rozbozov_yoel.jpg	 1.356062e+03	 24	 999000	 240	 999000	 999	 1.357080e+03	 750.00	 716.67	 41.00	 35	 0.38	 
BMI_bff_126	 2	 11	 106_herzog_yitzhak.jpg	 1.360067e+03	 24	 999000	 240	 999000	 999	 1.361084e+03	 750.00	 716.67	 44.00	 6	 0.37	 
BMI_bff_126	 2	 11	 305_erdan_gilad.jpg	 1.362069e+03	 12	 999000	 120	 999000	 999	 1.363087e+03	 750.00	 716.67	 18.00	 45	 0.64	 
BMI_bff_126	 2	 11	 211_molla_shlomo.jpg	 1.364071e+03	 12	 999000	 120	 999000	 999	 1.365089e+03	 750.00	 716.67	 10.00	 31	 0.77	 
BMI_bff_126	 2	 11	 320_yaalon_moshe.jpg	 1.366073e+03	 24	 999000	 240	 999000	 999	 1.367091e+03	 750.00	 716.67	 40.00	 60	 0.40	 
BMI_bff_126	 2	 11	 304_dicter_abraham.jpg	 1.368059e+03	 24	 999000	 240	 999000	 999	 1.369077e+03	 750.00	 716.67	 50.00	 44	 0.30	 
BMI_bff_126	 2	 11	 307_hazan_oren.jpg	 1.370061e+03	 11	 9.088230e+02	 110	 7.500287e+02	 98	 1.371079e+03	 766.67	 716.67	 9.00	 47	 0.77	 
BMI_bff_126	 2	 11	 201_baron_roni.jpg	 1.374066e+03	 24	 999000	 240	 999000	 999	 1.375083e+03	 766.67	 716.67	 42.00	 21	 0.38	 
BMI_bff_126	 2	 11	 207_lapid_yair.jpg	 1.378070e+03	 12	 999000	 120	 999000	 999	 1.379088e+03	 766.67	 716.67	 15.00	 27	 0.71	 
BMI_bff_126	 2	 11	 120_zuabi_hanin.jpg	 1.380072e+03	 24	 999000	 240	 999000	 999	 1.381090e+03	 766.67	 716.67	 57.00	 20	 0.15	 
BMI_bff_126	 2	 11	 203_cohen_meir.jpg	 1.382075e+03	 24	 999000	 240	 999000	 999	 1.383092e+03	 766.67	 716.67	 45.00	 23	 0.36	 
BMI_bff_126	 2	 11	 103_cabel_eitan.jpg	 1.384060e+03	 24	 999000	 240	 999000	 999	 1.385078e+03	 766.67	 716.67	 39.00	 3	 0.41	 
BMI_bff_126	 2	 11	 204_galant_yoav.jpg	 1.386062e+03	 24	 999000	 240	 999000	 999	 1.387080e+03	 766.67	 716.67	 58.00	 24	 0.14	 
BMI_bff_126	 2	 11	 205_german_yael.jpg	 1.392069e+03	 12	 999000	 120	 999000	 999	 1.393087e+03	 766.67	 716.67	 20.00	 25	 0.59	 
BMI_bff_126	 2	 11	 217_shelach_ofer.jpg	 1.394071e+03	 11	 1.002620e+03	 1100	 7.667034e+02	 98	 1.395089e+03	 716.67	 716.67	 16.00	 37	 0.67	 
