subjectID	 order	 runNum	 itemName	 onsetTime	 shuff_trialType	 RT	 respInTime	 AudioTime	 response	 fixationTime	 ladder1	 ladder2	 bidIndex	 itemNameIndex	 bidValue	 
BMI_bff_112	 2	 10	 308_hotovely_tzipi.jpg	 1.187939e+03	 12	 999000	 120	 999000	 999	 1.188957e+03	 650.00	 650.00	 6.00	 48	 0.78	 
BMI_bff_112	 2	 10	 218_shitrit_meir.jpg	 1.190943e+03	 24	 999000	 240	 999000	 999	 1.191960e+03	 650.00	 650.00	 41.00	 38	 0.38	 
BMI_bff_112	 2	 10	 119_zandberg_tamar.jpg	 1.192945e+03	 24	 999000	 240	 999000	 999	 1.193963e+03	 650.00	 650.00	 44.00	 19	 0.37	 
BMI_bff_112	 2	 10	 116_shmuli_itzik.jpg	 1.194930e+03	 22	 8.554371e+02	 220	 6.500557e+02	 98	 1.195948e+03	 650.00	 666.67	 46.00	 16	 0.34	 
BMI_bff_112	 2	 10	 306_gafni_moshe.jpg	 1.196933e+03	 12	 999000	 120	 999000	 999	 1.197950e+03	 650.00	 666.67	 22.00	 46	 0.59	 
BMI_bff_112	 2	 10	 117_tibi_ahmed.jpg	 1.199936e+03	 24	 999000	 240	 999000	 999	 1.200954e+03	 650.00	 666.67	 56.00	 17	 0.19	 
BMI_bff_112	 2	 10	 105_gilon_ilan.jpg	 1.201938e+03	 24	 999000	 240	 999000	 999	 1.202956e+03	 650.00	 666.67	 58.00	 5	 0.13	 
BMI_bff_112	 2	 10	 318_shalom_silvan.jpg	 1.205943e+03	 12	 999000	 120	 999000	 999	 1.206960e+03	 650.00	 666.67	 18.00	 58	 0.65	 
BMI_bff_112	 2	 10	 103_cabel_eitan.jpg	 1.207945e+03	 24	 999000	 240	 999000	 999	 1.208963e+03	 650.00	 666.67	 45.00	 3	 0.35	 
BMI_bff_112	 2	 10	 315_regev_miri.jpg	 1.212934e+03	 11	 8.840101e+02	 110	 6.500536e+02	 98	 1.213952e+03	 666.67	 666.67	 14.00	 55	 0.72	 
BMI_bff_112	 2	 10	 206_itzik_dalia.jpg	 1.214936e+03	 12	 999000	 120	 999000	 999	 1.215954e+03	 666.67	 666.67	 12.00	 26	 0.73	 
BMI_bff_112	 2	 10	 313_lizman_yaakov.jpg	 1.218941e+03	 22	 8.851762e+02	 220	 6.667205e+02	 98	 1.219958e+03	 666.67	 683.33	 49.00	 53	 0.27	 
BMI_bff_112	 2	 10	 207_lapid_yair.jpg	 1.220943e+03	 24	 999000	 240	 999000	 999	 1.221961e+03	 666.67	 683.33	 53.00	 27	 0.21	 
BMI_bff_112	 2	 10	 217_shelach_ofer.jpg	 1.223929e+03	 24	 999000	 240	 999000	 999	 1.224947e+03	 666.67	 683.33	 50.00	 37	 0.27	 
BMI_bff_112	 2	 10	 109_michaeli_meirav.jpg	 1.228935e+03	 11	 9.067034e+02	 110	 6.667058e+02	 98	 1.229953e+03	 683.33	 683.33	 8.00	 9	 0.75	 
BMI_bff_112	 2	 10	 114_shafir_stav.jpg	 1.230937e+03	 12	 999000	 120	 999000	 999	 1.231955e+03	 683.33	 683.33	 5.00	 14	 0.79	 
BMI_bff_112	 2	 10	 110_nachman_shai.jpg	 1.232940e+03	 24	 999000	 240	 999000	 999	 1.233957e+03	 683.33	 683.33	 52.00	 10	 0.22	 
BMI_bff_112	 2	 10	 314_netanyahu.jpg	 1.236944e+03	 12	 999000	 120	 999000	 999	 1.237962e+03	 683.33	 683.33	 4.00	 54	 0.80	 
BMI_bff_112	 2	 10	 220_tamnu_shata_penina.jpg	 1.240932e+03	 12	 999000	 120	 999000	 999	 1.241950e+03	 683.33	 683.33	 13.00	 40	 0.72	 
BMI_bff_112	 2	 10	 118_yacimovich_shelly.jpg	 1.244936e+03	 12	 999000	 120	 999000	 999	 1.245954e+03	 683.33	 683.33	 15.00	 18	 0.71	 
BMI_bff_112	 2	 10	 310_kirshenbaum_faina.jpg	 1.246939e+03	 12	 999000	 120	 999000	 999	 1.247956e+03	 683.33	 683.33	 19.00	 50	 0.63	 
BMI_bff_112	 2	 10	 311_liberman_avigdor.jpg	 1.248941e+03	 22	 1.004867e+03	 2200	 6.833740e+02	 98	 1.249959e+03	 683.33	 633.33	 43.00	 51	 0.37	 
BMI_bff_112	 2	 10	 302_danon_danny.jpg	 1.250943e+03	 24	 999000	 240	 999000	 999	 1.251962e+03	 683.33	 633.33	 55.00	 42	 0.20	 
BMI_bff_112	 2	 10	 214_piron_shai.jpg	 1.252945e+03	 24	 999000	 240	 999000	 999	 1.253963e+03	 683.33	 633.33	 57.00	 34	 0.18	 
BMI_bff_112	 2	 10	 204_galant_yoav.jpg	 1.258935e+03	 24	 999000	 240	 999000	 999	 1.259953e+03	 683.33	 633.33	 47.00	 24	 0.34	 
BMI_bff_112	 2	 10	 301_benet_naftali.jpg	 1.261939e+03	 12	 999000	 120	 999000	 999	 1.262957e+03	 683.33	 633.33	 3.00	 41	 0.82	 
BMI_bff_112	 2	 10	 317_shaked_ayelet.jpg	 1.263941e+03	 11	 8.926978e+02	 110	 6.833645e+02	 98	 1.264959e+03	 700.00	 633.33	 9.00	 57	 0.75	 
BMI_bff_112	 2	 10	 120_zuabi_hanin.jpg	 1.265943e+03	 11	 8.984266e+02	 110	 7.000302e+02	 98	 1.266961e+03	 716.67	 633.33	 11.00	 20	 0.74	 
BMI_bff_112	 2	 10	 113_rosenthal_mickey.jpg	 1.268930e+03	 22	 8.960752e+02	 220	 6.333734e+02	 98	 1.269948e+03	 716.67	 650.00	 51.00	 13	 0.25	 
BMI_bff_112	 2	 10	 211_molla_shlomo.jpg	 1.270932e+03	 11	 9.255049e+02	 110	 7.166948e+02	 98	 1.271950e+03	 733.33	 650.00	 16.00	 31	 0.65	 
BMI_bff_112	 2	 10	 108_khenin_dov.jpg	 1.272935e+03	 22	 8.831897e+02	 220	 6.500356e+02	 98	 1.273952e+03	 733.33	 666.67	 54.00	 8	 0.20	 
BMI_bff_112	 2	 10	 104_galon_zahava.jpg	 1.274937e+03	 24	 999000	 240	 999000	 999	 1.275955e+03	 733.33	 666.67	 39.00	 4	 0.40	 
BMI_bff_112	 2	 10	 205_german_yael.jpg	 1.277940e+03	 12	 999000	 120	 999000	 999	 1.278958e+03	 733.33	 666.67	 10.00	 25	 0.74	 
BMI_bff_112	 2	 10	 210_mofaz_shaul.jpg	 1.279942e+03	 12	 999000	 120	 999000	 999	 1.280960e+03	 733.33	 666.67	 21.00	 30	 0.60	 
BMI_bff_112	 2	 10	 320_yaalon_moshe.jpg	 1.281945e+03	 22	 1.041056e+03	 2200	 6.666988e+02	 98	 1.282962e+03	 733.33	 616.67	 48.00	 60	 0.32	 
BMI_bff_112	 2	 10	 319_steinitz_yuval.jpg	 1.283930e+03	 12	 999000	 120	 999000	 999	 1.284948e+03	 733.33	 616.67	 20.00	 59	 0.62	 
BMI_bff_112	 2	 10	 201_baron_roni.jpg	 1.285932e+03	 24	 999000	 240	 999000	 999	 1.286950e+03	 733.33	 616.67	 40.00	 21	 0.39	 
BMI_bff_112	 2	 10	 219_stern_eliezer.jpg	 1.291939e+03	 24	 999000	 240	 999000	 999	 1.292957e+03	 733.33	 616.67	 42.00	 39	 0.38	 
BMI_bff_112	 2	 10	 208_livnee_zipi.jpg	 1.294943e+03	 12	 999000	 120	 999000	 999	 1.295960e+03	 733.33	 616.67	 7.00	 28	 0.76	 
BMI_bff_112	 2	 10	 312_livnat_limor.jpg	 1.298930e+03	 11	 1.079660e+03	 1100	 7.333684e+02	 98	 1.299948e+03	 683.33	 616.67	 17.00	 52	 0.65	 
