subjectID	 order	 runNum	 itemName	 onsetTime	 shuff_trialType	 RT	 respInTime	 AudioTime	 response	 fixationTime	 ladder1	 ladder2	 bidIndex	 itemNameIndex	 bidValue	 
BMI_bff_123	 1	 18	 205_german_yael.jpg	 2.241948e+03	 12	 999000	 120	 999000	 999	 2.242966e+03	 583.33	 716.67	 9.00	 25	 0.80	 
BMI_bff_123	 1	 18	 310_kirshenbaum_faina.jpg	 2.246954e+03	 12	 999000	 120	 999000	 999	 2.247972e+03	 583.33	 716.67	 8.00	 50	 0.82	 
BMI_bff_123	 1	 18	 315_regev_miri.jpg	 2.248939e+03	 12	 999000	 120	 999000	 999	 2.249957e+03	 583.33	 716.67	 11.00	 55	 0.73	 
BMI_bff_123	 1	 18	 101_barak_ehud.jpg	 2.250942e+03	 24	 999000	 240	 999000	 999	 2.251959e+03	 583.33	 716.67	 46.00	 1	 0.31	 
BMI_bff_123	 1	 18	 311_liberman_avigdor.jpg	 2.256948e+03	 22	 1.014052e+03	 2200	 7.167179e+02	 98	 2.257966e+03	 583.33	 666.67	 45.00	 51	 0.36	 
BMI_bff_123	 1	 18	 314_netanyahu.jpg	 2.258951e+03	 22	 1.051751e+03	 2200	 6.667031e+02	 98	 2.259968e+03	 583.33	 616.67	 50.00	 54	 0.25	 
BMI_bff_123	 1	 18	 302_danon_danny.jpg	 2.261954e+03	 12	 999000	 120	 999000	 999	 2.262972e+03	 583.33	 616.67	 14.00	 42	 0.69	 
BMI_bff_123	 1	 18	 107_horowitz_nitzan.jpg	 2.263940e+03	 24	 999000	 240	 999000	 999	 2.264957e+03	 583.33	 616.67	 54.00	 7	 0.23	 
BMI_bff_123	 1	 18	 306_gafni_moshe.jpg	 2.267944e+03	 22	 8.823321e+02	 220	 6.167044e+02	 98	 2.268962e+03	 583.33	 633.33	 53.00	 46	 0.24	 
BMI_bff_123	 1	 18	 104_galon_zahava.jpg	 2.269946e+03	 12	 999000	 120	 999000	 999	 2.270964e+03	 583.33	 633.33	 4.00	 4	 0.85	 
BMI_bff_123	 1	 18	 301_benet_naftali.jpg	 2.274952e+03	 24	 999000	 240	 999000	 999	 2.275970e+03	 583.33	 633.33	 58.00	 41	 0.10	 
BMI_bff_123	 1	 18	 318_shalom_silvan.jpg	 2.281943e+03	 24	 999000	 240	 999000	 999	 2.282961e+03	 583.33	 633.33	 39.00	 58	 0.43	 
BMI_bff_123	 1	 18	 317_shaked_ayelet.jpg	 2.283947e+03	 12	 999000	 120	 999000	 999	 2.284963e+03	 583.33	 633.33	 3.00	 57	 0.87	 
BMI_bff_123	 1	 18	 220_tamnu_shata_penina.jpg	 2.286949e+03	 12	 999000	 120	 999000	 999	 2.287967e+03	 583.33	 633.33	 5.00	 40	 0.83	 
BMI_bff_123	 1	 18	 217_shelach_ofer.jpg	 2.289952e+03	 22	 8.901581e+02	 220	 6.333624e+02	 98	 2.290970e+03	 583.33	 650.00	 47.00	 37	 0.29	 
BMI_bff_123	 1	 18	 119_zandberg_tamar.jpg	 2.293940e+03	 11	 9.264527e+02	 110	 5.833738e+02	 98	 2.294958e+03	 600.00	 650.00	 7.00	 19	 0.82	 
BMI_bff_123	 1	 18	 207_lapid_yair.jpg	 2.297945e+03	 11	 8.739187e+02	 110	 6.000483e+02	 98	 2.298962e+03	 616.67	 650.00	 13.00	 27	 0.70	 
BMI_bff_123	 1	 18	 320_yaalon_moshe.jpg	 2.301949e+03	 24	 999000	 240	 999000	 999	 2.302967e+03	 616.67	 650.00	 48.00	 60	 0.27	 
BMI_bff_123	 1	 18	 204_galant_yoav.jpg	 2.304952e+03	 24	 999000	 240	 999000	 999	 2.305970e+03	 616.67	 650.00	 56.00	 24	 0.13	 
BMI_bff_123	 1	 18	 120_zuabi_hanin.jpg	 2.310942e+03	 22	 9.081191e+02	 220	 6.500334e+02	 98	 2.311960e+03	 616.67	 666.67	 44.00	 20	 0.37	 
BMI_bff_123	 1	 18	 215_rozbozov_yoel.jpg	 2.312945e+03	 11	 9.458657e+02	 110	 6.167047e+02	 98	 2.313962e+03	 633.33	 666.67	 18.00	 35	 0.63	 
BMI_bff_123	 1	 18	 208_livnee_zipi.jpg	 2.315948e+03	 11	 8.784565e+02	 110	 6.333655e+02	 98	 2.316966e+03	 650.00	 666.67	 12.00	 28	 0.72	 
BMI_bff_123	 1	 18	 316_saar_gidon.jpg	 2.317950e+03	 11	 8.842502e+02	 110	 6.500343e+02	 98	 2.318968e+03	 666.67	 666.67	 15.00	 56	 0.66	 
BMI_bff_123	 1	 18	 118_yacimovich_shelly.jpg	 2.319952e+03	 12	 999000	 120	 999000	 999	 2.320970e+03	 666.67	 666.67	 20.00	 18	 0.60	 
BMI_bff_123	 1	 18	 206_itzik_dalia.jpg	 2.321955e+03	 11	 1.039715e+03	 1100	 6.666982e+02	 98	 2.322972e+03	 616.67	 666.67	 10.00	 26	 0.79	 
BMI_bff_123	 1	 18	 308_hotovely_tzipi.jpg	 2.324941e+03	 12	 999000	 120	 999000	 999	 2.325959e+03	 616.67	 666.67	 22.00	 48	 0.58	 
BMI_bff_123	 1	 18	 117_tibi_ahmed.jpg	 2.328946e+03	 24	 999000	 240	 999000	 999	 2.329964e+03	 616.67	 666.67	 55.00	 17	 0.21	 
BMI_bff_123	 1	 18	 212_olmert_ehud.jpg	 2.330948e+03	 24	 999000	 240	 999000	 999	 2.331966e+03	 616.67	 666.67	 57.00	 32	 0.10	 
BMI_bff_123	 1	 18	 113_rosenthal_mickey.jpg	 2.332950e+03	 12	 999000	 120	 999000	 999	 2.333968e+03	 616.67	 666.67	 19.00	 13	 0.62	 
BMI_bff_123	 1	 18	 102_beneliezer_binyamin.jpg	 2.334953e+03	 24	 999000	 240	 999000	 999	 2.335970e+03	 616.67	 666.67	 43.00	 2	 0.37	 
BMI_bff_123	 1	 18	 216_sharom_ariel.jpg	 2.336955e+03	 24	 999000	 240	 999000	 999	 2.337973e+03	 616.67	 666.67	 51.00	 36	 0.25	 
BMI_bff_123	 1	 18	 201_baron_roni.jpg	 2.338940e+03	 24	 999000	 240	 999000	 999	 2.339958e+03	 616.67	 666.67	 49.00	 21	 0.26	 
BMI_bff_123	 1	 18	 110_nachman_shai.jpg	 2.342945e+03	 24	 999000	 240	 999000	 999	 2.343963e+03	 616.67	 666.67	 42.00	 10	 0.39	 
BMI_bff_123	 1	 18	 114_shafir_stav.jpg	 2.346949e+03	 12	 999000	 120	 999000	 999	 2.347967e+03	 616.67	 666.67	 6.00	 14	 0.83	 
BMI_bff_123	 1	 18	 111_odeh_aiman.jpg	 2.348952e+03	 24	 999000	 240	 999000	 999	 2.349969e+03	 616.67	 666.67	 40.00	 11	 0.40	 
BMI_bff_123	 1	 18	 105_gilon_ilan.jpg	 2.350954e+03	 24	 999000	 240	 999000	 999	 2.351972e+03	 616.67	 666.67	 41.00	 5	 0.39	 
BMI_bff_123	 1	 18	 211_molla_shlomo.jpg	 2.352939e+03	 12	 999000	 120	 999000	 999	 2.353957e+03	 616.67	 666.67	 21.00	 31	 0.59	 
BMI_bff_123	 1	 18	 203_cohen_meir.jpg	 2.354942e+03	 12	 999000	 120	 999000	 999	 2.355960e+03	 616.67	 666.67	 16.00	 23	 0.65	 
BMI_bff_123	 1	 18	 309_katz_yisrael.jpg	 2.360949e+03	 22	 1.309885e+03	 2200	 6.667023e+02	 98	 2.361966e+03	 616.67	 616.67	 52.00	 49	 0.25	 
BMI_bff_123	 1	 18	 116_shmuli_itzik.jpg	 2.362951e+03	 12	 999000	 120	 999000	 999	 2.363968e+03	 616.67	 616.67	 17.00	 16	 0.64	 
