subjectID	 order	 runNum	 itemName	 onsetTime	 shuff_trialType	 RT	 respInTime	 AudioTime	 response	 fixationTime	 ladder1	 ladder2	 bidIndex	 itemNameIndex	 bidValue	 
BMI_bff_120	 2	 4	 320_yaalon_moshe.jpg	 3.731945e+02	 12	 999000	 120	 999000	 999	 3.742122e+02	 716.67	 716.67	 3.00	 60	 0.88	 
BMI_bff_120	 2	 4	 115_shimon_peres.jpg	 3.781832e+02	 12	 999000	 120	 999000	 999	 3.792013e+02	 716.67	 716.67	 18.00	 15	 0.65	 
BMI_bff_120	 2	 4	 117_tibi_ahmed.jpg	 3.801856e+02	 24	 999000	 240	 999000	 999	 3.812034e+02	 716.67	 716.67	 58.00	 17	 0.08	 
BMI_bff_120	 2	 4	 307_hazan_oren.jpg	 3.821879e+02	 22	 9.822243e+02	 220	 7.167163e+02	 98	 3.832057e+02	 716.67	 733.33	 49.00	 47	 0.28	 
BMI_bff_120	 2	 4	 219_stern_eliezer.jpg	 3.881946e+02	 11	 1.007506e+03	 1100	 7.167562e+02	 98	 3.892124e+02	 666.67	 733.33	 14.00	 39	 0.69	 
BMI_bff_120	 2	 4	 119_zandberg_tamar.jpg	 3.901968e+02	 24	 999000	 240	 999000	 999	 3.912148e+02	 666.67	 733.33	 55.00	 19	 0.15	 
BMI_bff_120	 2	 4	 312_livnat_limor.jpg	 3.931836e+02	 22	 1.138516e+03	 2200	 7.333652e+02	 98	 3.942013e+02	 666.67	 683.33	 46.00	 52	 0.30	 
BMI_bff_120	 2	 4	 304_dicter_abraham.jpg	 3.951858e+02	 12	 999000	 120	 999000	 999	 3.962036e+02	 666.67	 683.33	 15.00	 44	 0.68	 
BMI_bff_120	 2	 4	 101_barak_ehud.jpg	 3.991903e+02	 11	 9.077942e+02	 110	 6.666971e+02	 98	 4.002081e+02	 683.33	 683.33	 11.00	 1	 0.71	 
BMI_bff_120	 2	 4	 313_lizman_yaakov.jpg	 4.011926e+02	 24	 999000	 240	 999000	 999	 4.022104e+02	 683.33	 683.33	 52.00	 53	 0.22	 
BMI_bff_120	 2	 4	 316_saar_gidon.jpg	 4.061982e+02	 11	 8.999198e+02	 110	 6.833613e+02	 98	 4.072159e+02	 700.00	 683.33	 8.00	 56	 0.81	 
BMI_bff_120	 2	 4	 204_galant_yoav.jpg	 4.131894e+02	 12	 999000	 120	 999000	 999	 4.142072e+02	 700.00	 683.33	 4.00	 24	 0.87	 
BMI_bff_120	 2	 4	 102_beneliezer_binyamin.jpg	 4.151917e+02	 12	 999000	 120	 999000	 999	 4.162094e+02	 700.00	 683.33	 12.00	 2	 0.70	 
BMI_bff_120	 2	 4	 314_netanyahu.jpg	 4.181951e+02	 24	 999000	 240	 999000	 999	 4.192130e+02	 700.00	 683.33	 42.00	 54	 0.37	 
BMI_bff_120	 2	 4	 315_regev_miri.jpg	 4.211984e+02	 24	 999000	 240	 999000	 999	 4.222162e+02	 700.00	 683.33	 41.00	 55	 0.37	 
BMI_bff_120	 2	 4	 201_baron_roni.jpg	 4.251862e+02	 24	 999000	 240	 999000	 999	 4.262040e+02	 700.00	 683.33	 44.00	 21	 0.34	 
BMI_bff_120	 2	 4	 111_odeh_aiman.jpg	 4.291907e+02	 24	 999000	 240	 999000	 999	 4.302084e+02	 700.00	 683.33	 57.00	 11	 0.13	 
BMI_bff_120	 2	 4	 217_shelach_ofer.jpg	 4.331952e+02	 12	 999000	 120	 999000	 999	 4.342129e+02	 700.00	 683.33	 19.00	 37	 0.64	 
BMI_bff_120	 2	 4	 116_shmuli_itzik.jpg	 4.361986e+02	 11	 1.003597e+03	 1100	 7.000338e+02	 98	 4.372163e+02	 650.00	 683.33	 16.00	 16	 0.67	 
BMI_bff_120	 2	 4	 306_gafni_moshe.jpg	 4.421886e+02	 24	 999000	 240	 999000	 999	 4.432064e+02	 650.00	 683.33	 40.00	 46	 0.38	 
BMI_bff_120	 2	 4	 108_khenin_dov.jpg	 4.441909e+02	 24	 999000	 240	 999000	 999	 4.452087e+02	 650.00	 683.33	 53.00	 8	 0.17	 
BMI_bff_120	 2	 4	 110_nachman_shai.jpg	 4.471943e+02	 24	 999000	 240	 999000	 999	 4.482120e+02	 650.00	 683.33	 45.00	 10	 0.31	 
BMI_bff_120	 2	 4	 213_perry_yaakov.jpg	 4.491965e+02	 11	 9.896123e+02	 110	 6.500390e+02	 98	 4.502143e+02	 666.67	 683.33	 9.00	 33	 0.81	 
BMI_bff_120	 2	 4	 210_mofaz_shaul.jpg	 4.511987e+02	 12	 999000	 120	 999000	 999	 4.522166e+02	 666.67	 683.33	 7.00	 30	 0.83	 
BMI_bff_120	 2	 4	 215_rozbozov_yoel.jpg	 4.531843e+02	 24	 999000	 240	 999000	 999	 4.542021e+02	 666.67	 683.33	 50.00	 35	 0.27	 
BMI_bff_120	 2	 4	 218_shitrit_meir.jpg	 4.561876e+02	 12	 999000	 120	 999000	 999	 4.572054e+02	 666.67	 683.33	 13.00	 38	 0.70	 
BMI_bff_120	 2	 4	 214_piron_shai.jpg	 4.601922e+02	 12	 999000	 120	 999000	 999	 4.612100e+02	 666.67	 683.33	 22.00	 34	 0.61	 
BMI_bff_120	 2	 4	 103_cabel_eitan.jpg	 4.621944e+02	 12	 999000	 120	 999000	 999	 4.632122e+02	 666.67	 683.33	 5.00	 3	 0.84	 
BMI_bff_120	 2	 4	 220_tamnu_shata_penina.jpg	 4.641966e+02	 22	 9.334620e+02	 220	 6.833635e+02	 98	 4.652144e+02	 666.67	 700.00	 51.00	 40	 0.27	 
BMI_bff_120	 2	 4	 212_olmert_ehud.jpg	 4.661989e+02	 12	 999000	 120	 999000	 999	 4.672166e+02	 666.67	 700.00	 10.00	 32	 0.78	 
BMI_bff_120	 2	 4	 206_itzik_dalia.jpg	 4.681845e+02	 24	 999000	 240	 999000	 999	 4.692022e+02	 666.67	 700.00	 56.00	 26	 0.13	 
BMI_bff_120	 2	 4	 107_horowitz_nitzan.jpg	 4.701867e+02	 24	 999000	 240	 999000	 999	 4.712045e+02	 666.67	 700.00	 39.00	 7	 0.40	 
BMI_bff_120	 2	 4	 207_lapid_yair.jpg	 4.741937e+02	 12	 999000	 120	 999000	 999	 4.752089e+02	 666.67	 700.00	 6.00	 27	 0.83	 
BMI_bff_120	 2	 4	 106_herzog_yitzhak.jpg	 4.781957e+02	 12	 999000	 120	 999000	 999	 4.792136e+02	 666.67	 700.00	 21.00	 6	 0.62	 
BMI_bff_120	 2	 4	 120_zuabi_hanin.jpg	 4.801979e+02	 22	 1.052181e+03	 2200	 7.000291e+02	 98	 4.812157e+02	 666.67	 650.00	 48.00	 20	 0.28	 
BMI_bff_120	 2	 4	 211_molla_shlomo.jpg	 4.821832e+02	 22	 1.066930e+03	 2200	 6.500513e+02	 98	 4.832013e+02	 666.67	 600.00	 43.00	 31	 0.35	 
BMI_bff_120	 2	 4	 303_deri_arye.jpg	 4.841858e+02	 22	 8.322976e+02	 220	 6.000329e+02	 98	 4.852035e+02	 666.67	 616.67	 54.00	 43	 0.16	 
BMI_bff_120	 2	 4	 308_hotovely_tzipi.jpg	 4.861880e+02	 24	 999000	 240	 999000	 999	 4.872059e+02	 666.67	 616.67	 47.00	 48	 0.30	 
BMI_bff_120	 2	 4	 309_katz_yisrael.jpg	 4.921947e+02	 12	 999000	 120	 999000	 999	 4.932126e+02	 666.67	 616.67	 20.00	 49	 0.63	 
BMI_bff_120	 2	 4	 317_shaked_ayelet.jpg	 4.941970e+02	 11	 9.251626e+02	 110	 6.667062e+02	 98	 4.952148e+02	 683.33	 616.67	 17.00	 57	 0.67	 
