subjectID	 order	 runNum	 itemName	 onsetTime	 shuff_trialType	 RT	 respInTime	 AudioTime	 response	 fixationTime	 ladder1	 ladder2	 bidIndex	 itemNameIndex	 bidValue	 
BMI_bff_111	 1	 13	 313_lizman_yaakov.jpg	 1.685786e+03	 24	 999000	 240	 999000	 999	 1.686803e+03	 616.67	 616.67	 54.00	 53	 0.18	 
BMI_bff_111	 1	 13	 220_tamnu_shata_penina.jpg	 1.688789e+03	 12	 999000	 120	 999000	 999	 1.689807e+03	 616.67	 616.67	 17.00	 40	 0.72	 
BMI_bff_111	 1	 13	 213_perry_yaakov.jpg	 1.692793e+03	 24	 999000	 240	 999000	 999	 1.693811e+03	 616.67	 616.67	 40.00	 33	 0.40	 
BMI_bff_111	 1	 13	 310_kirshenbaum_faina.jpg	 1.694779e+03	 24	 999000	 240	 999000	 999	 1.695797e+03	 616.67	 616.67	 42.00	 50	 0.38	 
BMI_bff_111	 1	 13	 312_livnat_limor.jpg	 1.696781e+03	 12	 999000	 120	 999000	 999	 1.697799e+03	 616.67	 616.67	 16.00	 52	 0.73	 
BMI_bff_111	 1	 13	 210_mofaz_shaul.jpg	 1.700786e+03	 11	 1.215958e+03	 1100	 6.167160e+02	 98	 1.701804e+03	 566.67	 616.67	 10.00	 30	 0.76	 
BMI_bff_111	 1	 13	 120_zuabi_hanin.jpg	 1.702788e+03	 22	 9.817237e+02	 220	 6.167213e+02	 98	 1.703806e+03	 566.67	 633.33	 47.00	 20	 0.27	 
BMI_bff_111	 1	 13	 306_gafni_moshe.jpg	 1.707794e+03	 24	 999000	 240	 999000	 999	 1.708811e+03	 566.67	 633.33	 55.00	 46	 0.17	 
BMI_bff_111	 1	 13	 218_shitrit_meir.jpg	 1.709779e+03	 12	 999000	 120	 999000	 999	 1.710797e+03	 566.67	 633.33	 20.00	 38	 0.68	 
BMI_bff_111	 1	 13	 117_tibi_ahmed.jpg	 1.712783e+03	 24	 999000	 240	 999000	 999	 1.713800e+03	 566.67	 633.33	 49.00	 17	 0.25	 
BMI_bff_111	 1	 13	 314_netanyahu.jpg	 1.715786e+03	 22	 8.397769e+02	 220	 6.333660e+02	 98	 1.716804e+03	 566.67	 650.00	 52.00	 54	 0.23	 
BMI_bff_111	 1	 13	 319_steinitz_yuval.jpg	 1.719790e+03	 22	 1.027264e+03	 2200	 6.500372e+02	 98	 1.720808e+03	 566.67	 600.00	 53.00	 59	 0.21	 
BMI_bff_111	 1	 13	 205_german_yael.jpg	 1.722794e+03	 12	 999000	 120	 999000	 999	 1.723812e+03	 566.67	 600.00	 11.00	 25	 0.75	 
BMI_bff_111	 1	 13	 216_sharom_ariel.jpg	 1.724779e+03	 11	 7.903194e+02	 110	 5.667053e+02	 98	 1.725797e+03	 583.33	 600.00	 13.00	 36	 0.73	 
BMI_bff_111	 1	 13	 111_odeh_aiman.jpg	 1.727783e+03	 24	 999000	 240	 999000	 999	 1.728801e+03	 583.33	 600.00	 39.00	 11	 0.42	 
BMI_bff_111	 1	 13	 204_galant_yoav.jpg	 1.731787e+03	 11	 8.544649e+02	 110	 5.833739e+02	 98	 1.732805e+03	 600.00	 600.00	 12.00	 24	 0.74	 
BMI_bff_111	 1	 13	 105_gilon_ilan.jpg	 1.734791e+03	 12	 999000	 120	 999000	 999	 1.735808e+03	 600.00	 600.00	 4.00	 5	 0.85	 
BMI_bff_111	 1	 13	 309_katz_yisrael.jpg	 1.736793e+03	 24	 999000	 240	 999000	 999	 1.737811e+03	 600.00	 600.00	 51.00	 49	 0.25	 
BMI_bff_111	 1	 13	 208_livnee_zipi.jpg	 1.738778e+03	 12	 999000	 120	 999000	 999	 1.739796e+03	 600.00	 600.00	 3.00	 28	 0.88	 
BMI_bff_111	 1	 13	 119_zandberg_tamar.jpg	 1.743784e+03	 11	 7.776206e+02	 110	 6.000339e+02	 98	 1.744802e+03	 616.67	 600.00	 15.00	 19	 0.73	 
BMI_bff_111	 1	 13	 114_shafir_stav.jpg	 1.747789e+03	 12	 999000	 120	 999000	 999	 1.748806e+03	 616.67	 600.00	 6.00	 14	 0.81	 
BMI_bff_111	 1	 13	 202_cahlon_moshe.jpg	 1.751793e+03	 22	 8.166613e+02	 220	 6.000479e+02	 98	 1.752811e+03	 616.67	 616.67	 44.00	 22	 0.34	 
BMI_bff_111	 1	 13	 206_itzik_dalia.jpg	 1.757783e+03	 12	 999000	 120	 999000	 999	 1.758801e+03	 616.67	 616.67	 22.00	 26	 0.63	 
BMI_bff_111	 1	 13	 311_liberman_avigdor.jpg	 1.759785e+03	 24	 999000	 240	 999000	 999	 1.760803e+03	 616.67	 616.67	 57.00	 51	 0.13	 
BMI_bff_111	 1	 13	 106_herzog_yitzhak.jpg	 1.761788e+03	 12	 999000	 120	 999000	 999	 1.762806e+03	 616.67	 616.67	 19.00	 6	 0.68	 
BMI_bff_111	 1	 13	 305_erdan_gilad.jpg	 1.763790e+03	 24	 999000	 240	 999000	 999	 1.764808e+03	 616.67	 616.67	 43.00	 45	 0.35	 
BMI_bff_111	 1	 13	 116_shmuli_itzik.jpg	 1.765792e+03	 12	 999000	 120	 999000	 999	 1.766810e+03	 616.67	 616.67	 9.00	 16	 0.76	 
BMI_bff_111	 1	 13	 109_michaeli_meirav.jpg	 1.769780e+03	 11	 8.297612e+02	 110	 6.167031e+02	 98	 1.770798e+03	 633.33	 616.67	 7.00	 9	 0.79	 
BMI_bff_111	 1	 13	 212_olmert_ehud.jpg	 1.771782e+03	 22	 9.955227e+02	 220	 6.167135e+02	 98	 1.772800e+03	 633.33	 633.33	 50.00	 32	 0.25	 
BMI_bff_111	 1	 13	 107_horowitz_nitzan.jpg	 1.775787e+03	 12	 999000	 120	 999000	 999	 1.776804e+03	 633.33	 633.33	 5.00	 7	 0.83	 
BMI_bff_111	 1	 13	 301_benet_naftali.jpg	 1.777789e+03	 24	 999000	 240	 999000	 999	 1.778807e+03	 633.33	 633.33	 56.00	 41	 0.14	 
BMI_bff_111	 1	 13	 302_danon_danny.jpg	 1.779791e+03	 24	 999000	 240	 999000	 999	 1.780809e+03	 633.33	 633.33	 46.00	 42	 0.27	 
BMI_bff_111	 1	 13	 214_piron_shai.jpg	 1.781793e+03	 24	 999000	 240	 999000	 999	 1.782811e+03	 633.33	 633.33	 48.00	 34	 0.26	 
BMI_bff_111	 1	 13	 115_shimon_peres.jpg	 1.786782e+03	 12	 999000	 120	 999000	 999	 1.787800e+03	 633.33	 633.33	 8.00	 15	 0.78	 
BMI_bff_111	 1	 13	 317_shaked_ayelet.jpg	 1.788785e+03	 22	 8.891093e+02	 220	 6.333739e+02	 98	 1.789802e+03	 633.33	 650.00	 45.00	 57	 0.28	 
BMI_bff_111	 1	 13	 303_deri_arye.jpg	 1.790787e+03	 24	 999000	 240	 999000	 999	 1.791805e+03	 633.33	 650.00	 58.00	 43	 0.11	 
BMI_bff_111	 1	 13	 101_barak_ehud.jpg	 1.793790e+03	 12	 999000	 120	 999000	 999	 1.794808e+03	 633.33	 650.00	 21.00	 1	 0.67	 
BMI_bff_111	 1	 13	 113_rosenthal_mickey.jpg	 1.800782e+03	 12	 999000	 120	 999000	 999	 1.801799e+03	 633.33	 650.00	 14.00	 13	 0.73	 
BMI_bff_111	 1	 13	 209_mitzna_amram.jpg	 1.804786e+03	 24	 999000	 240	 999000	 999	 1.805804e+03	 633.33	 650.00	 41.00	 29	 0.39	 
BMI_bff_111	 1	 13	 217_shelach_ofer.jpg	 1.811794e+03	 11	 8.718750e+02	 110	 6.333756e+02	 98	 1.812812e+03	 650.00	 650.00	 18.00	 37	 0.69	 
