subjectID	 order	 runNum	 itemName	 onsetTime	 shuff_trialType	 RT	 respInTime	 AudioTime	 response	 fixationTime	 ladder1	 ladder2	 bidIndex	 itemNameIndex	 bidValue	 
BMI_bff_119	 1	 4	 316_saar_gidon.jpg	 3.774889e+02	 22	 1.024815e+03	 2200	 7.833844e+02	 98	 3.785067e+02	 716.67	 733.33	 47.00	 56	 0.32	 
BMI_bff_119	 1	 4	 206_hasson_israel.JPG	 3.824946e+02	 24	 999000	 240	 999000	 999	 3.835122e+02	 716.67	 733.33	 51.00	 26	 0.28	 
BMI_bff_119	 1	 4	 308_hotovely_tzipi.jpg	 3.844799e+02	 24	 999000	 240	 999000	 999	 3.854978e+02	 716.67	 733.33	 57.00	 48	 0.14	 
BMI_bff_119	 1	 4	 313_lizman_yaakov.jpg	 3.864823e+02	 22	 9.433797e+02	 220	 7.333671e+02	 98	 3.875000e+02	 716.67	 750.00	 44.00	 53	 0.34	 
BMI_bff_119	 1	 4	 207_lapid_yair.jpg	 3.924891e+02	 12	 999000	 120	 999000	 999	 3.935068e+02	 716.67	 750.00	 17.00	 27	 0.72	 
BMI_bff_119	 1	 4	 209_mitzna_amram.jpg	 3.944913e+02	 12	 999000	 120	 999000	 999	 3.955090e+02	 716.67	 750.00	 22.00	 29	 0.59	 
BMI_bff_119	 1	 4	 202_cahlon_moshe.jpg	 3.974947e+02	 11	 9.230336e+02	 110	 7.167184e+02	 98	 3.985125e+02	 733.33	 750.00	 10.00	 22	 0.80	 
BMI_bff_119	 1	 4	 310_kirshenbaum_faina.jpg	 3.994803e+02	 24	 999000	 240	 999000	 999	 4.004980e+02	 733.33	 750.00	 40.00	 50	 0.36	 
BMI_bff_119	 1	 4	 306_gafni_moshe.jpg	 4.034849e+02	 24	 999000	 240	 999000	 999	 4.045025e+02	 733.33	 750.00	 58.00	 46	 0.11	 
BMI_bff_119	 1	 4	 319_steinitz_yuval.jpg	 4.054869e+02	 22	 9.867640e+02	 220	 7.500280e+02	 98	 4.065048e+02	 733.33	 766.67	 52.00	 59	 0.27	 
BMI_bff_119	 1	 4	 107_horowitz_nitzan.jpg	 4.104925e+02	 12	 999000	 120	 999000	 999	 4.115104e+02	 733.33	 766.67	 6.00	 7	 0.84	 
BMI_bff_119	 1	 4	 203_cohen_meir.jpg	 4.174837e+02	 12	 999000	 120	 999000	 999	 4.185015e+02	 733.33	 766.67	 16.00	 23	 0.72	 
BMI_bff_119	 1	 4	 205_german_yael.jpg	 4.194860e+02	 12	 999000	 120	 999000	 999	 4.205037e+02	 733.33	 766.67	 4.00	 25	 0.85	 
BMI_bff_119	 1	 4	 218_shitrit_meir.jpg	 4.224895e+02	 24	 999000	 240	 999000	 999	 4.235071e+02	 733.33	 766.67	 48.00	 38	 0.30	 
BMI_bff_119	 1	 4	 208_livnee_zipi.jpg	 4.254928e+02	 12	 999000	 120	 999000	 999	 4.265105e+02	 733.33	 766.67	 3.00	 28	 0.88	 
BMI_bff_119	 1	 4	 120_zuabi_hanin.jpg	 4.294806e+02	 24	 999000	 240	 999000	 999	 4.304983e+02	 733.33	 766.67	 43.00	 20	 0.34	 
BMI_bff_119	 1	 4	 118_yacimovich_shelly.jpg	 4.334850e+02	 12	 999000	 120	 999000	 999	 4.345028e+02	 733.33	 766.67	 8.00	 18	 0.80	 
BMI_bff_119	 1	 4	 302_danon_danny.jpg	 4.374895e+02	 22	 1.016244e+03	 2200	 7.666970e+02	 98	 4.385074e+02	 733.33	 716.67	 50.00	 42	 0.30	 
BMI_bff_119	 1	 4	 104_galon_zahava.jpg	 4.404929e+02	 11	 1.012800e+03	 1100	 7.333716e+02	 98	 4.415113e+02	 683.33	 716.67	 12.00	 4	 0.79	 
BMI_bff_119	 1	 4	 109_michaeli_meirav.jpg	 4.464829e+02	 12	 999000	 120	 999000	 999	 4.475006e+02	 683.33	 716.67	 5.00	 9	 0.85	 
BMI_bff_119	 1	 4	 219_stern_eliezer.jpg	 4.484852e+02	 22	 9.725123e+02	 220	 7.167023e+02	 98	 4.495029e+02	 683.33	 733.33	 45.00	 39	 0.34	 
BMI_bff_119	 1	 4	 307_hazan_oren.jpg	 4.514885e+02	 24	 999000	 240	 999000	 999	 4.525063e+02	 683.33	 733.33	 56.00	 47	 0.15	 
BMI_bff_119	 1	 4	 318_shalom_silvan.jpg	 4.534908e+02	 24	 999000	 240	 999000	 999	 4.545085e+02	 683.33	 733.33	 46.00	 58	 0.33	 
BMI_bff_119	 1	 4	 116_shmuli_itzik.jpg	 4.554930e+02	 11	 8.926984e+02	 110	 6.833627e+02	 98	 4.565107e+02	 700.00	 733.33	 15.00	 16	 0.74	 
BMI_bff_119	 1	 4	 103_cabel_eitan.jpg	 4.574782e+02	 12	 3.234476e+02	 12	 999000	 98	 4.584963e+02	 700.00	 733.33	 11.00	 3	 0.79	 
BMI_bff_119	 1	 4	 112_peretz_amir.jpg	 4.604820e+02	 12	 999000	 120	 999000	 999	 4.614997e+02	 700.00	 733.33	 20.00	 12	 0.67	 
BMI_bff_119	 1	 4	 216_sharom_ariel.jpg	 4.644864e+02	 24	 999000	 240	 999000	 999	 4.655042e+02	 700.00	 733.33	 41.00	 36	 0.36	 
BMI_bff_119	 1	 4	 101_barak_ehud.jpg	 4.664886e+02	 24	 999000	 240	 999000	 999	 4.675064e+02	 700.00	 733.33	 42.00	 1	 0.36	 
BMI_bff_119	 1	 4	 108_khenin_dov.jpg	 4.684908e+02	 12	 999000	 120	 999000	 999	 4.695087e+02	 700.00	 733.33	 21.00	 8	 0.63	 
BMI_bff_119	 1	 4	 315_regev_miri.jpg	 4.704931e+02	 11	 9.885564e+02	 110	 7.000318e+02	 98	 4.715109e+02	 716.67	 733.33	 13.00	 55	 0.76	 
BMI_bff_119	 1	 4	 213_perry_yaakov.jpg	 4.724784e+02	 24	 999000	 240	 999000	 999	 4.734967e+02	 716.67	 733.33	 39.00	 33	 0.36	 
BMI_bff_119	 1	 4	 312_livnat_limor.jpg	 4.744811e+02	 11	 9.926000e+02	 110	 7.166965e+02	 98	 4.754988e+02	 733.33	 733.33	 18.00	 52	 0.71	 
BMI_bff_119	 1	 4	 119_zandberg_tamar.jpg	 4.784855e+02	 12	 999000	 120	 999000	 999	 4.795032e+02	 733.33	 733.33	 14.00	 19	 0.74	 
BMI_bff_119	 1	 4	 211_molla_shlomo.jpg	 4.824900e+02	 24	 999000	 240	 999000	 999	 4.835077e+02	 733.33	 733.33	 54.00	 31	 0.23	 
BMI_bff_119	 1	 4	 110_nachman_shai.jpg	 4.844922e+02	 24	 999000	 240	 999000	 999	 4.855099e+02	 733.33	 733.33	 49.00	 10	 0.30	 
BMI_bff_119	 1	 4	 320_yaalon_moshe.jpg	 4.864945e+02	 12	 999000	 120	 999000	 999	 4.875122e+02	 733.33	 733.33	 19.00	 60	 0.69	 
BMI_bff_119	 1	 4	 115_shimon_peres.jpg	 4.884800e+02	 12	 999000	 120	 999000	 999	 4.894977e+02	 733.33	 733.33	 9.00	 15	 0.80	 
BMI_bff_119	 1	 4	 113_rosenthal_mickey.jpg	 4.904822e+02	 11	 1.007524e+03	 1100	 7.333709e+02	 98	 4.915021e+02	 683.33	 733.33	 7.00	 13	 0.81	 
BMI_bff_119	 1	 4	 304_dicter_abraham.jpg	 4.964890e+02	 22	 1.016768e+03	 2200	 7.333716e+02	 98	 4.975067e+02	 683.33	 683.33	 53.00	 44	 0.27	 
BMI_bff_119	 1	 4	 212_olmert_ehud.jpg	 4.984911e+02	 24	 999000	 240	 999000	 999	 4.995089e+02	 683.33	 683.33	 55.00	 32	 0.22	 
