subjectID	 order	 runNum	 itemName	 onsetTime	 shuff_trialType	 RT	 respInTime	 AudioTime	 response	 fixationTime	 ladder1	 ladder2	 bidIndex	 itemNameIndex	 bidValue	 
BMI_bff_123	 1	 5	 104_galon_zahava.jpg	 5.260384e+02	 12	 999000	 120	 999000	 999	 5.270564e+02	 683.33	 683.33	 4.00	 4	 0.85	 
BMI_bff_123	 1	 5	 314_netanyahu.jpg	 5.290420e+02	 22	 9.604394e+02	 220	 6.833765e+02	 98	 5.300597e+02	 683.33	 700.00	 50.00	 54	 0.25	 
BMI_bff_123	 1	 5	 317_shaked_ayelet.jpg	 5.330315e+02	 12	 999000	 120	 999000	 999	 5.340476e+02	 683.33	 700.00	 3.00	 57	 0.87	 
BMI_bff_123	 1	 5	 316_saar_gidon.jpg	 5.350323e+02	 11	 9.381683e+02	 110	 6.833768e+02	 98	 5.360499e+02	 700.00	 700.00	 15.00	 56	 0.66	 
BMI_bff_123	 1	 5	 301_benet_naftali.jpg	 5.370343e+02	 24	 999000	 240	 999000	 999	 5.380521e+02	 700.00	 700.00	 58.00	 41	 0.10	 
BMI_bff_123	 1	 5	 201_baron_roni.jpg	 5.410387e+02	 24	 999000	 240	 999000	 999	 5.420565e+02	 700.00	 700.00	 49.00	 21	 0.26	 
BMI_bff_123	 1	 5	 118_yacimovich_shelly.jpg	 5.430410e+02	 12	 999000	 120	 999000	 999	 5.440588e+02	 700.00	 700.00	 20.00	 18	 0.60	 
BMI_bff_123	 1	 5	 217_shelach_ofer.jpg	 5.480297e+02	 22	 1.036741e+03	 2200	 7.000316e+02	 98	 5.490478e+02	 700.00	 650.00	 47.00	 37	 0.29	 
BMI_bff_123	 1	 5	 320_yaalon_moshe.jpg	 5.500322e+02	 24	 999000	 240	 999000	 999	 5.510500e+02	 700.00	 650.00	 48.00	 60	 0.27	 
BMI_bff_123	 1	 5	 310_kirshenbaum_faina.jpg	 5.530356e+02	 12	 999000	 120	 999000	 999	 5.540533e+02	 700.00	 650.00	 8.00	 50	 0.82	 
BMI_bff_123	 1	 5	 311_liberman_avigdor.jpg	 5.560391e+02	 22	 8.833436e+02	 220	 6.500266e+02	 98	 5.570568e+02	 700.00	 666.67	 45.00	 51	 0.36	 
BMI_bff_123	 1	 5	 308_hotovely_tzipi.jpg	 5.600434e+02	 12	 999000	 120	 999000	 999	 5.610612e+02	 700.00	 666.67	 22.00	 48	 0.58	 
BMI_bff_123	 1	 5	 119_zandberg_tamar.jpg	 5.630299e+02	 11	 9.485390e+02	 110	 7.000326e+02	 98	 5.640479e+02	 716.67	 666.67	 7.00	 19	 0.82	 
BMI_bff_123	 1	 5	 220_tamnu_shata_penina.jpg	 5.650324e+02	 12	 999000	 120	 999000	 999	 5.660503e+02	 716.67	 666.67	 5.00	 40	 0.83	 
BMI_bff_123	 1	 5	 105_gilon_ilan.jpg	 5.680357e+02	 24	 999000	 240	 999000	 999	 5.690535e+02	 716.67	 666.67	 41.00	 5	 0.39	 
BMI_bff_123	 1	 5	 114_shafir_stav.jpg	 5.720403e+02	 12	 999000	 120	 999000	 999	 5.730581e+02	 716.67	 666.67	 6.00	 14	 0.83	 
BMI_bff_123	 1	 5	 205_german_yael.jpg	 5.750436e+02	 12	 999000	 120	 999000	 999	 5.760614e+02	 716.67	 666.67	 9.00	 25	 0.80	 
BMI_bff_123	 1	 5	 102_beneliezer_binyamin.jpg	 5.770459e+02	 24	 999000	 240	 999000	 999	 5.780636e+02	 716.67	 666.67	 43.00	 2	 0.37	 
BMI_bff_123	 1	 5	 117_tibi_ahmed.jpg	 5.790312e+02	 24	 999000	 240	 999000	 999	 5.800493e+02	 716.67	 666.67	 55.00	 17	 0.21	 
BMI_bff_123	 1	 5	 208_livnee_zipi.jpg	 5.840370e+02	 11	 1.109435e+03	 1100	 7.166969e+02	 98	 5.850548e+02	 666.67	 666.67	 12.00	 28	 0.72	 
BMI_bff_123	 1	 5	 116_shmuli_itzik.jpg	 5.880416e+02	 12	 999000	 120	 999000	 999	 5.890593e+02	 666.67	 666.67	 17.00	 16	 0.64	 
BMI_bff_123	 1	 5	 215_rozbozov_yoel.jpg	 5.920461e+02	 11	 8.843293e+02	 110	 6.667006e+02	 98	 5.930640e+02	 683.33	 666.67	 18.00	 35	 0.63	 
BMI_bff_123	 1	 5	 318_shalom_silvan.jpg	 5.980361e+02	 24	 999000	 240	 999000	 999	 5.990538e+02	 683.33	 666.67	 39.00	 58	 0.43	 
BMI_bff_123	 1	 5	 111_odeh_aiman.jpg	 6.000383e+02	 24	 999000	 240	 999000	 999	 6.010561e+02	 683.33	 666.67	 40.00	 11	 0.40	 
BMI_bff_123	 1	 5	 207_lapid_yair.jpg	 6.020406e+02	 11	 9.217831e+02	 110	 6.833630e+02	 98	 6.030585e+02	 700.00	 666.67	 13.00	 27	 0.70	 
BMI_bff_123	 1	 5	 315_regev_miri.jpg	 6.040428e+02	 12	 999000	 120	 999000	 999	 6.050606e+02	 700.00	 666.67	 11.00	 55	 0.73	 
BMI_bff_123	 1	 5	 216_sharom_ariel.jpg	 6.060451e+02	 24	 999000	 240	 999000	 999	 6.070629e+02	 700.00	 666.67	 51.00	 36	 0.25	 
BMI_bff_123	 1	 5	 211_molla_shlomo.jpg	 6.100329e+02	 12	 999000	 120	 999000	 999	 6.110508e+02	 700.00	 666.67	 21.00	 31	 0.59	 
BMI_bff_123	 1	 5	 113_rosenthal_mickey.jpg	 6.120351e+02	 12	 999000	 120	 999000	 999	 6.130529e+02	 700.00	 666.67	 19.00	 13	 0.62	 
BMI_bff_123	 1	 5	 302_danon_danny.jpg	 6.160396e+02	 12	 999000	 120	 999000	 999	 6.170574e+02	 700.00	 666.67	 14.00	 42	 0.69	 
BMI_bff_123	 1	 5	 309_katz_yisrael.jpg	 6.180420e+02	 22	 9.524620e+02	 220	 6.667027e+02	 98	 6.190597e+02	 700.00	 683.33	 52.00	 49	 0.25	 
BMI_bff_123	 1	 5	 206_itzik_dalia.jpg	 6.200441e+02	 11	 9.903407e+02	 110	 7.000331e+02	 98	 6.210621e+02	 716.67	 683.33	 10.00	 26	 0.79	 
BMI_bff_123	 1	 5	 107_horowitz_nitzan.jpg	 6.220464e+02	 24	 999000	 240	 999000	 999	 6.230642e+02	 716.67	 683.33	 54.00	 7	 0.23	 
BMI_bff_123	 1	 5	 120_zuabi_hanin.jpg	 6.270353e+02	 22	 9.350858e+02	 220	 6.833703e+02	 98	 6.280531e+02	 716.67	 700.00	 44.00	 20	 0.37	 
BMI_bff_123	 1	 5	 306_gafni_moshe.jpg	 6.290376e+02	 22	 1.124809e+03	 2200	 7.000278e+02	 98	 6.300553e+02	 716.67	 650.00	 53.00	 46	 0.24	 
BMI_bff_123	 1	 5	 101_barak_ehud.jpg	 6.310398e+02	 24	 999000	 240	 999000	 999	 6.320576e+02	 716.67	 650.00	 46.00	 1	 0.31	 
BMI_bff_123	 1	 5	 204_galant_yoav.jpg	 6.340433e+02	 24	 999000	 240	 999000	 999	 6.350609e+02	 716.67	 650.00	 56.00	 24	 0.13	 
BMI_bff_123	 1	 5	 110_nachman_shai.jpg	 6.410344e+02	 24	 999000	 240	 999000	 999	 6.420521e+02	 716.67	 650.00	 42.00	 10	 0.39	 
BMI_bff_123	 1	 5	 203_cohen_meir.jpg	 6.450388e+02	 12	 999000	 120	 999000	 999	 6.460566e+02	 716.67	 650.00	 16.00	 23	 0.65	 
BMI_bff_123	 1	 5	 212_olmert_ehud.jpg	 6.520468e+02	 24	 999000	 240	 999000	 999	 6.530645e+02	 716.67	 650.00	 57.00	 32	 0.10	 
