subjectID	 order	 runNum	 itemName	 onsetTime	 shuff_trialType	 RT	 respInTime	 AudioTime	 response	 fixationTime	 ladder1	 ladder2	 bidIndex	 itemNameIndex	 bidValue	 
BMI_bff_103	 1	 6	 113_rosenthal_mickey.jpg	 6.863161e+02	 12	 999000	 120	 999000	 999	 6.873338e+02	 783.33	 716.67	 8.00	 13	 0.78	 
BMI_bff_103	 1	 6	 207_lapid_yair.jpg	 6.913048e+02	 12	 999000	 120	 999000	 999	 6.923227e+02	 783.33	 716.67	 3.00	 27	 0.86	 
BMI_bff_103	 1	 6	 110_nachman_shai.jpg	 6.933072e+02	 24	 999000	 240	 999000	 999	 6.943250e+02	 783.33	 716.67	 46.00	 10	 0.33	 
BMI_bff_103	 1	 6	 304_dicter_abraham.jpg	 6.953095e+02	 11	 1.020263e+03	 1100	 7.833784e+02	 98	 6.963273e+02	 733.33	 716.67	 10.00	 44	 0.78	 
BMI_bff_103	 1	 6	 210_mofaz_shaul.jpg	 7.013162e+02	 11	 9.735618e+02	 110	 7.333622e+02	 98	 7.023340e+02	 750.00	 716.67	 18.00	 30	 0.63	 
BMI_bff_103	 1	 6	 202_cahlon_moshe.jpg	 7.033185e+02	 11	 9.392028e+02	 110	 7.500334e+02	 98	 7.043362e+02	 766.67	 716.67	 7.00	 22	 0.80	 
BMI_bff_103	 1	 6	 318_shalom_silvan.jpg	 7.063052e+02	 22	 9.365616e+02	 220	 7.167195e+02	 98	 7.073229e+02	 766.67	 733.33	 44.00	 58	 0.33	 
BMI_bff_103	 1	 6	 105_gilon_ilan.jpg	 7.083074e+02	 24	 999000	 240	 999000	 999	 7.093251e+02	 766.67	 733.33	 54.00	 5	 0.18	 
BMI_bff_103	 1	 6	 216_sharom_ariel.jpg	 7.123119e+02	 12	 999000	 120	 999000	 999	 7.133296e+02	 766.67	 733.33	 21.00	 36	 0.63	 
BMI_bff_103	 1	 6	 104_galon_zahava.jpg	 7.143142e+02	 22	 9.835912e+02	 220	 7.333726e+02	 98	 7.153321e+02	 766.67	 750.00	 53.00	 4	 0.22	 
BMI_bff_103	 1	 6	 116_shmuli_itzik.jpg	 7.193198e+02	 12	 999000	 120	 999000	 999	 7.203375e+02	 766.67	 750.00	 5.00	 16	 0.81	 
BMI_bff_103	 1	 6	 317_shaked_ayelet.jpg	 7.263110e+02	 12	 999000	 120	 999000	 999	 7.273287e+02	 766.67	 750.00	 14.00	 57	 0.72	 
BMI_bff_103	 1	 6	 114_shafir_stav.jpg	 7.283132e+02	 12	 999000	 120	 999000	 999	 7.293309e+02	 766.67	 750.00	 9.00	 14	 0.78	 
BMI_bff_103	 1	 6	 117_tibi_ahmed.jpg	 7.313165e+02	 24	 999000	 240	 999000	 999	 7.323344e+02	 766.67	 750.00	 57.00	 17	 0.15	 
BMI_bff_103	 1	 6	 204_galant_yoav.jpg	 7.343199e+02	 12	 999000	 120	 999000	 999	 7.353377e+02	 766.67	 750.00	 22.00	 24	 0.61	 
BMI_bff_103	 1	 6	 305_erdan_gilad.jpg	 7.383078e+02	 24	 999000	 240	 999000	 999	 7.393257e+02	 766.67	 750.00	 42.00	 45	 0.35	 
BMI_bff_103	 1	 6	 205_german_yael.jpg	 7.423122e+02	 12	 999000	 120	 999000	 999	 7.433301e+02	 766.67	 750.00	 6.00	 25	 0.81	 
BMI_bff_103	 1	 6	 215_rozbozov_yoel.jpg	 7.463167e+02	 11	 1.005046e+03	 1100	 7.666960e+02	 98	 7.473347e+02	 716.67	 750.00	 13.00	 35	 0.76	 
BMI_bff_103	 1	 6	 103_cabel_eitan.jpg	 7.493201e+02	 12	 999000	 120	 999000	 999	 7.503378e+02	 716.67	 750.00	 19.00	 3	 0.63	 
BMI_bff_103	 1	 6	 219_stern_eliezer.jpg	 7.553102e+02	 12	 999000	 120	 999000	 999	 7.563280e+02	 716.67	 750.00	 16.00	 39	 0.65	 
BMI_bff_103	 1	 6	 315_regev_miri.jpg	 7.573125e+02	 12	 999000	 120	 999000	 999	 7.583302e+02	 716.67	 750.00	 17.00	 55	 0.63	 
BMI_bff_103	 1	 6	 108_khenin_dov.jpg	 7.603158e+02	 24	 999000	 240	 999000	 999	 7.613336e+02	 716.67	 750.00	 58.00	 8	 0.11	 
BMI_bff_103	 1	 6	 119_zandberg_tamar.jpg	 7.623180e+02	 24	 999000	 240	 999000	 999	 7.633358e+02	 716.67	 750.00	 51.00	 19	 0.25	 
BMI_bff_103	 1	 6	 106_herzog_yitzhak.jpg	 7.643203e+02	 12	 999000	 120	 999000	 999	 7.653382e+02	 716.67	 750.00	 4.00	 6	 0.82	 
BMI_bff_103	 1	 6	 212_olmert_ehud.jpg	 7.663060e+02	 22	 9.997767e+02	 220	 7.500339e+02	 98	 7.673238e+02	 716.67	 766.67	 52.00	 32	 0.24	 
BMI_bff_103	 1	 6	 102_beneliezer_binyamin.jpg	 7.693093e+02	 24	 999000	 240	 999000	 999	 7.703270e+02	 716.67	 766.67	 48.00	 2	 0.31	 
BMI_bff_103	 1	 6	 312_livnat_limor.jpg	 7.733137e+02	 24	 999000	 240	 999000	 999	 7.743315e+02	 716.67	 766.67	 49.00	 52	 0.31	 
BMI_bff_103	 1	 6	 309_katz_yisrael.jpg	 7.753159e+02	 22	 1.013830e+03	 2200	 7.666999e+02	 98	 7.763350e+02	 716.67	 716.67	 47.00	 49	 0.32	 
BMI_bff_103	 1	 6	 319_steinitz_yuval.jpg	 7.773183e+02	 24	 999000	 240	 999000	 999	 7.783359e+02	 716.67	 716.67	 56.00	 59	 0.18	 
BMI_bff_103	 1	 6	 303_deri_arye.jpg	 7.793205e+02	 24	 999000	 240	 999000	 999	 7.803382e+02	 716.67	 716.67	 41.00	 43	 0.36	 
BMI_bff_103	 1	 6	 217_shelach_ofer.jpg	 7.813061e+02	 12	 999000	 120	 999000	 999	 7.823238e+02	 716.67	 716.67	 11.00	 37	 0.77	 
BMI_bff_103	 1	 6	 320_yaalon_moshe.jpg	 7.833083e+02	 12	 999000	 120	 999000	 999	 7.843260e+02	 716.67	 716.67	 20.00	 60	 0.63	 
BMI_bff_103	 1	 6	 306_gafni_moshe.jpg	 7.873128e+02	 24	 999000	 240	 999000	 999	 7.883306e+02	 716.67	 716.67	 40.00	 46	 0.37	 
BMI_bff_103	 1	 6	 214_piron_shai.jpg	 7.913172e+02	 11	 9.325383e+02	 110	 7.167011e+02	 98	 7.923351e+02	 733.33	 716.67	 15.00	 34	 0.70	 
BMI_bff_103	 1	 6	 220_tamnu_shata_penina.jpg	 7.933195e+02	 11	 9.142174e+02	 110	 7.333713e+02	 98	 7.943373e+02	 750.00	 716.67	 12.00	 40	 0.76	 
BMI_bff_103	 1	 6	 109_michaeli_meirav.jpg	 7.953048e+02	 22	 8.969376e+02	 220	 7.166958e+02	 98	 7.963228e+02	 750.00	 733.33	 50.00	 9	 0.30	 
BMI_bff_103	 1	 6	 218_shitrit_meir.jpg	 7.973073e+02	 22	 9.184445e+02	 220	 7.333904e+02	 98	 7.983252e+02	 750.00	 750.00	 45.00	 38	 0.33	 
BMI_bff_103	 1	 6	 310_kirshenbaum_faina.jpg	 7.993095e+02	 24	 999000	 240	 999000	 999	 8.003273e+02	 750.00	 750.00	 39.00	 50	 0.37	 
BMI_bff_103	 1	 6	 307_hazan_oren.jpg	 8.053164e+02	 24	 999000	 240	 999000	 999	 8.063341e+02	 750.00	 750.00	 55.00	 47	 0.18	 
BMI_bff_103	 1	 6	 314_netanyahu.jpg	 8.073186e+02	 24	 999000	 240	 999000	 999	 8.083363e+02	 750.00	 750.00	 43.00	 54	 0.35	 
