subjectID	 order	 runNum	 itemName	 onsetTime	 shuff_trialType	 RT	 respInTime	 AudioTime	 response	 fixationTime	 ladder1	 ladder2	 bidIndex	 itemNameIndex	 bidValue	 
BMI_bff_121	 1	 18	 303_deri_arye.jpg	 2.114655e+03	 12	 999000	 120	 999000	 999	 2.115673e+03	 583.33	 583.33	 21.00	 43	 0.58	 
BMI_bff_121	 1	 18	 115_shimon_peres.jpg	 2.117658e+03	 24	 999000	 240	 999000	 999	 2.118676e+03	 583.33	 583.33	 57.00	 15	 0.14	 
BMI_bff_121	 1	 18	 311_liberman_avigdor.jpg	 2.121646e+03	 12	 999000	 120	 999000	 999	 2.122664e+03	 583.33	 583.33	 17.00	 51	 0.63	 
BMI_bff_121	 1	 18	 108_khenin_dov.jpg	 2.123648e+03	 22	 9.047569e+02	 220	 5.833811e+02	 98	 2.124666e+03	 583.33	 600.00	 50.00	 8	 0.27	 
BMI_bff_121	 1	 18	 206_itzik_dalia.jpg	 2.125651e+03	 12	 999000	 120	 999000	 999	 2.126668e+03	 583.33	 600.00	 9.00	 26	 0.77	 
BMI_bff_121	 1	 18	 102_beneliezer_binyamin.jpg	 2.129655e+03	 24	 999000	 240	 999000	 999	 2.130673e+03	 583.33	 600.00	 55.00	 2	 0.22	 
BMI_bff_121	 1	 18	 208_livnee_zipi.jpg	 2.131657e+03	 24	 999000	 240	 999000	 999	 2.132675e+03	 583.33	 600.00	 49.00	 28	 0.27	 
BMI_bff_121	 1	 18	 309_katz_yisrael.jpg	 2.136646e+03	 24	 999000	 240	 999000	 999	 2.137664e+03	 583.33	 600.00	 42.00	 49	 0.40	 
BMI_bff_121	 1	 18	 118_yacimovich_shelly.jpg	 2.138649e+03	 12	 999000	 120	 999000	 999	 2.139666e+03	 583.33	 600.00	 16.00	 18	 0.66	 
BMI_bff_121	 1	 18	 307_hazan_oren.jpg	 2.141652e+03	 24	 999000	 240	 999000	 999	 2.142670e+03	 583.33	 600.00	 58.00	 47	 0.09	 
BMI_bff_121	 1	 18	 211_molla_shlomo.jpg	 2.144655e+03	 12	 999000	 120	 999000	 999	 2.145673e+03	 583.33	 600.00	 5.00	 31	 0.82	 
BMI_bff_121	 1	 18	 207_lapid_yair.jpg	 2.148660e+03	 12	 999000	 120	 999000	 999	 2.149678e+03	 583.33	 600.00	 4.00	 27	 0.83	 
BMI_bff_121	 1	 18	 114_shafir_stav.jpg	 2.151647e+03	 11	 9.067234e+02	 110	 5.833785e+02	 98	 2.152664e+03	 600.00	 600.00	 10.00	 14	 0.73	 
BMI_bff_121	 1	 18	 315_regev_miri.jpg	 2.153649e+03	 12	 999000	 120	 999000	 999	 2.154667e+03	 600.00	 600.00	 14.00	 55	 0.68	 
BMI_bff_121	 1	 18	 320_yaalon_moshe.jpg	 2.156652e+03	 22	 9.890623e+02	 220	 6.000308e+02	 98	 2.157670e+03	 600.00	 616.67	 45.00	 60	 0.35	 
BMI_bff_121	 1	 18	 317_shaked_ayelet.jpg	 2.160657e+03	 12	 999000	 120	 999000	 999	 2.161674e+03	 600.00	 616.67	 6.00	 57	 0.81	 
BMI_bff_121	 1	 18	 116_shmuli_itzik.jpg	 2.163660e+03	 12	 999000	 120	 999000	 999	 2.164678e+03	 600.00	 616.67	 22.00	 16	 0.57	 
BMI_bff_121	 1	 18	 202_cahlon_moshe.jpg	 2.165646e+03	 11	 9.795693e+02	 110	 6.000276e+02	 98	 2.166664e+03	 616.67	 616.67	 7.00	 22	 0.80	 
BMI_bff_121	 1	 18	 105_gilon_ilan.jpg	 2.167648e+03	 24	 999000	 240	 999000	 999	 2.168666e+03	 616.67	 616.67	 48.00	 5	 0.28	 
BMI_bff_121	 1	 18	 209_mitzna_amram.jpg	 2.172653e+03	 24	 999000	 240	 999000	 999	 2.173671e+03	 616.67	 616.67	 54.00	 29	 0.23	 
BMI_bff_121	 1	 18	 318_shalom_silvan.jpg	 2.176658e+03	 24	 999000	 240	 999000	 999	 2.177676e+03	 616.67	 616.67	 43.00	 58	 0.37	 
BMI_bff_121	 1	 18	 113_rosenthal_mickey.jpg	 2.180646e+03	 22	 1.003346e+03	 2200	 6.166972e+02	 98	 2.181664e+03	 616.67	 566.67	 53.00	 13	 0.24	 
BMI_bff_121	 1	 18	 106_herzog_yitzhak.jpg	 2.186653e+03	 12	 999000	 120	 999000	 999	 2.187670e+03	 616.67	 566.67	 8.00	 6	 0.80	 
BMI_bff_121	 1	 18	 306_gafni_moshe.jpg	 2.188655e+03	 24	 999000	 240	 999000	 999	 2.189673e+03	 616.67	 566.67	 56.00	 46	 0.19	 
BMI_bff_121	 1	 18	 107_horowitz_nitzan.jpg	 2.190657e+03	 24	 999000	 240	 999000	 999	 2.191675e+03	 616.67	 566.67	 40.00	 7	 0.43	 
BMI_bff_121	 1	 18	 204_galant_yoav.jpg	 2.192659e+03	 11	 9.738681e+02	 110	 6.167067e+02	 98	 2.193677e+03	 633.33	 566.67	 13.00	 24	 0.68	 
BMI_bff_121	 1	 18	 112_peretz_amir.jpg	 2.194645e+03	 24	 999000	 240	 999000	 999	 2.195663e+03	 633.33	 566.67	 39.00	 12	 0.44	 
BMI_bff_121	 1	 18	 205_german_yael.jpg	 2.198649e+03	 24	 999000	 240	 999000	 999	 2.199667e+03	 633.33	 566.67	 41.00	 25	 0.42	 
BMI_bff_121	 1	 18	 103_cabel_eitan.jpg	 2.200652e+03	 22	 1.157659e+03	 2200	 5.667035e+02	 98	 2.201669e+03	 633.33	 516.67	 44.00	 3	 0.37	 
BMI_bff_121	 1	 18	 101_barak_ehud.jpg	 2.204656e+03	 11	 1.009130e+03	 1100	 6.333699e+02	 98	 2.205676e+03	 583.33	 516.67	 15.00	 1	 0.66	 
BMI_bff_121	 1	 18	 302_danon_danny.jpg	 2.206658e+03	 12	 999000	 120	 999000	 999	 2.207676e+03	 583.33	 516.67	 20.00	 42	 0.59	 
BMI_bff_121	 1	 18	 312_livnat_limor.jpg	 2.208644e+03	 12	 999000	 120	 999000	 999	 2.209662e+03	 583.33	 516.67	 19.00	 52	 0.62	 
BMI_bff_121	 1	 18	 316_saar_gidon.jpg	 2.210646e+03	 11	 8.830867e+02	 110	 5.833620e+02	 98	 2.211664e+03	 600.00	 516.67	 12.00	 56	 0.69	 
BMI_bff_121	 1	 18	 215_rozbozov_yoel.jpg	 2.215652e+03	 11	 9.894801e+02	 110	 6.000339e+02	 98	 2.216670e+03	 616.67	 516.67	 18.00	 35	 0.63	 
BMI_bff_121	 1	 18	 219_stern_eliezer.jpg	 2.217654e+03	 12	 999000	 120	 999000	 999	 2.218672e+03	 616.67	 516.67	 11.00	 39	 0.70	 
BMI_bff_121	 1	 18	 218_shitrit_meir.jpg	 2.219656e+03	 24	 999000	 240	 999000	 999	 2.220674e+03	 616.67	 516.67	 51.00	 38	 0.26	 
BMI_bff_121	 1	 18	 213_perry_yaakov.jpg	 2.222660e+03	 24	 999000	 240	 999000	 999	 2.223677e+03	 616.67	 516.67	 46.00	 33	 0.30	 
BMI_bff_121	 1	 18	 110_nachman_shai.jpg	 2.229651e+03	 22	 8.943999e+02	 220	 5.167069e+02	 98	 2.230669e+03	 616.67	 533.33	 47.00	 10	 0.29	 
BMI_bff_121	 1	 18	 313_lizman_yaakov.jpg	 2.233655e+03	 22	 9.059018e+02	 220	 5.333682e+02	 98	 2.234673e+03	 616.67	 550.00	 52.00	 53	 0.26	 
BMI_bff_121	 1	 18	 301_benet_naftali.jpg	 2.240647e+03	 12	 999000	 120	 999000	 999	 2.241664e+03	 616.67	 550.00	 3.00	 41	 0.86	 
