subjectID	 order	 runNum	 itemName	 onsetTime	 shuff_trialType	 RT	 respInTime	 AudioTime	 response	 fixationTime	 ladder1	 ladder2	 bidIndex	 itemNameIndex	 bidValue	 
BMI_bff_119	 1	 20	 110_nachman_shai.jpg	 2.410367e+03	 24	 999000	 240	 999000	 999	 2.411385e+03	 716.67	 783.33	 49.00	 10	 0.30	 
BMI_bff_119	 1	 20	 306_gafni_moshe.jpg	 2.415373e+03	 24	 999000	 240	 999000	 999	 2.416391e+03	 716.67	 783.33	 58.00	 46	 0.11	 
BMI_bff_119	 1	 20	 318_shalom_silvan.jpg	 2.417358e+03	 24	 999000	 240	 999000	 999	 2.418376e+03	 716.67	 783.33	 46.00	 58	 0.33	 
BMI_bff_119	 1	 20	 207_lapid_yair.jpg	 2.419361e+03	 12	 999000	 120	 999000	 999	 2.420379e+03	 716.67	 783.33	 17.00	 27	 0.72	 
BMI_bff_119	 1	 20	 304_dicter_abraham.jpg	 2.425367e+03	 22	 9.462146e+02	 220	 7.833828e+02	 98	 2.426385e+03	 716.67	 800.00	 53.00	 44	 0.27	 
BMI_bff_119	 1	 20	 112_peretz_amir.jpg	 2.427370e+03	 12	 999000	 120	 999000	 999	 2.428388e+03	 716.67	 800.00	 20.00	 12	 0.67	 
BMI_bff_119	 1	 20	 116_shmuli_itzik.jpg	 2.430373e+03	 11	 8.525169e+02	 110	 7.167046e+02	 98	 2.431391e+03	 733.33	 800.00	 15.00	 16	 0.74	 
BMI_bff_119	 1	 20	 108_khenin_dov.jpg	 2.432358e+03	 12	 999000	 120	 999000	 999	 2.433376e+03	 733.33	 800.00	 21.00	 8	 0.63	 
BMI_bff_119	 1	 20	 319_steinitz_yuval.jpg	 2.436363e+03	 22	 9.825765e+02	 220	 8.000364e+02	 98	 2.437381e+03	 733.33	 816.67	 52.00	 59	 0.27	 
BMI_bff_119	 1	 20	 104_galon_zahava.jpg	 2.438365e+03	 11	 8.683340e+02	 110	 7.333678e+02	 98	 2.439383e+03	 750.00	 816.67	 12.00	 4	 0.79	 
BMI_bff_119	 1	 20	 308_hotovely_tzipi.jpg	 2.443371e+03	 24	 999000	 240	 999000	 999	 2.444389e+03	 750.00	 816.67	 57.00	 48	 0.14	 
BMI_bff_119	 1	 20	 313_lizman_yaakov.jpg	 2.450362e+03	 22	 5.675278e+02	 22	 8.166994e+02	 98	 2.451380e+03	 750.00	 833.33	 44.00	 53	 0.34	 
BMI_bff_119	 1	 20	 209_mitzna_amram.jpg	 2.452364e+03	 12	 999000	 120	 999000	 999	 2.453382e+03	 750.00	 833.33	 22.00	 29	 0.59	 
BMI_bff_119	 1	 20	 312_livnat_limor.jpg	 2.455368e+03	 11	 8.418619e+02	 110	 7.500291e+02	 98	 2.456386e+03	 766.67	 833.33	 18.00	 52	 0.71	 
BMI_bff_119	 1	 20	 109_michaeli_meirav.jpg	 2.458371e+03	 12	 999000	 120	 999000	 999	 2.459389e+03	 766.67	 833.33	 5.00	 9	 0.85	 
BMI_bff_119	 1	 20	 103_cabel_eitan.jpg	 2.462359e+03	 12	 999000	 120	 999000	 999	 2.463377e+03	 766.67	 833.33	 11.00	 3	 0.79	 
BMI_bff_119	 1	 20	 107_horowitz_nitzan.jpg	 2.466363e+03	 12	 999000	 120	 999000	 999	 2.467381e+03	 766.67	 833.33	 6.00	 7	 0.84	 
BMI_bff_119	 1	 20	 206_hasson_israel.JPG	 2.470368e+03	 24	 999000	 240	 999000	 999	 2.471386e+03	 766.67	 833.33	 51.00	 26	 0.28	 
BMI_bff_119	 1	 20	 316_saar_gidon.jpg	 2.473371e+03	 22	 1.014417e+03	 2200	 8.333725e+02	 98	 2.474390e+03	 766.67	 783.33	 47.00	 56	 0.32	 
BMI_bff_119	 1	 20	 216_sharom_ariel.jpg	 2.479362e+03	 24	 999000	 240	 999000	 999	 2.480379e+03	 766.67	 783.33	 41.00	 36	 0.36	 
BMI_bff_119	 1	 20	 307_hazan_oren.jpg	 2.481364e+03	 24	 999000	 240	 999000	 999	 2.482381e+03	 766.67	 783.33	 56.00	 47	 0.15	 
BMI_bff_119	 1	 20	 208_livnee_zipi.jpg	 2.484367e+03	 12	 999000	 120	 999000	 999	 2.485385e+03	 766.67	 783.33	 3.00	 28	 0.88	 
BMI_bff_119	 1	 20	 211_molla_shlomo.jpg	 2.486369e+03	 24	 999000	 240	 999000	 999	 2.487387e+03	 766.67	 783.33	 54.00	 31	 0.23	 
BMI_bff_119	 1	 20	 213_perry_yaakov.jpg	 2.488371e+03	 24	 999000	 240	 999000	 999	 2.489389e+03	 766.67	 783.33	 39.00	 33	 0.36	 
BMI_bff_119	 1	 20	 101_barak_ehud.jpg	 2.490374e+03	 24	 999000	 240	 999000	 999	 2.491391e+03	 766.67	 783.33	 42.00	 1	 0.36	 
BMI_bff_119	 1	 20	 119_zandberg_tamar.jpg	 2.493360e+03	 12	 999000	 120	 999000	 999	 2.494378e+03	 766.67	 783.33	 14.00	 19	 0.74	 
BMI_bff_119	 1	 20	 120_zuabi_hanin.jpg	 2.497365e+03	 24	 999000	 240	 999000	 999	 2.498383e+03	 766.67	 783.33	 43.00	 20	 0.34	 
BMI_bff_119	 1	 20	 218_shitrit_meir.jpg	 2.499367e+03	 24	 999000	 240	 999000	 999	 2.500385e+03	 766.67	 783.33	 48.00	 38	 0.30	 
BMI_bff_119	 1	 20	 118_yacimovich_shelly.jpg	 2.501369e+03	 12	 999000	 120	 999000	 999	 2.502387e+03	 766.67	 783.33	 8.00	 18	 0.80	 
BMI_bff_119	 1	 20	 113_rosenthal_mickey.jpg	 2.503372e+03	 11	 1.006201e+03	 1100	 7.667038e+02	 98	 2.504389e+03	 716.67	 783.33	 7.00	 13	 0.81	 
BMI_bff_119	 1	 20	 115_shimon_peres.jpg	 2.505374e+03	 12	 999000	 120	 999000	 999	 2.506392e+03	 716.67	 783.33	 9.00	 15	 0.80	 
BMI_bff_119	 1	 20	 310_kirshenbaum_faina.jpg	 2.507359e+03	 24	 999000	 240	 999000	 999	 2.508377e+03	 716.67	 783.33	 40.00	 50	 0.36	 
BMI_bff_119	 1	 20	 219_stern_eliezer.jpg	 2.511364e+03	 22	 7.817097e+02	 22	 7.833651e+02	 98	 2.512382e+03	 716.67	 800.00	 45.00	 39	 0.34	 
BMI_bff_119	 1	 20	 212_olmert_ehud.jpg	 2.515368e+03	 24	 999000	 240	 999000	 999	 2.516386e+03	 716.67	 800.00	 55.00	 32	 0.22	 
BMI_bff_119	 1	 20	 203_cohen_meir.jpg	 2.517371e+03	 12	 999000	 120	 999000	 999	 2.518388e+03	 716.67	 800.00	 16.00	 23	 0.72	 
BMI_bff_119	 1	 20	 315_regev_miri.jpg	 2.519373e+03	 11	 5.728436e+02	 11	 7.167025e+02	 98	 2.520391e+03	 733.33	 800.00	 13.00	 55	 0.76	 
BMI_bff_119	 1	 20	 202_cahlon_moshe.jpg	 2.521375e+03	 11	 6.905170e+02	 11	 7.333772e+02	 98	 2.522393e+03	 750.00	 800.00	 10.00	 22	 0.80	 
BMI_bff_119	 1	 20	 302_danon_danny.jpg	 2.523361e+03	 22	 9.928957e+02	 220	 8.000280e+02	 98	 2.524378e+03	 750.00	 816.67	 50.00	 42	 0.30	 
BMI_bff_119	 1	 20	 320_yaalon_moshe.jpg	 2.529367e+03	 12	 999000	 120	 999000	 999	 2.530387e+03	 750.00	 816.67	 19.00	 60	 0.69	 
BMI_bff_119	 1	 20	 205_german_yael.jpg	 2.531370e+03	 12	 999000	 120	 999000	 999	 2.532387e+03	 750.00	 816.67	 4.00	 25	 0.85	 
