subjectID	 order	 runNum	 itemName	 onsetTime	 shuff_trialType	 RT	 respInTime	 AudioTime	 response	 fixationTime	 ladder1	 ladder2	 bidIndex	 itemNameIndex	 bidValue	 
BMI_bff_120	 2	 17	 220_tamnu_shata_penina.jpg	 2.098782e+03	 22	 3.559422e+02	 22	 6.833946e+02	 98	 2.099800e+03	 616.67	 700.00	 51.00	 40	 0.27	 
BMI_bff_120	 2	 17	 315_regev_miri.jpg	 2.101786e+03	 24	 999000	 240	 999000	 999	 2.102803e+03	 616.67	 700.00	 41.00	 55	 0.37	 
BMI_bff_120	 2	 17	 101_barak_ehud.jpg	 2.105773e+03	 11	 9.006891e+02	 110	 6.167180e+02	 98	 2.106791e+03	 633.33	 700.00	 11.00	 1	 0.71	 
BMI_bff_120	 2	 17	 119_zandberg_tamar.jpg	 2.107776e+03	 24	 999000	 240	 999000	 999	 2.108794e+03	 633.33	 700.00	 55.00	 19	 0.15	 
BMI_bff_120	 2	 17	 309_katz_yisrael.jpg	 2.109778e+03	 12	 999000	 120	 999000	 999	 2.110796e+03	 633.33	 700.00	 20.00	 49	 0.63	 
BMI_bff_120	 2	 17	 316_saar_gidon.jpg	 2.113782e+03	 11	 8.436763e+02	 110	 6.333707e+02	 98	 2.114800e+03	 650.00	 700.00	 8.00	 56	 0.81	 
BMI_bff_120	 2	 17	 217_shelach_ofer.jpg	 2.115785e+03	 12	 999000	 120	 999000	 999	 2.116802e+03	 650.00	 700.00	 19.00	 37	 0.64	 
BMI_bff_120	 2	 17	 204_galant_yoav.jpg	 2.120774e+03	 12	 999000	 120	 999000	 999	 2.121791e+03	 650.00	 700.00	 4.00	 24	 0.87	 
BMI_bff_120	 2	 17	 207_lapid_yair.jpg	 2.122776e+03	 12	 999000	 120	 999000	 999	 2.123794e+03	 650.00	 700.00	 6.00	 27	 0.83	 
BMI_bff_120	 2	 17	 317_shaked_ayelet.jpg	 2.125779e+03	 11	 9.509358e+02	 110	 6.500408e+02	 98	 2.126797e+03	 666.67	 700.00	 17.00	 57	 0.67	 
BMI_bff_120	 2	 17	 210_mofaz_shaul.jpg	 2.128783e+03	 12	 999000	 120	 999000	 999	 2.129800e+03	 666.67	 700.00	 7.00	 30	 0.83	 
BMI_bff_120	 2	 17	 307_hazan_oren.jpg	 2.132770e+03	 22	 1.000033e+03	 2200	 7.000364e+02	 98	 2.133789e+03	 666.67	 650.00	 49.00	 47	 0.28	 
BMI_bff_120	 2	 17	 312_livnat_limor.jpg	 2.135774e+03	 22	 9.883296e+02	 220	 6.500302e+02	 98	 2.136792e+03	 666.67	 666.67	 46.00	 52	 0.30	 
BMI_bff_120	 2	 17	 108_khenin_dov.jpg	 2.137776e+03	 24	 999000	 240	 999000	 999	 2.138794e+03	 666.67	 666.67	 53.00	 8	 0.17	 
BMI_bff_120	 2	 17	 110_nachman_shai.jpg	 2.140779e+03	 24	 999000	 240	 999000	 999	 2.141797e+03	 666.67	 666.67	 45.00	 10	 0.31	 
BMI_bff_120	 2	 17	 314_netanyahu.jpg	 2.144784e+03	 24	 999000	 240	 999000	 999	 2.145802e+03	 666.67	 666.67	 42.00	 54	 0.37	 
BMI_bff_120	 2	 17	 107_horowitz_nitzan.jpg	 2.147770e+03	 24	 999000	 240	 999000	 999	 2.148788e+03	 666.67	 666.67	 39.00	 7	 0.40	 
BMI_bff_120	 2	 17	 303_deri_arye.jpg	 2.149773e+03	 22	 1.045265e+03	 2200	 6.666923e+02	 98	 2.150791e+03	 666.67	 616.67	 54.00	 43	 0.16	 
BMI_bff_120	 2	 17	 304_dicter_abraham.jpg	 2.151775e+03	 12	 999000	 120	 999000	 999	 2.152793e+03	 666.67	 616.67	 15.00	 44	 0.68	 
BMI_bff_120	 2	 17	 313_lizman_yaakov.jpg	 2.156781e+03	 24	 999000	 240	 999000	 999	 2.157798e+03	 666.67	 616.67	 52.00	 53	 0.22	 
BMI_bff_120	 2	 17	 219_stern_eliezer.jpg	 2.160785e+03	 11	 9.929163e+02	 110	 6.667141e+02	 98	 2.161803e+03	 683.33	 616.67	 14.00	 39	 0.69	 
BMI_bff_120	 2	 17	 120_zuabi_hanin.jpg	 2.164773e+03	 22	 9.331330e+02	 220	 6.167017e+02	 98	 2.165791e+03	 683.33	 633.33	 48.00	 20	 0.28	 
BMI_bff_120	 2	 17	 215_rozbozov_yoel.jpg	 2.170780e+03	 24	 999000	 240	 999000	 999	 2.171797e+03	 683.33	 633.33	 50.00	 35	 0.27	 
BMI_bff_120	 2	 17	 103_cabel_eitan.jpg	 2.172782e+03	 12	 999000	 120	 999000	 999	 2.173800e+03	 683.33	 633.33	 5.00	 3	 0.84	 
BMI_bff_120	 2	 17	 212_olmert_ehud.jpg	 2.174784e+03	 12	 999000	 120	 999000	 999	 2.175802e+03	 683.33	 633.33	 10.00	 32	 0.78	 
BMI_bff_120	 2	 17	 102_beneliezer_binyamin.jpg	 2.176770e+03	 12	 999000	 120	 999000	 999	 2.177788e+03	 683.33	 633.33	 12.00	 2	 0.70	 
BMI_bff_120	 2	 17	 116_shmuli_itzik.jpg	 2.178772e+03	 11	 9.819595e+02	 110	 6.833732e+02	 98	 2.179790e+03	 700.00	 633.33	 16.00	 16	 0.67	 
BMI_bff_120	 2	 17	 106_herzog_yitzhak.jpg	 2.182777e+03	 12	 999000	 120	 999000	 999	 2.183794e+03	 700.00	 633.33	 21.00	 6	 0.62	 
BMI_bff_120	 2	 17	 214_piron_shai.jpg	 2.184779e+03	 12	 999000	 120	 999000	 999	 2.185797e+03	 700.00	 633.33	 22.00	 34	 0.61	 
BMI_bff_120	 2	 17	 308_hotovely_tzipi.jpg	 2.188783e+03	 24	 999000	 240	 999000	 999	 2.189801e+03	 700.00	 633.33	 47.00	 48	 0.30	 
BMI_bff_120	 2	 17	 211_molla_shlomo.jpg	 2.190769e+03	 22	 9.214804e+02	 220	 6.333745e+02	 98	 2.191787e+03	 700.00	 650.00	 43.00	 31	 0.35	 
BMI_bff_120	 2	 17	 306_gafni_moshe.jpg	 2.192771e+03	 24	 999000	 240	 999000	 999	 2.193789e+03	 700.00	 650.00	 40.00	 46	 0.38	 
BMI_bff_120	 2	 17	 320_yaalon_moshe.jpg	 2.194773e+03	 12	 999000	 120	 999000	 999	 2.195791e+03	 700.00	 650.00	 3.00	 60	 0.88	 
BMI_bff_120	 2	 17	 111_odeh_aiman.jpg	 2.199779e+03	 24	 999000	 240	 999000	 999	 2.200797e+03	 700.00	 650.00	 57.00	 11	 0.13	 
BMI_bff_120	 2	 17	 201_baron_roni.jpg	 2.201781e+03	 24	 999000	 240	 999000	 999	 2.202799e+03	 700.00	 650.00	 44.00	 21	 0.34	 
BMI_bff_120	 2	 17	 115_shimon_peres.jpg	 2.203783e+03	 12	 999000	 120	 999000	 999	 2.204801e+03	 700.00	 650.00	 18.00	 15	 0.65	 
BMI_bff_120	 2	 17	 213_perry_yaakov.jpg	 2.206770e+03	 11	 1.079939e+03	 1100	 7.000306e+02	 98	 2.207788e+03	 650.00	 650.00	 9.00	 33	 0.81	 
BMI_bff_120	 2	 17	 218_shitrit_meir.jpg	 2.213778e+03	 12	 999000	 120	 999000	 999	 2.214796e+03	 650.00	 650.00	 13.00	 38	 0.70	 
BMI_bff_120	 2	 17	 117_tibi_ahmed.jpg	 2.217783e+03	 24	 999000	 240	 999000	 999	 2.218800e+03	 650.00	 650.00	 58.00	 17	 0.08	 
BMI_bff_120	 2	 17	 206_itzik_dalia.jpg	 2.224774e+03	 24	 999000	 240	 999000	 999	 2.225791e+03	 650.00	 650.00	 56.00	 26	 0.13	 
