subjectID	 order	 runNum	 itemName	 onsetTime	 shuff_trialType	 RT	 respInTime	 AudioTime	 response	 fixationTime	 ladder1	 ladder2	 bidIndex	 itemNameIndex	 bidValue	 
BMI_bff_101	 1	 1	 111_odeh_aiman.jpg	 1.198888e+00	 11	 1.363003e+03	 1100	 7.502945e+02	 98	 2.449854e+00	 700.00	 750.00	 7.00	 11	 0.78	 
BMI_bff_101	 1	 1	 218_shitrit_meir.jpg	 3.184137e+00	 12	 999000	 120	 999000	 999	 4.201817e+00	 700.00	 750.00	 19.00	 38	 0.60	 
BMI_bff_101	 1	 1	 210_mofaz_shaul.jpg	 7.188575e+00	 24	 999000	 240	 999000	 999	 8.206330e+00	 700.00	 750.00	 56.00	 30	 0.18	 
BMI_bff_101	 1	 1	 116_shmuli_itzik.jpg	 1.017492e+01	 24	 999000	 240	 999000	 999	 1.119300e+01	 700.00	 750.00	 48.00	 16	 0.30	 
BMI_bff_101	 1	 1	 204_galant_yoav.jpg	 1.217753e+01	 24	 999000	 240	 999000	 999	 1.319528e+01	 700.00	 750.00	 43.00	 24	 0.39	 
BMI_bff_101	 1	 1	 317_shaked_ayelet.jpg	 1.518083e+01	 12	 999000	 120	 999000	 999	 1.619858e+01	 700.00	 750.00	 21.00	 57	 0.59	 
BMI_bff_101	 1	 1	 206_itzik_dalia.jpg	 1.918530e+01	 12	 999000	 120	 999000	 999	 2.020317e+01	 700.00	 750.00	 9.00	 26	 0.76	 
BMI_bff_101	 1	 1	 106_herzog_yitzhak.jpg	 2.318983e+01	 11	 9.400433e+02	 110	 7.000374e+02	 98	 2.420762e+01	 716.67	 750.00	 10.00	 6	 0.73	 
BMI_bff_101	 1	 1	 216_sharom_ariel.jpg	 2.517519e+01	 24	 999000	 240	 999000	 999	 2.619317e+01	 716.67	 750.00	 55.00	 36	 0.21	 
BMI_bff_101	 1	 1	 214_piron_shai.jpg	 3.018107e+01	 24	 999000	 240	 999000	 999	 3.119883e+01	 716.67	 750.00	 39.00	 34	 0.42	 
BMI_bff_101	 1	 1	 307_hazan_oren.jpg	 3.218324e+01	 24	 999000	 240	 999000	 999	 3.320105e+01	 716.67	 750.00	 46.00	 47	 0.34	 
BMI_bff_101	 1	 1	 215_rozbozov_yoel.jpg	 3.418550e+01	 11	 9.283627e+02	 110	 7.167037e+02	 98	 3.520335e+01	 733.33	 750.00	 12.00	 35	 0.69	 
BMI_bff_101	 1	 1	 212_olmert_ehud.jpg	 4.017533e+01	 24	 999000	 240	 999000	 999	 4.119344e+01	 733.33	 750.00	 49.00	 32	 0.30	 
BMI_bff_101	 1	 1	 104_galon_zahava.jpg	 4.217778e+01	 11	 1.096098e+03	 1100	 7.333584e+02	 98	 4.319558e+01	 683.33	 750.00	 13.00	 4	 0.68	 
BMI_bff_101	 1	 1	 311_liberman_avigdor.jpg	 4.418020e+01	 24	 999000	 240	 999000	 999	 4.519784e+01	 683.33	 750.00	 54.00	 51	 0.22	 
BMI_bff_101	 1	 1	 109_michaeli_meirav.jpg	 4.618236e+01	 12	 999000	 120	 999000	 999	 4.720011e+01	 683.33	 750.00	 17.00	 9	 0.61	 
BMI_bff_101	 1	 1	 316_saar_gidon.jpg	 5.018682e+01	 11	 9.750580e+02	 110	 6.833622e+02	 98	 5.120463e+01	 700.00	 750.00	 18.00	 56	 0.60	 
BMI_bff_101	 1	 1	 115_shimon_peres.jpg	 5.419379e+01	 22	 1.064101e+03	 2200	 7.500487e+02	 98	 5.520911e+01	 700.00	 700.00	 47.00	 15	 0.32	 
BMI_bff_101	 1	 1	 120_zuabi_hanin.jpg	 5.717804e+01	 12	 999000	 120	 999000	 999	 5.819573e+01	 700.00	 700.00	 4.00	 20	 0.85	 
BMI_bff_101	 1	 1	 306_gafni_moshe.jpg	 6.118250e+01	 22	 1.059376e+03	 2200	 7.000390e+02	 98	 6.220037e+01	 700.00	 650.00	 53.00	 46	 0.23	 
BMI_bff_101	 1	 1	 217_shelach_ofer.jpg	 6.418595e+01	 22	 9.919209e+02	 220	 6.500341e+02	 98	 6.520370e+01	 700.00	 666.67	 45.00	 37	 0.38	 
BMI_bff_101	 1	 1	 202_cahlon_moshe.jpg	 6.618931e+01	 12	 999000	 120	 999000	 999	 6.720590e+01	 700.00	 666.67	 20.00	 22	 0.59	 
BMI_bff_101	 1	 1	 103_cabel_eitan.jpg	 7.017569e+01	 22	 1.002195e+03	 2200	 6.667050e+02	 98	 7.119377e+01	 700.00	 616.67	 50.00	 3	 0.27	 
BMI_bff_101	 1	 1	 119_zandberg_tamar.jpg	 7.217816e+01	 12	 999000	 120	 999000	 999	 7.319720e+01	 700.00	 616.67	 16.00	 19	 0.63	 
BMI_bff_101	 1	 1	 113_rosenthal_mickey.jpg	 7.418042e+01	 24	 999000	 240	 999000	 999	 7.519823e+01	 700.00	 616.67	 42.00	 13	 0.40	 
BMI_bff_101	 1	 1	 207_lapid_yair.jpg	 7.818493e+01	 22	 8.409341e+02	 220	 6.166973e+02	 98	 7.920267e+01	 700.00	 633.33	 44.00	 27	 0.38	 
BMI_bff_101	 1	 1	 211_molla_shlomo.jpg	 8.018724e+01	 12	 999000	 120	 999000	 999	 8.120491e+01	 700.00	 633.33	 3.00	 31	 0.89	 
BMI_bff_101	 1	 1	 102_beneliezer_binyamin.jpg	 8.419163e+01	 24	 999000	 240	 999000	 999	 8.520948e+01	 700.00	 633.33	 58.00	 2	 0.16	 
BMI_bff_101	 1	 1	 101_barak_ehud.jpg	 8.817953e+01	 12	 999000	 120	 999000	 999	 8.919725e+01	 700.00	 633.33	 11.00	 1	 0.70	 
BMI_bff_101	 1	 1	 108_khenin_dov.jpg	 9.118284e+01	 12	 999000	 120	 999000	 999	 9.220068e+01	 700.00	 633.33	 5.00	 8	 0.83	 
BMI_bff_101	 1	 1	 302_danon_danny.jpg	 9.718960e+01	 24	 999000	 240	 999000	 999	 9.820737e+01	 700.00	 633.33	 40.00	 42	 0.41	 
BMI_bff_101	 1	 1	 220_tamnu_shata_penina.jpg	 9.919189e+01	 12	 999000	 120	 999000	 999	 1.002096e+02	 700.00	 633.33	 6.00	 40	 0.80	 
BMI_bff_101	 1	 1	 304_dicter_abraham.jpg	 1.031797e+02	 24	 999000	 240	 999000	 999	 1.041974e+02	 700.00	 633.33	 41.00	 44	 0.40	 
BMI_bff_101	 1	 1	 308_hotovely_tzipi.jpg	 1.051820e+02	 12	 999000	 120	 999000	 999	 1.061996e+02	 700.00	 633.33	 8.00	 48	 0.76	 
BMI_bff_101	 1	 1	 301_benet_naftali.jpg	 1.071843e+02	 22	 9.615472e+02	 220	 6.333731e+02	 98	 1.082020e+02	 700.00	 650.00	 52.00	 41	 0.23	 
BMI_bff_101	 1	 1	 209_mitzna_amram.jpg	 1.091864e+02	 11	 1.103420e+03	 1100	 7.000307e+02	 98	 1.102042e+02	 650.00	 650.00	 15.00	 29	 0.64	 
BMI_bff_101	 1	 1	 303_deri_arye.jpg	 1.141920e+02	 24	 999000	 240	 999000	 999	 1.152098e+02	 650.00	 650.00	 57.00	 43	 0.18	 
BMI_bff_101	 1	 1	 315_regev_miri.jpg	 1.161776e+02	 12	 999000	 120	 999000	 999	 1.171954e+02	 650.00	 650.00	 22.00	 55	 0.58	 
BMI_bff_101	 1	 1	 313_lizman_yaakov.jpg	 1.181819e+02	 24	 999000	 240	 999000	 999	 1.191976e+02	 650.00	 650.00	 51.00	 53	 0.25	 
BMI_bff_101	 1	 1	 205_german_yael.jpg	 1.211832e+02	 12	 999000	 120	 999000	 999	 1.222010e+02	 650.00	 650.00	 14.00	 25	 0.67	 
