subjectID	 order	 runNum	 itemName	 onsetTime	 shuff_trialType	 RT	 respInTime	 AudioTime	 response	 fixationTime	 ladder1	 ladder2	 bidIndex	 itemNameIndex	 bidValue	 
BMI_bff_111	 1	 14	 105_gilon_ilan.jpg	 1.815515e+03	 12	 999000	 120	 999000	 999	 1.816532e+03	 650.00	 650.00	 4.00	 5	 0.85	 
BMI_bff_111	 1	 14	 208_livnee_zipi.jpg	 1.817517e+03	 12	 999000	 120	 999000	 999	 1.818535e+03	 650.00	 650.00	 3.00	 28	 0.88	 
BMI_bff_111	 1	 14	 317_shaked_ayelet.jpg	 1.821504e+03	 22	 1.025288e+03	 2200	 6.500667e+02	 98	 1.822522e+03	 650.00	 600.00	 45.00	 57	 0.28	 
BMI_bff_111	 1	 14	 319_steinitz_yuval.jpg	 1.824508e+03	 22	 9.656830e+02	 220	 6.000350e+02	 98	 1.825526e+03	 650.00	 616.67	 53.00	 59	 0.21	 
BMI_bff_111	 1	 14	 305_erdan_gilad.jpg	 1.826510e+03	 24	 999000	 240	 999000	 999	 1.827528e+03	 650.00	 616.67	 43.00	 45	 0.35	 
BMI_bff_111	 1	 14	 106_herzog_yitzhak.jpg	 1.829514e+03	 12	 999000	 120	 999000	 999	 1.830531e+03	 650.00	 616.67	 19.00	 6	 0.68	 
BMI_bff_111	 1	 14	 213_perry_yaakov.jpg	 1.833518e+03	 24	 999000	 240	 999000	 999	 1.834536e+03	 650.00	 616.67	 40.00	 33	 0.40	 
BMI_bff_111	 1	 14	 310_kirshenbaum_faina.jpg	 1.837506e+03	 24	 999000	 240	 999000	 999	 1.838524e+03	 650.00	 616.67	 42.00	 50	 0.38	 
BMI_bff_111	 1	 14	 306_gafni_moshe.jpg	 1.839508e+03	 24	 999000	 240	 999000	 999	 1.840526e+03	 650.00	 616.67	 55.00	 46	 0.17	 
BMI_bff_111	 1	 14	 206_itzik_dalia.jpg	 1.844514e+03	 12	 999000	 120	 999000	 999	 1.845532e+03	 650.00	 616.67	 22.00	 26	 0.63	 
BMI_bff_111	 1	 14	 212_olmert_ehud.jpg	 1.846516e+03	 22	 9.976440e+02	 220	 6.167063e+02	 98	 1.847534e+03	 650.00	 633.33	 50.00	 32	 0.25	 
BMI_bff_111	 1	 14	 220_tamnu_shata_penina.jpg	 1.848518e+03	 12	 999000	 120	 999000	 999	 1.849536e+03	 650.00	 633.33	 17.00	 40	 0.72	 
BMI_bff_111	 1	 14	 313_lizman_yaakov.jpg	 1.854509e+03	 24	 999000	 240	 999000	 999	 1.855526e+03	 650.00	 633.33	 54.00	 53	 0.18	 
BMI_bff_111	 1	 14	 115_shimon_peres.jpg	 1.856511e+03	 12	 999000	 120	 999000	 999	 1.857528e+03	 650.00	 633.33	 8.00	 15	 0.78	 
BMI_bff_111	 1	 14	 217_shelach_ofer.jpg	 1.858513e+03	 11	 9.448511e+02	 110	 6.500487e+02	 98	 1.859531e+03	 666.67	 633.33	 18.00	 37	 0.69	 
BMI_bff_111	 1	 14	 302_danon_danny.jpg	 1.860515e+03	 24	 999000	 240	 999000	 999	 1.861533e+03	 666.67	 633.33	 46.00	 42	 0.27	 
BMI_bff_111	 1	 14	 314_netanyahu.jpg	 1.864520e+03	 22	 8.821186e+02	 220	 6.333749e+02	 98	 1.865537e+03	 666.67	 650.00	 52.00	 54	 0.23	 
BMI_bff_111	 1	 14	 204_galant_yoav.jpg	 1.868507e+03	 11	 1.102306e+03	 1100	 6.667004e+02	 98	 1.869525e+03	 616.67	 650.00	 12.00	 24	 0.74	 
BMI_bff_111	 1	 14	 116_shmuli_itzik.jpg	 1.871511e+03	 12	 999000	 120	 999000	 999	 1.872529e+03	 616.67	 650.00	 9.00	 16	 0.76	 
BMI_bff_111	 1	 14	 218_shitrit_meir.jpg	 1.875515e+03	 12	 999000	 120	 999000	 999	 1.876533e+03	 616.67	 650.00	 20.00	 38	 0.68	 
BMI_bff_111	 1	 14	 303_deri_arye.jpg	 1.878519e+03	 24	 999000	 240	 999000	 999	 1.879537e+03	 616.67	 650.00	 58.00	 43	 0.11	 
BMI_bff_111	 1	 14	 205_german_yael.jpg	 1.880521e+03	 12	 999000	 120	 999000	 999	 1.881539e+03	 616.67	 650.00	 11.00	 25	 0.75	 
BMI_bff_111	 1	 14	 107_horowitz_nitzan.jpg	 1.884509e+03	 12	 999000	 120	 999000	 999	 1.885527e+03	 616.67	 650.00	 5.00	 7	 0.83	 
BMI_bff_111	 1	 14	 301_benet_naftali.jpg	 1.886511e+03	 24	 999000	 240	 999000	 999	 1.887529e+03	 616.67	 650.00	 56.00	 41	 0.14	 
BMI_bff_111	 1	 14	 101_barak_ehud.jpg	 1.888513e+03	 12	 999000	 120	 999000	 999	 1.889531e+03	 616.67	 650.00	 21.00	 1	 0.67	 
BMI_bff_111	 1	 14	 202_cahlon_moshe.jpg	 1.892518e+03	 22	 9.959574e+02	 220	 6.500413e+02	 98	 1.893536e+03	 616.67	 666.67	 44.00	 22	 0.34	 
BMI_bff_111	 1	 14	 119_zandberg_tamar.jpg	 1.894520e+03	 11	 8.977186e+02	 110	 6.167128e+02	 98	 1.895538e+03	 633.33	 666.67	 15.00	 19	 0.73	 
BMI_bff_111	 1	 14	 109_michaeli_meirav.jpg	 1.898508e+03	 11	 8.057492e+02	 110	 6.333613e+02	 98	 1.899526e+03	 650.00	 666.67	 7.00	 9	 0.79	 
BMI_bff_111	 1	 14	 117_tibi_ahmed.jpg	 1.902512e+03	 24	 999000	 240	 999000	 999	 1.903530e+03	 650.00	 666.67	 49.00	 17	 0.25	 
BMI_bff_111	 1	 14	 210_mofaz_shaul.jpg	 1.905516e+03	 11	 9.980584e+02	 110	 6.500421e+02	 98	 1.906534e+03	 666.67	 666.67	 10.00	 30	 0.76	 
BMI_bff_111	 1	 14	 111_odeh_aiman.jpg	 1.911506e+03	 24	 999000	 240	 999000	 999	 1.912524e+03	 666.67	 666.67	 39.00	 11	 0.42	 
BMI_bff_111	 1	 14	 312_livnat_limor.jpg	 1.913508e+03	 12	 999000	 120	 999000	 999	 1.914526e+03	 666.67	 666.67	 16.00	 52	 0.73	 
BMI_bff_111	 1	 14	 113_rosenthal_mickey.jpg	 1.917513e+03	 12	 999000	 120	 999000	 999	 1.918530e+03	 666.67	 666.67	 14.00	 13	 0.73	 
BMI_bff_111	 1	 14	 214_piron_shai.jpg	 1.919515e+03	 24	 999000	 240	 999000	 999	 1.920533e+03	 666.67	 666.67	 48.00	 34	 0.26	 
BMI_bff_111	 1	 14	 209_mitzna_amram.jpg	 1.921517e+03	 24	 999000	 240	 999000	 999	 1.922535e+03	 666.67	 666.67	 41.00	 29	 0.39	 
BMI_bff_111	 1	 14	 216_sharom_ariel.jpg	 1.923519e+03	 11	 8.825156e+02	 110	 6.666999e+02	 98	 1.924537e+03	 683.33	 666.67	 13.00	 36	 0.73	 
BMI_bff_111	 1	 14	 309_katz_yisrael.jpg	 1.928508e+03	 24	 999000	 240	 999000	 999	 1.929526e+03	 683.33	 666.67	 51.00	 49	 0.25	 
BMI_bff_111	 1	 14	 311_liberman_avigdor.jpg	 1.930510e+03	 24	 999000	 240	 999000	 999	 1.931528e+03	 683.33	 666.67	 57.00	 51	 0.13	 
BMI_bff_111	 1	 14	 120_zuabi_hanin.jpg	 1.932513e+03	 22	 9.129451e+02	 220	 6.667067e+02	 98	 1.933531e+03	 683.33	 683.33	 47.00	 20	 0.27	 
BMI_bff_111	 1	 14	 114_shafir_stav.jpg	 1.935516e+03	 12	 999000	 120	 999000	 999	 1.936534e+03	 683.33	 683.33	 6.00	 14	 0.81	 
