subjid runnum itemname onsettime trialtype RT respInTime Ausdiotime response fixationtime ladder1 ladder2 bidindex itemnameIndex
BM2_347 4 PringlesRed.bmp 5.700470e+02 24 999000 240 999000 999 571.06 6.166667e+02 6.166667e+02 58 45
BM2_347 4 Twinkie.bmp 5.720330e+02 11 9.312309e+02 110 6.168095e+02 98 573.05 6.333333e+02 6.166667e+02 15 58
BM2_347 4 PeanutMMs.bmp 5.760370e+02 24 999000 240 999000 999 577.05 6.333333e+02 6.166667e+02 51 42
BM2_347 4 Dots_one.bmp 5.790438e+02 22 9.764431e+02 220 6.168073e+02 98 580.06 6.333333e+02 6.333333e+02 50 14
BM2_347 4 PopTartsStrawberry.bmp 5.810440e+02 12 999000 120 999000 999 582.06 6.333333e+02 6.333333e+02 4 44
BM2_347 4 FamousAmos_small.bmp 5.840454e+02 12 999000 120 999000 999 585.06 6.333333e+02 6.333333e+02 27 15
BM2_347 4 Whatchamacallit.bmp 5.880336e+02 11 9.546038e+02 110 6.334526e+02 98 589.05 6.500000e+02 6.333333e+02 16 60
BM2_347 4 Cheetos.bmp 5.920374e+02 12 999000 120 999000 999 593.06 6.500000e+02 6.333333e+02 28 8
BM2_347 4 Sourpatch.bmp 5.940434e+02 12 999000 120 999000 999 595.06 6.500000e+02 6.333333e+02 29 54
BM2_347 4 Nutterbutter.bmp 5.990450e+02 24 999000 240 999000 999 600.06 6.500000e+02 6.333333e+02 43 39
BM2_347 4 Almondjoy.bmp 6.010471e+02 12 999000 120 999000 999 602.06 6.500000e+02 6.333333e+02 26 3
BM2_347 4 AnimalCrackers.bmp 6.030492e+02 11 9.630674e+02 110 6.501200e+02 98 604.07 6.666667e+02 6.333333e+02 11 4
BM2_347 4 PayDay.bmp 6.090433e+02 22 9.289334e+02 220 6.334327e+02 98 610.06 6.666667e+02 6.500000e+02 46 41
BM2_347 4 Funyuns_small.bmp 6.110440e+02 12 999000 120 999000 999 612.06 6.666667e+02 6.500000e+02 25 20
BM2_347 4 FrootLoops.bmp 6.130433e+02 24 999000 240 999000 999 614.06 6.666667e+02 6.500000e+02 39 19
BM2_347 4 100grand_small.bmp 6.150454e+02 12 999000 120 999000 999 616.06 6.666667e+02 6.500000e+02 14 1
BM2_347 4 Milano.bmp 6.190333e+02 11 9.389660e+02 110 6.667658e+02 98 620.05 6.833333e+02 6.500000e+02 20 35
BM2_347 4 MrGoodbar.bmp 6.230374e+02 22 9.188051e+02 220 6.501210e+02 98 624.06 6.833333e+02 6.666667e+02 49 38
BM2_347 4 Oreos.bmp 6.260435e+02 12 999000 120 999000 999 627.06 6.833333e+02 6.666667e+02 24 40
BM2_347 4 Jollyrancherred.bmp 6.300450e+02 24 999000 240 999000 999 631.06 6.833333e+02 6.666667e+02 48 29
BM2_347 4 HoHo.bmp 6.330482e+02 24 999000 240 999000 999 634.07 6.833333e+02 6.666667e+02 31 27
BM2_347 4 Reeses.bmp 6.350339e+02 24 999000 240 999000 999 636.05 6.833333e+02 6.666667e+02 47 46
BM2_347 4 Doritosranch.bmp 6.390380e+02 12 999000 120 999000 999 640.06 6.833333e+02 6.666667e+02 22 13
BM2_347 4 BabyRuth.bmp 6.410441e+02 22 9.841326e+02 220 6.667603e+02 98 642.06 6.833333e+02 6.833333e+02 45 5
BM2_347 4 FlamingCheetos.bmp 6.430432e+02 12 999000 120 999000 999 644.06 6.833333e+02 6.833333e+02 18 17
BM2_347 4 Cheezits.bmp 6.470467e+02 12 999000 120 999000 999 648.06 6.833333e+02 6.833333e+02 21 9
BM2_347 4 Milkduds.bmp 6.490489e+02 12 999000 120 999000 999 650.07 6.833333e+02 6.833333e+02 13 36
BM2_347 4 RitzBitz2.bmp 6.530365e+02 12 999000 120 999000 999 654.05 6.833333e+02 6.833333e+02 10 48
BM2_347 4 Ghiradelli_milk.bmp 6.570436e+02 12 999000 120 999000 999 658.06 6.833333e+02 6.833333e+02 2 21
BM2_347 4 Laysclassic.bmp 6.600440e+02 24 999000 240 999000 999 661.06 6.833333e+02 6.833333e+02 37 33
BM2_347 4 Hersheymilk_several.bmp 6.660339e+02 24 999000 240 999000 999 667.05 6.833333e+02 6.833333e+02 57 26
BM2_347 4 Toberlorone.bmp 6.680359e+02 12 999000 120 999000 999 669.05 6.833333e+02 6.833333e+02 17 57
BM2_347 4 Streusel.bmp 6.720440e+02 12 999000 120 999000 999 673.06 6.833333e+02 6.833333e+02 7 55
BM2_347 4 Lollipopred.bmp 6.740433e+02 24 999000 240 999000 999 675.06 6.833333e+02 6.833333e+02 59 34
BM2_347 4 SnoBall.bmp 6.760445e+02 12 999000 120 999000 999 677.06 6.833333e+02 6.833333e+02 5 52
BM2_347 4 KitKat_small.bmp 6.780468e+02 24 999000 240 999000 999 679.06 6.833333e+02 6.833333e+02 35 31
BM2_347 4 MilkyWay.bmp 6.830354e+02 22 1.024833e+03 2200 6.834374e+02 98 684.05 6.833333e+02 6.333333e+02 42 37
BM2_347 4 Fritos.bmp 6.850377e+02 24 999000 240 999000 999 686.06 6.833333e+02 6.333333e+02 34 18
BM2_347 4 TeddyGrahamschocolate.bmp 6.870437e+02 11 1.040545e+03 1100 6.834478e+02 98 688.06 6.333333e+02 6.333333e+02 23 56
BM2_347 4 ChipsAhoy_small.bmp 6.900439e+02 12 999000 120 999000 999 691.06 6.333333e+02 6.333333e+02 30 10
BM2_347 4 Skittles.bmp 6.930462e+02 24 999000 240 999000 999 694.06 6.333333e+02 6.333333e+02 36 49
BM2_347 4 3Musketeers.bmp 6.970341e+02 24 999000 240 999000 999 698.05 6.333333e+02 6.333333e+02 55 2
BM2_347 4 Slimjim.bmp 6.990361e+02 12 999000 120 999000 999 700.05 6.333333e+02 6.333333e+02 6 50
BM2_347 4 Jollyranchergreen.bmp 7.010384e+02 24 999000 240 999000 999 702.06 6.333333e+02 6.333333e+02 60 28
BM2_347 4 Butterfinger.bmp 7.040432e+02 24 999000 240 999000 999 705.06 6.333333e+02 6.333333e+02 54 6
BM2_347 4 Keeblerfudgestripes.bmp 7.070446e+02 22 9.435966e+02 220 6.334516e+02 98 708.06 6.333333e+02 6.500000e+02 38 30
BM2_347 4 Chocolate_mm.bmp 7.090468e+02 24 999000 240 999000 999 710.06 6.333333e+02 6.500000e+02 52 11
BM2_347 4 Snickers.bmp 7.110490e+02 24 999000 240 999000 999 712.07 6.333333e+02 6.500000e+02 44 51
BM2_347 4 Granolabar.bmp 7.130346e+02 12 999000 120 999000 999 714.05 6.333333e+02 6.500000e+02 9 24
BM2_347 4 Hersheykisses.bmp 7.180437e+02 22 1.000580e+03 2200 6.500970e+02 98 719.06 6.333333e+02 6.000000e+02 53 25
BM2_347 4 Twix.bmp 7.200439e+02 24 999000 240 999000 999 721.06 6.333333e+02 6.000000e+02 40 59
BM2_347 4 Ghiradelli_milk_Almonds.bmp 7.220442e+02 12 999000 120 999000 999 723.06 6.333333e+02 6.000000e+02 1 22
BM2_347 4 Laffytaffyred_one.bmp 7.240463e+02 11 8.779635e+02 110 6.334479e+02 98 725.06 6.500000e+02 6.000000e+02 19 32
BM2_347 4 FigNewton_small.bmp 7.310372e+02 11 9.109997e+02 110 6.501524e+02 98 732.06 6.666667e+02 6.000000e+02 12 16
BM2_347 4 PopTartsCinnamon.bmp 7.330432e+02 11 8.810165e+02 110 6.667582e+02 98 734.06 6.833333e+02 6.000000e+02 8 43
BM2_347 4 Cupcakes.bmp 7.400471e+02 12 999000 120 999000 999 741.06 6.833333e+02 6.000000e+02 3 12
BM2_347 4 Riprolls.bmp 7.430337e+02 24 999000 240 999000 999 744.05 6.833333e+02 6.000000e+02 56 47
BM2_347 4 CheesyDoritos.bmp 7.460367e+02 22 9.275197e+02 220 6.001271e+02 98 747.05 6.833333e+02 6.166667e+02 41 7
BM2_347 4 SourSkittles.bmp 7.520438e+02 24 999000 240 999000 999 753.06 6.833333e+02 6.166667e+02 32 53
BM2_347 4 Goldfish.bmp 7.540453e+02 24 999000 240 999000 999 755.06 6.833333e+02 6.166667e+02 33 23
