subjid runnum itemname onsettime trialtype RT respInTime Ausdiotime response fixationtime ladder1 ladder2 bidindex itemnameIndex
BM2_349 6 ChipsAhoy_small.bmp 9.699934e+02 12 999000 120 999000 999 971.01 6.833333e+02 6.833333e+02 14 10
BM2_349 6 PringlesRed.bmp 9.729801e+02 12 999000 120 999000 999 974.00 6.833333e+02 6.833333e+02 26 45
BM2_349 6 Milkduds.bmp 9.749822e+02 12 999000 120 999000 999 976.00 6.833333e+02 6.833333e+02 28 36
BM2_349 6 Snickers.bmp 9.769843e+02 12 999000 120 999000 999 978.00 6.833333e+02 6.833333e+02 1 51
BM2_349 6 Reeses.bmp 9.789903e+02 12 999000 120 999000 999 980.00 6.833333e+02 6.833333e+02 4 46
BM2_349 6 FigNewton_small.bmp 9.819905e+02 11 9.022767e+02 110 6.834762e+02 98 983.01 7.000000e+02 6.833333e+02 23 16
BM2_349 6 Butterfinger.bmp 9.839918e+02 11 9.329493e+02 110 7.001149e+02 98 985.01 7.166667e+02 6.833333e+02 16 6
BM2_349 6 100grand_small.bmp 9.879797e+02 22 8.970957e+02 220 6.834774e+02 98 989.00 7.166667e+02 7.000000e+02 45 1
BM2_349 6 Cheezits.bmp 9.899816e+02 12 999000 120 999000 999 991.00 7.166667e+02 7.000000e+02 21 9
BM2_349 6 BabyRuth.bmp 9.949897e+02 22 9.350630e+02 220 7.001324e+02 98 996.00 7.166667e+02 7.166667e+02 42 5
BM2_349 6 Funyuns_small.bmp 9.969901e+02 24 999000 240 999000 999 998.01 7.166667e+02 7.166667e+02 40 20
BM2_349 6 TeddyGrahamschocolate.bmp 1.000994e+03 12 999000 120 999000 999 1002.01 7.166667e+02 7.166667e+02 22 56
BM2_349 6 Chocolate_mm.bmp 1.002996e+03 11 1.001109e+03 1100 7.167783e+02 98 1004.01 6.666667e+02 7.166667e+02 12 11
BM2_349 6 MilkyWay.bmp 1.005982e+03 11 9.184294e+02 110 6.667861e+02 98 1007.00 6.833333e+02 7.166667e+02 11 37
BM2_349 6 Jollyrancherred.bmp 1.010990e+03 22 1.038526e+03 2200 7.167968e+02 98 1012.01 6.833333e+02 6.666667e+02 49 29
BM2_349 6 FrootLoops.bmp 1.012990e+03 24 999000 240 999000 999 1014.01 6.833333e+02 6.666667e+02 39 19
BM2_349 6 Laffytaffyred_one.bmp 1.014992e+03 24 999000 240 999000 999 1016.01 6.833333e+02 6.666667e+02 57 32
BM2_349 6 Hersheymilk_several.bmp 1.018980e+03 11 8.731102e+02 110 6.834505e+02 98 1020.00 7.000000e+02 6.666667e+02 20 26
BM2_349 6 Skittles.bmp 1.022984e+03 24 999000 240 999000 999 1024.00 7.000000e+02 6.666667e+02 47 49
BM2_349 6 PopTartsCinnamon.bmp 1.026990e+03 24 999000 240 999000 999 1028.01 7.000000e+02 6.666667e+02 58 43
BM2_349 6 Jollyranchergreen.bmp 1.028990e+03 24 999000 240 999000 999 1030.01 7.000000e+02 6.666667e+02 43 28
BM2_349 6 Sourpatch.bmp 1.030992e+03 24 999000 240 999000 999 1032.01 7.000000e+02 6.666667e+02 55 54
BM2_349 6 RitzBitz2.bmp 1.032995e+03 11 1.066030e+03 1100 7.001133e+02 98 1034.01 6.500000e+02 6.666667e+02 8 48
BM2_349 6 PopTartsStrawberry.bmp 1.034980e+03 24 999000 240 999000 999 1036.00 6.500000e+02 6.666667e+02 35 44
BM2_349 6 FlamingCheetos.bmp 1.040990e+03 24 999000 240 999000 999 1042.00 6.500000e+02 6.666667e+02 32 17
BM2_349 6 Almondjoy.bmp 1.043990e+03 24 999000 240 999000 999 1045.01 6.500000e+02 6.666667e+02 36 3
BM2_349 6 PayDay.bmp 1.045992e+03 24 999000 240 999000 999 1047.01 6.500000e+02 6.666667e+02 31 41
BM2_349 6 Riprolls.bmp 1.047994e+03 24 999000 240 999000 999 1049.01 6.500000e+02 6.666667e+02 33 47
BM2_349 6 CheesyDoritos.bmp 1.050981e+03 12 999000 120 999000 999 1052.00 6.500000e+02 6.666667e+02 17 7
BM2_349 6 HoHo.bmp 1.052983e+03 24 999000 240 999000 999 1054.00 6.500000e+02 6.666667e+02 52 27
BM2_349 6 Laysclassic.bmp 1.054990e+03 12 999000 120 999000 999 1056.00 6.500000e+02 6.666667e+02 29 33
BM2_349 6 Cheetos.bmp 1.056990e+03 12 999000 120 999000 999 1058.00 6.500000e+02 6.666667e+02 18 8
BM2_349 6 FamousAmos_small.bmp 1.059991e+03 12 999000 120 999000 999 1061.01 6.500000e+02 6.666667e+02 24 15
BM2_349 6 Twix.bmp 1.061993e+03 24 999000 240 999000 999 1063.01 6.500000e+02 6.666667e+02 60 59
BM2_349 6 Milano.bmp 1.063995e+03 12 999000 120 999000 999 1065.01 6.500000e+02 6.666667e+02 3 35
BM2_349 6 Goldfish.bmp 1.065980e+03 22 9.763589e+02 220 6.667910e+02 98 1067.00 6.500000e+02 6.833333e+02 46 23
BM2_349 6 KitKat_small.bmp 1.067983e+03 12 999000 120 999000 999 1069.00 6.500000e+02 6.833333e+02 13 31
BM2_349 6 SnoBall.bmp 1.073991e+03 22 9.742644e+02 220 6.834386e+02 98 1075.01 6.500000e+02 7.000000e+02 50 52
BM2_349 6 Cupcakes.bmp 1.076992e+03 22 9.407234e+02 220 7.001033e+02 98 1078.01 6.500000e+02 7.166667e+02 53 12
BM2_349 6 Ghiradelli_milk_Almonds.bmp 1.080980e+03 12 999000 120 999000 999 1082.00 6.500000e+02 7.166667e+02 5 22
BM2_349 6 Fritos.bmp 1.086990e+03 11 9.108862e+02 110 6.501130e+02 98 1088.00 6.666667e+02 7.166667e+02 19 18
BM2_349 6 Ghiradelli_milk.bmp 1.088990e+03 12 999000 120 999000 999 1090.01 6.666667e+02 7.166667e+02 2 21
BM2_349 6 Dots_one.bmp 1.093994e+03 12 999000 120 999000 999 1095.01 6.666667e+02 7.166667e+02 27 14
BM2_349 6 Lollipopred.bmp 1.096980e+03 24 999000 240 999000 999 1098.00 6.666667e+02 7.166667e+02 54 34
BM2_349 6 Granolabar.bmp 1.098982e+03 12 999000 120 999000 999 1100.00 6.666667e+02 7.166667e+02 7 24
BM2_349 6 Slimjim.bmp 1.101991e+03 22 9.022599e+02 220 7.167988e+02 98 1103.00 6.666667e+02 7.333333e+02 41 50
BM2_349 6 Twinkie.bmp 1.103990e+03 24 999000 240 999000 999 1105.01 6.666667e+02 7.333333e+02 59 58
BM2_349 6 Oreos.bmp 1.107992e+03 12 999000 120 999000 999 1109.01 6.666667e+02 7.333333e+02 10 40
BM2_349 6 3Musketeers.bmp 1.111980e+03 22 9.687183e+02 220 7.334467e+02 98 1113.00 6.666667e+02 7.500000e+02 38 2
BM2_349 6 Hersheykisses.bmp 1.113982e+03 12 999000 120 999000 999 1115.00 6.666667e+02 7.500000e+02 25 25
BM2_349 6 Streusel.bmp 1.120990e+03 24 999000 240 999000 999 1122.01 6.666667e+02 7.500000e+02 56 55
BM2_349 6 Nutterbutter.bmp 1.122992e+03 24 999000 240 999000 999 1124.01 6.666667e+02 7.500000e+02 48 39
BM2_349 6 MrGoodbar.bmp 1.125995e+03 24 999000 240 999000 999 1127.01 6.666667e+02 7.500000e+02 44 38
BM2_349 6 Keeblerfudgestripes.bmp 1.129983e+03 24 999000 240 999000 999 1131.00 6.666667e+02 7.500000e+02 34 30
BM2_349 6 Toberlorone.bmp 1.133990e+03 12 999000 120 999000 999 1135.00 6.666667e+02 7.500000e+02 6 57
BM2_349 6 Whatchamacallit.bmp 1.137991e+03 12 999000 120 999000 999 1139.01 6.666667e+02 7.500000e+02 30 60
BM2_349 6 Doritosranch.bmp 1.140995e+03 11 9.382774e+02 110 6.667766e+02 98 1142.01 6.833333e+02 7.500000e+02 15 13
BM2_349 6 PeanutMMs.bmp 1.142980e+03 12 999000 120 999000 999 1144.00 6.833333e+02 7.500000e+02 9 42
BM2_349 6 SourSkittles.bmp 1.146984e+03 24 999000 240 999000 999 1148.00 6.833333e+02 7.500000e+02 51 53
BM2_349 6 AnimalCrackers.bmp 1.153992e+03 24 999000 240 999000 999 1155.01 6.833333e+02 7.500000e+02 37 4
