subjectID	 order	 runNum	 itemName	 onsetTime	 shuff_trialType	 RT	 respInTime	 AudioTime	 response	 fixationTime	 ladder1	 ladder2	 bidIndex	 itemNameIndex	 bidValue	 
BMI_bff_142	 2	 3	 319_steinitz_yuval.jpg	 3.478872e+02	 12	 999000	 120	 999000	 999	 3.489049e+02	 750.00	 750.00	 21.00	 59	 0.59	 
BMI_bff_142	 2	 3	 116_shmuli_itzik.jpg	 3.498894e+02	 22	 1.101748e+03	 2200	 7.500396e+02	 98	 3.509072e+02	 750.00	 700.00	 46.00	 16	 0.34	 
BMI_bff_142	 2	 3	 113_rosenthal_mickey.jpg	 3.538772e+02	 24	 999000	 240	 999000	 999	 3.548950e+02	 750.00	 700.00	 41.00	 13	 0.39	 
BMI_bff_142	 2	 3	 102_beneliezer_binyamin.jpg	 3.568805e+02	 12	 999000	 120	 999000	 999	 3.578983e+02	 750.00	 700.00	 10.00	 2	 0.74	 
BMI_bff_142	 2	 3	 216_sharom_ariel.jpg	 3.588828e+02	 22	 1.052355e+03	 2200	 7.000298e+02	 98	 3.599006e+02	 750.00	 650.00	 51.00	 36	 0.30	 
BMI_bff_142	 2	 3	 104_galon_zahava.jpg	 3.618861e+02	 24	 999000	 240	 999000	 999	 3.629040e+02	 750.00	 650.00	 47.00	 4	 0.32	 
BMI_bff_142	 2	 3	 205_german_yael.jpg	 3.658906e+02	 12	 999000	 120	 999000	 999	 3.669084e+02	 750.00	 650.00	 18.00	 25	 0.63	 
BMI_bff_142	 2	 3	 208_livnee_zipi.jpg	 3.698785e+02	 12	 999000	 120	 999000	 999	 3.708963e+02	 750.00	 650.00	 6.00	 28	 0.80	 
BMI_bff_142	 2	 3	 204_galant_yoav.jpg	 3.718808e+02	 22	 9.583626e+02	 220	 6.500468e+02	 98	 3.728986e+02	 750.00	 666.67	 48.00	 24	 0.31	 
BMI_bff_142	 2	 3	 304_dicter_abraham.jpg	 3.768864e+02	 11	 1.072755e+03	 1100	 7.500536e+02	 98	 3.779041e+02	 700.00	 666.67	 8.00	 44	 0.77	 
BMI_bff_142	 2	 3	 105_gilon_ilan.jpg	 3.788887e+02	 24	 999000	 240	 999000	 999	 3.799064e+02	 700.00	 666.67	 39.00	 5	 0.42	 
BMI_bff_142	 2	 3	 305_erdan_gilad.jpg	 3.808909e+02	 22	 9.322514e+02	 220	 6.667323e+02	 98	 3.819087e+02	 700.00	 683.33	 43.00	 45	 0.36	 
BMI_bff_142	 2	 3	 301_benet_naftali.jpg	 3.868810e+02	 22	 3.821762e+02	 22	 6.833924e+02	 98	 3.878988e+02	 700.00	 700.00	 54.00	 41	 0.24	 
BMI_bff_142	 2	 3	 120_zuabi_hanin.jpg	 3.888831e+02	 24	 999000	 240	 999000	 999	 3.899010e+02	 700.00	 700.00	 53.00	 20	 0.26	 
BMI_bff_142	 2	 3	 219_stern_eliezer.jpg	 3.908855e+02	 12	 999000	 120	 999000	 999	 3.919032e+02	 700.00	 700.00	 4.00	 39	 0.84	 
BMI_bff_142	 2	 3	 308_hotovely_tzipi.jpg	 3.928877e+02	 24	 999000	 240	 999000	 999	 3.939055e+02	 700.00	 700.00	 58.00	 48	 0.15	 
BMI_bff_142	 2	 3	 315_regev_miri.jpg	 3.968922e+02	 24	 999000	 240	 999000	 999	 3.979099e+02	 700.00	 700.00	 57.00	 55	 0.20	 
BMI_bff_142	 2	 3	 211_molla_shlomo.jpg	 4.008800e+02	 12	 999000	 120	 999000	 999	 4.018977e+02	 700.00	 700.00	 7.00	 31	 0.79	 
BMI_bff_142	 2	 3	 107_horowitz_nitzan.jpg	 4.038833e+02	 12	 999000	 120	 999000	 999	 4.049011e+02	 700.00	 700.00	 22.00	 7	 0.58	 
BMI_bff_142	 2	 3	 115_shimon_peres.jpg	 4.078879e+02	 12	 999000	 120	 999000	 999	 4.089056e+02	 700.00	 700.00	 13.00	 15	 0.67	 
BMI_bff_142	 2	 3	 311_liberman_avigdor.jpg	 4.108912e+02	 24	 999000	 240	 999000	 999	 4.119090e+02	 700.00	 700.00	 56.00	 51	 0.21	 
BMI_bff_142	 2	 3	 314_netanyahu.jpg	 4.128765e+02	 24	 999000	 240	 999000	 999	 4.138946e+02	 700.00	 700.00	 55.00	 54	 0.22	 
BMI_bff_142	 2	 3	 213_perry_yaakov.jpg	 4.168813e+02	 24	 999000	 240	 999000	 999	 4.178991e+02	 700.00	 700.00	 40.00	 33	 0.41	 
BMI_bff_142	 2	 3	 215_rozbozov_yoel.jpg	 4.188835e+02	 12	 999000	 120	 999000	 999	 4.199013e+02	 700.00	 700.00	 3.00	 35	 0.85	 
BMI_bff_142	 2	 3	 201_baron_roni.jpg	 4.208858e+02	 12	 999000	 120	 999000	 999	 4.219035e+02	 700.00	 700.00	 19.00	 21	 0.61	 
BMI_bff_142	 2	 3	 106_herzog_yitzhak.jpg	 4.248903e+02	 24	 999000	 240	 999000	 999	 4.259081e+02	 700.00	 700.00	 45.00	 6	 0.35	 
BMI_bff_142	 2	 3	 312_livnat_limor.jpg	 4.268755e+02	 22	 1.019594e+03	 2200	 7.000276e+02	 98	 4.278936e+02	 700.00	 650.00	 49.00	 52	 0.31	 
BMI_bff_142	 2	 3	 203_cohen_meir.jpg	 4.308804e+02	 24	 999000	 240	 999000	 999	 4.318981e+02	 700.00	 650.00	 50.00	 23	 0.30	 
BMI_bff_142	 2	 3	 303_deri_arye.jpg	 4.348849e+02	 12	 999000	 120	 999000	 999	 4.359026e+02	 700.00	 650.00	 20.00	 43	 0.60	 
BMI_bff_142	 2	 3	 306_gafni_moshe.jpg	 4.378883e+02	 11	 1.094814e+03	 1100	 7.000516e+02	 98	 4.389060e+02	 650.00	 650.00	 17.00	 46	 0.64	 
BMI_bff_142	 2	 3	 109_michaeli_meirav.jpg	 4.438784e+02	 11	 9.047748e+02	 110	 6.500262e+02	 98	 4.448961e+02	 666.67	 650.00	 9.00	 9	 0.74	 
BMI_bff_142	 2	 3	 320_yaalon_moshe.jpg	 4.458805e+02	 12	 999000	 120	 999000	 999	 4.468983e+02	 666.67	 650.00	 15.00	 60	 0.65	 
BMI_bff_142	 2	 3	 316_saar_gidon.jpg	 4.498851e+02	 24	 999000	 240	 999000	 999	 4.509028e+02	 666.67	 650.00	 52.00	 56	 0.29	 
BMI_bff_142	 2	 3	 318_shalom_silvan.jpg	 4.518872e+02	 11	 9.838940e+02	 110	 6.667040e+02	 98	 4.529050e+02	 683.33	 650.00	 16.00	 58	 0.65	 
BMI_bff_142	 2	 3	 313_lizman_yaakov.jpg	 4.538895e+02	 12	 999000	 120	 999000	 999	 4.549072e+02	 683.33	 650.00	 12.00	 53	 0.70	 
BMI_bff_142	 2	 3	 302_danon_danny.jpg	 4.558917e+02	 12	 999000	 120	 999000	 999	 4.569095e+02	 683.33	 650.00	 5.00	 42	 0.82	 
BMI_bff_142	 2	 3	 108_khenin_dov.jpg	 4.608807e+02	 11	 1.006444e+03	 1100	 6.833635e+02	 98	 4.618986e+02	 633.33	 650.00	 11.00	 8	 0.74	 
BMI_bff_142	 2	 3	 307_hazan_oren.jpg	 4.628830e+02	 24	 999000	 240	 999000	 999	 4.639007e+02	 633.33	 650.00	 44.00	 47	 0.36	 
BMI_bff_142	 2	 3	 218_shitrit_meir.jpg	 4.648852e+02	 11	 9.219613e+02	 110	 6.333688e+02	 98	 4.659030e+02	 650.00	 650.00	 14.00	 38	 0.65	 
BMI_bff_142	 2	 3	 119_zandberg_tamar.jpg	 4.678886e+02	 24	 999000	 240	 999000	 999	 4.689064e+02	 650.00	 650.00	 42.00	 19	 0.37	 
