subjectID	 order	 runNum	 itemName	 onsetTime	 shuff_trialType	 RT	 respInTime	 AudioTime	 response	 fixationTime	 ladder1	 ladder2	 bidIndex	 itemNameIndex	 bidValue	 
BMI_bff_102	 2	 11	 307_hazan_oren.jpg	 1.195447e+00	 22	 1.035145e+03	 2200	 7.503526e+02	 98	 2.213265e+00	 750.00	 700.00	 46.00	 47	 0.31	 
BMI_bff_102	 2	 11	 319_steinitz_yuval.jpg	 3.197693e+00	 12	 999000	 120	 999000	 999	 4.215430e+00	 750.00	 700.00	 20.00	 59	 0.58	 
BMI_bff_102	 2	 11	 205_german_yael.jpg	 7.185485e+00	 22	 9.171187e+02	 220	 7.000239e+02	 98	 8.203385e+00	 750.00	 716.67	 49.00	 25	 0.25	 
BMI_bff_102	 2	 11	 111_odeh_aiman.jpg	 1.018891e+01	 24	 999000	 240	 999000	 999	 1.120663e+01	 750.00	 716.67	 52.00	 11	 0.21	 
BMI_bff_102	 2	 11	 303_deri_arye.jpg	 1.219111e+01	 24	 999000	 240	 999000	 999	 1.320889e+01	 750.00	 716.67	 42.00	 43	 0.36	 
BMI_bff_102	 2	 11	 314_netanyahu.jpg	 1.519452e+01	 11	 9.801157e+02	 110	 7.500794e+02	 98	 1.621223e+01	 766.67	 716.67	 17.00	 54	 0.70	 
BMI_bff_102	 2	 11	 212_olmert_ehud.jpg	 1.918208e+01	 24	 999000	 240	 999000	 999	 2.020008e+01	 766.67	 716.67	 58.00	 32	 0.07	 
BMI_bff_102	 2	 11	 213_perry_yaakov.jpg	 2.318678e+01	 22	 9.077984e+02	 220	 7.167336e+02	 98	 2.420459e+01	 766.67	 733.33	 51.00	 33	 0.22	 
BMI_bff_102	 2	 11	 118_yacimovich_shelly.jpg	 2.518907e+01	 12	 999000	 120	 999000	 999	 2.620677e+01	 766.67	 733.33	 5.00	 18	 0.83	 
BMI_bff_102	 2	 11	 101_barak_ehud.jpg	 3.019462e+01	 24	 999000	 240	 999000	 999	 3.121236e+01	 766.67	 733.33	 55.00	 1	 0.19	 
BMI_bff_102	 2	 11	 217_shelach_ofer.jpg	 3.219694e+01	 24	 999000	 240	 999000	 999	 3.321463e+01	 766.67	 733.33	 47.00	 37	 0.30	 
BMI_bff_102	 2	 11	 214_piron_shai.jpg	 3.418211e+01	 12	 999000	 120	 999000	 999	 3.520031e+01	 766.67	 733.33	 10.00	 34	 0.77	 
BMI_bff_102	 2	 11	 108_khenin_dov.jpg	 4.018927e+01	 24	 999000	 240	 999000	 999	 4.120699e+01	 766.67	 733.33	 57.00	 8	 0.12	 
BMI_bff_102	 2	 11	 312_livnat_limor.jpg	 4.219140e+01	 12	 999000	 120	 999000	 999	 4.320920e+01	 766.67	 733.33	 6.00	 52	 0.82	 
BMI_bff_102	 2	 11	 317_shaked_ayelet.jpg	 4.419373e+01	 12	 999000	 120	 999000	 999	 4.521148e+01	 766.67	 733.33	 3.00	 57	 0.90	 
BMI_bff_102	 2	 11	 202_cahlon_moshe.jpg	 4.619597e+01	 12	 999000	 120	 999000	 999	 4.721374e+01	 766.67	 733.33	 18.00	 22	 0.67	 
BMI_bff_102	 2	 11	 120_zuabi_hanin.jpg	 5.018383e+01	 24	 999000	 240	 999000	 999	 5.120155e+01	 766.67	 733.33	 53.00	 20	 0.20	 
BMI_bff_102	 2	 11	 112_peretz_amir.jpg	 5.418822e+01	 24	 999000	 240	 999000	 999	 5.520600e+01	 766.67	 733.33	 50.00	 12	 0.25	 
BMI_bff_102	 2	 11	 318_shalom_silvan.jpg	 5.719165e+01	 24	 999000	 240	 999000	 999	 5.820942e+01	 766.67	 733.33	 40.00	 58	 0.39	 
BMI_bff_102	 2	 11	 208_livnee_zipi.jpg	 6.119613e+01	 24	 999000	 240	 999000	 999	 6.221391e+01	 766.67	 733.33	 44.00	 28	 0.36	 
BMI_bff_102	 2	 11	 113_rosenthal_mickey.jpg	 6.418251e+01	 12	 999000	 120	 999000	 999	 6.520067e+01	 766.67	 733.33	 22.00	 13	 0.57	 
BMI_bff_102	 2	 11	 211_molla_shlomo.jpg	 6.618505e+01	 22	 9.415358e+02	 220	 7.333858e+02	 98	 6.720284e+01	 766.67	 750.00	 43.00	 31	 0.36	 
BMI_bff_102	 2	 11	 305_erdan_gilad.jpg	 7.018954e+01	 11	 9.530503e+02	 110	 7.667123e+02	 98	 7.120731e+01	 783.33	 750.00	 8.00	 45	 0.81	 
BMI_bff_102	 2	 11	 313_lizman_yaakov.jpg	 7.219179e+01	 12	 999000	 120	 999000	 999	 7.320960e+01	 783.33	 750.00	 13.00	 53	 0.74	 
BMI_bff_102	 2	 11	 302_danon_danny.jpg	 7.419399e+01	 12	 999000	 120	 999000	 999	 7.521188e+01	 783.33	 750.00	 7.00	 42	 0.82	 
BMI_bff_102	 2	 11	 109_michaeli_meirav.jpg	 7.819854e+01	 24	 999000	 240	 999000	 999	 7.921635e+01	 783.33	 750.00	 39.00	 9	 0.42	 
BMI_bff_102	 2	 11	 304_dicter_abraham.jpg	 8.018419e+01	 12	 999000	 120	 999000	 999	 8.120194e+01	 783.33	 750.00	 19.00	 44	 0.62	 
BMI_bff_102	 2	 11	 316_saar_gidon.jpg	 8.418866e+01	 12	 999000	 120	 999000	 999	 8.520641e+01	 783.33	 750.00	 4.00	 56	 0.89	 
BMI_bff_102	 2	 11	 210_mofaz_shaul.jpg	 8.819305e+01	 22	 9.895466e+02	 220	 7.500908e+02	 98	 8.921091e+01	 783.33	 766.67	 54.00	 30	 0.19	 
BMI_bff_102	 2	 11	 204_galant_yoav.jpg	 9.119647e+01	 11	 9.781142e+02	 110	 7.833846e+02	 98	 9.221431e+01	 800.00	 766.67	 16.00	 24	 0.71	 
BMI_bff_102	 2	 11	 201_baron_roni.jpg	 9.718649e+01	 11	 1.012099e+03	 1100	 8.000717e+02	 98	 9.820433e+01	 750.00	 766.67	 14.00	 21	 0.72	 
BMI_bff_102	 2	 11	 105_gilon_ilan.jpg	 9.918879e+01	 22	 9.697999e+02	 220	 7.667326e+02	 98	 1.002066e+02	 750.00	 783.33	 48.00	 5	 0.30	 
BMI_bff_102	 2	 11	 310_kirshenbaum_faina.jpg	 1.031933e+02	 24	 999000	 240	 999000	 999	 1.042111e+02	 750.00	 783.33	 45.00	 50	 0.35	 
BMI_bff_102	 2	 11	 114_shafir_stav.jpg	 1.051956e+02	 24	 999000	 240	 999000	 999	 1.062132e+02	 750.00	 783.33	 56.00	 14	 0.17	 
BMI_bff_102	 2	 11	 104_galon_zahava.jpg	 1.071977e+02	 24	 999000	 240	 999000	 999	 1.082156e+02	 750.00	 783.33	 41.00	 4	 0.38	 
BMI_bff_102	 2	 11	 106_herzog_yitzhak.jpg	 1.091834e+02	 12	 999000	 120	 999000	 999	 1.102011e+02	 750.00	 783.33	 12.00	 6	 0.75	 
BMI_bff_102	 2	 11	 308_hotovely_tzipi.jpg	 1.141891e+02	 12	 999000	 120	 999000	 999	 1.152068e+02	 750.00	 783.33	 15.00	 48	 0.71	 
BMI_bff_102	 2	 11	 311_liberman_avigdor.jpg	 1.161912e+02	 12	 999000	 120	 999000	 999	 1.172091e+02	 750.00	 783.33	 21.00	 51	 0.57	 
BMI_bff_102	 2	 11	 207_lapid_yair.jpg	 1.181934e+02	 11	 9.411864e+02	 110	 7.500752e+02	 98	 1.192113e+02	 766.67	 783.33	 9.00	 27	 0.77	 
BMI_bff_102	 2	 11	 315_regev_miri.jpg	 1.211969e+02	 11	 9.857159e+02	 110	 7.667199e+02	 98	 1.222146e+02	 783.33	 783.33	 11.00	 55	 0.76	 
