subjectID	 order	 runNum	 itemName	 onsetTime	 shuff_trialType	 RT	 respInTime	 AudioTime	 response	 fixationTime	 ladder1	 ladder2	 bidIndex	 itemNameIndex	 bidValue	 
BMI_bff_115	 1	 11	 319_steinitz_yuval.jpg	 1.278689e+00	 12	 999000	 120	 999000	 999	 2.297039e+00	 750.00	 750.00	 17.00	 59	 0.63	 
BMI_bff_115	 1	 11	 209_mitzna_amram.jpg	 4.281983e+00	 22	 9.652646e+02	 220	 7.500724e+02	 98	 5.300331e+00	 750.00	 766.67	 52.00	 29	 0.25	 
BMI_bff_115	 1	 11	 211_molla_shlomo.jpg	 6.284174e+00	 24	 999000	 240	 999000	 999	 7.302688e+00	 750.00	 766.67	 46.00	 31	 0.36	 
BMI_bff_115	 1	 11	 109_michaeli_meirav.jpg	 8.286623e+00	 12	 999000	 120	 999000	 999	 9.304862e+00	 750.00	 766.67	 11.00	 9	 0.69	 
BMI_bff_115	 1	 11	 217_shelach_ofer.jpg	 1.027369e+01	 24	 999000	 240	 999000	 999	 1.129047e+01	 750.00	 766.67	 56.00	 37	 0.20	 
BMI_bff_115	 1	 11	 110_nachman_shai.jpg	 1.327536e+01	 24	 999000	 240	 999000	 999	 1.429373e+01	 750.00	 766.67	 40.00	 10	 0.40	 
BMI_bff_115	 1	 11	 215_rozbozov_yoel.jpg	 1.527768e+01	 12	 999000	 120	 999000	 999	 1.629619e+01	 750.00	 766.67	 16.00	 35	 0.64	 
BMI_bff_115	 1	 11	 320_yaalon_moshe.jpg	 1.928209e+01	 22	 1.021144e+03	 2200	 7.667011e+02	 98	 2.030051e+01	 750.00	 716.67	 45.00	 60	 0.37	 
BMI_bff_115	 1	 11	 113_rosenthal_mickey.jpg	 2.128458e+01	 22	 9.386544e+02	 220	 7.167086e+02	 98	 2.230291e+01	 750.00	 733.33	 53.00	 13	 0.24	 
BMI_bff_115	 1	 11	 112_peretz_amir.jpg	 2.627328e+01	 24	 999000	 240	 999000	 999	 2.729168e+01	 750.00	 733.33	 54.00	 12	 0.23	 
BMI_bff_115	 1	 11	 303_deri_arye.jpg	 2.827573e+01	 24	 999000	 240	 999000	 999	 2.929390e+01	 750.00	 733.33	 51.00	 43	 0.25	 
BMI_bff_115	 1	 11	 306_gafni_moshe.jpg	 3.228015e+01	 24	 999000	 240	 999000	 999	 3.329862e+01	 750.00	 733.33	 55.00	 46	 0.22	 
BMI_bff_115	 1	 11	 203_cohen_meir.jpg	 3.428230e+01	 11	 1.148940e+03	 1100	 7.500953e+02	 98	 3.530069e+01	 700.00	 733.33	 18.00	 23	 0.63	 
BMI_bff_115	 1	 11	 202_cahlon_moshe.jpg	 3.728565e+01	 11	 9.936200e+02	 110	 7.000530e+02	 98	 3.830418e+01	 716.67	 733.33	 13.00	 22	 0.67	 
BMI_bff_115	 1	 11	 216_sharom_ariel.jpg	 4.227462e+01	 24	 999000	 240	 999000	 999	 4.329273e+01	 716.67	 733.33	 58.00	 36	 0.16	 
BMI_bff_115	 1	 11	 108_khenin_dov.jpg	 4.427681e+01	 24	 999000	 240	 999000	 999	 4.529528e+01	 716.67	 733.33	 57.00	 8	 0.17	 
BMI_bff_115	 1	 11	 115_shimon_peres.jpg	 4.627906e+01	 12	 999000	 120	 999000	 999	 4.729749e+01	 716.67	 733.33	 14.00	 15	 0.67	 
BMI_bff_115	 1	 11	 318_shalom_silvan.jpg	 5.028362e+01	 22	 9.876165e+02	 220	 7.333731e+02	 98	 5.130222e+01	 716.67	 750.00	 47.00	 58	 0.35	 
BMI_bff_115	 1	 11	 316_saar_gidon.jpg	 5.428803e+01	 24	 999000	 240	 999000	 999	 5.530655e+01	 716.67	 750.00	 49.00	 56	 0.33	 
BMI_bff_115	 1	 11	 307_hazan_oren.jpg	 5.827601e+01	 24	 999000	 240	 999000	 999	 5.929433e+01	 716.67	 750.00	 41.00	 47	 0.40	 
BMI_bff_115	 1	 11	 101_barak_ehud.jpg	 6.027813e+01	 12	 999000	 120	 999000	 999	 6.129657e+01	 716.67	 750.00	 19.00	 1	 0.62	 
BMI_bff_115	 1	 11	 206_hasson_israel.JPG	 6.228041e+01	 11	 1.038828e+03	 1100	 7.166925e+02	 98	 6.329878e+01	 666.67	 750.00	 10.00	 26	 0.70	 
BMI_bff_115	 1	 11	 302_danon_danny.jpg	 6.428267e+01	 12	 999000	 120	 999000	 999	 6.530126e+01	 666.67	 750.00	 21.00	 42	 0.58	 
BMI_bff_115	 1	 11	 310_kirshenbaum_faina.jpg	 6.628491e+01	 24	 999000	 240	 999000	 999	 6.730304e+01	 666.67	 750.00	 42.00	 50	 0.40	 
BMI_bff_115	 1	 11	 119_zandberg_tamar.jpg	 7.227492e+01	 12	 999000	 120	 999000	 999	 7.329339e+01	 666.67	 750.00	 6.00	 19	 0.74	 
BMI_bff_115	 1	 11	 117_tibi_ahmed.jpg	 7.527831e+01	 22	 9.929426e+02	 220	 7.500246e+02	 98	 7.629681e+01	 666.67	 766.67	 50.00	 17	 0.32	 
BMI_bff_115	 1	 11	 311_liberman_avigdor.jpg	 7.728049e+01	 12	 999000	 120	 999000	 999	 7.829903e+01	 666.67	 766.67	 4.00	 51	 0.80	 
BMI_bff_115	 1	 11	 315_regev_miri.jpg	 7.928286e+01	 11	 8.764051e+02	 110	 6.667357e+02	 98	 8.030116e+01	 683.33	 766.67	 7.00	 55	 0.73	 
BMI_bff_115	 1	 11	 308_hotovely_tzipi.jpg	 8.228617e+01	 12	 999000	 120	 999000	 999	 8.330457e+01	 683.33	 766.67	 5.00	 48	 0.75	 
BMI_bff_115	 1	 11	 314_netanyahu.jpg	 8.427140e+01	 12	 999000	 120	 999000	 999	 8.529015e+01	 683.33	 766.67	 20.00	 54	 0.59	 
BMI_bff_115	 1	 11	 107_horowitz_nitzan.jpg	 8.627400e+01	 12	 999000	 120	 999000	 999	 8.729237e+01	 683.33	 766.67	 3.00	 7	 0.80	 
BMI_bff_115	 1	 11	 102_beneliezer_binyamin.jpg	 8.827622e+01	 24	 999000	 240	 999000	 999	 8.929458e+01	 683.33	 766.67	 43.00	 2	 0.39	 
BMI_bff_115	 1	 11	 213_perry_yaakov.jpg	 9.127955e+01	 12	 999000	 120	 999000	 999	 9.229803e+01	 683.33	 766.67	 22.00	 33	 0.58	 
BMI_bff_115	 1	 11	 305_erdan_gilad.jpg	 9.328185e+01	 11	 8.934245e+02	 110	 6.834017e+02	 98	 9.430026e+01	 700.00	 766.67	 15.00	 45	 0.65	 
BMI_bff_115	 1	 11	 301_benet_naftali.jpg	 9.528405e+01	 24	 999000	 240	 999000	 999	 9.630247e+01	 700.00	 766.67	 48.00	 41	 0.34	 
BMI_bff_115	 1	 11	 118_yacimovich_shelly.jpg	 9.728648e+01	 24	 999000	 240	 999000	 999	 9.830455e+01	 700.00	 766.67	 39.00	 18	 0.42	 
BMI_bff_115	 1	 11	 312_livnat_limor.jpg	 9.927168e+01	 12	 999000	 120	 999000	 999	 1.002902e+02	 700.00	 766.67	 9.00	 52	 0.71	 
BMI_bff_115	 1	 11	 106_herzog_yitzhak.jpg	 1.052786e+02	 11	 9.206134e+02	 110	 7.000368e+02	 98	 1.062968e+02	 716.67	 766.67	 12.00	 6	 0.67	 
BMI_bff_115	 1	 11	 304_dicter_abraham.jpg	 1.082820e+02	 22	 1.085268e+03	 2200	 7.667144e+02	 98	 1.093005e+02	 716.67	 716.67	 44.00	 44	 0.38	 
BMI_bff_115	 1	 11	 104_galon_zahava.jpg	 1.122865e+02	 12	 999000	 120	 999000	 999	 1.133049e+02	 716.67	 716.67	 8.00	 4	 0.71	 
