subjectID	 order	 runNum	 itemName	 onsetTime	 shuff_trialType	 RT	 respInTime	 AudioTime	 response	 fixationTime	 ladder1	 ladder2	 bidIndex	 itemNameIndex	 bidValue	 
BMI_bff_126	 2	 16	 310_kirshenbaum_faina.jpg	 6.374054e+02	 22	 9.298163e+02	 220	 6.501030e+02	 98	 6.384235e+02	 650.00	 666.67	 54.00	 50	 0.17	 
BMI_bff_126	 2	 16	 306_gafni_moshe.jpg	 6.424113e+02	 24	 999000	 240	 999000	 999	 6.434291e+02	 650.00	 666.67	 55.00	 46	 0.16	 
BMI_bff_126	 2	 16	 115_shimon_peres.jpg	 6.444135e+02	 12	 999000	 120	 999000	 999	 6.454315e+02	 650.00	 666.67	 3.00	 15	 0.86	 
BMI_bff_126	 2	 16	 302_danon_danny.jpg	 6.463988e+02	 12	 999000	 120	 999000	 999	 6.474169e+02	 650.00	 666.67	 15.00	 42	 0.69	 
BMI_bff_126	 2	 16	 109_michaeli_meirav.jpg	 6.524058e+02	 24	 999000	 240	 999000	 999	 6.534236e+02	 650.00	 666.67	 44.00	 9	 0.33	 
BMI_bff_126	 2	 16	 101_barak_ehud.jpg	 6.544081e+02	 12	 999000	 120	 999000	 999	 6.554259e+02	 650.00	 666.67	 4.00	 1	 0.85	 
BMI_bff_126	 2	 16	 307_hazan_oren.jpg	 6.574115e+02	 24	 999000	 240	 999000	 999	 6.584293e+02	 650.00	 666.67	 53.00	 47	 0.17	 
BMI_bff_126	 2	 16	 210_mofaz_shaul.jpg	 6.594137e+02	 12	 999000	 120	 999000	 999	 6.604315e+02	 650.00	 666.67	 7.00	 30	 0.79	 
BMI_bff_126	 2	 16	 319_steinitz_yuval.jpg	 6.634015e+02	 11	 9.896829e+02	 110	 6.500870e+02	 98	 6.644193e+02	 666.67	 666.67	 8.00	 59	 0.79	 
BMI_bff_126	 2	 16	 104_galon_zahava.jpg	 6.654038e+02	 12	 999000	 120	 999000	 999	 6.664216e+02	 666.67	 666.67	 6.00	 4	 0.82	 
BMI_bff_126	 2	 16	 107_horowitz_nitzan.jpg	 6.704094e+02	 12	 999000	 120	 999000	 999	 6.714272e+02	 666.67	 666.67	 13.00	 7	 0.73	 
BMI_bff_126	 2	 16	 308_hotovely_tzipi.jpg	 6.774005e+02	 24	 999000	 240	 999000	 999	 6.784183e+02	 666.67	 666.67	 47.00	 48	 0.30	 
BMI_bff_126	 2	 16	 301_benet_naftali.jpg	 6.794028e+02	 11	 9.403938e+02	 110	 6.667199e+02	 98	 6.804206e+02	 683.33	 666.67	 9.00	 41	 0.77	 
BMI_bff_126	 2	 16	 114_shafir_stav.jpg	 6.824061e+02	 24	 999000	 240	 999000	 999	 6.834239e+02	 683.33	 666.67	 40.00	 14	 0.38	 
BMI_bff_126	 2	 16	 219_stern_eliezer.jpg	 6.854096e+02	 12	 999000	 120	 999000	 999	 6.864273e+02	 683.33	 666.67	 21.00	 39	 0.62	 
BMI_bff_126	 2	 16	 108_khenin_dov.jpg	 6.894140e+02	 22	 9.291893e+02	 220	 6.667081e+02	 98	 6.904318e+02	 683.33	 683.33	 48.00	 8	 0.26	 
BMI_bff_126	 2	 16	 207_lapid_yair.jpg	 6.934018e+02	 12	 999000	 120	 999000	 999	 6.944196e+02	 683.33	 683.33	 22.00	 27	 0.59	 
BMI_bff_126	 2	 16	 305_erdan_gilad.jpg	 6.974064e+02	 12	 999000	 120	 999000	 999	 6.984241e+02	 683.33	 683.33	 5.00	 45	 0.84	 
BMI_bff_126	 2	 16	 217_shelach_ofer.jpg	 7.004097e+02	 24	 999000	 240	 999000	 999	 7.014275e+02	 683.33	 683.33	 41.00	 37	 0.37	 
BMI_bff_126	 2	 16	 112_peretz_amir.jpg	 7.063994e+02	 24	 999000	 240	 999000	 999	 7.074175e+02	 683.33	 683.33	 39.00	 12	 0.39	 
BMI_bff_126	 2	 16	 118_yacimovich_shelly.jpg	 7.084019e+02	 11	 9.572703e+02	 110	 6.834074e+02	 98	 7.094197e+02	 700.00	 683.33	 14.00	 18	 0.72	 
BMI_bff_126	 2	 16	 206_hasson_israel.JPG	 7.114053e+02	 24	 999000	 240	 999000	 999	 7.124231e+02	 700.00	 683.33	 56.00	 26	 0.16	 
BMI_bff_126	 2	 16	 211_molla_shlomo.jpg	 7.134076e+02	 24	 999000	 240	 999000	 999	 7.144253e+02	 700.00	 683.33	 57.00	 31	 0.15	 
BMI_bff_126	 2	 16	 218_shitrit_meir.jpg	 7.154098e+02	 24	 999000	 240	 999000	 999	 7.164276e+02	 700.00	 683.33	 45.00	 38	 0.32	 
BMI_bff_126	 2	 16	 215_rozbozov_yoel.jpg	 7.174121e+02	 12	 999000	 120	 999000	 999	 7.184299e+02	 700.00	 683.33	 19.00	 35	 0.66	 
BMI_bff_126	 2	 16	 316_saar_gidon.jpg	 7.203986e+02	 12	 999000	 120	 999000	 999	 7.214165e+02	 700.00	 683.33	 18.00	 56	 0.68	 
BMI_bff_126	 2	 16	 304_dicter_abraham.jpg	 7.244033e+02	 24	 999000	 240	 999000	 999	 7.254210e+02	 700.00	 683.33	 42.00	 44	 0.37	 
BMI_bff_126	 2	 16	 209_mitzna_amram.jpg	 7.264055e+02	 24	 999000	 240	 999000	 999	 7.274232e+02	 700.00	 683.33	 50.00	 29	 0.23	 
BMI_bff_126	 2	 16	 303_deri_arye.jpg	 7.284078e+02	 22	 1.039424e+03	 2200	 6.833852e+02	 98	 7.294256e+02	 700.00	 633.33	 49.00	 43	 0.24	 
BMI_bff_126	 2	 16	 315_regev_miri.jpg	 7.304099e+02	 22	 1.165319e+03	 2200	 6.333667e+02	 98	 7.314277e+02	 700.00	 583.33	 43.00	 55	 0.36	 
BMI_bff_126	 2	 16	 317_shaked_ayelet.jpg	 7.324122e+02	 12	 999000	 120	 999000	 999	 7.334300e+02	 700.00	 583.33	 12.00	 57	 0.75	 
BMI_bff_126	 2	 16	 313_lizman_yaakov.jpg	 7.343975e+02	 22	 8.656690e+02	 220	 5.833970e+02	 98	 7.354156e+02	 700.00	 600.00	 51.00	 53	 0.23	 
BMI_bff_126	 2	 16	 320_yaalon_moshe.jpg	 7.384022e+02	 11	 1.085018e+03	 1100	 7.000350e+02	 98	 7.394200e+02	 650.00	 600.00	 11.00	 60	 0.75	 
BMI_bff_126	 2	 16	 312_livnat_limor.jpg	 7.424067e+02	 11	 9.124577e+02	 110	 6.500541e+02	 98	 7.434246e+02	 666.67	 600.00	 16.00	 52	 0.69	 
BMI_bff_126	 2	 16	 214_piron_shai.jpg	 7.444090e+02	 24	 999000	 240	 999000	 999	 7.454268e+02	 666.67	 600.00	 52.00	 34	 0.18	 
BMI_bff_126	 2	 16	 220_tamnu_shata_penina.jpg	 7.464112e+02	 22	 8.120294e+02	 220	 6.000765e+02	 98	 7.474290e+02	 666.67	 616.67	 46.00	 40	 0.30	 
BMI_bff_126	 2	 16	 208_livnee_zipi.jpg	 7.484136e+02	 12	 999000	 120	 999000	 999	 7.494313e+02	 666.67	 616.67	 20.00	 28	 0.66	 
BMI_bff_126	 2	 16	 106_herzog_yitzhak.jpg	 7.503991e+02	 12	 999000	 120	 999000	 999	 7.514168e+02	 666.67	 616.67	 10.00	 6	 0.75	 
BMI_bff_126	 2	 16	 309_katz_yisrael.jpg	 7.564058e+02	 11	 8.974082e+02	 110	 6.666922e+02	 98	 7.574235e+02	 683.33	 616.67	 17.00	 49	 0.69	 
BMI_bff_126	 2	 16	 117_tibi_ahmed.jpg	 7.584080e+02	 24	 999000	 240	 999000	 999	 7.594259e+02	 683.33	 616.67	 58.00	 17	 0.14	 
