subjectID	 order	 runNum	 itemName	 onsetTime	 shuff_trialType	 RT	 respInTime	 AudioTime	 response	 fixationTime	 ladder1	 ladder2	 bidIndex	 itemNameIndex	 bidValue	 
BMI_bff_133	 1	 8	 213_perry_yaakov.jpg	 9.116211e+02	 24	 999000	 240	 999000	 999	 9.126395e+02	 650.00	 716.67	 49.00	 33	 0.27	 
BMI_bff_133	 1	 8	 103_cabel_eitan.jpg	 9.166268e+02	 12	 999000	 120	 999000	 999	 9.176451e+02	 650.00	 716.67	 3.00	 3	 0.88	 
BMI_bff_133	 1	 8	 304_dicter_abraham.jpg	 9.186119e+02	 24	 999000	 240	 999000	 999	 9.196307e+02	 650.00	 716.67	 42.00	 44	 0.35	 
BMI_bff_133	 1	 8	 201_baron_roni.jpg	 9.206146e+02	 24	 999000	 240	 999000	 999	 9.216329e+02	 650.00	 716.67	 41.00	 21	 0.36	 
BMI_bff_133	 1	 8	 102_beneliezer_binyamin.jpg	 9.266213e+02	 22	 1.072409e+03	 2200	 7.167294e+02	 98	 9.276396e+02	 650.00	 666.67	 44.00	 2	 0.33	 
BMI_bff_133	 1	 8	 308_hotovely_tzipi.jpg	 9.286236e+02	 12	 999000	 120	 999000	 999	 9.296419e+02	 650.00	 666.67	 8.00	 48	 0.80	 
BMI_bff_133	 1	 8	 108_khenin_dov.jpg	 9.316268e+02	 24	 999000	 240	 999000	 999	 9.326453e+02	 650.00	 666.67	 57.00	 8	 0.13	 
BMI_bff_133	 1	 8	 318_shalom_silvan.jpg	 9.336125e+02	 12	 999000	 120	 999000	 999	 9.346309e+02	 650.00	 666.67	 16.00	 58	 0.69	 
BMI_bff_133	 1	 8	 215_rozbozov_yoel.jpg	 9.376169e+02	 12	 999000	 120	 999000	 999	 9.386352e+02	 650.00	 666.67	 11.00	 35	 0.77	 
BMI_bff_133	 1	 8	 313_lizman_yaakov.jpg	 9.396191e+02	 11	 9.945830e+02	 110	 6.500414e+02	 98	 9.406376e+02	 666.67	 666.67	 10.00	 53	 0.77	 
BMI_bff_133	 1	 8	 207_lapid_yair.jpg	 9.446247e+02	 11	 9.729276e+02	 110	 6.667401e+02	 98	 9.456433e+02	 683.33	 666.67	 12.00	 27	 0.76	 
BMI_bff_133	 1	 8	 317_shaked_ayelet.jpg	 9.516160e+02	 11	 1.005719e+03	 1100	 6.833565e+02	 98	 9.526350e+02	 633.33	 666.67	 18.00	 57	 0.67	 
BMI_bff_133	 1	 8	 212_olmert_ehud.jpg	 9.536183e+02	 22	 1.003433e+03	 2200	 6.666977e+02	 98	 9.546365e+02	 633.33	 616.67	 50.00	 32	 0.25	 
BMI_bff_133	 1	 8	 314_netanyahu.jpg	 9.566215e+02	 12	 999000	 120	 999000	 999	 9.576400e+02	 633.33	 616.67	 17.00	 54	 0.68	 
BMI_bff_133	 1	 8	 110_nachman_shai.jpg	 9.596249e+02	 24	 999000	 240	 999000	 999	 9.606433e+02	 633.33	 616.67	 51.00	 10	 0.24	 
BMI_bff_133	 1	 8	 204_galant_yoav.jpg	 9.636127e+02	 24	 999000	 240	 999000	 999	 9.646311e+02	 633.33	 616.67	 43.00	 24	 0.33	 
BMI_bff_133	 1	 8	 211_molla_shlomo.jpg	 9.676172e+02	 24	 999000	 240	 999000	 999	 9.686358e+02	 633.33	 616.67	 48.00	 31	 0.28	 
BMI_bff_133	 1	 8	 109_michaeli_meirav.jpg	 9.716217e+02	 24	 999000	 240	 999000	 999	 9.726401e+02	 633.33	 616.67	 56.00	 9	 0.14	 
BMI_bff_133	 1	 8	 307_hazan_oren.jpg	 9.746250e+02	 12	 999000	 120	 999000	 999	 9.756434e+02	 633.33	 616.67	 14.00	 47	 0.71	 
BMI_bff_133	 1	 8	 305_erdan_gilad.jpg	 9.806151e+02	 12	 999000	 120	 999000	 999	 9.816335e+02	 633.33	 616.67	 4.00	 45	 0.87	 
BMI_bff_133	 1	 8	 312_livnat_limor.jpg	 9.826174e+02	 11	 1.028310e+03	 1100	 6.333560e+02	 98	 9.836357e+02	 583.33	 616.67	 13.00	 52	 0.76	 
BMI_bff_133	 1	 8	 311_liberman_avigdor.jpg	 9.856207e+02	 12	 999000	 120	 999000	 999	 9.866391e+02	 583.33	 616.67	 6.00	 51	 0.84	 
BMI_bff_133	 1	 8	 115_shimon_peres.jpg	 9.876230e+02	 12	 999000	 120	 999000	 999	 9.886414e+02	 583.33	 616.67	 19.00	 15	 0.67	 
BMI_bff_133	 1	 8	 209_mitzna_amram.jpg	 9.896253e+02	 24	 999000	 240	 999000	 999	 9.906435e+02	 583.33	 616.67	 46.00	 29	 0.30	 
BMI_bff_133	 1	 8	 303_deri_arye.jpg	 9.916104e+02	 11	 9.072734e+02	 110	 5.833574e+02	 98	 9.926291e+02	 600.00	 616.67	 15.00	 43	 0.69	 
BMI_bff_133	 1	 8	 118_yacimovich_shelly.jpg	 9.946142e+02	 24	 999000	 240	 999000	 999	 9.956325e+02	 600.00	 616.67	 40.00	 18	 0.40	 
BMI_bff_133	 1	 8	 205_german_yael.jpg	 9.986186e+02	 12	 999000	 120	 999000	 999	 9.996370e+02	 600.00	 616.67	 22.00	 25	 0.62	 
BMI_bff_133	 1	 8	 306_gafni_moshe.jpg	 1.000621e+03	 12	 999000	 120	 999000	 999	 1.001639e+03	 600.00	 616.67	 20.00	 46	 0.66	 
BMI_bff_133	 1	 8	 106_herzog_yitzhak.jpg	 1.002623e+03	 24	 999000	 240	 999000	 999	 1.003642e+03	 600.00	 616.67	 54.00	 6	 0.15	 
BMI_bff_133	 1	 8	 302_danon_danny.jpg	 1.004625e+03	 11	 9.642787e+02	 110	 6.000629e+02	 98	 1.005644e+03	 616.67	 616.67	 7.00	 42	 0.82	 
BMI_bff_133	 1	 8	 203_cohen_meir.jpg	 1.006611e+03	 22	 9.710798e+02	 220	 6.167046e+02	 98	 1.007629e+03	 616.67	 633.33	 45.00	 23	 0.32	 
BMI_bff_133	 1	 8	 117_tibi_ahmed.jpg	 1.008613e+03	 22	 9.445621e+02	 220	 6.333590e+02	 98	 1.009632e+03	 616.67	 650.00	 52.00	 17	 0.20	 
BMI_bff_133	 1	 8	 319_steinitz_yuval.jpg	 1.012618e+03	 12	 999000	 120	 999000	 999	 1.013636e+03	 616.67	 650.00	 21.00	 59	 0.63	 
BMI_bff_133	 1	 8	 301_benet_naftali.jpg	 1.016622e+03	 12	 999000	 120	 999000	 999	 1.017641e+03	 616.67	 650.00	 5.00	 41	 0.84	 
BMI_bff_133	 1	 8	 217_shelach_ofer.jpg	 1.018624e+03	 22	 1.045266e+03	 2200	 6.500930e+02	 98	 1.019643e+03	 616.67	 600.00	 47.00	 37	 0.29	 
BMI_bff_133	 1	 8	 208_livnee_zipi.jpg	 1.020627e+03	 22	 9.470768e+02	 220	 6.000620e+02	 98	 1.021645e+03	 616.67	 616.67	 53.00	 28	 0.17	 
BMI_bff_133	 1	 8	 105_gilon_ilan.jpg	 1.022612e+03	 24	 999000	 240	 999000	 999	 1.023631e+03	 616.67	 616.67	 58.00	 5	 0.13	 
BMI_bff_133	 1	 8	 316_saar_gidon.jpg	 1.024614e+03	 12	 999000	 120	 999000	 999	 1.025633e+03	 616.67	 616.67	 9.00	 56	 0.80	 
BMI_bff_133	 1	 8	 120_zuabi_hanin.jpg	 1.030621e+03	 24	 999000	 240	 999000	 999	 1.031640e+03	 616.67	 616.67	 55.00	 20	 0.14	 
BMI_bff_133	 1	 8	 219_stern_eliezer.jpg	 1.032623e+03	 24	 999000	 240	 999000	 999	 1.033643e+03	 616.67	 616.67	 39.00	 39	 0.41	 
