subjectID	 order	 runNum	 itemName	 onsetTime	 shuff_trialType	 RT	 respInTime	 AudioTime	 response	 fixationTime	 ladder1	 ladder2	 bidIndex	 itemNameIndex	 bidValue	 
BMI_bff_107	 1	 20	 104_galon_zahava.jpg	 1.133323e+03	 12	 999000	 120	 999000	 999	 1.134341e+03	 783.33	 783.33	 11.00	 4	 0.76	 
BMI_bff_107	 1	 20	 306_gafni_moshe.jpg	 1.136326e+03	 24	 999000	 240	 999000	 999	 1.137345e+03	 783.33	 783.33	 57.00	 46	 0.19	 
BMI_bff_107	 1	 20	 309_katz_yisrael.jpg	 1.140314e+03	 22	 8.524360e+02	 220	 7.834302e+02	 98	 1.141333e+03	 783.33	 800.00	 53.00	 49	 0.26	 
BMI_bff_107	 1	 20	 108_khenin_dov.jpg	 1.142316e+03	 24	 999000	 240	 999000	 999	 1.143335e+03	 783.33	 800.00	 42.00	 8	 0.32	 
BMI_bff_107	 1	 20	 217_shelach_ofer.jpg	 1.144319e+03	 12	 999000	 120	 999000	 999	 1.145337e+03	 783.33	 800.00	 20.00	 37	 0.67	 
BMI_bff_107	 1	 20	 308_hotovely_tzipi.jpg	 1.148323e+03	 11	 7.475886e+02	 11	 7.834065e+02	 98	 1.149341e+03	 800.00	 800.00	 12.00	 48	 0.75	 
BMI_bff_107	 1	 20	 118_yacimovich_shelly.jpg	 1.150325e+03	 11	 9.693604e+02	 110	 8.000258e+02	 98	 1.151344e+03	 816.67	 800.00	 7.00	 18	 0.81	 
BMI_bff_107	 1	 20	 102_beneliezer_binyamin.jpg	 1.155317e+03	 22	 9.539003e+02	 220	 8.000220e+02	 98	 1.156333e+03	 816.67	 816.67	 50.00	 2	 0.29	 
BMI_bff_107	 1	 20	 312_livnat_limor.jpg	 1.157317e+03	 11	 9.861914e+02	 110	 8.167296e+02	 98	 1.158335e+03	 833.33	 816.67	 10.00	 52	 0.77	 
BMI_bff_107	 1	 20	 207_lapid_yair.jpg	 1.160320e+03	 12	 999000	 120	 999000	 999	 1.161338e+03	 833.33	 816.67	 19.00	 27	 0.67	 
BMI_bff_107	 1	 20	 116_shmuli_itzik.jpg	 1.163323e+03	 12	 999000	 120	 999000	 999	 1.164342e+03	 833.33	 816.67	 22.00	 16	 0.65	 
BMI_bff_107	 1	 20	 109_michaeli_meirav.jpg	 1.167328e+03	 12	 999000	 120	 999000	 999	 1.168346e+03	 833.33	 816.67	 3.00	 9	 0.86	 
BMI_bff_107	 1	 20	 201_baron_roni.jpg	 1.170314e+03	 24	 999000	 240	 999000	 999	 1.171333e+03	 833.33	 816.67	 39.00	 21	 0.36	 
BMI_bff_107	 1	 20	 318_shalom_silvan.jpg	 1.172317e+03	 24	 999000	 240	 999000	 999	 1.173335e+03	 833.33	 816.67	 41.00	 58	 0.35	 
BMI_bff_107	 1	 20	 220_tamnu_shata_penina.jpg	 1.175320e+03	 11	 9.346211e+02	 110	 8.333959e+02	 98	 1.176339e+03	 850.00	 816.67	 13.00	 40	 0.75	 
BMI_bff_107	 1	 20	 310_kirshenbaum_faina.jpg	 1.179325e+03	 12	 999000	 120	 999000	 999	 1.180343e+03	 850.00	 816.67	 5.00	 50	 0.82	 
BMI_bff_107	 1	 20	 204_galant_yoav.jpg	 1.182328e+03	 12	 999000	 120	 999000	 999	 1.183346e+03	 850.00	 816.67	 21.00	 24	 0.66	 
BMI_bff_107	 1	 20	 115_shimon_peres.jpg	 1.184313e+03	 12	 999000	 120	 999000	 999	 1.185332e+03	 850.00	 816.67	 8.00	 15	 0.79	 
BMI_bff_107	 1	 20	 107_horowitz_nitzan.jpg	 1.186316e+03	 12	 999000	 120	 999000	 999	 1.187334e+03	 850.00	 816.67	 16.00	 7	 0.68	 
BMI_bff_107	 1	 20	 117_tibi_ahmed.jpg	 1.191321e+03	 24	 999000	 240	 999000	 999	 1.192340e+03	 850.00	 816.67	 58.00	 17	 0.15	 
BMI_bff_107	 1	 20	 113_rosenthal_mickey.jpg	 1.195326e+03	 12	 999000	 120	 999000	 999	 1.196344e+03	 850.00	 816.67	 14.00	 13	 0.73	 
BMI_bff_107	 1	 20	 320_yaalon_moshe.jpg	 1.199313e+03	 22	 9.733309e+02	 220	 8.167032e+02	 98	 1.200332e+03	 850.00	 833.33	 44.00	 60	 0.31	 
BMI_bff_107	 1	 20	 301_benet_naftali.jpg	 1.205320e+03	 22	 7.023003e+02	 22	 8.333873e+02	 98	 1.206339e+03	 850.00	 850.00	 52.00	 41	 0.28	 
BMI_bff_107	 1	 20	 210_mofaz_shaul.jpg	 1.207323e+03	 24	 999000	 240	 999000	 999	 1.208341e+03	 850.00	 850.00	 40.00	 30	 0.35	 
BMI_bff_107	 1	 20	 202_cahlon_moshe.jpg	 1.209325e+03	 24	 999000	 240	 999000	 999	 1.210343e+03	 850.00	 850.00	 43.00	 22	 0.31	 
BMI_bff_107	 1	 20	 219_stern_eliezer.jpg	 1.211327e+03	 12	 999000	 120	 999000	 999	 1.212346e+03	 850.00	 850.00	 17.00	 39	 0.68	 
BMI_bff_107	 1	 20	 114_shafir_stav.jpg	 1.213329e+03	 12	 999000	 120	 999000	 999	 1.214348e+03	 850.00	 850.00	 6.00	 14	 0.82	 
BMI_bff_107	 1	 20	 119_zandberg_tamar.jpg	 1.217317e+03	 12	 999000	 120	 999000	 999	 1.218336e+03	 850.00	 850.00	 4.00	 19	 0.85	 
BMI_bff_107	 1	 20	 311_liberman_avigdor.jpg	 1.219319e+03	 24	 999000	 240	 999000	 999	 1.220338e+03	 850.00	 850.00	 48.00	 51	 0.29	 
BMI_bff_107	 1	 20	 212_olmert_ehud.jpg	 1.223324e+03	 24	 999000	 240	 999000	 999	 1.224342e+03	 850.00	 850.00	 46.00	 32	 0.30	 
BMI_bff_107	 1	 20	 120_zuabi_hanin.jpg	 1.225326e+03	 24	 999000	 240	 999000	 999	 1.226345e+03	 850.00	 850.00	 54.00	 20	 0.26	 
BMI_bff_107	 1	 20	 307_hazan_oren.jpg	 1.227328e+03	 24	 999000	 240	 999000	 999	 1.228347e+03	 850.00	 850.00	 51.00	 47	 0.28	 
BMI_bff_107	 1	 20	 216_sharom_ariel.jpg	 1.229314e+03	 12	 999000	 120	 999000	 999	 1.230332e+03	 850.00	 850.00	 9.00	 36	 0.78	 
BMI_bff_107	 1	 20	 112_peretz_amir.jpg	 1.234320e+03	 22	 9.030879e+02	 220	 8.500692e+02	 98	 1.235355e+03	 850.00	 866.67	 47.00	 12	 0.29	 
BMI_bff_107	 1	 20	 317_shaked_ayelet.jpg	 1.236322e+03	 11	 1.005040e+03	 1100	 8.500336e+02	 98	 1.237374e+03	 800.00	 866.67	 18.00	 57	 0.68	 
BMI_bff_107	 1	 20	 214_piron_shai.jpg	 1.238324e+03	 11	 8.186818e+02	 110	 8.000434e+02	 98	 1.239343e+03	 816.67	 866.67	 15.00	 34	 0.69	 
BMI_bff_107	 1	 20	 303_deri_arye.jpg	 1.241327e+03	 24	 999000	 240	 999000	 999	 1.242346e+03	 816.67	 866.67	 56.00	 43	 0.20	 
BMI_bff_107	 1	 20	 314_netanyahu.jpg	 1.248319e+03	 22	 1.032113e+03	 2200	 8.667113e+02	 98	 1.249372e+03	 816.67	 816.67	 45.00	 54	 0.31	 
BMI_bff_107	 1	 20	 211_molla_shlomo.jpg	 1.252323e+03	 24	 999000	 240	 999000	 999	 1.253342e+03	 816.67	 816.67	 55.00	 31	 0.21	 
BMI_bff_107	 1	 20	 110_nachman_shai.jpg	 1.259314e+03	 24	 999000	 240	 999000	 999	 1.260333e+03	 816.67	 816.67	 49.00	 10	 0.29	 
