subjectID	 order	 runNum	 itemName	 onsetTime	 shuff_trialType	 RT	 respInTime	 AudioTime	 response	 fixationTime	 ladder1	 ladder2	 bidIndex	 itemNameIndex	 bidValue	 
BMI_bff_130	 2	 18	 311_liberman_avigdor.jpg	 1.970761e+03	 24	 999000	 240	 999000	 999	 1.971777e+03	 716.66	 650.00	 40.00	 51	 0.41	 
BMI_bff_130	 2	 18	 216_sharom_ariel.jpg	 1.973763e+03	 22	 999000	 2	 6.500457e+02	 999	 1.974781e+03	 716.66	 600.00	 43.00	 36	 0.36	 
BMI_bff_130	 2	 18	 105_gilon_ilan.jpg	 1.975765e+03	 12	 999000	 120	 999000	 999	 1.976783e+03	 716.66	 600.00	 20.00	 5	 0.62	 
BMI_bff_130	 2	 18	 120_zuabi_hanin.jpg	 1.977768e+03	 24	 999000	 240	 999000	 999	 1.978785e+03	 716.66	 600.00	 57.00	 20	 0.13	 
BMI_bff_130	 2	 18	 106_herzog_yitzhak.jpg	 1.979771e+03	 12	 999000	 120	 999000	 999	 1.980787e+03	 716.66	 600.00	 10.00	 6	 0.75	 
BMI_bff_130	 2	 18	 306_gafni_moshe.jpg	 1.982757e+03	 24	 999000	 240	 999000	 999	 1.983775e+03	 716.66	 600.00	 42.00	 46	 0.37	 
BMI_bff_130	 2	 18	 212_olmert_ehud.jpg	 1.984759e+03	 24	 999000	 240	 999000	 999	 1.985776e+03	 716.66	 600.00	 58.00	 32	 0.12	 
BMI_bff_130	 2	 18	 307_hazan_oren.jpg	 1.988764e+03	 22	 1.014799e+03	 2200	 6.000364e+02	 98	 1.989781e+03	 716.66	 550.00	 48.00	 47	 0.26	 
BMI_bff_130	 2	 18	 108_khenin_dov.jpg	 1.990766e+03	 12	 999000	 120	 999000	 999	 1.991783e+03	 716.66	 550.00	 5.00	 8	 0.83	 
BMI_bff_130	 2	 18	 314_netanyahu.jpg	 1.995771e+03	 22	 7.996178e+02	 220	 5.500259e+02	 98	 1.996789e+03	 716.66	 566.67	 54.00	 54	 0.18	 
BMI_bff_130	 2	 18	 305_erdan_gilad.jpg	 1.997757e+03	 12	 999000	 120	 999000	 999	 1.998775e+03	 716.66	 566.67	 18.00	 45	 0.63	 
BMI_bff_130	 2	 18	 308_hotovely_tzipi.jpg	 2.001761e+03	 24	 999000	 240	 999000	 999	 2.002779e+03	 716.66	 566.67	 50.00	 48	 0.24	 
BMI_bff_130	 2	 18	 114_shafir_stav.jpg	 2.003764e+03	 12	 999000	 120	 999000	 999	 2.004781e+03	 716.66	 566.67	 3.00	 14	 0.85	 
BMI_bff_130	 2	 18	 318_shalom_silvan.jpg	 2.006767e+03	 24	 999000	 240	 999000	 999	 2.007784e+03	 716.66	 566.67	 44.00	 58	 0.35	 
BMI_bff_130	 2	 18	 202_cahlon_moshe.jpg	 2.011756e+03	 11	 1.006660e+03	 1100	 7.167421e+02	 98	 2.012776e+03	 666.66	 566.67	 9.00	 22	 0.77	 
BMI_bff_130	 2	 18	 101_barak_ehud.jpg	 2.013758e+03	 11	 9.241468e+02	 110	 6.667465e+02	 98	 2.014776e+03	 683.33	 566.67	 17.00	 1	 0.66	 
BMI_bff_130	 2	 18	 219_stern_eliezer.jpg	 2.015760e+03	 12	 999000	 120	 999000	 999	 2.016778e+03	 683.33	 566.67	 7.00	 39	 0.79	 
BMI_bff_130	 2	 18	 211_molla_shlomo.jpg	 2.019765e+03	 12	 999000	 120	 999000	 999	 2.020783e+03	 683.33	 566.67	 22.00	 31	 0.58	 
BMI_bff_130	 2	 18	 117_tibi_ahmed.jpg	 2.023770e+03	 24	 999000	 240	 999000	 999	 2.024787e+03	 683.33	 566.67	 52.00	 17	 0.19	 
BMI_bff_130	 2	 18	 218_shitrit_meir.jpg	 2.027757e+03	 24	 999000	 240	 999000	 999	 2.028775e+03	 683.33	 566.67	 41.00	 38	 0.38	 
BMI_bff_130	 2	 18	 102_beneliezer_binyamin.jpg	 2.029760e+03	 12	 999000	 120	 999000	 999	 2.030778e+03	 683.33	 566.67	 19.00	 2	 0.62	 
BMI_bff_130	 2	 18	 116_shmuli_itzik.jpg	 2.031762e+03	 12	 999000	 120	 999000	 999	 2.032779e+03	 683.33	 566.67	 13.00	 16	 0.71	 
BMI_bff_130	 2	 18	 312_livnat_limor.jpg	 2.033764e+03	 24	 999000	 240	 999000	 999	 2.034782e+03	 683.33	 566.67	 45.00	 52	 0.30	 
BMI_bff_130	 2	 18	 103_cabel_eitan.jpg	 2.035766e+03	 22	 8.126287e+02	 220	 5.667055e+02	 98	 2.036784e+03	 683.33	 583.33	 46.00	 3	 0.29	 
BMI_bff_130	 2	 18	 107_horowitz_nitzan.jpg	 2.041757e+03	 11	 1.093965e+03	 1100	 6.834068e+02	 98	 2.042774e+03	 633.33	 583.33	 16.00	 7	 0.68	 
BMI_bff_130	 2	 18	 315_regev_miri.jpg	 2.044760e+03	 24	 999000	 240	 999000	 999	 2.045778e+03	 633.33	 583.33	 55.00	 55	 0.15	 
BMI_bff_130	 2	 18	 113_rosenthal_mickey.jpg	 2.046762e+03	 11	 9.290895e+02	 110	 6.333693e+02	 98	 2.047779e+03	 650.00	 583.33	 14.00	 13	 0.69	 
BMI_bff_130	 2	 18	 310_kirshenbaum_faina.jpg	 2.048764e+03	 24	 999000	 240	 999000	 999	 2.049782e+03	 650.00	 583.33	 53.00	 50	 0.18	 
BMI_bff_130	 2	 18	 119_zandberg_tamar.jpg	 2.051767e+03	 11	 9.554874e+02	 110	 6.500841e+02	 98	 2.052785e+03	 666.66	 583.33	 8.00	 19	 0.77	 
BMI_bff_130	 2	 18	 115_shimon_peres.jpg	 2.053770e+03	 12	 999000	 120	 999000	 999	 2.054787e+03	 666.66	 583.33	 15.00	 15	 0.68	 
BMI_bff_130	 2	 18	 204_galant_yoav.jpg	 2.055772e+03	 24	 999000	 240	 999000	 999	 2.056790e+03	 666.66	 583.33	 47.00	 24	 0.27	 
BMI_bff_130	 2	 18	 118_yacimovich_shelly.jpg	 2.057758e+03	 11	 9.649494e+02	 110	 6.667335e+02	 98	 2.058775e+03	 683.33	 583.33	 11.00	 18	 0.75	 
BMI_bff_130	 2	 18	 320_yaalon_moshe.jpg	 2.060761e+03	 12	 999000	 120	 999000	 999	 2.061779e+03	 683.33	 583.33	 12.00	 60	 0.72	 
BMI_bff_130	 2	 18	 313_lizman_yaakov.jpg	 2.062763e+03	 24	 999000	 240	 999000	 999	 2.063781e+03	 683.33	 583.33	 56.00	 53	 0.15	 
BMI_bff_130	 2	 18	 214_piron_shai.jpg	 2.064766e+03	 12	 999000	 120	 999000	 999	 2.065783e+03	 683.33	 583.33	 4.00	 34	 0.83	 
BMI_bff_130	 2	 18	 111_odeh_aiman.jpg	 2.066767e+03	 22	 8.511832e+02	 220	 5.833899e+02	 98	 2.067786e+03	 683.33	 600.00	 49.00	 11	 0.26	 
BMI_bff_130	 2	 18	 210_mofaz_shaul.jpg	 2.068770e+03	 12	 999000	 120	 999000	 999	 2.069788e+03	 683.33	 600.00	 21.00	 30	 0.60	 
BMI_bff_130	 2	 18	 201_baron_roni.jpg	 2.074760e+03	 24	 999000	 240	 999000	 999	 2.075778e+03	 683.33	 600.00	 39.00	 21	 0.42	 
BMI_bff_130	 2	 18	 109_michaeli_meirav.jpg	 2.077763e+03	 12	 999000	 120	 999000	 999	 2.078781e+03	 683.33	 600.00	 6.00	 9	 0.82	 
BMI_bff_130	 2	 18	 303_deri_arye.jpg	 2.081768e+03	 22	 9.469091e+02	 220	 6.000625e+02	 98	 2.082786e+03	 683.33	 616.67	 51.00	 43	 0.23	 
