subjectID	 order	 runNum	 itemName	 onsetTime	 shuff_trialType	 RT	 respInTime	 AudioTime	 response	 fixationTime	 ladder1	 ladder2	 bidIndex	 itemNameIndex	 bidValue	 
BMI_bff_119	 1	 3	 209_mitzna_amram.jpg	 2.530886e+02	 11	 8.539921e+02	 110	 6.167452e+02	 98	 2.541074e+02	 633.33	 683.33	 13.00	 29	 0.68	 
BMI_bff_119	 1	 3	 314_netanyahu.jpg	 2.580946e+02	 24	 999000	 240	 999000	 999	 2.591130e+02	 633.33	 683.33	 56.00	 54	 0.16	 
BMI_bff_119	 1	 3	 211_molla_shlomo.jpg	 2.600969e+02	 24	 999000	 240	 999000	 999	 2.611153e+02	 633.33	 683.33	 39.00	 31	 0.41	 
BMI_bff_119	 1	 3	 318_shalom_silvan.jpg	 2.620990e+02	 24	 999000	 240	 999000	 999	 2.631175e+02	 633.33	 683.33	 43.00	 58	 0.36	 
BMI_bff_119	 1	 3	 105_gilon_ilan.jpg	 2.680891e+02	 12	 999000	 120	 999000	 999	 2.691075e+02	 633.33	 683.33	 21.00	 5	 0.61	 
BMI_bff_119	 1	 3	 316_saar_gidon.jpg	 2.700914e+02	 12	 999000	 120	 999000	 999	 2.711099e+02	 633.33	 683.33	 11.00	 56	 0.70	 
BMI_bff_119	 1	 3	 205_german_yael.jpg	 2.730948e+02	 22	 9.357599e+02	 220	 6.833670e+02	 98	 2.741131e+02	 633.33	 700.00	 45.00	 25	 0.35	 
BMI_bff_119	 1	 3	 304_dicter_abraham.jpg	 2.750970e+02	 12	 999000	 120	 999000	 999	 2.761154e+02	 633.33	 700.00	 22.00	 44	 0.60	 
BMI_bff_119	 1	 3	 109_michaeli_meirav.jpg	 2.791015e+02	 12	 999000	 120	 999000	 999	 2.801198e+02	 633.33	 700.00	 5.00	 9	 0.86	 
BMI_bff_119	 1	 3	 119_zandberg_tamar.jpg	 2.810872e+02	 12	 999000	 120	 999000	 999	 2.821055e+02	 633.33	 700.00	 4.00	 19	 0.88	 
BMI_bff_119	 1	 3	 111_odeh_aiman.jpg	 2.860927e+02	 11	 8.819078e+02	 110	 6.333917e+02	 98	 2.871113e+02	 650.00	 700.00	 12.00	 11	 0.70	 
BMI_bff_119	 1	 3	 106_herzog_yitzhak.jpg	 2.931007e+02	 11	 9.218933e+02	 110	 6.500389e+02	 98	 2.941191e+02	 666.67	 700.00	 7.00	 6	 0.78	 
BMI_bff_119	 1	 3	 320_yaalon_moshe.jpg	 2.950859e+02	 24	 999000	 240	 999000	 999	 2.961046e+02	 666.67	 700.00	 42.00	 60	 0.36	 
BMI_bff_119	 1	 3	 215_rozbozov_yoel.jpg	 2.980895e+02	 24	 999000	 240	 999000	 999	 2.991079e+02	 666.67	 700.00	 41.00	 35	 0.36	 
BMI_bff_119	 1	 3	 201_baron_roni.jpg	 3.010929e+02	 24	 999000	 240	 999000	 999	 3.021113e+02	 666.67	 700.00	 46.00	 21	 0.33	 
BMI_bff_119	 1	 3	 219_stern_eliezer.jpg	 3.050974e+02	 24	 999000	 240	 999000	 999	 3.061159e+02	 666.67	 700.00	 54.00	 39	 0.20	 
BMI_bff_119	 1	 3	 206_hasson_israel.JPG	 3.091018e+02	 12	 999000	 120	 999000	 999	 3.101203e+02	 666.67	 700.00	 14.00	 26	 0.68	 
BMI_bff_119	 1	 3	 311_liberman_avigdor.jpg	 3.130897e+02	 22	 1.076909e+03	 2200	 7.000536e+02	 98	 3.141080e+02	 666.67	 650.00	 47.00	 51	 0.31	 
BMI_bff_119	 1	 3	 104_galon_zahava.jpg	 3.160930e+02	 12	 999000	 120	 999000	 999	 3.171115e+02	 666.67	 650.00	 6.00	 4	 0.86	 
BMI_bff_119	 1	 3	 113_rosenthal_mickey.jpg	 3.220998e+02	 24	 999000	 240	 999000	 999	 3.231183e+02	 666.67	 650.00	 40.00	 13	 0.40	 
BMI_bff_119	 1	 3	 202_cahlon_moshe.jpg	 3.241020e+02	 11	 8.805930e+02	 110	 6.666924e+02	 98	 3.251205e+02	 683.33	 650.00	 15.00	 22	 0.65	 
BMI_bff_119	 1	 3	 112_peretz_amir.jpg	 3.270888e+02	 11	 9.577945e+02	 110	 6.833803e+02	 98	 3.281071e+02	 700.00	 650.00	 10.00	 12	 0.72	 
BMI_bff_119	 1	 3	 315_regev_miri.jpg	 3.290910e+02	 24	 999000	 240	 999000	 999	 3.301095e+02	 700.00	 650.00	 58.00	 55	 0.14	 
BMI_bff_119	 1	 3	 313_lizman_yaakov.jpg	 3.310933e+02	 24	 999000	 240	 999000	 999	 3.321117e+02	 700.00	 650.00	 48.00	 53	 0.30	 
BMI_bff_119	 1	 3	 306_gafni_moshe.jpg	 3.330955e+02	 24	 999000	 240	 999000	 999	 3.341139e+02	 700.00	 650.00	 49.00	 46	 0.28	 
BMI_bff_119	 1	 3	 102_beneliezer_binyamin.jpg	 3.360989e+02	 22	 9.317117e+02	 220	 6.500576e+02	 98	 3.371173e+02	 700.00	 666.67	 53.00	 2	 0.22	 
BMI_bff_119	 1	 3	 208_livnee_zipi.jpg	 3.400864e+02	 12	 999000	 120	 999000	 999	 3.411052e+02	 700.00	 666.67	 19.00	 28	 0.62	 
BMI_bff_119	 1	 3	 118_yacimovich_shelly.jpg	 3.420889e+02	 12	 999000	 120	 999000	 999	 3.431074e+02	 700.00	 666.67	 16.00	 18	 0.64	 
BMI_bff_119	 1	 3	 217_shelach_ofer.jpg	 3.440911e+02	 12	 999000	 120	 999000	 999	 3.451096e+02	 700.00	 666.67	 17.00	 37	 0.63	 
BMI_bff_119	 1	 3	 103_cabel_eitan.jpg	 3.460935e+02	 12	 999000	 120	 999000	 999	 3.471119e+02	 700.00	 666.67	 20.00	 3	 0.62	 
BMI_bff_119	 1	 3	 220_tamnu_shata_penina.jpg	 3.480958e+02	 12	 999000	 120	 999000	 999	 3.491142e+02	 700.00	 666.67	 9.00	 40	 0.73	 
BMI_bff_119	 1	 3	 307_hazan_oren.jpg	 3.500980e+02	 24	 999000	 240	 999000	 999	 3.511163e+02	 700.00	 666.67	 55.00	 47	 0.17	 
BMI_bff_119	 1	 3	 308_hotovely_tzipi.jpg	 3.541025e+02	 22	 9.201248e+02	 220	 6.666957e+02	 98	 3.551209e+02	 700.00	 683.33	 52.00	 48	 0.25	 
BMI_bff_119	 1	 3	 114_shafir_stav.jpg	 3.580903e+02	 12	 999000	 120	 999000	 999	 3.591087e+02	 700.00	 683.33	 3.00	 14	 0.92	 
BMI_bff_119	 1	 3	 207_lapid_yair.jpg	 3.600925e+02	 24	 999000	 240	 999000	 999	 3.611111e+02	 700.00	 683.33	 57.00	 27	 0.15	 
BMI_bff_119	 1	 3	 117_tibi_ahmed.jpg	 3.620949e+02	 12	 999000	 120	 999000	 999	 3.631133e+02	 700.00	 683.33	 8.00	 17	 0.74	 
BMI_bff_119	 1	 3	 204_galant_yoav.jpg	 3.640970e+02	 11	 1.013682e+03	 1100	 7.000503e+02	 98	 3.651162e+02	 650.00	 683.33	 18.00	 24	 0.62	 
BMI_bff_119	 1	 3	 214_piron_shai.jpg	 3.660992e+02	 22	 1.139394e+03	 2200	 6.833608e+02	 98	 3.671176e+02	 650.00	 633.33	 44.00	 34	 0.35	 
BMI_bff_119	 1	 3	 312_livnat_limor.jpg	 3.720893e+02	 22	 8.613077e+02	 220	 6.333910e+02	 98	 3.731077e+02	 650.00	 650.00	 50.00	 52	 0.28	 
BMI_bff_119	 1	 3	 302_danon_danny.jpg	 3.740916e+02	 24	 999000	 240	 999000	 999	 3.751100e+02	 650.00	 650.00	 51.00	 42	 0.27	 
