subjectID	 order	 runNum	 itemName	 onsetTime	 shuff_trialType	 RT	 respInTime	 AudioTime	 response	 fixationTime	 ladder1	 ladder2	 bidIndex	 itemNameIndex	 bidValue	 
BMI_bff_141	 1	 13	 312_livnat_limor.jpg	 3.462176e+02	 12	 999000	 120	 999000	 999	 3.472354e+02	 550.00	 550.00	 16.00	 52	 0.64	 
BMI_bff_141	 1	 13	 305_erdan_gilad.jpg	 3.492210e+02	 12	 999000	 120	 999000	 999	 3.502388e+02	 550.00	 550.00	 3.00	 45	 0.86	 
BMI_bff_141	 1	 13	 119_zandberg_tamar.jpg	 3.512232e+02	 22	 9.435029e+02	 220	 5.500635e+02	 98	 3.522409e+02	 550.00	 566.67	 53.00	 19	 0.19	 
BMI_bff_141	 1	 13	 203_cohen_meir.jpg	 3.532089e+02	 11	 9.738417e+02	 110	 5.500478e+02	 98	 3.542266e+02	 566.67	 566.67	 13.00	 23	 0.69	 
BMI_bff_141	 1	 13	 102_beneliezer_binyamin.jpg	 3.552110e+02	 12	 999000	 120	 999000	 999	 3.562288e+02	 566.67	 566.67	 14.00	 2	 0.65	 
BMI_bff_141	 1	 13	 214_piron_shai.jpg	 3.582144e+02	 24	 999000	 240	 999000	 999	 3.592322e+02	 566.67	 566.67	 40.00	 34	 0.44	 
BMI_bff_141	 1	 13	 115_shimon_peres.jpg	 3.602166e+02	 12	 999000	 120	 999000	 999	 3.612344e+02	 566.67	 566.67	 6.00	 15	 0.79	 
BMI_bff_141	 1	 13	 205_german_yael.jpg	 3.642212e+02	 24	 999000	 240	 999000	 999	 3.652390e+02	 566.67	 566.67	 39.00	 25	 0.46	 
BMI_bff_141	 1	 13	 213_perry_yaakov.jpg	 3.662233e+02	 24	 999000	 240	 999000	 999	 3.672412e+02	 566.67	 566.67	 43.00	 33	 0.38	 
BMI_bff_141	 1	 13	 114_shafir_stav.jpg	 3.712123e+02	 12	 999000	 120	 999000	 999	 3.722302e+02	 566.67	 566.67	 4.00	 14	 0.85	 
BMI_bff_141	 1	 13	 212_olmert_ehud.jpg	 3.732145e+02	 22	 1.192211e+03	 2200	 5.667156e+02	 98	 3.742324e+02	 566.67	 516.67	 47.00	 32	 0.28	 
BMI_bff_141	 1	 13	 307_hazan_oren.jpg	 3.772192e+02	 24	 999000	 240	 999000	 999	 3.782369e+02	 566.67	 516.67	 51.00	 47	 0.24	 
BMI_bff_141	 1	 13	 117_tibi_ahmed.jpg	 3.792213e+02	 24	 999000	 240	 999000	 999	 3.802390e+02	 566.67	 516.67	 54.00	 17	 0.19	 
BMI_bff_141	 1	 13	 215_rozbozov_yoel.jpg	 3.822078e+02	 11	 9.509237e+02	 110	 5.667357e+02	 98	 3.832257e+02	 583.33	 516.67	 7.00	 35	 0.77	 
BMI_bff_141	 1	 13	 316_saar_gidon.jpg	 3.872136e+02	 12	 999000	 120	 999000	 999	 3.882316e+02	 583.33	 516.67	 22.00	 56	 0.59	 
BMI_bff_141	 1	 13	 202_cahlon_moshe.jpg	 3.892159e+02	 11	 1.094778e+03	 1100	 5.833662e+02	 98	 3.902337e+02	 533.33	 516.67	 18.00	 22	 0.63	 
BMI_bff_141	 1	 13	 109_michaeli_meirav.jpg	 3.912181e+02	 24	 999000	 240	 999000	 999	 3.922359e+02	 533.33	 516.67	 57.00	 9	 0.13	 
BMI_bff_141	 1	 13	 207_lapid_yair.jpg	 3.952226e+02	 24	 999000	 240	 999000	 999	 3.962404e+02	 533.33	 516.67	 55.00	 27	 0.17	 
BMI_bff_141	 1	 13	 303_deri_arye.jpg	 3.992105e+02	 22	 8.842338e+02	 220	 5.167316e+02	 98	 4.002283e+02	 533.33	 533.33	 50.00	 43	 0.26	 
BMI_bff_141	 1	 13	 110_nachman_shai.jpg	 4.032149e+02	 11	 9.438399e+02	 110	 5.334007e+02	 98	 4.042327e+02	 550.00	 533.33	 12.00	 10	 0.69	 
BMI_bff_141	 1	 13	 104_galon_zahava.jpg	 4.052172e+02	 24	 999000	 240	 999000	 999	 4.062349e+02	 550.00	 533.33	 48.00	 4	 0.28	 
BMI_bff_141	 1	 13	 301_benet_naftali.jpg	 4.072194e+02	 24	 999000	 240	 999000	 999	 4.082372e+02	 550.00	 533.33	 49.00	 41	 0.26	 
BMI_bff_141	 1	 13	 219_stern_eliezer.jpg	 4.092217e+02	 12	 999000	 120	 999000	 999	 4.102395e+02	 550.00	 533.33	 17.00	 39	 0.63	 
BMI_bff_141	 1	 13	 105_gilon_ilan.jpg	 4.112070e+02	 24	 999000	 240	 999000	 999	 4.122251e+02	 550.00	 533.33	 46.00	 5	 0.30	 
BMI_bff_141	 1	 13	 308_hotovely_tzipi.jpg	 4.172140e+02	 24	 999000	 240	 999000	 999	 4.182318e+02	 550.00	 533.33	 56.00	 48	 0.16	 
BMI_bff_141	 1	 13	 317_shaked_ayelet.jpg	 4.202173e+02	 24	 999000	 240	 999000	 999	 4.212352e+02	 550.00	 533.33	 58.00	 57	 0.11	 
BMI_bff_141	 1	 13	 113_rosenthal_mickey.jpg	 4.222196e+02	 12	 999000	 120	 999000	 999	 4.232374e+02	 550.00	 533.33	 5.00	 13	 0.84	 
BMI_bff_141	 1	 13	 218_shitrit_meir.jpg	 4.242219e+02	 11	 1.080814e+03	 1100	 5.500492e+02	 98	 4.252396e+02	 500.00	 533.33	 10.00	 38	 0.75	 
BMI_bff_141	 1	 13	 106_herzog_yitzhak.jpg	 4.272086e+02	 11	 9.180622e+02	 110	 5.000222e+02	 98	 4.282263e+02	 516.67	 533.33	 15.00	 6	 0.64	 
BMI_bff_141	 1	 13	 111_odeh_aiman.jpg	 4.292109e+02	 24	 999000	 240	 999000	 999	 4.302286e+02	 516.67	 533.33	 42.00	 11	 0.39	 
BMI_bff_141	 1	 13	 318_shalom_silvan.jpg	 4.312130e+02	 12	 999000	 120	 999000	 999	 4.322309e+02	 516.67	 533.33	 20.00	 58	 0.62	 
BMI_bff_141	 1	 13	 210_mofaz_shaul.jpg	 4.332153e+02	 12	 999000	 120	 999000	 999	 4.342331e+02	 516.67	 533.33	 8.00	 30	 0.76	 
BMI_bff_141	 1	 13	 220_tamnu_shata_penina.jpg	 4.362187e+02	 12	 999000	 120	 999000	 999	 4.372365e+02	 516.67	 533.33	 11.00	 40	 0.74	 
BMI_bff_141	 1	 13	 306_gafni_moshe.jpg	 4.382209e+02	 22	 1.081776e+03	 2200	 5.333721e+02	 98	 4.392387e+02	 516.67	 483.33	 45.00	 46	 0.33	 
BMI_bff_141	 1	 13	 315_regev_miri.jpg	 4.402062e+02	 24	 999000	 240	 999000	 999	 4.412243e+02	 516.67	 483.33	 41.00	 55	 0.42	 
BMI_bff_141	 1	 13	 209_mitzna_amram.jpg	 4.422088e+02	 12	 999000	 120	 999000	 999	 4.432265e+02	 516.67	 483.33	 19.00	 29	 0.62	 
BMI_bff_141	 1	 13	 216_sharom_ariel.jpg	 4.442110e+02	 12	 999000	 120	 999000	 999	 4.452289e+02	 516.67	 483.33	 9.00	 36	 0.75	 
BMI_bff_141	 1	 13	 217_shelach_ofer.jpg	 4.502177e+02	 12	 999000	 120	 999000	 999	 4.512355e+02	 516.67	 483.33	 21.00	 37	 0.61	 
BMI_bff_141	 1	 13	 120_zuabi_hanin.jpg	 4.532211e+02	 22	 1.081580e+03	 2200	 4.834056e+02	 98	 4.542389e+02	 516.67	 433.33	 52.00	 20	 0.22	 
BMI_bff_141	 1	 13	 311_liberman_avigdor.jpg	 4.572089e+02	 22	 999000	 2	 4.333660e+02	 999	 4.582267e+02	 516.67	 383.33	 44.00	 51	 0.34	 
