subjectID	 order	 runNum	 itemName	 onsetTime	 shuff_trialType	 RT	 respInTime	 AudioTime	 response	 fixationTime	 ladder1	 ladder2	 bidIndex	 itemNameIndex	 bidValue	 
BMI_bff_139	 1	 16	 311_liberman_avigdor.jpg	 6.392699e+02	 24	 999000	 240	 999000	 999	 6.402887e+02	 716.67	 783.33	 48.00	 51	 0.23	 
BMI_bff_139	 1	 16	 202_cahlon_moshe.jpg	 6.442759e+02	 12	 999000	 120	 999000	 999	 6.452943e+02	 716.67	 783.33	 11.00	 22	 0.78	 
BMI_bff_139	 1	 16	 119_zandberg_tamar.jpg	 6.462782e+02	 22	 1.024628e+03	 2200	 7.834006e+02	 98	 6.472964e+02	 716.67	 733.33	 45.00	 19	 0.31	 
BMI_bff_139	 1	 16	 308_hotovely_tzipi.jpg	 6.482638e+02	 24	 999000	 240	 999000	 999	 6.492822e+02	 716.67	 733.33	 49.00	 48	 0.23	 
BMI_bff_139	 1	 16	 316_saar_gidon.jpg	 6.542705e+02	 12	 999000	 120	 999000	 999	 6.552891e+02	 716.67	 733.33	 22.00	 56	 0.62	 
BMI_bff_139	 1	 16	 215_rozbozov_yoel.jpg	 6.562727e+02	 11	 9.181145e+02	 110	 7.167456e+02	 98	 6.572911e+02	 733.33	 733.33	 15.00	 35	 0.70	 
BMI_bff_139	 1	 16	 208_livnee_zipi.jpg	 6.592761e+02	 11	 9.547546e+02	 110	 7.333882e+02	 98	 6.602945e+02	 750.00	 733.33	 18.00	 28	 0.66	 
BMI_bff_139	 1	 16	 314_netanyahu.jpg	 6.612785e+02	 24	 999000	 240	 999000	 999	 6.622968e+02	 750.00	 733.33	 46.00	 54	 0.28	 
BMI_bff_139	 1	 16	 203_cohen_meir.jpg	 6.652661e+02	 24	 999000	 240	 999000	 999	 6.662846e+02	 750.00	 733.33	 42.00	 23	 0.36	 
BMI_bff_139	 1	 16	 317_shaked_ayelet.jpg	 6.672686e+02	 24	 999000	 240	 999000	 999	 6.682868e+02	 750.00	 733.33	 56.00	 57	 0.15	 
BMI_bff_139	 1	 16	 103_cabel_eitan.jpg	 6.722740e+02	 24	 999000	 240	 999000	 999	 6.732923e+02	 750.00	 733.33	 39.00	 3	 0.39	 
BMI_bff_139	 1	 16	 111_odeh_aiman.jpg	 6.792653e+02	 22	 9.495409e+02	 220	 7.333883e+02	 98	 6.802836e+02	 750.00	 750.00	 47.00	 11	 0.24	 
BMI_bff_139	 1	 16	 209_mitzna_amram.jpg	 6.812674e+02	 24	 999000	 240	 999000	 999	 6.822860e+02	 750.00	 750.00	 51.00	 29	 0.22	 
BMI_bff_139	 1	 16	 301_benet_naftali.jpg	 6.842709e+02	 24	 999000	 240	 999000	 999	 6.852893e+02	 750.00	 750.00	 54.00	 41	 0.16	 
BMI_bff_139	 1	 16	 219_stern_eliezer.jpg	 6.872743e+02	 12	 999000	 120	 999000	 999	 6.882926e+02	 750.00	 750.00	 9.00	 39	 0.78	 
BMI_bff_139	 1	 16	 320_yaalon_moshe.jpg	 6.912787e+02	 12	 999000	 120	 999000	 999	 6.922970e+02	 750.00	 750.00	 14.00	 60	 0.71	 
BMI_bff_139	 1	 16	 106_herzog_yitzhak.jpg	 6.952665e+02	 11	 9.882778e+02	 110	 7.500411e+02	 98	 6.962850e+02	 766.67	 750.00	 10.00	 6	 0.78	 
BMI_bff_139	 1	 16	 211_molla_shlomo.jpg	 6.992711e+02	 24	 999000	 240	 999000	 999	 7.002894e+02	 766.67	 750.00	 43.00	 31	 0.35	 
BMI_bff_139	 1	 16	 304_dicter_abraham.jpg	 7.022744e+02	 12	 999000	 120	 999000	 999	 7.032927e+02	 766.67	 750.00	 16.00	 44	 0.69	 
BMI_bff_139	 1	 16	 115_shimon_peres.jpg	 7.082644e+02	 12	 999000	 120	 999000	 999	 7.092829e+02	 766.67	 750.00	 6.00	 15	 0.84	 
BMI_bff_139	 1	 16	 120_zuabi_hanin.jpg	 7.102667e+02	 22	 9.480629e+02	 220	 7.500719e+02	 98	 7.112851e+02	 766.67	 766.67	 50.00	 20	 0.22	 
BMI_bff_139	 1	 16	 117_tibi_ahmed.jpg	 7.132700e+02	 24	 999000	 240	 999000	 999	 7.142884e+02	 766.67	 766.67	 57.00	 17	 0.13	 
BMI_bff_139	 1	 16	 207_lapid_yair.jpg	 7.152725e+02	 11	 9.903375e+02	 110	 7.667028e+02	 98	 7.162908e+02	 783.33	 766.67	 13.00	 27	 0.71	 
BMI_bff_139	 1	 16	 210_mofaz_shaul.jpg	 7.172745e+02	 24	 999000	 240	 999000	 999	 7.182932e+02	 783.33	 766.67	 40.00	 30	 0.38	 
BMI_bff_139	 1	 16	 205_german_yael.jpg	 7.192768e+02	 22	 1.034056e+03	 2200	 7.666967e+02	 98	 7.202952e+02	 783.33	 716.67	 52.00	 25	 0.21	 
BMI_bff_139	 1	 16	 110_nachman_shai.jpg	 7.222632e+02	 12	 999000	 120	 999000	 999	 7.232819e+02	 783.33	 716.67	 17.00	 10	 0.67	 
BMI_bff_139	 1	 16	 315_regev_miri.jpg	 7.262680e+02	 24	 999000	 240	 999000	 999	 7.272864e+02	 783.33	 716.67	 58.00	 55	 0.13	 
BMI_bff_139	 1	 16	 114_shafir_stav.jpg	 7.282702e+02	 12	 999000	 120	 999000	 999	 7.292887e+02	 783.33	 716.67	 19.00	 14	 0.65	 
BMI_bff_139	 1	 16	 310_kirshenbaum_faina.jpg	 7.302725e+02	 22	 1.022282e+03	 2200	 7.167262e+02	 98	 7.312909e+02	 783.33	 666.67	 44.00	 50	 0.32	 
BMI_bff_139	 1	 16	 204_galant_yoav.jpg	 7.322748e+02	 12	 999000	 120	 999000	 999	 7.332932e+02	 783.33	 666.67	 3.00	 24	 0.88	 
BMI_bff_139	 1	 16	 101_barak_ehud.jpg	 7.342771e+02	 12	 999000	 120	 999000	 999	 7.352954e+02	 783.33	 666.67	 8.00	 1	 0.78	 
BMI_bff_139	 1	 16	 112_peretz_amir.jpg	 7.362622e+02	 24	 999000	 240	 999000	 999	 7.372812e+02	 783.33	 666.67	 41.00	 12	 0.38	 
BMI_bff_139	 1	 16	 303_deri_arye.jpg	 7.402670e+02	 22	 8.518128e+02	 220	 6.667242e+02	 98	 7.412855e+02	 783.33	 683.33	 53.00	 43	 0.19	 
BMI_bff_139	 1	 16	 107_horowitz_nitzan.jpg	 7.442715e+02	 12	 999000	 120	 999000	 999	 7.452901e+02	 783.33	 683.33	 5.00	 7	 0.85	 
BMI_bff_139	 1	 16	 307_hazan_oren.jpg	 7.462738e+02	 24	 999000	 240	 999000	 999	 7.472923e+02	 783.33	 683.33	 55.00	 47	 0.16	 
BMI_bff_139	 1	 16	 116_shmuli_itzik.jpg	 7.482761e+02	 11	 9.707072e+02	 110	 7.833687e+02	 98	 7.492945e+02	 800.00	 683.33	 7.00	 16	 0.79	 
BMI_bff_139	 1	 16	 108_khenin_dov.jpg	 7.502612e+02	 11	 1.041578e+03	 1100	 8.000566e+02	 98	 7.512799e+02	 750.00	 683.33	 12.00	 8	 0.72	 
BMI_bff_139	 1	 16	 109_michaeli_meirav.jpg	 7.522638e+02	 12	 999000	 120	 999000	 999	 7.532823e+02	 750.00	 683.33	 4.00	 9	 0.86	 
BMI_bff_139	 1	 16	 309_katz_yisrael.jpg	 7.582706e+02	 12	 999000	 120	 999000	 999	 7.592889e+02	 750.00	 683.33	 21.00	 49	 0.62	 
BMI_bff_139	 1	 16	 113_rosenthal_mickey.jpg	 7.602729e+02	 12	 999000	 120	 999000	 999	 7.612913e+02	 750.00	 683.33	 20.00	 13	 0.64	 
