subjectID	 order	 runNum	 itemName	 onsetTime	 shuff_trialType	 RT	 respInTime	 AudioTime	 response	 fixationTime	 ladder1	 ladder2	 bidIndex	 itemNameIndex	 bidValue	 
BMI_bff_112	 2	 4	 315_regev_miri.jpg	 3.808376e+02	 24	 999000	 240	 999000	 999	 3.818565e+02	 716.67	 716.67	 45.00	 55	 0.27	 
BMI_bff_112	 2	 4	 111_odeh_aiman.jpg	 3.838412e+02	 12	 999000	 120	 999000	 999	 3.848596e+02	 716.67	 716.67	 18.00	 11	 0.65	 
BMI_bff_112	 2	 4	 314_netanyahu.jpg	 3.878457e+02	 22	 9.451762e+02	 220	 7.167102e+02	 98	 3.888641e+02	 716.67	 733.33	 43.00	 54	 0.31	 
BMI_bff_112	 2	 4	 118_yacimovich_shelly.jpg	 3.898480e+02	 12	 999000	 120	 999000	 999	 3.908664e+02	 716.67	 733.33	 10.00	 18	 0.74	 
BMI_bff_112	 2	 4	 120_zuabi_hanin.jpg	 3.918503e+02	 22	 9.566159e+02	 220	 7.333816e+02	 98	 3.928686e+02	 716.67	 750.00	 54.00	 20	 0.19	 
BMI_bff_112	 2	 4	 104_galon_zahava.jpg	 3.958380e+02	 11	 9.448652e+02	 110	 7.167292e+02	 98	 3.968564e+02	 733.33	 750.00	 11.00	 4	 0.74	 
BMI_bff_112	 2	 4	 317_shaked_ayelet.jpg	 3.978403e+02	 24	 999000	 240	 999000	 999	 3.988586e+02	 733.33	 750.00	 52.00	 57	 0.20	 
BMI_bff_112	 2	 4	 209_mitzna_amram.jpg	 4.028458e+02	 24	 999000	 240	 999000	 999	 4.038643e+02	 733.33	 750.00	 40.00	 29	 0.41	 
BMI_bff_112	 2	 4	 312_livnat_limor.jpg	 4.048482e+02	 11	 9.987133e+02	 110	 7.333858e+02	 98	 4.058684e+02	 750.00	 750.00	 9.00	 52	 0.75	 
BMI_bff_112	 2	 4	 113_rosenthal_mickey.jpg	 4.078346e+02	 22	 1.020296e+03	 2200	 7.500734e+02	 98	 4.088531e+02	 750.00	 700.00	 51.00	 13	 0.23	 
BMI_bff_112	 2	 4	 210_mofaz_shaul.jpg	 4.108381e+02	 12	 999000	 120	 999000	 999	 4.118566e+02	 750.00	 700.00	 12.00	 30	 0.73	 
BMI_bff_112	 2	 4	 207_lapid_yair.jpg	 4.148427e+02	 12	 999000	 120	 999000	 999	 4.158611e+02	 750.00	 700.00	 21.00	 27	 0.60	 
BMI_bff_112	 2	 4	 201_baron_roni.jpg	 4.178460e+02	 24	 999000	 240	 999000	 999	 4.188645e+02	 750.00	 700.00	 47.00	 21	 0.27	 
BMI_bff_112	 2	 4	 202_cahlon_moshe.jpg	 4.198484e+02	 11	 9.505248e+02	 110	 7.500458e+02	 98	 4.208667e+02	 766.67	 700.00	 8.00	 22	 0.77	 
BMI_bff_112	 2	 4	 304_dicter_abraham.jpg	 4.228347e+02	 24	 999000	 240	 999000	 999	 4.238533e+02	 766.67	 700.00	 41.00	 44	 0.39	 
BMI_bff_112	 2	 4	 309_katz_yisrael.jpg	 4.268394e+02	 24	 999000	 240	 999000	 999	 4.278580e+02	 766.67	 700.00	 50.00	 49	 0.23	 
BMI_bff_112	 2	 4	 319_steinitz_yuval.jpg	 4.298428e+02	 22	 9.720850e+02	 220	 7.000508e+02	 98	 4.308613e+02	 766.67	 716.67	 46.00	 59	 0.27	 
BMI_bff_112	 2	 4	 119_zandberg_tamar.jpg	 4.318451e+02	 12	 999000	 120	 999000	 999	 4.328637e+02	 766.67	 716.67	 13.00	 19	 0.72	 
BMI_bff_112	 2	 4	 212_olmert_ehud.jpg	 4.338474e+02	 22	 9.595127e+02	 220	 7.166957e+02	 98	 4.348658e+02	 766.67	 733.33	 48.00	 32	 0.24	 
BMI_bff_112	 2	 4	 308_hotovely_tzipi.jpg	 4.388371e+02	 24	 999000	 240	 999000	 999	 4.398547e+02	 766.67	 733.33	 44.00	 48	 0.28	 
BMI_bff_112	 2	 4	 115_shimon_peres.jpg	 4.428408e+02	 12	 999000	 120	 999000	 999	 4.438592e+02	 766.67	 733.33	 4.00	 15	 0.84	 
BMI_bff_112	 2	 4	 214_piron_shai.jpg	 4.468453e+02	 12	 999000	 120	 999000	 999	 4.478637e+02	 766.67	 733.33	 15.00	 34	 0.70	 
BMI_bff_112	 2	 4	 313_lizman_yaakov.jpg	 4.528355e+02	 24	 999000	 240	 999000	 999	 4.538538e+02	 766.67	 733.33	 42.00	 53	 0.33	 
BMI_bff_112	 2	 4	 116_shmuli_itzik.jpg	 4.548376e+02	 11	 1.049289e+03	 1100	 7.666972e+02	 98	 4.558560e+02	 716.67	 733.33	 17.00	 16	 0.66	 
BMI_bff_112	 2	 4	 107_horowitz_nitzan.jpg	 4.568398e+02	 22	 9.830660e+02	 220	 7.333734e+02	 98	 4.578583e+02	 716.67	 750.00	 49.00	 7	 0.24	 
BMI_bff_112	 2	 4	 216_sharom_ariel.jpg	 4.588421e+02	 11	 9.727884e+02	 110	 7.167211e+02	 98	 4.598606e+02	 733.33	 750.00	 16.00	 36	 0.69	 
BMI_bff_112	 2	 4	 302_danon_danny.jpg	 4.608443e+02	 24	 999000	 240	 999000	 999	 4.618627e+02	 733.33	 750.00	 39.00	 42	 0.42	 
BMI_bff_112	 2	 4	 108_khenin_dov.jpg	 4.648489e+02	 12	 999000	 120	 999000	 999	 4.658672e+02	 733.33	 750.00	 3.00	 8	 0.88	 
BMI_bff_112	 2	 4	 311_liberman_avigdor.jpg	 4.668342e+02	 24	 999000	 240	 999000	 999	 4.678528e+02	 733.33	 750.00	 56.00	 51	 0.16	 
BMI_bff_112	 2	 4	 204_galant_yoav.jpg	 4.708390e+02	 24	 999000	 240	 999000	 999	 4.718573e+02	 733.33	 750.00	 57.00	 24	 0.16	 
BMI_bff_112	 2	 4	 220_tamnu_shata_penina.jpg	 4.728411e+02	 12	 999000	 120	 999000	 999	 4.738596e+02	 733.33	 750.00	 5.00	 40	 0.84	 
BMI_bff_112	 2	 4	 320_yaalon_moshe.jpg	 4.748434e+02	 12	 999000	 120	 999000	 999	 4.758618e+02	 733.33	 750.00	 6.00	 60	 0.80	 
BMI_bff_112	 2	 4	 219_stern_eliezer.jpg	 4.768456e+02	 12	 999000	 120	 999000	 999	 4.778640e+02	 733.33	 750.00	 19.00	 39	 0.64	 
BMI_bff_112	 2	 4	 208_livnee_zipi.jpg	 4.818343e+02	 12	 999000	 120	 999000	 999	 4.828529e+02	 733.33	 750.00	 7.00	 28	 0.78	 
BMI_bff_112	 2	 4	 102_beneliezer_binyamin.jpg	 4.838369e+02	 11	 9.620539e+02	 110	 7.333995e+02	 98	 4.848552e+02	 750.00	 750.00	 14.00	 2	 0.71	 
BMI_bff_112	 2	 4	 305_erdan_gilad.jpg	 4.858391e+02	 24	 999000	 240	 999000	 999	 4.868575e+02	 750.00	 750.00	 53.00	 45	 0.19	 
BMI_bff_112	 2	 4	 217_shelach_ofer.jpg	 4.888425e+02	 12	 999000	 120	 999000	 999	 4.898608e+02	 750.00	 750.00	 20.00	 37	 0.63	 
BMI_bff_112	 2	 4	 103_cabel_eitan.jpg	 4.958505e+02	 24	 999000	 240	 999000	 999	 4.968687e+02	 750.00	 750.00	 55.00	 3	 0.17	 
BMI_bff_112	 2	 4	 105_gilon_ilan.jpg	 4.998382e+02	 12	 999000	 120	 999000	 999	 5.008565e+02	 750.00	 750.00	 22.00	 5	 0.59	 
BMI_bff_112	 2	 4	 301_benet_naftali.jpg	 5.068460e+02	 24	 999000	 240	 999000	 999	 5.078644e+02	 750.00	 750.00	 58.00	 41	 0.14	 
