subjectID	 order	 runNum	 itemName	 onsetTime	 shuff_trialType	 RT	 respInTime	 AudioTime	 response	 fixationTime	 ladder1	 ladder2	 bidIndex	 itemNameIndex	 bidValue	 
BMI_bff_118	 2	 11	 212_olmert_ehud.jpg	 1.193192e+00	 11	 999000	 1	 7.500695e+02	 999	 2.211055e+00	 700.00	 750.00	 16.00	 32	 0.60	 
BMI_bff_118	 2	 11	 315_regev_miri.jpg	 3.195566e+00	 12	 999000	 120	 999000	 999	 4.213260e+00	 700.00	 750.00	 19.00	 55	 0.58	 
BMI_bff_118	 2	 11	 120_zuabi_hanin.jpg	 7.199958e+00	 24	 999000	 240	 999000	 999	 8.217752e+00	 700.00	 750.00	 56.00	 20	 0.29	 
BMI_bff_118	 2	 11	 106_herzog_yitzhak.jpg	 1.018674e+01	 24	 999000	 240	 999000	 999	 1.120440e+01	 700.00	 750.00	 39.00	 6	 0.45	 
BMI_bff_118	 2	 11	 312_livnat_limor.jpg	 1.218896e+01	 24	 999000	 240	 999000	 999	 1.320673e+01	 700.00	 750.00	 53.00	 52	 0.33	 
BMI_bff_118	 2	 11	 316_saar_gidon.jpg	 1.519226e+01	 12	 999000	 120	 999000	 999	 1.621013e+01	 700.00	 750.00	 10.00	 56	 0.61	 
BMI_bff_118	 2	 11	 311_liberman_avigdor.jpg	 1.919680e+01	 11	 1.017993e+03	 1100	 7.000595e+02	 98	 2.021451e+01	 650.00	 750.00	 14.00	 51	 0.60	 
BMI_bff_118	 2	 11	 309_katz_yisrael.jpg	 2.318438e+01	 12	 999000	 120	 999000	 999	 2.420235e+01	 650.00	 750.00	 12.00	 49	 0.61	 
BMI_bff_118	 2	 11	 211_molla_shlomo.jpg	 2.518683e+01	 24	 999000	 240	 999000	 999	 2.620466e+01	 650.00	 750.00	 41.00	 31	 0.44	 
BMI_bff_118	 2	 11	 217_shelach_ofer.jpg	 3.019235e+01	 24	 3.184422e+02	 24	 999000	 98	 3.121018e+01	 650.00	 750.00	 52.00	 37	 0.33	 
BMI_bff_118	 2	 11	 118_yacimovich_shelly.jpg	 3.219462e+01	 12	 999000	 120	 999000	 999	 3.321246e+01	 650.00	 750.00	 7.00	 18	 0.67	 
BMI_bff_118	 2	 11	 303_deri_arye.jpg	 3.419694e+01	 12	 999000	 120	 999000	 999	 3.521462e+01	 650.00	 750.00	 13.00	 43	 0.61	 
BMI_bff_118	 2	 11	 319_steinitz_yuval.jpg	 4.018695e+01	 12	 999000	 120	 999000	 999	 4.120477e+01	 650.00	 750.00	 4.00	 59	 0.71	 
BMI_bff_118	 2	 11	 109_michaeli_meirav.jpg	 4.218931e+01	 22	 1.137484e+03	 2200	 7.500538e+02	 98	 4.320699e+01	 650.00	 700.00	 51.00	 9	 0.34	 
BMI_bff_118	 2	 11	 108_khenin_dov.jpg	 4.419146e+01	 12	 999000	 120	 999000	 999	 4.520925e+01	 650.00	 700.00	 5.00	 8	 0.70	 
BMI_bff_118	 2	 11	 104_galon_zahava.jpg	 4.619380e+01	 22	 1.052996e+03	 2200	 7.000502e+02	 98	 4.721149e+01	 650.00	 650.00	 49.00	 4	 0.37	 
BMI_bff_118	 2	 11	 318_shalom_silvan.jpg	 5.019817e+01	 12	 999000	 120	 999000	 999	 5.121597e+01	 650.00	 650.00	 22.00	 58	 0.56	 
BMI_bff_118	 2	 11	 308_hotovely_tzipi.jpg	 5.418610e+01	 24	 999000	 240	 999000	 999	 5.520379e+01	 650.00	 650.00	 42.00	 48	 0.43	 
BMI_bff_118	 2	 11	 204_galant_yoav.jpg	 5.718938e+01	 24	 999000	 240	 999000	 999	 5.820708e+01	 650.00	 650.00	 50.00	 24	 0.35	 
BMI_bff_118	 2	 11	 105_gilon_ilan.jpg	 6.119383e+01	 24	 999000	 240	 999000	 999	 6.221164e+01	 650.00	 650.00	 44.00	 5	 0.41	 
BMI_bff_118	 2	 11	 112_peretz_amir.jpg	 6.419725e+01	 24	 999000	 240	 999000	 999	 6.521494e+01	 650.00	 650.00	 47.00	 12	 0.37	 
BMI_bff_118	 2	 11	 207_lapid_yair.jpg	 6.619946e+01	 22	 9.833284e+02	 220	 6.500597e+02	 98	 6.721729e+01	 650.00	 666.67	 48.00	 27	 0.37	 
BMI_bff_118	 2	 11	 210_mofaz_shaul.jpg	 7.018723e+01	 22	 9.075583e+02	 220	 6.667264e+02	 98	 7.120497e+01	 650.00	 683.33	 54.00	 30	 0.33	 
BMI_bff_118	 2	 11	 220_tamnu_shata_penina.jpg	 7.218945e+01	 24	 999000	 240	 999000	 999	 7.320728e+01	 650.00	 683.33	 58.00	 40	 0.25	 
BMI_bff_118	 2	 11	 213_perry_yaakov.jpg	 7.419171e+01	 11	 9.190800e+02	 110	 6.500468e+02	 98	 7.520947e+01	 666.67	 683.33	 11.00	 33	 0.61	 
BMI_bff_118	 2	 11	 301_benet_naftali.jpg	 7.819619e+01	 11	 9.466066e+02	 110	 6.667325e+02	 98	 7.921402e+01	 683.33	 683.33	 9.00	 41	 0.66	 
BMI_bff_118	 2	 11	 304_dicter_abraham.jpg	 8.019856e+01	 12	 999000	 120	 999000	 999	 8.121622e+01	 683.33	 683.33	 20.00	 44	 0.58	 
BMI_bff_118	 2	 11	 218_shitrit_meir.jpg	 8.418637e+01	 24	 999000	 240	 999000	 999	 8.520401e+01	 683.33	 683.33	 40.00	 38	 0.45	 
BMI_bff_118	 2	 11	 111_odeh_aiman.jpg	 8.819093e+01	 22	 1.007877e+03	 2200	 6.833571e+02	 98	 8.921117e+01	 683.33	 633.33	 46.00	 11	 0.40	 
BMI_bff_118	 2	 11	 216_sharom_ariel.jpg	 9.119426e+01	 12	 999000	 120	 999000	 999	 9.221189e+01	 683.33	 633.33	 6.00	 36	 0.69	 
BMI_bff_118	 2	 11	 115_shimon_peres.jpg	 9.720089e+01	 12	 999000	 120	 999000	 999	 9.821868e+01	 683.33	 633.33	 18.00	 15	 0.59	 
BMI_bff_118	 2	 11	 214_piron_shai.jpg	 9.918653e+01	 11	 9.962640e+02	 110	 6.834095e+02	 98	 1.002041e+02	 700.00	 633.33	 8.00	 34	 0.67	 
BMI_bff_118	 2	 11	 103_cabel_eitan.jpg	 1.031909e+02	 24	 999000	 240	 999000	 999	 1.042086e+02	 700.00	 633.33	 55.00	 3	 0.29	 
BMI_bff_118	 2	 11	 313_lizman_yaakov.jpg	 1.051932e+02	 12	 999000	 120	 999000	 999	 1.062109e+02	 700.00	 633.33	 3.00	 53	 0.73	 
BMI_bff_118	 2	 11	 209_mitzna_amram.jpg	 1.071954e+02	 24	 999000	 240	 999000	 999	 1.082132e+02	 700.00	 633.33	 57.00	 29	 0.28	 
BMI_bff_118	 2	 11	 219_stern_eliezer.jpg	 1.091976e+02	 12	 999000	 120	 999000	 999	 1.102154e+02	 700.00	 633.33	 21.00	 39	 0.56	 
BMI_bff_118	 2	 11	 102_beneliezer_binyamin.jpg	 1.141863e+02	 12	 999000	 120	 999000	 999	 1.152043e+02	 700.00	 633.33	 15.00	 2	 0.60	 
BMI_bff_118	 2	 11	 101_barak_ehud.jpg	 1.161889e+02	 11	 1.009976e+03	 1100	 7.000496e+02	 98	 1.172081e+02	 650.00	 633.33	 17.00	 1	 0.60	 
BMI_bff_118	 2	 11	 117_tibi_ahmed.jpg	 1.181910e+02	 22	 9.517715e+02	 220	 6.334030e+02	 98	 1.192088e+02	 650.00	 650.00	 43.00	 17	 0.42	 
BMI_bff_118	 2	 11	 208_livnee_zipi.jpg	 1.211944e+02	 24	 999000	 240	 999000	 999	 1.222122e+02	 650.00	 650.00	 45.00	 28	 0.40	 
