subjectID	 order	 runNum	 itemName	 onsetTime	 shuff_trialType	 RT	 respInTime	 AudioTime	 response	 fixationTime	 ladder1	 ladder2	 bidIndex	 itemNameIndex	 bidValue	 
BMI_bff_135	 1	 16	 106_herzog_yitzhak.jpg	 7.347399e+02	 12	 999000	 120	 999000	 999	 7.357587e+02	 583.33	 516.67	 9.00	 6	 0.80	 
BMI_bff_135	 1	 16	 206_hasson_israel.JPG	 7.377436e+02	 12	 999000	 120	 999000	 999	 7.387621e+02	 583.33	 516.67	 14.00	 26	 0.66	 
BMI_bff_135	 1	 16	 102_beneliezer_binyamin.jpg	 7.417482e+02	 24	 999000	 240	 999000	 999	 7.427666e+02	 583.33	 516.67	 41.00	 2	 0.38	 
BMI_bff_135	 1	 16	 306_gafni_moshe.jpg	 7.437337e+02	 24	 999000	 240	 999000	 999	 7.447521e+02	 583.33	 516.67	 49.00	 46	 0.27	 
BMI_bff_135	 1	 16	 202_cahlon_moshe.jpg	 7.457360e+02	 24	 999000	 240	 999000	 999	 7.467544e+02	 583.33	 516.67	 51.00	 22	 0.21	 
BMI_bff_135	 1	 16	 217_shelach_ofer.jpg	 7.497404e+02	 24	 999000	 240	 999000	 999	 7.507588e+02	 583.33	 516.67	 43.00	 37	 0.34	 
BMI_bff_135	 1	 16	 214_piron_shai.jpg	 7.517427e+02	 24	 999000	 240	 999000	 999	 7.527610e+02	 583.33	 516.67	 46.00	 34	 0.30	 
BMI_bff_135	 1	 16	 304_dicter_abraham.jpg	 7.567483e+02	 12	 999000	 120	 999000	 999	 7.577666e+02	 583.33	 516.67	 20.00	 44	 0.60	 
BMI_bff_135	 1	 16	 101_barak_ehud.jpg	 7.587336e+02	 22	 9.136112e+02	 220	 5.167195e+02	 98	 7.597523e+02	 583.33	 533.33	 50.00	 1	 0.22	 
BMI_bff_135	 1	 16	 108_khenin_dov.jpg	 7.617373e+02	 24	 999000	 240	 999000	 999	 7.627557e+02	 583.33	 533.33	 55.00	 8	 0.18	 
BMI_bff_135	 1	 16	 216_sharom_ariel.jpg	 7.647407e+02	 24	 999000	 240	 999000	 999	 7.657590e+02	 583.33	 533.33	 54.00	 36	 0.18	 
BMI_bff_135	 1	 16	 305_erdan_gilad.jpg	 7.687451e+02	 12	 999000	 120	 999000	 999	 7.697635e+02	 583.33	 533.33	 19.00	 45	 0.60	 
BMI_bff_135	 1	 16	 111_odeh_aiman.jpg	 7.717484e+02	 22	 9.067612e+02	 220	 5.333777e+02	 98	 7.727669e+02	 583.33	 550.00	 47.00	 11	 0.28	 
BMI_bff_135	 1	 16	 212_olmert_ehud.jpg	 7.737337e+02	 24	 999000	 240	 999000	 999	 7.747524e+02	 583.33	 550.00	 48.00	 32	 0.28	 
BMI_bff_135	 1	 16	 215_rozbozov_yoel.jpg	 7.767374e+02	 12	 999000	 120	 999000	 999	 7.777558e+02	 583.33	 550.00	 11.00	 35	 0.70	 
BMI_bff_135	 1	 16	 219_stern_eliezer.jpg	 7.807419e+02	 12	 999000	 120	 999000	 999	 7.817604e+02	 583.33	 550.00	 22.00	 39	 0.59	 
BMI_bff_135	 1	 16	 308_hotovely_tzipi.jpg	 7.837453e+02	 12	 999000	 120	 999000	 999	 7.847638e+02	 583.33	 550.00	 3.00	 48	 0.92	 
BMI_bff_135	 1	 16	 118_yacimovich_shelly.jpg	 7.857475e+02	 11	 9.636671e+02	 110	 5.834061e+02	 98	 7.867659e+02	 600.00	 550.00	 18.00	 18	 0.64	 
BMI_bff_135	 1	 16	 319_steinitz_yuval.jpg	 7.877327e+02	 11	 8.744660e+02	 110	 6.000340e+02	 98	 7.887515e+02	 616.67	 550.00	 15.00	 59	 0.65	 
BMI_bff_135	 1	 16	 310_kirshenbaum_faina.jpg	 7.927388e+02	 11	 8.523508e+02	 110	 6.167135e+02	 98	 7.937570e+02	 633.33	 550.00	 7.00	 50	 0.81	 
BMI_bff_135	 1	 16	 320_yaalon_moshe.jpg	 7.967432e+02	 22	 8.240379e+02	 220	 5.500557e+02	 98	 7.977616e+02	 633.33	 566.67	 52.00	 60	 0.21	 
BMI_bff_135	 1	 16	 107_horowitz_nitzan.jpg	 8.007477e+02	 11	 1.011498e+03	 1100	 6.333864e+02	 98	 8.017662e+02	 583.33	 566.67	 12.00	 7	 0.70	 
BMI_bff_135	 1	 16	 309_katz_yisrael.jpg	 8.067378e+02	 24	 999000	 240	 999000	 999	 8.077561e+02	 583.33	 566.67	 56.00	 49	 0.17	 
BMI_bff_135	 1	 16	 307_hazan_oren.jpg	 8.087400e+02	 11	 1.011230e+03	 1100	 5.834466e+02	 98	 8.097584e+02	 533.33	 566.67	 13.00	 47	 0.68	 
BMI_bff_135	 1	 16	 220_tamnu_shata_penina.jpg	 8.107422e+02	 22	 1.001064e+03	 2200	 5.666998e+02	 98	 8.117608e+02	 533.33	 516.67	 45.00	 40	 0.32	 
BMI_bff_135	 1	 16	 210_mofaz_shaul.jpg	 8.127445e+02	 22	 8.146985e+02	 220	 5.167293e+02	 98	 8.137629e+02	 533.33	 533.33	 53.00	 30	 0.20	 
BMI_bff_135	 1	 16	 317_shaked_ayelet.jpg	 8.147467e+02	 12	 999000	 120	 999000	 999	 8.157651e+02	 533.33	 533.33	 4.00	 57	 0.90	 
BMI_bff_135	 1	 16	 207_lapid_yair.jpg	 8.187345e+02	 24	 999000	 240	 999000	 999	 8.197529e+02	 533.33	 533.33	 40.00	 27	 0.39	 
BMI_bff_135	 1	 16	 208_livnee_zipi.jpg	 8.207368e+02	 11	 9.983995e+02	 110	 5.333939e+02	 98	 8.217552e+02	 550.00	 533.33	 10.00	 28	 0.74	 
BMI_bff_135	 1	 16	 113_rosenthal_mickey.jpg	 8.247412e+02	 24	 999000	 240	 999000	 999	 8.257596e+02	 550.00	 533.33	 42.00	 13	 0.38	 
BMI_bff_135	 1	 16	 120_zuabi_hanin.jpg	 8.267435e+02	 12	 999000	 120	 999000	 999	 8.277619e+02	 550.00	 533.33	 6.00	 20	 0.83	 
BMI_bff_135	 1	 16	 112_peretz_amir.jpg	 8.287457e+02	 24	 999000	 240	 999000	 999	 8.297641e+02	 550.00	 533.33	 58.00	 12	 0.13	 
BMI_bff_135	 1	 16	 205_german_yael.jpg	 8.307480e+02	 12	 999000	 120	 999000	 999	 8.317663e+02	 550.00	 533.33	 5.00	 25	 0.85	 
BMI_bff_135	 1	 16	 313_lizman_yaakov.jpg	 8.357369e+02	 12	 999000	 120	 999000	 999	 8.367554e+02	 550.00	 533.33	 21.00	 53	 0.60	 
BMI_bff_135	 1	 16	 315_regev_miri.jpg	 8.377391e+02	 24	 999000	 240	 999000	 999	 8.387575e+02	 550.00	 533.33	 39.00	 55	 0.41	 
BMI_bff_135	 1	 16	 204_galant_yoav.jpg	 8.397414e+02	 24	 999000	 240	 999000	 999	 8.407600e+02	 550.00	 533.33	 57.00	 24	 0.14	 
BMI_bff_135	 1	 16	 311_liberman_avigdor.jpg	 8.427449e+02	 22	 9.502509e+02	 220	 5.333568e+02	 98	 8.437633e+02	 550.00	 550.00	 44.00	 51	 0.34	 
BMI_bff_135	 1	 16	 302_danon_danny.jpg	 8.497360e+02	 12	 999000	 120	 999000	 999	 8.507545e+02	 550.00	 550.00	 16.00	 42	 0.65	 
BMI_bff_135	 1	 16	 316_saar_gidon.jpg	 8.537404e+02	 12	 999000	 120	 999000	 999	 8.547589e+02	 550.00	 550.00	 17.00	 56	 0.64	 
BMI_bff_135	 1	 16	 104_galon_zahava.jpg	 8.607483e+02	 12	 999000	 120	 999000	 999	 8.617668e+02	 550.00	 550.00	 8.00	 4	 0.80	 
