subjectID	 order	 runNum	 itemName	 onsetTime	 shuff_trialType	 RT	 respInTime	 AudioTime	 response	 fixationTime	 ladder1	 ladder2	 bidIndex	 itemNameIndex	 bidValue	 
BMI_bff_136	 2	 17	 210_mofaz_shaul.jpg	 1.061926e+03	 24	 999000	 240	 999000	 999	 1.062944e+03	 683.33	 683.33	 57.00	 30	 0.16	 
BMI_bff_136	 2	 17	 119_zandberg_tamar.jpg	 1.064929e+03	 12	 999000	 120	 999000	 999	 1.065948e+03	 683.33	 683.33	 10.00	 19	 0.75	 
BMI_bff_136	 2	 17	 303_deri_arye.jpg	 1.068917e+03	 24	 999000	 240	 999000	 999	 1.069935e+03	 683.33	 683.33	 55.00	 43	 0.17	 
BMI_bff_136	 2	 17	 116_shmuli_itzik.jpg	 1.070919e+03	 11	 9.834913e+02	 110	 6.833894e+02	 98	 1.071938e+03	 700.00	 683.33	 17.00	 16	 0.68	 
BMI_bff_136	 2	 17	 207_lapid_yair.jpg	 1.072921e+03	 12	 999000	 120	 999000	 999	 1.073940e+03	 700.00	 683.33	 6.00	 27	 0.83	 
BMI_bff_136	 2	 17	 209_mitzna_amram.jpg	 1.076926e+03	 24	 999000	 240	 999000	 999	 1.077944e+03	 700.00	 683.33	 47.00	 29	 0.26	 
BMI_bff_136	 2	 17	 107_horowitz_nitzan.jpg	 1.078928e+03	 12	 999000	 120	 999000	 999	 1.079947e+03	 700.00	 683.33	 5.00	 7	 0.84	 
BMI_bff_136	 2	 17	 208_livnee_zipi.jpg	 1.083917e+03	 12	 999000	 120	 999000	 999	 1.084936e+03	 700.00	 683.33	 4.00	 28	 0.84	 
BMI_bff_136	 2	 17	 103_cabel_eitan.jpg	 1.085919e+03	 22	 9.832638e+02	 220	 6.833787e+02	 98	 1.086938e+03	 700.00	 700.00	 46.00	 3	 0.27	 
BMI_bff_136	 2	 17	 106_herzog_yitzhak.jpg	 1.088923e+03	 12	 999000	 120	 999000	 999	 1.089941e+03	 700.00	 700.00	 15.00	 6	 0.70	 
BMI_bff_136	 2	 17	 314_netanyahu.jpg	 1.091926e+03	 22	 9.605330e+02	 220	 7.000333e+02	 98	 1.092945e+03	 700.00	 716.67	 54.00	 54	 0.17	 
BMI_bff_136	 2	 17	 108_khenin_dov.jpg	 1.095931e+03	 12	 999000	 120	 999000	 999	 1.096949e+03	 700.00	 716.67	 7.00	 8	 0.81	 
BMI_bff_136	 2	 17	 212_olmert_ehud.jpg	 1.098917e+03	 12	 999000	 120	 999000	 999	 1.099936e+03	 700.00	 716.67	 20.00	 32	 0.65	 
BMI_bff_136	 2	 17	 313_lizman_yaakov.jpg	 1.100920e+03	 24	 999000	 240	 999000	 999	 1.101938e+03	 700.00	 716.67	 45.00	 53	 0.29	 
BMI_bff_136	 2	 17	 214_piron_shai.jpg	 1.103923e+03	 24	 999000	 240	 999000	 999	 1.104941e+03	 700.00	 716.67	 56.00	 34	 0.17	 
BMI_bff_136	 2	 17	 112_peretz_amir.jpg	 1.107927e+03	 24	 999000	 240	 999000	 999	 1.108946e+03	 700.00	 716.67	 41.00	 12	 0.33	 
BMI_bff_136	 2	 17	 117_tibi_ahmed.jpg	 1.110931e+03	 22	 9.717886e+02	 220	 7.167125e+02	 98	 1.111949e+03	 700.00	 733.33	 48.00	 17	 0.25	 
BMI_bff_136	 2	 17	 220_tamnu_shata_penina.jpg	 1.112916e+03	 12	 999000	 120	 999000	 999	 1.113935e+03	 700.00	 733.33	 3.00	 40	 0.85	 
BMI_bff_136	 2	 17	 305_erdan_gilad.jpg	 1.114919e+03	 12	 999000	 120	 999000	 999	 1.115937e+03	 700.00	 733.33	 18.00	 45	 0.67	 
BMI_bff_136	 2	 17	 316_saar_gidon.jpg	 1.119924e+03	 12	 999000	 120	 999000	 999	 1.120943e+03	 700.00	 733.33	 19.00	 56	 0.67	 
BMI_bff_136	 2	 17	 302_danon_danny.jpg	 1.123929e+03	 12	 999000	 120	 999000	 999	 1.124947e+03	 700.00	 733.33	 22.00	 42	 0.63	 
BMI_bff_136	 2	 17	 308_hotovely_tzipi.jpg	 1.127916e+03	 22	 1.002319e+03	 2200	 7.334067e+02	 98	 1.128935e+03	 700.00	 683.33	 43.00	 48	 0.31	 
BMI_bff_136	 2	 17	 102_beneliezer_binyamin.jpg	 1.133923e+03	 11	 9.792829e+02	 110	 7.000522e+02	 98	 1.134942e+03	 716.67	 683.33	 16.00	 2	 0.69	 
BMI_bff_136	 2	 17	 205_german_yael.jpg	 1.135926e+03	 11	 9.370731e+02	 110	 7.167032e+02	 98	 1.136944e+03	 733.33	 683.33	 8.00	 25	 0.81	 
BMI_bff_136	 2	 17	 104_galon_zahava.jpg	 1.137928e+03	 11	 9.108325e+02	 110	 7.333781e+02	 98	 1.138946e+03	 750.00	 683.33	 9.00	 4	 0.77	 
BMI_bff_136	 2	 17	 310_kirshenbaum_faina.jpg	 1.139930e+03	 24	 999000	 240	 999000	 999	 1.140948e+03	 750.00	 683.33	 58.00	 50	 0.14	 
BMI_bff_136	 2	 17	 115_shimon_peres.jpg	 1.141932e+03	 11	 1.074363e+03	 1100	 7.500689e+02	 98	 1.142951e+03	 700.00	 683.33	 14.00	 15	 0.71	 
BMI_bff_136	 2	 17	 318_shalom_silvan.jpg	 1.145920e+03	 24	 999000	 240	 999000	 999	 1.146939e+03	 700.00	 683.33	 40.00	 58	 0.34	 
BMI_bff_136	 2	 17	 113_rosenthal_mickey.jpg	 1.147922e+03	 12	 999000	 120	 999000	 999	 1.148941e+03	 700.00	 683.33	 21.00	 13	 0.64	 
BMI_bff_136	 2	 17	 304_dicter_abraham.jpg	 1.151927e+03	 22	 9.757872e+02	 220	 6.833848e+02	 98	 1.152945e+03	 700.00	 700.00	 49.00	 44	 0.25	 
BMI_bff_136	 2	 17	 211_molla_shlomo.jpg	 1.153929e+03	 11	 9.574870e+02	 110	 7.000249e+02	 98	 1.154948e+03	 716.67	 700.00	 11.00	 31	 0.74	 
BMI_bff_136	 2	 17	 311_liberman_avigdor.jpg	 1.155931e+03	 24	 999000	 240	 999000	 999	 1.156950e+03	 716.67	 700.00	 52.00	 51	 0.21	 
BMI_bff_136	 2	 17	 201_baron_roni.jpg	 1.157917e+03	 24	 999000	 240	 999000	 999	 1.158935e+03	 716.67	 700.00	 42.00	 21	 0.33	 
BMI_bff_136	 2	 17	 307_hazan_oren.jpg	 1.162923e+03	 22	 9.320135e+02	 220	 7.000581e+02	 98	 1.163941e+03	 716.67	 716.67	 51.00	 47	 0.22	 
BMI_bff_136	 2	 17	 306_gafni_moshe.jpg	 1.164925e+03	 24	 999000	 240	 999000	 999	 1.165943e+03	 716.67	 716.67	 44.00	 46	 0.30	 
BMI_bff_136	 2	 17	 213_perry_yaakov.jpg	 1.166927e+03	 24	 999000	 240	 999000	 999	 1.167945e+03	 716.67	 716.67	 50.00	 33	 0.25	 
BMI_bff_136	 2	 17	 109_michaeli_meirav.jpg	 1.169930e+03	 12	 999000	 120	 999000	 999	 1.170949e+03	 716.67	 716.67	 12.00	 9	 0.74	 
BMI_bff_136	 2	 17	 217_shelach_ofer.jpg	 1.176922e+03	 12	 999000	 120	 999000	 999	 1.177940e+03	 716.67	 716.67	 13.00	 37	 0.73	 
BMI_bff_136	 2	 17	 319_steinitz_yuval.jpg	 1.180926e+03	 24	 999000	 240	 999000	 999	 1.181946e+03	 716.67	 716.67	 39.00	 59	 0.35	 
BMI_bff_136	 2	 17	 120_zuabi_hanin.jpg	 1.187917e+03	 24	 999000	 240	 999000	 999	 1.188936e+03	 716.67	 716.67	 53.00	 20	 0.19	 
