subjectID	 order	 runNum	 itemName	 onsetTime	 shuff_trialType	 RT	 respInTime	 AudioTime	 response	 fixationTime	 ladder1	 ladder2	 bidIndex	 itemNameIndex	 bidValue	 
BMI_bff_126	 2	 10	 312_livnat_limor.jpg	 1.153202e+03	 11	 1.029445e+03	 1100	 7.167063e+02	 98	 1.154219e+03	 666.67	 650.00	 16.00	 52	 0.69	 
BMI_bff_126	 2	 10	 316_saar_gidon.jpg	 1.158207e+03	 12	 999000	 120	 999000	 999	 1.159225e+03	 666.67	 650.00	 18.00	 56	 0.68	 
BMI_bff_126	 2	 10	 117_tibi_ahmed.jpg	 1.160192e+03	 24	 999000	 240	 999000	 999	 1.161210e+03	 666.67	 650.00	 58.00	 17	 0.14	 
BMI_bff_126	 2	 10	 112_peretz_amir.jpg	 1.162195e+03	 24	 999000	 240	 999000	 999	 1.163213e+03	 666.67	 650.00	 39.00	 12	 0.39	 
BMI_bff_126	 2	 10	 217_shelach_ofer.jpg	 1.168202e+03	 24	 999000	 240	 999000	 999	 1.169219e+03	 666.67	 650.00	 41.00	 37	 0.37	 
BMI_bff_126	 2	 10	 305_erdan_gilad.jpg	 1.170204e+03	 12	 999000	 120	 999000	 999	 1.171222e+03	 666.67	 650.00	 5.00	 45	 0.84	 
BMI_bff_126	 2	 10	 319_steinitz_yuval.jpg	 1.173207e+03	 11	 9.276694e+02	 110	 6.667208e+02	 98	 1.174225e+03	 683.33	 650.00	 8.00	 59	 0.79	 
BMI_bff_126	 2	 10	 214_piron_shai.jpg	 1.175193e+03	 24	 999000	 240	 999000	 999	 1.176211e+03	 683.33	 650.00	 52.00	 34	 0.18	 
BMI_bff_126	 2	 10	 308_hotovely_tzipi.jpg	 1.179197e+03	 24	 999000	 240	 999000	 999	 1.180215e+03	 683.33	 650.00	 47.00	 48	 0.30	 
BMI_bff_126	 2	 10	 313_lizman_yaakov.jpg	 1.181200e+03	 22	 9.833961e+02	 220	 6.500436e+02	 98	 1.182218e+03	 683.33	 666.67	 51.00	 53	 0.23	 
BMI_bff_126	 2	 10	 207_lapid_yair.jpg	 1.186205e+03	 12	 999000	 120	 999000	 999	 1.187223e+03	 683.33	 666.67	 22.00	 27	 0.59	 
BMI_bff_126	 2	 10	 303_deri_arye.jpg	 1.193196e+03	 22	 9.625441e+02	 220	 6.667332e+02	 98	 1.194214e+03	 683.33	 683.33	 49.00	 43	 0.24	 
BMI_bff_126	 2	 10	 220_tamnu_shata_penina.jpg	 1.195199e+03	 22	 9.923689e+02	 220	 6.834039e+02	 98	 1.196216e+03	 683.33	 700.00	 46.00	 40	 0.30	 
BMI_bff_126	 2	 10	 101_barak_ehud.jpg	 1.198202e+03	 12	 999000	 120	 999000	 999	 1.199222e+03	 683.33	 700.00	 4.00	 1	 0.85	 
BMI_bff_126	 2	 10	 208_livnee_zipi.jpg	 1.201205e+03	 12	 999000	 120	 999000	 999	 1.202223e+03	 683.33	 700.00	 20.00	 28	 0.66	 
BMI_bff_126	 2	 10	 215_rozbozov_yoel.jpg	 1.205193e+03	 12	 999000	 120	 999000	 999	 1.206211e+03	 683.33	 700.00	 19.00	 35	 0.66	 
BMI_bff_126	 2	 10	 104_galon_zahava.jpg	 1.209198e+03	 12	 999000	 120	 999000	 999	 1.210215e+03	 683.33	 700.00	 6.00	 4	 0.82	 
BMI_bff_126	 2	 10	 108_khenin_dov.jpg	 1.213202e+03	 22	 9.087622e+02	 220	 7.000298e+02	 98	 1.214220e+03	 683.33	 716.67	 48.00	 8	 0.26	 
BMI_bff_126	 2	 10	 320_yaalon_moshe.jpg	 1.216206e+03	 11	 8.814409e+02	 110	 6.833734e+02	 98	 1.217223e+03	 700.00	 716.67	 11.00	 60	 0.75	 
BMI_bff_126	 2	 10	 317_shaked_ayelet.jpg	 1.222196e+03	 12	 999000	 120	 999000	 999	 1.223213e+03	 700.00	 716.67	 12.00	 57	 0.75	 
BMI_bff_126	 2	 10	 114_shafir_stav.jpg	 1.224198e+03	 24	 999000	 240	 999000	 999	 1.225216e+03	 700.00	 716.67	 40.00	 14	 0.38	 
BMI_bff_126	 2	 10	 118_yacimovich_shelly.jpg	 1.227201e+03	 11	 9.096308e+02	 110	 7.000489e+02	 98	 1.228219e+03	 716.67	 716.67	 14.00	 18	 0.72	 
BMI_bff_126	 2	 10	 301_benet_naftali.jpg	 1.229203e+03	 11	 1.171500e+03	 1100	 7.167926e+02	 98	 1.230221e+03	 666.67	 716.67	 9.00	 41	 0.77	 
BMI_bff_126	 2	 10	 219_stern_eliezer.jpg	 1.231206e+03	 12	 999000	 120	 999000	 999	 1.232223e+03	 666.67	 716.67	 21.00	 39	 0.62	 
BMI_bff_126	 2	 10	 315_regev_miri.jpg	 1.233191e+03	 22	 9.681133e+02	 220	 7.166924e+02	 98	 1.234209e+03	 666.67	 733.33	 43.00	 55	 0.36	 
BMI_bff_126	 2	 10	 109_michaeli_meirav.jpg	 1.236195e+03	 24	 999000	 240	 999000	 999	 1.237212e+03	 666.67	 733.33	 44.00	 9	 0.33	 
BMI_bff_126	 2	 10	 106_herzog_yitzhak.jpg	 1.240199e+03	 12	 999000	 120	 999000	 999	 1.241219e+03	 666.67	 733.33	 10.00	 6	 0.75	 
BMI_bff_126	 2	 10	 107_horowitz_nitzan.jpg	 1.242201e+03	 12	 999000	 120	 999000	 999	 1.243219e+03	 666.67	 733.33	 13.00	 7	 0.73	 
BMI_bff_126	 2	 10	 306_gafni_moshe.jpg	 1.244204e+03	 24	 999000	 240	 999000	 999	 1.245221e+03	 666.67	 733.33	 55.00	 46	 0.16	 
BMI_bff_126	 2	 10	 206_hasson_israel.JPG	 1.246206e+03	 24	 999000	 240	 999000	 999	 1.247224e+03	 666.67	 733.33	 56.00	 26	 0.16	 
BMI_bff_126	 2	 10	 210_mofaz_shaul.jpg	 1.248191e+03	 12	 999000	 120	 999000	 999	 1.249209e+03	 666.67	 733.33	 7.00	 30	 0.79	 
BMI_bff_126	 2	 10	 209_mitzna_amram.jpg	 1.250194e+03	 24	 999000	 240	 999000	 999	 1.251211e+03	 666.67	 733.33	 50.00	 29	 0.23	 
BMI_bff_126	 2	 10	 218_shitrit_meir.jpg	 1.254198e+03	 24	 999000	 240	 999000	 999	 1.255216e+03	 666.67	 733.33	 45.00	 38	 0.32	 
BMI_bff_126	 2	 10	 302_danon_danny.jpg	 1.258203e+03	 12	 999000	 120	 999000	 999	 1.259220e+03	 666.67	 733.33	 15.00	 42	 0.69	 
BMI_bff_126	 2	 10	 307_hazan_oren.jpg	 1.260205e+03	 24	 999000	 240	 999000	 999	 1.261223e+03	 666.67	 733.33	 53.00	 47	 0.17	 
BMI_bff_126	 2	 10	 211_molla_shlomo.jpg	 1.262207e+03	 24	 999000	 240	 999000	 999	 1.263225e+03	 666.67	 733.33	 57.00	 31	 0.15	 
BMI_bff_126	 2	 10	 304_dicter_abraham.jpg	 1.264193e+03	 24	 999000	 240	 999000	 999	 1.265210e+03	 666.67	 733.33	 42.00	 44	 0.37	 
BMI_bff_126	 2	 10	 115_shimon_peres.jpg	 1.266195e+03	 12	 999000	 120	 999000	 999	 1.267213e+03	 666.67	 733.33	 3.00	 15	 0.86	 
BMI_bff_126	 2	 10	 310_kirshenbaum_faina.jpg	 1.272202e+03	 22	 9.413610e+02	 220	 7.333800e+02	 98	 1.273219e+03	 666.67	 750.00	 54.00	 50	 0.17	 
BMI_bff_126	 2	 10	 309_katz_yisrael.jpg	 1.274204e+03	 11	 1.011217e+03	 1100	 6.667431e+02	 98	 1.275222e+03	 616.67	 750.00	 17.00	 49	 0.69	 
