subjectID	 order	 runNum	 itemName	 onsetTime	 shuff_trialType	 RT	 respInTime	 AudioTime	 response	 fixationTime	 ladder1	 ladder2	 bidIndex	 itemNameIndex	 bidValue	 
BMI_bff_135	 1	 8	 216_sharom_ariel.jpg	 1.100063e+03	 24	 999000	 240	 999000	 999	 1.101081e+03	 650.00	 650.00	 54.00	 36	 0.18	 
BMI_bff_135	 1	 8	 107_horowitz_nitzan.jpg	 1.103066e+03	 11	 1.052731e+03	 1100	 6.500430e+02	 98	 1.104084e+03	 600.00	 650.00	 12.00	 7	 0.70	 
BMI_bff_135	 1	 8	 207_lapid_yair.jpg	 1.105068e+03	 24	 999000	 240	 999000	 999	 1.106087e+03	 600.00	 650.00	 40.00	 27	 0.39	 
BMI_bff_135	 1	 8	 302_danon_danny.jpg	 1.107071e+03	 12	 999000	 120	 999000	 999	 1.108089e+03	 600.00	 650.00	 16.00	 42	 0.65	 
BMI_bff_135	 1	 8	 204_galant_yoav.jpg	 1.109056e+03	 24	 999000	 240	 999000	 999	 1.110074e+03	 600.00	 650.00	 57.00	 24	 0.14	 
BMI_bff_135	 1	 8	 104_galon_zahava.jpg	 1.112059e+03	 12	 999000	 120	 999000	 999	 1.113078e+03	 600.00	 650.00	 8.00	 4	 0.80	 
BMI_bff_135	 1	 8	 120_zuabi_hanin.jpg	 1.114062e+03	 12	 5.450152e+02	 12	 999000	 98	 1.115080e+03	 600.00	 650.00	 6.00	 20	 0.83	 
BMI_bff_135	 1	 8	 219_stern_eliezer.jpg	 1.118066e+03	 12	 999000	 120	 999000	 999	 1.119085e+03	 600.00	 650.00	 22.00	 39	 0.59	 
BMI_bff_135	 1	 8	 118_yacimovich_shelly.jpg	 1.120068e+03	 11	 9.782924e+02	 110	 6.000549e+02	 98	 1.121087e+03	 616.67	 650.00	 18.00	 18	 0.64	 
BMI_bff_135	 1	 8	 202_cahlon_moshe.jpg	 1.125057e+03	 24	 999000	 240	 999000	 999	 1.126076e+03	 616.67	 650.00	 51.00	 22	 0.21	 
BMI_bff_135	 1	 8	 308_hotovely_tzipi.jpg	 1.127060e+03	 12	 999000	 120	 999000	 999	 1.128078e+03	 616.67	 650.00	 3.00	 48	 0.92	 
BMI_bff_135	 1	 8	 101_barak_ehud.jpg	 1.131064e+03	 22	 9.586233e+02	 220	 6.500465e+02	 98	 1.132082e+03	 616.67	 666.67	 50.00	 1	 0.22	 
BMI_bff_135	 1	 8	 112_peretz_amir.jpg	 1.133066e+03	 24	 999000	 240	 999000	 999	 1.134085e+03	 616.67	 666.67	 58.00	 12	 0.13	 
BMI_bff_135	 1	 8	 113_rosenthal_mickey.jpg	 1.136070e+03	 24	 999000	 240	 999000	 999	 1.137088e+03	 616.67	 666.67	 42.00	 13	 0.38	 
BMI_bff_135	 1	 8	 205_german_yael.jpg	 1.141059e+03	 12	 999000	 120	 999000	 999	 1.142077e+03	 616.67	 666.67	 5.00	 25	 0.85	 
BMI_bff_135	 1	 8	 217_shelach_ofer.jpg	 1.143061e+03	 24	 999000	 240	 999000	 999	 1.144079e+03	 616.67	 666.67	 43.00	 37	 0.34	 
BMI_bff_135	 1	 8	 307_hazan_oren.jpg	 1.145063e+03	 11	 8.793920e+02	 110	 6.167213e+02	 98	 1.146081e+03	 633.33	 666.67	 13.00	 47	 0.68	 
BMI_bff_135	 1	 8	 315_regev_miri.jpg	 1.149068e+03	 24	 999000	 240	 999000	 999	 1.150086e+03	 633.33	 666.67	 39.00	 55	 0.41	 
BMI_bff_135	 1	 8	 304_dicter_abraham.jpg	 1.153056e+03	 12	 999000	 120	 999000	 999	 1.154074e+03	 633.33	 666.67	 20.00	 44	 0.60	 
BMI_bff_135	 1	 8	 208_livnee_zipi.jpg	 1.157060e+03	 11	 1.106754e+03	 1100	 6.334042e+02	 98	 1.158078e+03	 583.33	 666.67	 10.00	 28	 0.74	 
BMI_bff_135	 1	 8	 215_rozbozov_yoel.jpg	 1.159062e+03	 12	 999000	 120	 999000	 999	 1.160081e+03	 583.33	 666.67	 11.00	 35	 0.70	 
BMI_bff_135	 1	 8	 214_piron_shai.jpg	 1.161064e+03	 24	 999000	 240	 999000	 999	 1.162083e+03	 583.33	 666.67	 46.00	 34	 0.30	 
BMI_bff_135	 1	 8	 108_khenin_dov.jpg	 1.163067e+03	 24	 999000	 240	 999000	 999	 1.164085e+03	 583.33	 666.67	 55.00	 8	 0.18	 
BMI_bff_135	 1	 8	 220_tamnu_shata_penina.jpg	 1.165069e+03	 22	 1.057747e+03	 2200	 6.667292e+02	 98	 1.166087e+03	 583.33	 616.67	 45.00	 40	 0.32	 
BMI_bff_135	 1	 8	 310_kirshenbaum_faina.jpg	 1.171059e+03	 11	 9.637119e+02	 110	 5.833991e+02	 98	 1.172077e+03	 600.00	 616.67	 7.00	 50	 0.81	 
BMI_bff_135	 1	 8	 320_yaalon_moshe.jpg	 1.174062e+03	 22	 9.523586e+02	 220	 6.167335e+02	 98	 1.175081e+03	 600.00	 633.33	 52.00	 60	 0.21	 
BMI_bff_135	 1	 8	 317_shaked_ayelet.jpg	 1.176065e+03	 12	 999000	 120	 999000	 999	 1.177083e+03	 600.00	 633.33	 4.00	 57	 0.90	 
BMI_bff_135	 1	 8	 306_gafni_moshe.jpg	 1.178067e+03	 24	 999000	 240	 999000	 999	 1.179085e+03	 600.00	 633.33	 49.00	 46	 0.27	 
BMI_bff_135	 1	 8	 311_liberman_avigdor.jpg	 1.181070e+03	 22	 1.016291e+03	 2200	 6.333988e+02	 98	 1.182089e+03	 600.00	 583.33	 44.00	 51	 0.34	 
BMI_bff_135	 1	 8	 313_lizman_yaakov.jpg	 1.183056e+03	 12	 999000	 120	 999000	 999	 1.184074e+03	 600.00	 583.33	 21.00	 53	 0.60	 
BMI_bff_135	 1	 8	 111_odeh_aiman.jpg	 1.185058e+03	 22	 9.485423e+02	 220	 5.833702e+02	 98	 1.186076e+03	 600.00	 600.00	 47.00	 11	 0.28	 
BMI_bff_135	 1	 8	 309_katz_yisrael.jpg	 1.187060e+03	 24	 999000	 240	 999000	 999	 1.188079e+03	 600.00	 600.00	 56.00	 49	 0.17	 
BMI_bff_135	 1	 8	 316_saar_gidon.jpg	 1.190064e+03	 12	 999000	 120	 999000	 999	 1.191082e+03	 600.00	 600.00	 17.00	 56	 0.64	 
BMI_bff_135	 1	 8	 212_olmert_ehud.jpg	 1.192066e+03	 24	 999000	 240	 999000	 999	 1.193084e+03	 600.00	 600.00	 48.00	 32	 0.28	 
BMI_bff_135	 1	 8	 206_hasson_israel.JPG	 1.194068e+03	 12	 999000	 120	 999000	 999	 1.195087e+03	 600.00	 600.00	 14.00	 26	 0.66	 
BMI_bff_135	 1	 8	 305_erdan_gilad.jpg	 1.196054e+03	 12	 999000	 120	 999000	 999	 1.197072e+03	 600.00	 600.00	 19.00	 45	 0.60	 
BMI_bff_135	 1	 8	 210_mofaz_shaul.jpg	 1.198056e+03	 22	 9.826564e+02	 220	 6.000613e+02	 98	 1.199074e+03	 600.00	 616.67	 53.00	 30	 0.20	 
BMI_bff_135	 1	 8	 106_herzog_yitzhak.jpg	 1.204063e+03	 12	 999000	 120	 999000	 999	 1.205081e+03	 600.00	 616.67	 9.00	 6	 0.80	 
BMI_bff_135	 1	 8	 319_steinitz_yuval.jpg	 1.207066e+03	 11	 9.885864e+02	 110	 6.000398e+02	 98	 1.208084e+03	 616.67	 616.67	 15.00	 59	 0.65	 
BMI_bff_135	 1	 8	 102_beneliezer_binyamin.jpg	 1.211054e+03	 24	 999000	 240	 999000	 999	 1.212072e+03	 616.67	 616.67	 41.00	 2	 0.38	 
