subjectID	 order	 runNum	 itemName	 onsetTime	 shuff_trialType	 RT	 respInTime	 AudioTime	 response	 fixationTime	 ladder1	 ladder2	 bidIndex	 itemNameIndex	 bidValue	 
BMI_bff_142	 2	 14	 109_michaeli_meirav.jpg	 4.006475e+02	 11	 9.352355e+02	 110	 6.500860e+02	 98	 4.016653e+02	 666.67	 650.00	 9.00	 9	 0.74	 
BMI_bff_142	 2	 14	 213_perry_yaakov.jpg	 4.036509e+02	 24	 999000	 240	 999000	 999	 4.046688e+02	 666.67	 650.00	 40.00	 33	 0.41	 
BMI_bff_142	 2	 14	 113_rosenthal_mickey.jpg	 4.076388e+02	 24	 999000	 240	 999000	 999	 4.086566e+02	 666.67	 650.00	 41.00	 13	 0.39	 
BMI_bff_142	 2	 14	 120_zuabi_hanin.jpg	 4.096410e+02	 24	 999000	 240	 999000	 999	 4.106587e+02	 666.67	 650.00	 53.00	 20	 0.26	 
BMI_bff_142	 2	 14	 216_sharom_ariel.jpg	 4.116433e+02	 22	 9.394541e+02	 220	 6.500312e+02	 98	 4.126611e+02	 666.67	 666.67	 51.00	 36	 0.30	 
BMI_bff_142	 2	 14	 215_rozbozov_yoel.jpg	 4.156478e+02	 12	 999000	 120	 999000	 999	 4.166655e+02	 666.67	 666.67	 3.00	 35	 0.85	 
BMI_bff_142	 2	 14	 205_german_yael.jpg	 4.176500e+02	 12	 999000	 120	 999000	 999	 4.186678e+02	 666.67	 666.67	 18.00	 25	 0.63	 
BMI_bff_142	 2	 14	 315_regev_miri.jpg	 4.226389e+02	 24	 999000	 240	 999000	 999	 4.236567e+02	 666.67	 666.67	 57.00	 55	 0.20	 
BMI_bff_142	 2	 14	 304_dicter_abraham.jpg	 4.246411e+02	 11	 9.496228e+02	 110	 6.667002e+02	 98	 4.256589e+02	 683.33	 666.67	 8.00	 44	 0.77	 
BMI_bff_142	 2	 14	 308_hotovely_tzipi.jpg	 4.276446e+02	 24	 999000	 240	 999000	 999	 4.286624e+02	 683.33	 666.67	 58.00	 48	 0.15	 
BMI_bff_142	 2	 14	 108_khenin_dov.jpg	 4.306480e+02	 11	 1.166771e+03	 1100	 6.833719e+02	 98	 4.316657e+02	 633.33	 666.67	 11.00	 8	 0.74	 
BMI_bff_142	 2	 14	 208_livnee_zipi.jpg	 4.346524e+02	 12	 999000	 120	 999000	 999	 4.356702e+02	 633.33	 666.67	 6.00	 28	 0.80	 
BMI_bff_142	 2	 14	 219_stern_eliezer.jpg	 4.376391e+02	 12	 999000	 120	 999000	 999	 4.386570e+02	 633.33	 666.67	 4.00	 39	 0.84	 
BMI_bff_142	 2	 14	 313_lizman_yaakov.jpg	 4.396413e+02	 12	 999000	 120	 999000	 999	 4.406591e+02	 633.33	 666.67	 12.00	 53	 0.70	 
BMI_bff_142	 2	 14	 320_yaalon_moshe.jpg	 4.426448e+02	 12	 999000	 120	 999000	 999	 4.436625e+02	 633.33	 666.67	 15.00	 60	 0.65	 
BMI_bff_142	 2	 14	 316_saar_gidon.jpg	 4.466492e+02	 24	 999000	 240	 999000	 999	 4.476670e+02	 633.33	 666.67	 52.00	 56	 0.29	 
BMI_bff_142	 2	 14	 105_gilon_ilan.jpg	 4.496526e+02	 24	 999000	 240	 999000	 999	 4.506704e+02	 633.33	 666.67	 39.00	 5	 0.42	 
BMI_bff_142	 2	 14	 319_steinitz_yuval.jpg	 4.516382e+02	 12	 999000	 120	 999000	 999	 4.526560e+02	 633.33	 666.67	 21.00	 59	 0.59	 
BMI_bff_142	 2	 14	 311_liberman_avigdor.jpg	 4.536404e+02	 24	 999000	 240	 999000	 999	 4.546582e+02	 633.33	 666.67	 56.00	 51	 0.21	 
BMI_bff_142	 2	 14	 116_shmuli_itzik.jpg	 4.586460e+02	 22	 1.000821e+03	 2200	 6.667279e+02	 98	 4.596639e+02	 633.33	 616.67	 46.00	 16	 0.34	 
BMI_bff_142	 2	 14	 115_shimon_peres.jpg	 4.626506e+02	 12	 999000	 120	 999000	 999	 4.636683e+02	 633.33	 616.67	 13.00	 15	 0.67	 
BMI_bff_142	 2	 14	 307_hazan_oren.jpg	 4.666383e+02	 24	 999000	 240	 999000	 999	 4.676562e+02	 633.33	 616.67	 44.00	 47	 0.36	 
BMI_bff_142	 2	 14	 204_galant_yoav.jpg	 4.726451e+02	 22	 9.136793e+02	 220	 6.167187e+02	 98	 4.736629e+02	 633.33	 633.33	 48.00	 24	 0.31	 
BMI_bff_142	 2	 14	 119_zandberg_tamar.jpg	 4.746474e+02	 24	 999000	 240	 999000	 999	 4.756651e+02	 633.33	 633.33	 42.00	 19	 0.37	 
BMI_bff_142	 2	 14	 107_horowitz_nitzan.jpg	 4.766496e+02	 12	 999000	 120	 999000	 999	 4.776673e+02	 633.33	 633.33	 22.00	 7	 0.58	 
BMI_bff_142	 2	 14	 314_netanyahu.jpg	 4.786518e+02	 24	 999000	 240	 999000	 999	 4.796696e+02	 633.33	 633.33	 55.00	 54	 0.22	 
BMI_bff_142	 2	 14	 201_baron_roni.jpg	 4.806371e+02	 12	 999000	 120	 999000	 999	 4.816551e+02	 633.33	 633.33	 19.00	 21	 0.61	 
BMI_bff_142	 2	 14	 302_danon_danny.jpg	 4.846419e+02	 12	 999000	 120	 999000	 999	 4.856598e+02	 633.33	 633.33	 5.00	 42	 0.82	 
BMI_bff_142	 2	 14	 306_gafni_moshe.jpg	 4.866441e+02	 11	 9.226303e+02	 110	 6.333939e+02	 98	 4.876619e+02	 650.00	 633.33	 17.00	 46	 0.64	 
BMI_bff_142	 2	 14	 218_shitrit_meir.jpg	 4.906486e+02	 11	 1.142181e+03	 1100	 6.500340e+02	 98	 4.916665e+02	 600.00	 633.33	 14.00	 38	 0.65	 
BMI_bff_142	 2	 14	 312_livnat_limor.jpg	 4.926509e+02	 22	 9.958611e+02	 220	 6.333765e+02	 98	 4.936687e+02	 600.00	 650.00	 49.00	 52	 0.31	 
BMI_bff_142	 2	 14	 203_cohen_meir.jpg	 4.946532e+02	 24	 999000	 240	 999000	 999	 4.956709e+02	 600.00	 650.00	 50.00	 23	 0.30	 
BMI_bff_142	 2	 14	 301_benet_naftali.jpg	 4.966387e+02	 22	 8.008560e+01	 22	 6.500472e+02	 98	 4.976565e+02	 600.00	 666.67	 54.00	 41	 0.24	 
BMI_bff_142	 2	 14	 303_deri_arye.jpg	 5.016443e+02	 12	 999000	 120	 999000	 999	 5.026621e+02	 600.00	 666.67	 20.00	 43	 0.60	 
BMI_bff_142	 2	 14	 102_beneliezer_binyamin.jpg	 5.036466e+02	 12	 999000	 120	 999000	 999	 5.046644e+02	 600.00	 666.67	 10.00	 2	 0.74	 
BMI_bff_142	 2	 14	 106_herzog_yitzhak.jpg	 5.056488e+02	 24	 999000	 240	 999000	 999	 5.066666e+02	 600.00	 666.67	 45.00	 6	 0.35	 
BMI_bff_142	 2	 14	 305_erdan_gilad.jpg	 5.086522e+02	 22	 9.546176e+02	 220	 6.667394e+02	 98	 5.096699e+02	 600.00	 683.33	 43.00	 45	 0.36	 
BMI_bff_142	 2	 14	 318_shalom_silvan.jpg	 5.156433e+02	 11	 3.394097e+02	 11	 6.000644e+02	 98	 5.166611e+02	 616.67	 683.33	 16.00	 58	 0.65	 
BMI_bff_142	 2	 14	 104_galon_zahava.jpg	 5.196479e+02	 24	 999000	 240	 999000	 999	 5.206657e+02	 616.67	 683.33	 47.00	 4	 0.32	 
BMI_bff_142	 2	 14	 211_molla_shlomo.jpg	 5.266391e+02	 12	 999000	 120	 999000	 999	 5.276569e+02	 616.67	 683.33	 7.00	 31	 0.79	 
