subjectID	 order	 runNum	 itemName	 onsetTime	 shuff_trialType	 RT	 respInTime	 AudioTime	 response	 fixationTime	 ladder1	 ladder2	 bidIndex	 itemNameIndex	 bidValue	 
BMI_bff_122	 2	 7	 214_piron_shai.jpg	 7.583706e+02	 24	 999000	 240	 999000	 999	 7.593891e+02	 683.33	 683.33	 39.00	 34	 0.43	 
BMI_bff_122	 2	 7	 314_netanyahu.jpg	 7.613741e+02	 22	 9.204124e+02	 220	 6.834278e+02	 98	 7.623924e+02	 683.33	 700.00	 51.00	 54	 0.25	 
BMI_bff_122	 2	 7	 217_shelach_ofer.jpg	 7.633763e+02	 12	 999000	 120	 999000	 999	 7.643948e+02	 683.33	 700.00	 3.00	 37	 0.90	 
BMI_bff_122	 2	 7	 208_livnee_zipi.jpg	 7.653786e+02	 12	 999000	 120	 999000	 999	 7.663971e+02	 683.33	 700.00	 4.00	 28	 0.87	 
BMI_bff_122	 2	 7	 315_regev_miri.jpg	 7.673808e+02	 24	 999000	 240	 999000	 999	 7.683992e+02	 683.33	 700.00	 56.00	 55	 0.14	 
BMI_bff_122	 2	 7	 216_sharom_ariel.jpg	 7.703675e+02	 12	 999000	 120	 999000	 999	 7.713860e+02	 683.33	 700.00	 5.00	 36	 0.86	 
BMI_bff_122	 2	 7	 101_barak_ehud.jpg	 7.723699e+02	 11	 8.926854e+02	 110	 6.833686e+02	 98	 7.733882e+02	 700.00	 700.00	 11.00	 1	 0.72	 
BMI_bff_122	 2	 7	 202_cahlon_moshe.jpg	 7.763743e+02	 24	 999000	 240	 999000	 999	 7.773927e+02	 700.00	 700.00	 55.00	 22	 0.19	 
BMI_bff_122	 2	 7	 108_khenin_dov.jpg	 7.783766e+02	 12	 999000	 120	 999000	 999	 7.793948e+02	 700.00	 700.00	 21.00	 8	 0.61	 
BMI_bff_122	 2	 7	 312_livnat_limor.jpg	 7.833655e+02	 11	 9.130703e+02	 110	 7.000236e+02	 98	 7.843839e+02	 716.67	 700.00	 16.00	 52	 0.67	 
BMI_bff_122	 2	 7	 210_mofaz_shaul.jpg	 7.853677e+02	 11	 9.668269e+02	 110	 7.167376e+02	 98	 7.863861e+02	 733.33	 700.00	 9.00	 30	 0.77	 
BMI_bff_122	 2	 7	 112_peretz_amir.jpg	 7.893721e+02	 12	 999000	 120	 999000	 999	 7.903906e+02	 733.33	 700.00	 10.00	 12	 0.74	 
BMI_bff_122	 2	 7	 218_shitrit_meir.jpg	 7.913745e+02	 12	 999000	 120	 999000	 999	 7.923929e+02	 733.33	 700.00	 19.00	 38	 0.62	 
BMI_bff_122	 2	 7	 203_cohen_meir.jpg	 7.943778e+02	 24	 999000	 240	 999000	 999	 7.953962e+02	 733.33	 700.00	 40.00	 23	 0.41	 
BMI_bff_122	 2	 7	 113_rosenthal_mickey.jpg	 7.993668e+02	 24	 999000	 240	 999000	 999	 8.003851e+02	 733.33	 700.00	 44.00	 13	 0.34	 
BMI_bff_122	 2	 7	 320_yaalon_moshe.jpg	 8.013690e+02	 22	 8.775804e+02	 220	 7.000406e+02	 98	 8.023875e+02	 733.33	 716.67	 43.00	 60	 0.35	 
BMI_bff_122	 2	 7	 110_nachman_shai.jpg	 8.033713e+02	 12	 999000	 120	 999000	 999	 8.043896e+02	 733.33	 716.67	 15.00	 10	 0.67	 
BMI_bff_122	 2	 7	 316_saar_gidon.jpg	 8.073758e+02	 24	 999000	 240	 999000	 999	 8.083942e+02	 733.33	 716.67	 47.00	 56	 0.33	 
BMI_bff_122	 2	 7	 204_galant_yoav.jpg	 8.113802e+02	 24	 999000	 240	 999000	 999	 8.123987e+02	 733.33	 716.67	 42.00	 24	 0.35	 
BMI_bff_122	 2	 7	 302_danon_danny.jpg	 8.153681e+02	 12	 999000	 120	 999000	 999	 8.163864e+02	 733.33	 716.67	 22.00	 42	 0.60	 
BMI_bff_122	 2	 7	 118_yacimovich_shelly.jpg	 8.173703e+02	 12	 999000	 120	 999000	 999	 8.183887e+02	 733.33	 716.67	 6.00	 18	 0.86	 
BMI_bff_122	 2	 7	 220_tamnu_shata_penina.jpg	 8.193725e+02	 12	 999000	 120	 999000	 999	 8.203911e+02	 733.33	 716.67	 18.00	 40	 0.63	 
BMI_bff_122	 2	 7	 219_stern_eliezer.jpg	 8.213748e+02	 24	 999000	 240	 999000	 999	 8.223932e+02	 733.33	 716.67	 50.00	 39	 0.25	 
BMI_bff_122	 2	 7	 114_shafir_stav.jpg	 8.233770e+02	 11	 9.735111e+02	 110	 7.333924e+02	 98	 8.243953e+02	 750.00	 716.67	 14.00	 14	 0.67	 
BMI_bff_122	 2	 7	 309_katz_yisrael.jpg	 8.293671e+02	 22	 1.015447e+03	 2200	 7.166957e+02	 98	 8.303853e+02	 750.00	 666.67	 54.00	 49	 0.21	 
BMI_bff_122	 2	 7	 115_shimon_peres.jpg	 8.323705e+02	 12	 999000	 120	 999000	 999	 8.333889e+02	 750.00	 666.67	 7.00	 15	 0.85	 
BMI_bff_122	 2	 7	 215_rozbozov_yoel.jpg	 8.343728e+02	 22	 8.337933e+02	 220	 6.667232e+02	 98	 8.353911e+02	 750.00	 683.33	 48.00	 35	 0.31	 
BMI_bff_122	 2	 7	 303_deri_arye.jpg	 8.363750e+02	 22	 9.115779e+02	 220	 6.833610e+02	 98	 8.373935e+02	 750.00	 700.00	 49.00	 43	 0.27	 
BMI_bff_122	 2	 7	 109_michaeli_meirav.jpg	 8.393785e+02	 12	 999000	 120	 999000	 999	 8.403967e+02	 750.00	 700.00	 12.00	 9	 0.70	 
BMI_bff_122	 2	 7	 301_benet_naftali.jpg	 8.413806e+02	 24	 999000	 240	 999000	 999	 8.423990e+02	 750.00	 700.00	 57.00	 41	 0.13	 
BMI_bff_122	 2	 7	 313_lizman_yaakov.jpg	 8.433662e+02	 24	 999000	 240	 999000	 999	 8.443846e+02	 750.00	 700.00	 53.00	 53	 0.22	 
BMI_bff_122	 2	 7	 310_kirshenbaum_faina.jpg	 8.453685e+02	 11	 9.900553e+02	 110	 7.500408e+02	 98	 8.463869e+02	 766.67	 700.00	 17.00	 50	 0.64	 
BMI_bff_122	 2	 7	 306_gafni_moshe.jpg	 8.483744e+02	 24	 999000	 240	 999000	 999	 8.493902e+02	 766.67	 700.00	 52.00	 46	 0.23	 
BMI_bff_122	 2	 7	 317_shaked_ayelet.jpg	 8.503740e+02	 24	 999000	 240	 999000	 999	 8.513925e+02	 766.67	 700.00	 41.00	 57	 0.38	 
BMI_bff_122	 2	 7	 318_shalom_silvan.jpg	 8.523763e+02	 12	 999000	 120	 999000	 999	 8.533948e+02	 766.67	 700.00	 13.00	 58	 0.70	 
BMI_bff_122	 2	 7	 120_zuabi_hanin.jpg	 8.543785e+02	 12	 999000	 120	 999000	 999	 8.553969e+02	 766.67	 700.00	 20.00	 20	 0.61	 
BMI_bff_122	 2	 7	 119_zandberg_tamar.jpg	 8.563640e+02	 11	 9.865933e+02	 110	 7.667237e+02	 98	 8.573824e+02	 783.33	 700.00	 8.00	 19	 0.79	 
BMI_bff_122	 2	 7	 105_gilon_ilan.jpg	 8.623708e+02	 22	 8.437728e+02	 220	 7.000436e+02	 98	 8.633892e+02	 783.33	 716.67	 46.00	 5	 0.33	 
BMI_bff_122	 2	 7	 209_mitzna_amram.jpg	 8.653744e+02	 24	 999000	 240	 999000	 999	 8.663926e+02	 783.33	 716.67	 45.00	 29	 0.34	 
BMI_bff_122	 2	 7	 311_liberman_avigdor.jpg	 8.693787e+02	 24	 999000	 240	 999000	 999	 8.703971e+02	 783.33	 716.67	 58.00	 51	 0.13	 
