subjectID	 order	 runNum	 itemName	 onsetTime	 shuff_trialType	 RT	 respInTime	 AudioTime	 response	 fixationTime	 ladder1	 ladder2	 bidIndex	 itemNameIndex	 bidValue	 
BMI_bff_116	 2	 11	 101_barak_ehud.jpg	 1.281368e+00	 12	 999000	 120	 999000	 999	 2.300111e+00	 916.67	 916.67	 20.00	 1	 0.66	 
BMI_bff_116	 2	 11	 316_saar_gidon.jpg	 4.285041e+00	 22	 1.105460e+03	 2200	 9.167393e+02	 98	 5.386975e+00	 916.67	 866.67	 46.00	 56	 0.31	 
BMI_bff_116	 2	 11	 302_danon_danny.jpg	 8.289510e+00	 24	 999000	 240	 999000	 999	 9.308050e+00	 916.67	 866.67	 55.00	 42	 0.16	 
BMI_bff_116	 2	 11	 107_horowitz_nitzan.jpg	 1.029180e+01	 12	 999000	 120	 999000	 999	 1.131017e+01	 916.67	 866.67	 21.00	 7	 0.65	 
BMI_bff_116	 2	 11	 202_cahlon_moshe.jpg	 1.227701e+01	 11	 9.214876e+02	 110	 9.167340e+02	 98	 1.337922e+01	 916.67	 866.67	 17.00	 22	 0.71	 
BMI_bff_116	 2	 11	 207_lapid_yair.jpg	 1.628177e+01	 24	 999000	 240	 999000	 999	 1.730007e+01	 916.67	 866.67	 50.00	 27	 0.28	 
BMI_bff_116	 2	 11	 210_mofaz_shaul.jpg	 1.828406e+01	 12	 999000	 120	 999000	 999	 1.930243e+01	 916.67	 866.67	 13.00	 30	 0.75	 
BMI_bff_116	 2	 11	 108_khenin_dov.jpg	 2.328966e+01	 12	 999000	 120	 999000	 999	 2.430802e+01	 916.67	 866.67	 6.00	 8	 0.82	 
BMI_bff_116	 2	 11	 313_lizman_yaakov.jpg	 2.529193e+01	 24	 999000	 240	 999000	 999	 2.631032e+01	 916.67	 866.67	 39.00	 53	 0.38	 
BMI_bff_116	 2	 11	 219_stern_eliezer.jpg	 2.827867e+01	 24	 999000	 240	 999000	 999	 2.929693e+01	 916.67	 866.67	 47.00	 39	 0.31	 
BMI_bff_116	 2	 11	 115_shimon_peres.jpg	 3.128200e+01	 12	 999000	 120	 999000	 999	 3.230039e+01	 916.67	 866.67	 5.00	 15	 0.85	 
BMI_bff_116	 2	 11	 209_mitzna_amram.jpg	 3.528648e+01	 12	 999000	 120	 999000	 999	 3.630491e+01	 916.67	 866.67	 15.00	 29	 0.72	 
BMI_bff_116	 2	 11	 310_kirshenbaum_faina.jpg	 3.828984e+01	 24	 999000	 240	 999000	 999	 3.930819e+01	 916.67	 866.67	 56.00	 50	 0.15	 
BMI_bff_116	 2	 11	 212_olmert_ehud.jpg	 4.029201e+01	 24	 999000	 240	 999000	 999	 4.131038e+01	 916.67	 866.67	 45.00	 32	 0.31	 
BMI_bff_116	 2	 11	 305_erdan_gilad.jpg	 4.327880e+01	 22	 8.237023e+02	 22	 8.667271e+02	 98	 4.433052e+01	 916.67	 883.34	 54.00	 45	 0.17	 
BMI_bff_116	 2	 11	 110_nachman_shai.jpg	 4.728327e+01	 11	 9.312384e+02	 110	 9.167356e+02	 98	 4.838513e+01	 916.67	 883.34	 14.00	 10	 0.73	 
BMI_bff_116	 2	 11	 105_gilon_ilan.jpg	 5.028656e+01	 11	 7.999721e+02	 11	 9.167399e+02	 98	 5.138842e+01	 916.67	 883.34	 8.00	 5	 0.80	 
BMI_bff_116	 2	 11	 114_shafir_stav.jpg	 5.228885e+01	 12	 999000	 120	 999000	 999	 5.330712e+01	 916.67	 883.34	 3.00	 14	 0.87	 
BMI_bff_116	 2	 11	 218_shitrit_meir.jpg	 5.429107e+01	 24	 999000	 240	 999000	 999	 5.530962e+01	 916.67	 883.34	 40.00	 38	 0.36	 
BMI_bff_116	 2	 11	 106_herzog_yitzhak.jpg	 5.927996e+01	 11	 8.705391e+02	 11	 9.167328e+02	 98	 6.038181e+01	 916.67	 883.34	 16.00	 6	 0.71	 
BMI_bff_116	 2	 11	 206_hasson_israel.JPG	 6.328453e+01	 24	 999000	 240	 999000	 999	 6.430288e+01	 916.67	 883.34	 42.00	 26	 0.34	 
BMI_bff_116	 2	 11	 315_regev_miri.jpg	 6.728895e+01	 24	 999000	 240	 999000	 999	 6.830737e+01	 916.67	 883.34	 57.00	 55	 0.14	 
BMI_bff_116	 2	 11	 220_tamnu_shata_penina.jpg	 7.327910e+01	 12	 999000	 120	 999000	 999	 7.429740e+01	 916.67	 883.34	 18.00	 40	 0.69	 
BMI_bff_116	 2	 11	 205_german_yael.jpg	 7.528127e+01	 12	 999000	 120	 999000	 999	 7.629973e+01	 916.67	 883.34	 19.00	 25	 0.66	 
BMI_bff_116	 2	 11	 309_katz_yisrael.jpg	 7.728358e+01	 22	 7.229178e+02	 22	 8.833683e+02	 98	 7.835206e+01	 916.67	 900.00	 51.00	 49	 0.20	 
BMI_bff_116	 2	 11	 117_tibi_ahmed.jpg	 7.928580e+01	 24	 999000	 240	 999000	 999	 8.030407e+01	 916.67	 900.00	 52.00	 17	 0.18	 
BMI_bff_116	 2	 11	 120_zuabi_hanin.jpg	 8.128799e+01	 24	 999000	 240	 999000	 999	 8.230646e+01	 916.67	 900.00	 58.00	 20	 0.08	 
BMI_bff_116	 2	 11	 112_peretz_amir.jpg	 8.529246e+01	 12	 999000	 120	 999000	 999	 8.631089e+01	 916.67	 900.00	 7.00	 12	 0.81	 
BMI_bff_116	 2	 11	 113_rosenthal_mickey.jpg	 8.727809e+01	 12	 999000	 120	 999000	 999	 8.829645e+01	 916.67	 900.00	 22.00	 13	 0.64	 
BMI_bff_116	 2	 11	 303_deri_arye.jpg	 9.128256e+01	 24	 999000	 240	 999000	 999	 9.230098e+01	 916.67	 900.00	 44.00	 43	 0.32	 
BMI_bff_116	 2	 11	 208_livnee_zipi.jpg	 9.328483e+01	 12	 999000	 120	 999000	 999	 9.430323e+01	 916.67	 900.00	 4.00	 28	 0.85	 
BMI_bff_116	 2	 11	 201_baron_roni.jpg	 9.528712e+01	 22	 8.313797e+02	 22	 9.000709e+02	 98	 9.637225e+01	 916.67	 916.67	 49.00	 21	 0.29	 
BMI_bff_116	 2	 11	 319_steinitz_yuval.jpg	 9.728924e+01	 24	 999000	 240	 999000	 999	 9.830772e+01	 916.67	 916.67	 53.00	 59	 0.18	 
BMI_bff_116	 2	 11	 306_gafni_moshe.jpg	 1.022782e+02	 24	 999000	 240	 999000	 999	 1.032965e+02	 916.67	 916.67	 41.00	 46	 0.35	 
BMI_bff_116	 2	 11	 104_galon_zahava.jpg	 1.042805e+02	 12	 999000	 120	 999000	 999	 1.052988e+02	 916.67	 916.67	 12.00	 4	 0.75	 
BMI_bff_116	 2	 11	 211_molla_shlomo.jpg	 1.062829e+02	 22	 8.436544e+02	 22	 9.167293e+02	 98	 1.073846e+02	 916.67	 916.67	 48.00	 31	 0.30	 
BMI_bff_116	 2	 11	 119_zandberg_tamar.jpg	 1.092860e+02	 11	 8.404822e+02	 11	 9.167133e+02	 98	 1.103880e+02	 916.67	 916.67	 9.00	 19	 0.79	 
BMI_bff_116	 2	 11	 102_beneliezer_binyamin.jpg	 1.162769e+02	 22	 7.615592e+02	 22	 9.166966e+02	 98	 1.173790e+02	 916.67	 916.67	 43.00	 2	 0.34	 
BMI_bff_116	 2	 11	 203_cohen_meir.jpg	 1.202818e+02	 11	 1.084759e+03	 1100	 9.167011e+02	 98	 1.213835e+02	 866.67	 916.67	 11.00	 23	 0.75	 
BMI_bff_116	 2	 11	 109_michaeli_meirav.jpg	 1.272896e+02	 12	 999000	 120	 999000	 999	 1.283080e+02	 866.67	 916.67	 10.00	 9	 0.77	 
