subjectID	 order	 runNum	 itemName	 onsetTime	 shuff_trialType	 RT	 respInTime	 AudioTime	 response	 fixationTime	 ladder1	 ladder2	 bidIndex	 itemNameIndex	 bidValue	 
BMI_bff_123	 1	 1	 101_barak_ehud.jpg	 1.308331e+00	 24	 999000	 240	 999000	 999	 2.326868e+00	 750.00	 750.00	 49.00	 1	 0.30	 
BMI_bff_123	 1	 1	 218_shitrit_meir.jpg	 4.294411e+00	 12	 999000	 120	 999000	 999	 5.312839e+00	 750.00	 750.00	 16.00	 38	 0.64	 
BMI_bff_123	 1	 1	 114_shafir_stav.jpg	 8.298934e+00	 24	 999000	 240	 999000	 999	 9.317355e+00	 750.00	 750.00	 42.00	 14	 0.39	 
BMI_bff_123	 1	 1	 310_kirshenbaum_faina.jpg	 1.030124e+01	 12	 999000	 120	 999000	 999	 1.131953e+01	 750.00	 750.00	 6.00	 50	 0.80	 
BMI_bff_123	 1	 1	 115_shimon_peres.jpg	 1.230336e+01	 24	 999000	 240	 999000	 999	 1.332180e+01	 750.00	 750.00	 39.00	 15	 0.40	 
BMI_bff_123	 1	 1	 302_danon_danny.jpg	 1.629120e+01	 12	 999000	 120	 999000	 999	 1.730959e+01	 750.00	 750.00	 19.00	 42	 0.62	 
BMI_bff_123	 1	 1	 203_cohen_meir.jpg	 1.829351e+01	 24	 999000	 240	 999000	 999	 1.931181e+01	 750.00	 750.00	 43.00	 23	 0.38	 
BMI_bff_123	 1	 1	 207_lapid_yair.jpg	 2.329907e+01	 22	 1.020031e+03	 2200	 7.500676e+02	 98	 2.431746e+01	 750.00	 700.00	 47.00	 27	 0.31	 
BMI_bff_123	 1	 1	 113_rosenthal_mickey.jpg	 2.530135e+01	 12	 999000	 120	 999000	 999	 2.631976e+01	 750.00	 700.00	 14.00	 13	 0.67	 
BMI_bff_123	 1	 1	 109_michaeli_meirav.jpg	 2.830473e+01	 24	 999000	 240	 999000	 999	 2.932300e+01	 750.00	 700.00	 58.00	 9	 0.13	 
BMI_bff_123	 1	 1	 317_shaked_ayelet.jpg	 3.129131e+01	 11	 1.035798e+03	 1100	 7.500666e+02	 98	 3.230968e+01	 700.00	 700.00	 12.00	 57	 0.69	 
BMI_bff_123	 1	 1	 305_erdan_gilad.jpg	 3.529581e+01	 24	 999000	 240	 999000	 999	 3.631429e+01	 700.00	 700.00	 40.00	 45	 0.40	 
BMI_bff_123	 1	 1	 219_stern_eliezer.jpg	 3.829924e+01	 24	 999000	 240	 999000	 999	 3.931761e+01	 700.00	 700.00	 54.00	 39	 0.25	 
BMI_bff_123	 1	 1	 106_herzog_yitzhak.jpg	 4.030151e+01	 12	 999000	 120	 999000	 999	 4.131997e+01	 700.00	 700.00	 20.00	 6	 0.61	 
BMI_bff_123	 1	 1	 306_gafni_moshe.jpg	 4.328802e+01	 22	 8.870745e+02	 220	 7.000578e+02	 98	 4.430654e+01	 700.00	 716.67	 52.00	 46	 0.26	 
BMI_bff_123	 1	 1	 220_tamnu_shata_penina.jpg	 4.729265e+01	 12	 999000	 120	 999000	 999	 4.831109e+01	 700.00	 716.67	 8.00	 40	 0.77	 
BMI_bff_123	 1	 1	 311_liberman_avigdor.jpg	 5.029605e+01	 24	 999000	 240	 999000	 999	 5.131440e+01	 700.00	 716.67	 41.00	 51	 0.39	 
BMI_bff_123	 1	 1	 211_molla_shlomo.jpg	 5.229830e+01	 12	 999000	 120	 999000	 999	 5.331666e+01	 700.00	 716.67	 21.00	 31	 0.60	 
BMI_bff_123	 1	 1	 217_shelach_ofer.jpg	 5.430058e+01	 22	 9.145001e+02	 220	 7.167335e+02	 98	 5.531891e+01	 700.00	 733.33	 44.00	 37	 0.38	 
BMI_bff_123	 1	 1	 119_zandberg_tamar.jpg	 5.928918e+01	 11	 9.579008e+02	 110	 7.000219e+02	 98	 6.030777e+01	 716.67	 733.33	 7.00	 19	 0.80	 
BMI_bff_123	 1	 1	 301_benet_naftali.jpg	 6.329393e+01	 12	 999000	 120	 999000	 999	 6.431236e+01	 716.67	 733.33	 22.00	 41	 0.60	 
BMI_bff_123	 1	 1	 208_livnee_zipi.jpg	 6.729841e+01	 12	 999000	 120	 999000	 999	 6.831681e+01	 716.67	 733.33	 3.00	 28	 0.88	 
BMI_bff_123	 1	 1	 210_mofaz_shaul.jpg	 7.328819e+01	 24	 999000	 240	 999000	 999	 7.430686e+01	 716.67	 733.33	 51.00	 30	 0.27	 
BMI_bff_123	 1	 1	 110_nachman_shai.jpg	 7.529068e+01	 22	 7.084062e+02	 22	 7.333730e+02	 98	 7.630909e+01	 716.67	 750.00	 50.00	 10	 0.29	 
BMI_bff_123	 1	 1	 303_deri_arye.jpg	 7.729293e+01	 22	 1.098161e+03	 2200	 7.500478e+02	 98	 7.831132e+01	 716.67	 700.00	 45.00	 43	 0.37	 
BMI_bff_123	 1	 1	 204_galant_yoav.jpg	 7.929517e+01	 24	 999000	 240	 999000	 999	 8.031356e+01	 716.67	 700.00	 56.00	 24	 0.14	 
BMI_bff_123	 1	 1	 213_perry_yaakov.jpg	 8.129738e+01	 12	 999000	 120	 999000	 999	 8.231582e+01	 716.67	 700.00	 5.00	 33	 0.80	 
BMI_bff_123	 1	 1	 316_saar_gidon.jpg	 8.530194e+01	 11	 1.009142e+03	 1100	 7.167102e+02	 98	 8.632154e+01	 666.67	 700.00	 15.00	 56	 0.64	 
BMI_bff_123	 1	 1	 215_rozbozov_yoel.jpg	 8.730417e+01	 12	 999000	 120	 999000	 999	 8.832262e+01	 666.67	 700.00	 4.00	 35	 0.84	 
BMI_bff_123	 1	 1	 118_yacimovich_shelly.jpg	 9.129198e+01	 12	 999000	 120	 999000	 999	 9.231039e+01	 666.67	 700.00	 11.00	 18	 0.74	 
BMI_bff_123	 1	 1	 104_galon_zahava.jpg	 9.329420e+01	 12	 999000	 120	 999000	 999	 9.431259e+01	 666.67	 700.00	 17.00	 4	 0.63	 
BMI_bff_123	 1	 1	 313_lizman_yaakov.jpg	 9.529644e+01	 24	 999000	 240	 999000	 999	 9.631480e+01	 666.67	 700.00	 46.00	 53	 0.32	 
BMI_bff_123	 1	 1	 315_regev_miri.jpg	 9.729874e+01	 12	 999000	 120	 999000	 999	 9.831720e+01	 666.67	 700.00	 9.00	 55	 0.76	 
BMI_bff_123	 1	 1	 318_shalom_silvan.jpg	 1.023043e+02	 24	 999000	 240	 999000	 999	 1.033227e+02	 666.67	 700.00	 48.00	 58	 0.31	 
BMI_bff_123	 1	 1	 201_baron_roni.jpg	 1.042900e+02	 24	 999000	 240	 999000	 999	 1.053083e+02	 666.67	 700.00	 57.00	 21	 0.13	 
BMI_bff_123	 1	 1	 108_khenin_dov.jpg	 1.062921e+02	 22	 8.830320e+02	 220	 7.000539e+02	 98	 1.073107e+02	 666.67	 716.67	 53.00	 8	 0.26	 
BMI_bff_123	 1	 1	 107_horowitz_nitzan.jpg	 1.093122e+02	 11	 1.030933e+03	 1100	 6.667318e+02	 98	 1.103305e+02	 616.67	 716.67	 13.00	 7	 0.68	 
BMI_bff_123	 1	 1	 112_peretz_amir.jpg	 1.163034e+02	 24	 999000	 240	 999000	 999	 1.173217e+02	 616.67	 716.67	 55.00	 12	 0.15	 
BMI_bff_123	 1	 1	 205_german_yael.jpg	 1.202911e+02	 11	 8.519573e+02	 110	 6.167137e+02	 98	 1.213096e+02	 633.33	 716.67	 10.00	 25	 0.75	 
BMI_bff_123	 1	 1	 319_steinitz_yuval.jpg	 1.272990e+02	 11	 8.440867e+02	 110	 6.333826e+02	 98	 1.283175e+02	 650.00	 716.67	 18.00	 59	 0.63	 
