subjectID	 order	 runNum	 itemName	 onsetTime	 shuff_trialType	 RT	 respInTime	 AudioTime	 response	 fixationTime	 ladder1	 ladder2	 bidIndex	 itemNameIndex	 bidValue	 
BMI_bff_132	 2	 7	 306_gafni_moshe.jpg	 8.892439e+02	 24	 999000	 240	 999000	 999	 8.902622e+02	 616.67	 550.00	 44.00	 46	 0.29	 
BMI_bff_132	 2	 7	 319_steinitz_yuval.jpg	 8.942495e+02	 24	 999000	 240	 999000	 999	 8.952679e+02	 616.67	 550.00	 52.00	 59	 0.21	 
BMI_bff_132	 2	 7	 220_tamnu_shata_penina.jpg	 8.962349e+02	 12	 999000	 120	 999000	 999	 8.972536e+02	 616.67	 550.00	 12.00	 40	 0.77	 
BMI_bff_132	 2	 7	 310_kirshenbaum_faina.jpg	 8.982374e+02	 24	 999000	 240	 999000	 999	 8.992557e+02	 616.67	 550.00	 40.00	 50	 0.36	 
BMI_bff_132	 2	 7	 318_shalom_silvan.jpg	 9.042441e+02	 24	 999000	 240	 999000	 999	 9.052625e+02	 616.67	 550.00	 42.00	 58	 0.31	 
BMI_bff_132	 2	 7	 216_sharom_ariel.jpg	 9.062463e+02	 12	 999000	 120	 999000	 999	 9.072647e+02	 616.67	 550.00	 15.00	 36	 0.72	 
BMI_bff_132	 2	 7	 307_hazan_oren.jpg	 9.092497e+02	 24	 999000	 240	 999000	 999	 9.102681e+02	 616.67	 550.00	 58.00	 47	 0.12	 
BMI_bff_132	 2	 7	 219_stern_eliezer.jpg	 9.112350e+02	 22	 9.240818e+02	 220	 5.500854e+02	 98	 9.122536e+02	 616.67	 566.67	 43.00	 39	 0.29	 
BMI_bff_132	 2	 7	 203_cohen_meir.jpg	 9.152397e+02	 24	 999000	 240	 999000	 999	 9.162582e+02	 616.67	 566.67	 39.00	 23	 0.36	 
BMI_bff_132	 2	 7	 103_cabel_eitan.jpg	 9.172420e+02	 24	 999000	 240	 999000	 999	 9.182603e+02	 616.67	 566.67	 41.00	 3	 0.32	 
BMI_bff_132	 2	 7	 315_regev_miri.jpg	 9.222477e+02	 24	 999000	 240	 999000	 999	 9.232660e+02	 616.67	 566.67	 55.00	 55	 0.16	 
BMI_bff_132	 2	 7	 314_netanyahu.jpg	 9.292388e+02	 24	 999000	 240	 999000	 999	 9.302573e+02	 616.67	 566.67	 47.00	 54	 0.27	 
BMI_bff_132	 2	 7	 301_benet_naftali.jpg	 9.312411e+02	 22	 9.499543e+02	 220	 5.667144e+02	 98	 9.322595e+02	 616.67	 583.33	 54.00	 41	 0.17	 
BMI_bff_132	 2	 7	 303_deri_arye.jpg	 9.342445e+02	 24	 999000	 240	 999000	 999	 9.352628e+02	 616.67	 583.33	 53.00	 43	 0.19	 
BMI_bff_132	 2	 7	 320_yaalon_moshe.jpg	 9.372477e+02	 12	 999000	 120	 999000	 999	 9.382663e+02	 616.67	 583.33	 6.00	 60	 0.82	 
BMI_bff_132	 2	 7	 107_horowitz_nitzan.jpg	 9.412353e+02	 12	 999000	 120	 999000	 999	 9.422541e+02	 616.67	 583.33	 4.00	 7	 0.87	 
BMI_bff_132	 2	 7	 115_shimon_peres.jpg	 9.452401e+02	 11	 9.749640e+02	 110	 6.167070e+02	 98	 9.462585e+02	 633.33	 583.33	 16.00	 15	 0.70	 
BMI_bff_132	 2	 7	 317_shaked_ayelet.jpg	 9.492447e+02	 24	 999000	 240	 999000	 999	 9.502630e+02	 633.33	 583.33	 56.00	 57	 0.15	 
BMI_bff_132	 2	 7	 116_shmuli_itzik.jpg	 9.522480e+02	 12	 999000	 120	 999000	 999	 9.532665e+02	 633.33	 583.33	 22.00	 16	 0.65	 
BMI_bff_132	 2	 7	 113_rosenthal_mickey.jpg	 9.582381e+02	 12	 999000	 120	 999000	 999	 9.592567e+02	 633.33	 583.33	 19.00	 13	 0.68	 
BMI_bff_132	 2	 7	 111_odeh_aiman.jpg	 9.602403e+02	 12	 999000	 120	 999000	 999	 9.612587e+02	 633.33	 583.33	 7.00	 11	 0.81	 
BMI_bff_132	 2	 7	 209_mitzna_amram.jpg	 9.632438e+02	 22	 1.027312e+03	 2200	 5.833698e+02	 98	 9.642621e+02	 633.33	 533.33	 48.00	 29	 0.26	 
BMI_bff_132	 2	 7	 313_lizman_yaakov.jpg	 9.652460e+02	 24	 999000	 240	 999000	 999	 9.662643e+02	 633.33	 533.33	 50.00	 53	 0.24	 
BMI_bff_132	 2	 7	 205_german_yael.jpg	 9.672482e+02	 12	 999000	 120	 999000	 999	 9.682665e+02	 633.33	 533.33	 13.00	 25	 0.73	 
BMI_bff_132	 2	 7	 104_galon_zahava.jpg	 9.692504e+02	 11	 9.566498e+02	 110	 6.333879e+02	 98	 9.702688e+02	 650.00	 533.33	 8.00	 4	 0.81	 
BMI_bff_132	 2	 7	 211_molla_shlomo.jpg	 9.722371e+02	 12	 999000	 120	 999000	 999	 9.732555e+02	 650.00	 533.33	 5.00	 31	 0.86	 
BMI_bff_132	 2	 7	 109_michaeli_meirav.jpg	 9.762417e+02	 11	 9.894171e+02	 110	 6.500281e+02	 98	 9.772601e+02	 666.67	 533.33	 9.00	 9	 0.81	 
BMI_bff_132	 2	 7	 215_rozbozov_yoel.jpg	 9.782439e+02	 22	 8.832113e+02	 220	 5.333987e+02	 98	 9.792623e+02	 666.67	 550.00	 49.00	 35	 0.25	 
BMI_bff_132	 2	 7	 210_mofaz_shaul.jpg	 9.802461e+02	 11	 9.449614e+02	 110	 6.667407e+02	 98	 9.812644e+02	 683.33	 550.00	 11.00	 30	 0.78	 
BMI_bff_132	 2	 7	 202_cahlon_moshe.jpg	 9.822483e+02	 12	 999000	 120	 999000	 999	 9.832667e+02	 683.33	 550.00	 10.00	 22	 0.78	 
BMI_bff_132	 2	 7	 312_livnat_limor.jpg	 9.842507e+02	 12	 999000	 120	 999000	 999	 9.852690e+02	 683.33	 550.00	 21.00	 52	 0.65	 
BMI_bff_132	 2	 7	 112_peretz_amir.jpg	 9.862362e+02	 12	 999000	 120	 999000	 999	 9.872546e+02	 683.33	 550.00	 20.00	 12	 0.65	 
BMI_bff_132	 2	 7	 302_danon_danny.jpg	 9.902407e+02	 24	 999000	 240	 999000	 999	 9.912590e+02	 683.33	 550.00	 57.00	 42	 0.13	 
BMI_bff_132	 2	 7	 207_lapid_yair.jpg	 9.942452e+02	 22	 8.739030e+02	 220	 5.500474e+02	 98	 9.952636e+02	 683.33	 566.67	 46.00	 27	 0.29	 
BMI_bff_132	 2	 7	 118_yacimovich_shelly.jpg	 9.962475e+02	 12	 999000	 120	 999000	 999	 9.972658e+02	 683.33	 566.67	 3.00	 18	 0.89	 
BMI_bff_132	 2	 7	 117_tibi_ahmed.jpg	 9.982497e+02	 11	 1.037443e+03	 1100	 6.833891e+02	 98	 9.992680e+02	 633.33	 566.67	 17.00	 17	 0.70	 
BMI_bff_132	 2	 7	 311_liberman_avigdor.jpg	 1.000252e+03	 24	 999000	 240	 999000	 999	 1.001270e+03	 633.33	 566.67	 45.00	 51	 0.29	 
BMI_bff_132	 2	 7	 309_katz_yisrael.jpg	 1.002238e+03	 22	 9.055973e+02	 220	 5.667181e+02	 98	 1.003256e+03	 633.33	 583.33	 51.00	 49	 0.23	 
BMI_bff_132	 2	 7	 108_khenin_dov.jpg	 1.008244e+03	 12	 999000	 120	 999000	 999	 1.009263e+03	 633.33	 583.33	 18.00	 8	 0.69	 
BMI_bff_132	 2	 7	 119_zandberg_tamar.jpg	 1.010246e+03	 11	 9.126372e+02	 110	 6.333540e+02	 98	 1.011265e+03	 650.00	 583.33	 14.00	 19	 0.73	 
