subjectID	 order	 runNum	 itemName	 onsetTime	 shuff_trialType	 RT	 respInTime	 AudioTime	 response	 fixationTime	 ladder1	 ladder2	 bidIndex	 itemNameIndex	 bidValue	 
BMI_bff_105	 1	 13	 209_mitzna_amram.jpg	 2.444374e+02	 12	 999000	 120	 999000	 999	 2.454556e+02	 750.00	 683.33	 20.00	 29	 0.66	 
BMI_bff_105	 1	 13	 216_sharom_ariel.jpg	 2.494433e+02	 24	 999000	 240	 999000	 999	 2.504610e+02	 750.00	 683.33	 49.00	 36	 0.26	 
BMI_bff_105	 1	 13	 304_dicter_abraham.jpg	 2.514455e+02	 12	 999000	 120	 999000	 999	 2.524633e+02	 750.00	 683.33	 14.00	 44	 0.73	 
BMI_bff_105	 1	 13	 203_cohen_meir.jpg	 2.534478e+02	 12	 999000	 120	 999000	 999	 2.544656e+02	 750.00	 683.33	 22.00	 23	 0.59	 
BMI_bff_105	 1	 13	 202_cahlon_moshe.jpg	 2.594379e+02	 11	 9.854059e+02	 110	 7.500353e+02	 98	 2.604557e+02	 766.67	 683.33	 12.00	 22	 0.76	 
BMI_bff_105	 1	 13	 120_zuabi_hanin.jpg	 2.614401e+02	 24	 999000	 240	 999000	 999	 2.624579e+02	 766.67	 683.33	 58.00	 20	 0.11	 
BMI_bff_105	 1	 13	 212_olmert_ehud.jpg	 2.644435e+02	 22	 8.598410e+02	 220	 6.833989e+02	 98	 2.654613e+02	 766.67	 700.00	 44.00	 32	 0.29	 
BMI_bff_105	 1	 13	 217_shelach_ofer.jpg	 2.664457e+02	 11	 9.375601e+02	 110	 7.667040e+02	 98	 2.674635e+02	 783.33	 700.00	 7.00	 37	 0.79	 
BMI_bff_105	 1	 13	 219_stern_eliezer.jpg	 2.704333e+02	 12	 999000	 120	 999000	 999	 2.714513e+02	 783.33	 700.00	 11.00	 39	 0.77	 
BMI_bff_105	 1	 13	 313_lizman_yaakov.jpg	 2.724358e+02	 24	 999000	 240	 999000	 999	 2.734536e+02	 783.33	 700.00	 55.00	 53	 0.20	 
BMI_bff_105	 1	 13	 107_horowitz_nitzan.jpg	 2.774414e+02	 12	 999000	 120	 999000	 999	 2.784592e+02	 783.33	 700.00	 9.00	 7	 0.78	 
BMI_bff_105	 1	 13	 218_shitrit_meir.jpg	 2.844493e+02	 11	 9.980522e+02	 110	 7.833690e+02	 98	 2.854674e+02	 800.00	 700.00	 13.00	 38	 0.74	 
BMI_bff_105	 1	 13	 113_rosenthal_mickey.jpg	 2.864349e+02	 12	 999000	 120	 999000	 999	 2.874527e+02	 800.00	 700.00	 16.00	 13	 0.71	 
BMI_bff_105	 1	 13	 205_german_yael.jpg	 2.894383e+02	 12	 999000	 120	 999000	 999	 2.904559e+02	 800.00	 700.00	 6.00	 25	 0.80	 
BMI_bff_105	 1	 13	 101_barak_ehud.jpg	 2.924415e+02	 12	 999000	 120	 999000	 999	 2.934594e+02	 800.00	 700.00	 17.00	 1	 0.70	 
BMI_bff_105	 1	 13	 301_benet_naftali.jpg	 2.964460e+02	 24	 999000	 240	 999000	 999	 2.974639e+02	 800.00	 700.00	 57.00	 41	 0.16	 
BMI_bff_105	 1	 13	 308_hotovely_tzipi.jpg	 3.004336e+02	 24	 999000	 240	 999000	 999	 3.014516e+02	 800.00	 700.00	 43.00	 48	 0.30	 
BMI_bff_105	 1	 13	 220_tamnu_shata_penina.jpg	 3.044384e+02	 11	 1.008921e+03	 1100	 8.000538e+02	 98	 3.054571e+02	 750.00	 700.00	 10.00	 40	 0.77	 
BMI_bff_105	 1	 13	 314_netanyahu.jpg	 3.074417e+02	 24	 999000	 240	 999000	 999	 3.084595e+02	 750.00	 700.00	 51.00	 54	 0.24	 
BMI_bff_105	 1	 13	 119_zandberg_tamar.jpg	 3.134315e+02	 12	 999000	 120	 999000	 999	 3.144496e+02	 750.00	 700.00	 3.00	 19	 0.84	 
BMI_bff_105	 1	 13	 211_molla_shlomo.jpg	 3.154341e+02	 12	 999000	 120	 999000	 999	 3.164518e+02	 750.00	 700.00	 8.00	 31	 0.79	 
BMI_bff_105	 1	 13	 311_liberman_avigdor.jpg	 3.184374e+02	 22	 9.139161e+02	 220	 7.000570e+02	 98	 3.194551e+02	 750.00	 716.67	 50.00	 51	 0.24	 
BMI_bff_105	 1	 13	 207_lapid_yair.jpg	 3.204396e+02	 22	 9.437106e+02	 220	 7.167132e+02	 98	 3.214575e+02	 750.00	 733.33	 45.00	 27	 0.27	 
BMI_bff_105	 1	 13	 206_hasson_israel.JPG	 3.224418e+02	 11	 7.814827e+02	 110	 7.500455e+02	 98	 3.234596e+02	 766.67	 733.33	 15.00	 26	 0.72	 
BMI_bff_105	 1	 13	 118_yacimovich_shelly.jpg	 3.244441e+02	 12	 999000	 120	 999000	 999	 3.254619e+02	 766.67	 733.33	 21.00	 18	 0.61	 
BMI_bff_105	 1	 13	 305_erdan_gilad.jpg	 3.274475e+02	 24	 999000	 240	 999000	 999	 3.284652e+02	 766.67	 733.33	 56.00	 45	 0.17	 
BMI_bff_105	 1	 13	 316_saar_gidon.jpg	 3.314354e+02	 24	 999000	 240	 999000	 999	 3.324531e+02	 766.67	 733.33	 41.00	 56	 0.32	 
BMI_bff_105	 1	 13	 312_livnat_limor.jpg	 3.334375e+02	 24	 999000	 240	 999000	 999	 3.344553e+02	 766.67	 733.33	 54.00	 52	 0.22	 
BMI_bff_105	 1	 13	 310_kirshenbaum_faina.jpg	 3.354398e+02	 22	 8.315241e+02	 220	 7.333681e+02	 98	 3.364575e+02	 766.67	 750.00	 47.00	 50	 0.26	 
BMI_bff_105	 1	 13	 106_herzog_yitzhak.jpg	 3.374421e+02	 11	 9.972571e+02	 110	 7.667283e+02	 98	 3.384631e+02	 783.33	 750.00	 18.00	 6	 0.69	 
BMI_bff_105	 1	 13	 102_beneliezer_binyamin.jpg	 3.394443e+02	 24	 999000	 240	 999000	 999	 3.404621e+02	 783.33	 750.00	 39.00	 2	 0.38	 
BMI_bff_105	 1	 13	 112_peretz_amir.jpg	 3.414466e+02	 24	 999000	 240	 999000	 999	 3.424643e+02	 783.33	 750.00	 40.00	 12	 0.34	 
BMI_bff_105	 1	 13	 307_hazan_oren.jpg	 3.454345e+02	 24	 999000	 240	 999000	 999	 3.464521e+02	 783.33	 750.00	 46.00	 47	 0.26	 
BMI_bff_105	 1	 13	 103_cabel_eitan.jpg	 3.494390e+02	 22	 9.603599e+02	 220	 7.500381e+02	 98	 3.504566e+02	 783.33	 766.67	 53.00	 3	 0.23	 
BMI_bff_105	 1	 13	 105_gilon_ilan.jpg	 3.514411e+02	 12	 999000	 120	 999000	 999	 3.524588e+02	 783.33	 766.67	 19.00	 5	 0.66	 
BMI_bff_105	 1	 13	 317_shaked_ayelet.jpg	 3.534433e+02	 12	 999000	 120	 999000	 999	 3.544611e+02	 783.33	 766.67	 5.00	 57	 0.84	 
BMI_bff_105	 1	 13	 215_rozbozov_yoel.jpg	 3.554456e+02	 12	 999000	 120	 999000	 999	 3.564633e+02	 783.33	 766.67	 4.00	 35	 0.84	 
BMI_bff_105	 1	 13	 303_deri_arye.jpg	 3.574478e+02	 22	 9.915422e+02	 220	 7.667020e+02	 98	 3.584655e+02	 783.33	 783.33	 52.00	 43	 0.24	 
BMI_bff_105	 1	 13	 306_gafni_moshe.jpg	 3.634379e+02	 24	 999000	 240	 999000	 999	 3.644557e+02	 783.33	 783.33	 42.00	 46	 0.31	 
BMI_bff_105	 1	 13	 309_katz_yisrael.jpg	 3.654401e+02	 24	 999000	 240	 999000	 999	 3.664579e+02	 783.33	 783.33	 48.00	 49	 0.26	 
