subjectID	 order	 runNum	 itemName	 onsetTime	 shuff_trialType	 RT	 respInTime	 AudioTime	 response	 fixationTime	 ladder1	 ladder2	 bidIndex	 itemNameIndex	 bidValue	 
BMI_bff_112	 2	 18	 202_cahlon_moshe.jpg	 9.292708e+02	 11	 9.199398e+02	 110	 7.167012e+02	 98	 9.302896e+02	 733.33	 716.67	 8.00	 22	 0.77	 
BMI_bff_112	 2	 18	 309_katz_yisrael.jpg	 9.312734e+02	 24	 999000	 240	 999000	 999	 9.322918e+02	 733.33	 716.67	 50.00	 49	 0.23	 
BMI_bff_112	 2	 18	 111_odeh_aiman.jpg	 9.352780e+02	 12	 999000	 120	 999000	 999	 9.362964e+02	 733.33	 716.67	 18.00	 11	 0.65	 
BMI_bff_112	 2	 18	 103_cabel_eitan.jpg	 9.382813e+02	 24	 999000	 240	 999000	 999	 9.392997e+02	 733.33	 716.67	 55.00	 3	 0.17	 
BMI_bff_112	 2	 18	 313_lizman_yaakov.jpg	 9.402667e+02	 24	 999000	 240	 999000	 999	 9.412852e+02	 733.33	 716.67	 42.00	 53	 0.33	 
BMI_bff_112	 2	 18	 207_lapid_yair.jpg	 9.432702e+02	 12	 999000	 120	 999000	 999	 9.442888e+02	 733.33	 716.67	 21.00	 27	 0.60	 
BMI_bff_112	 2	 18	 312_livnat_limor.jpg	 9.472748e+02	 11	 9.640089e+02	 110	 7.334026e+02	 98	 9.482931e+02	 750.00	 716.67	 9.00	 52	 0.75	 
BMI_bff_112	 2	 18	 118_yacimovich_shelly.jpg	 9.512792e+02	 12	 999000	 120	 999000	 999	 9.522977e+02	 750.00	 716.67	 10.00	 18	 0.74	 
BMI_bff_112	 2	 18	 302_danon_danny.jpg	 9.532815e+02	 24	 999000	 240	 999000	 999	 9.542999e+02	 750.00	 716.67	 39.00	 42	 0.42	 
BMI_bff_112	 2	 18	 201_baron_roni.jpg	 9.582703e+02	 24	 999000	 240	 999000	 999	 9.592889e+02	 750.00	 716.67	 47.00	 21	 0.27	 
BMI_bff_112	 2	 18	 104_galon_zahava.jpg	 9.602726e+02	 11	 9.741357e+02	 110	 7.500240e+02	 98	 9.612910e+02	 766.67	 716.67	 11.00	 4	 0.74	 
BMI_bff_112	 2	 18	 311_liberman_avigdor.jpg	 9.622749e+02	 24	 999000	 240	 999000	 999	 9.632933e+02	 766.67	 716.67	 56.00	 51	 0.16	 
BMI_bff_112	 2	 18	 315_regev_miri.jpg	 9.682816e+02	 24	 999000	 240	 999000	 999	 9.693001e+02	 766.67	 716.67	 45.00	 55	 0.27	 
BMI_bff_112	 2	 18	 102_beneliezer_binyamin.jpg	 9.702672e+02	 11	 1.011616e+03	 1100	 7.666998e+02	 98	 9.712867e+02	 716.67	 716.67	 14.00	 2	 0.71	 
BMI_bff_112	 2	 18	 108_khenin_dov.jpg	 9.722695e+02	 12	 999000	 120	 999000	 999	 9.732879e+02	 716.67	 716.67	 3.00	 8	 0.88	 
BMI_bff_112	 2	 18	 301_benet_naftali.jpg	 9.742717e+02	 24	 999000	 240	 999000	 999	 9.752902e+02	 716.67	 716.67	 58.00	 41	 0.14	 
BMI_bff_112	 2	 18	 320_yaalon_moshe.jpg	 9.782762e+02	 12	 999000	 120	 999000	 999	 9.792946e+02	 716.67	 716.67	 6.00	 60	 0.80	 
BMI_bff_112	 2	 18	 214_piron_shai.jpg	 9.822807e+02	 12	 999000	 120	 999000	 999	 9.832991e+02	 716.67	 716.67	 15.00	 34	 0.70	 
BMI_bff_112	 2	 18	 105_gilon_ilan.jpg	 9.852674e+02	 12	 999000	 120	 999000	 999	 9.862858e+02	 716.67	 716.67	 22.00	 5	 0.59	 
BMI_bff_112	 2	 18	 305_erdan_gilad.jpg	 9.892719e+02	 24	 999000	 240	 999000	 999	 9.902903e+02	 716.67	 716.67	 53.00	 45	 0.19	 
BMI_bff_112	 2	 18	 116_shmuli_itzik.jpg	 9.922753e+02	 11	 9.634738e+02	 110	 7.166985e+02	 98	 9.932937e+02	 733.33	 716.67	 17.00	 16	 0.66	 
BMI_bff_112	 2	 18	 212_olmert_ehud.jpg	 9.942776e+02	 22	 9.532059e+02	 220	 7.167264e+02	 98	 9.952959e+02	 733.33	 733.33	 48.00	 32	 0.24	 
BMI_bff_112	 2	 18	 308_hotovely_tzipi.jpg	 9.982820e+02	 24	 999000	 240	 999000	 999	 9.993004e+02	 733.33	 733.33	 44.00	 48	 0.28	 
BMI_bff_112	 2	 18	 216_sharom_ariel.jpg	 1.000269e+03	 11	 9.373851e+02	 110	 7.333754e+02	 98	 1.001286e+03	 750.00	 733.33	 16.00	 36	 0.69	 
BMI_bff_112	 2	 18	 304_dicter_abraham.jpg	 1.002270e+03	 24	 999000	 240	 999000	 999	 1.003288e+03	 750.00	 733.33	 41.00	 44	 0.39	 
BMI_bff_112	 2	 18	 217_shelach_ofer.jpg	 1.006274e+03	 12	 999000	 120	 999000	 999	 1.007293e+03	 750.00	 733.33	 20.00	 37	 0.63	 
BMI_bff_112	 2	 18	 119_zandberg_tamar.jpg	 1.008277e+03	 12	 999000	 120	 999000	 999	 1.009295e+03	 750.00	 733.33	 13.00	 19	 0.72	 
BMI_bff_112	 2	 18	 219_stern_eliezer.jpg	 1.012281e+03	 12	 999000	 120	 999000	 999	 1.013299e+03	 750.00	 733.33	 19.00	 39	 0.64	 
BMI_bff_112	 2	 18	 204_galant_yoav.jpg	 1.016269e+03	 24	 999000	 240	 999000	 999	 1.017287e+03	 750.00	 733.33	 57.00	 24	 0.16	 
BMI_bff_112	 2	 18	 210_mofaz_shaul.jpg	 1.019272e+03	 12	 999000	 120	 999000	 999	 1.020291e+03	 750.00	 733.33	 12.00	 30	 0.73	 
BMI_bff_112	 2	 18	 208_livnee_zipi.jpg	 1.025279e+03	 12	 999000	 120	 999000	 999	 1.026297e+03	 750.00	 733.33	 7.00	 28	 0.78	 
BMI_bff_112	 2	 18	 209_mitzna_amram.jpg	 1.027281e+03	 24	 999000	 240	 999000	 999	 1.028300e+03	 750.00	 733.33	 40.00	 29	 0.41	 
BMI_bff_112	 2	 18	 113_rosenthal_mickey.jpg	 1.031269e+03	 22	 1.001734e+03	 2200	 7.334064e+02	 98	 1.032289e+03	 750.00	 683.33	 51.00	 13	 0.23	 
BMI_bff_112	 2	 18	 107_horowitz_nitzan.jpg	 1.033271e+03	 22	 9.194512e+02	 220	 6.834012e+02	 98	 1.034290e+03	 750.00	 700.00	 49.00	 7	 0.24	 
BMI_bff_112	 2	 18	 115_shimon_peres.jpg	 1.035274e+03	 12	 999000	 120	 999000	 999	 1.036292e+03	 750.00	 700.00	 4.00	 15	 0.84	 
BMI_bff_112	 2	 18	 314_netanyahu.jpg	 1.037276e+03	 22	 9.390167e+02	 220	 7.000232e+02	 98	 1.038294e+03	 750.00	 716.67	 43.00	 54	 0.31	 
BMI_bff_112	 2	 18	 220_tamnu_shata_penina.jpg	 1.042281e+03	 12	 999000	 120	 999000	 999	 1.043300e+03	 750.00	 716.67	 5.00	 40	 0.84	 
BMI_bff_112	 2	 18	 319_steinitz_yuval.jpg	 1.044267e+03	 22	 9.480877e+02	 220	 7.166982e+02	 98	 1.045286e+03	 750.00	 733.33	 46.00	 59	 0.27	 
BMI_bff_112	 2	 18	 317_shaked_ayelet.jpg	 1.046269e+03	 24	 999000	 240	 999000	 999	 1.047288e+03	 750.00	 733.33	 52.00	 57	 0.20	 
BMI_bff_112	 2	 18	 120_zuabi_hanin.jpg	 1.049273e+03	 22	 9.581103e+02	 220	 7.333754e+02	 98	 1.050291e+03	 750.00	 750.00	 54.00	 20	 0.19	 
