subjectID	 order	 runNum	 itemName	 onsetTime	 shuff_trialType	 RT	 respInTime	 AudioTime	 response	 fixationTime	 ladder1	 ladder2	 bidIndex	 itemNameIndex	 bidValue	 
BMI_bff_102	 2	 8	 315_regev_miri.jpg	 1.131615e+03	 11	 9.831405e+02	 110	 7.834093e+02	 98	 1.132633e+03	 800.00	 716.67	 11.00	 55	 0.76	 
BMI_bff_102	 2	 8	 312_livnat_limor.jpg	 1.134619e+03	 12	 999000	 120	 999000	 999	 1.135637e+03	 800.00	 716.67	 6.00	 52	 0.82	 
BMI_bff_102	 2	 8	 207_lapid_yair.jpg	 1.136621e+03	 11	 9.852610e+02	 110	 8.000708e+02	 98	 1.137639e+03	 816.67	 716.67	 9.00	 27	 0.77	 
BMI_bff_102	 2	 8	 113_rosenthal_mickey.jpg	 1.138606e+03	 12	 999000	 120	 999000	 999	 1.139625e+03	 816.67	 716.67	 22.00	 13	 0.57	 
BMI_bff_102	 2	 8	 302_danon_danny.jpg	 1.140609e+03	 12	 999000	 120	 999000	 999	 1.141627e+03	 816.67	 716.67	 7.00	 42	 0.82	 
BMI_bff_102	 2	 8	 308_hotovely_tzipi.jpg	 1.143612e+03	 12	 999000	 120	 999000	 999	 1.144630e+03	 816.67	 716.67	 15.00	 48	 0.71	 
BMI_bff_102	 2	 8	 101_barak_ehud.jpg	 1.145615e+03	 24	 1.359301e+02	 24	 999000	 98	 1.146632e+03	 816.67	 716.67	 55.00	 1	 0.19	 
BMI_bff_102	 2	 8	 109_michaeli_meirav.jpg	 1.149619e+03	 24	 999000	 240	 999000	 999	 1.150637e+03	 816.67	 716.67	 39.00	 9	 0.42	 
BMI_bff_102	 2	 8	 208_livnee_zipi.jpg	 1.151621e+03	 24	 999000	 240	 999000	 999	 1.152639e+03	 816.67	 716.67	 44.00	 28	 0.36	 
BMI_bff_102	 2	 8	 205_german_yael.jpg	 1.156610e+03	 22	 9.642852e+02	 220	 7.167293e+02	 98	 1.157628e+03	 816.67	 733.33	 49.00	 25	 0.25	 
BMI_bff_102	 2	 8	 313_lizman_yaakov.jpg	 1.158613e+03	 12	 999000	 120	 999000	 999	 1.159630e+03	 816.67	 733.33	 13.00	 53	 0.74	 
BMI_bff_102	 2	 8	 316_saar_gidon.jpg	 1.162617e+03	 12	 999000	 120	 999000	 999	 1.163635e+03	 816.67	 733.33	 4.00	 56	 0.89	 
BMI_bff_102	 2	 8	 111_odeh_aiman.jpg	 1.164619e+03	 24	 999000	 240	 999000	 999	 1.165637e+03	 816.67	 733.33	 52.00	 11	 0.21	 
BMI_bff_102	 2	 8	 118_yacimovich_shelly.jpg	 1.167623e+03	 12	 999000	 120	 999000	 999	 1.168640e+03	 816.67	 733.33	 5.00	 18	 0.83	 
BMI_bff_102	 2	 8	 114_shafir_stav.jpg	 1.172612e+03	 24	 999000	 240	 999000	 999	 1.173629e+03	 816.67	 733.33	 56.00	 14	 0.17	 
BMI_bff_102	 2	 8	 105_gilon_ilan.jpg	 1.174614e+03	 22	 9.767199e+02	 220	 7.333858e+02	 98	 1.175632e+03	 816.67	 750.00	 48.00	 5	 0.30	 
BMI_bff_102	 2	 8	 201_baron_roni.jpg	 1.176616e+03	 11	 1.006396e+03	 1100	 8.167172e+02	 98	 1.177634e+03	 766.67	 750.00	 14.00	 21	 0.72	 
BMI_bff_102	 2	 8	 311_liberman_avigdor.jpg	 1.180621e+03	 12	 5.219391e+02	 12	 999000	 98	 1.181638e+03	 766.67	 750.00	 21.00	 51	 0.57	 
BMI_bff_102	 2	 8	 317_shaked_ayelet.jpg	 1.184608e+03	 12	 999000	 120	 999000	 999	 1.185626e+03	 766.67	 750.00	 3.00	 57	 0.90	 
BMI_bff_102	 2	 8	 305_erdan_gilad.jpg	 1.188613e+03	 11	 9.536972e+02	 110	 7.667238e+02	 98	 1.189631e+03	 783.33	 750.00	 8.00	 45	 0.81	 
BMI_bff_102	 2	 8	 210_mofaz_shaul.jpg	 1.190615e+03	 22	 9.833363e+02	 220	 7.500259e+02	 98	 1.191633e+03	 783.33	 766.67	 54.00	 30	 0.19	 
BMI_bff_102	 2	 8	 211_molla_shlomo.jpg	 1.192617e+03	 22	 9.811705e+02	 220	 7.667418e+02	 98	 1.193635e+03	 783.33	 783.33	 43.00	 31	 0.36	 
BMI_bff_102	 2	 8	 104_galon_zahava.jpg	 1.194620e+03	 24	 999000	 240	 999000	 999	 1.195637e+03	 783.33	 783.33	 41.00	 4	 0.38	 
BMI_bff_102	 2	 8	 318_shalom_silvan.jpg	 1.196622e+03	 24	 999000	 240	 999000	 999	 1.197640e+03	 783.33	 783.33	 40.00	 58	 0.39	 
BMI_bff_102	 2	 8	 106_herzog_yitzhak.jpg	 1.202612e+03	 12	 999000	 120	 999000	 999	 1.203630e+03	 783.33	 783.33	 12.00	 6	 0.75	 
BMI_bff_102	 2	 8	 202_cahlon_moshe.jpg	 1.205615e+03	 12	 999000	 120	 999000	 999	 1.206633e+03	 783.33	 783.33	 18.00	 22	 0.67	 
BMI_bff_102	 2	 8	 319_steinitz_yuval.jpg	 1.207618e+03	 12	 999000	 120	 999000	 999	 1.208635e+03	 783.33	 783.33	 20.00	 59	 0.58	 
BMI_bff_102	 2	 8	 307_hazan_oren.jpg	 1.209620e+03	 22	 9.787830e+02	 220	 7.833685e+02	 98	 1.210638e+03	 783.33	 800.00	 46.00	 47	 0.31	 
BMI_bff_102	 2	 8	 310_kirshenbaum_faina.jpg	 1.212623e+03	 24	 999000	 240	 999000	 999	 1.213641e+03	 783.33	 800.00	 45.00	 50	 0.35	 
BMI_bff_102	 2	 8	 204_galant_yoav.jpg	 1.214609e+03	 11	 9.497745e+02	 110	 7.833675e+02	 98	 1.215626e+03	 800.00	 800.00	 16.00	 24	 0.71	 
BMI_bff_102	 2	 8	 314_netanyahu.jpg	 1.216611e+03	 11	 1.003547e+03	 1100	 8.000487e+02	 98	 1.217629e+03	 750.00	 800.00	 17.00	 54	 0.70	 
BMI_bff_102	 2	 8	 108_khenin_dov.jpg	 1.218613e+03	 24	 999000	 240	 999000	 999	 1.219631e+03	 750.00	 800.00	 57.00	 8	 0.12	 
BMI_bff_102	 2	 8	 120_zuabi_hanin.jpg	 1.221617e+03	 24	 999000	 240	 999000	 999	 1.222634e+03	 750.00	 800.00	 53.00	 20	 0.20	 
BMI_bff_102	 2	 8	 112_peretz_amir.jpg	 1.223619e+03	 24	 999000	 240	 999000	 999	 1.224637e+03	 750.00	 800.00	 50.00	 12	 0.25	 
BMI_bff_102	 2	 8	 213_perry_yaakov.jpg	 1.225621e+03	 22	 1.113364e+03	 2200	 8.000564e+02	 98	 1.226639e+03	 750.00	 750.00	 51.00	 33	 0.22	 
BMI_bff_102	 2	 8	 303_deri_arye.jpg	 1.227623e+03	 24	 999000	 240	 999000	 999	 1.228641e+03	 750.00	 750.00	 42.00	 43	 0.36	 
BMI_bff_102	 2	 8	 217_shelach_ofer.jpg	 1.229609e+03	 24	 999000	 240	 999000	 999	 1.230627e+03	 750.00	 750.00	 47.00	 37	 0.30	 
BMI_bff_102	 2	 8	 214_piron_shai.jpg	 1.235616e+03	 12	 999000	 120	 999000	 999	 1.236633e+03	 750.00	 750.00	 10.00	 34	 0.77	 
BMI_bff_102	 2	 8	 304_dicter_abraham.jpg	 1.238619e+03	 12	 999000	 120	 999000	 999	 1.239637e+03	 750.00	 750.00	 19.00	 44	 0.62	 
BMI_bff_102	 2	 8	 212_olmert_ehud.jpg	 1.242624e+03	 24	 999000	 240	 999000	 999	 1.243641e+03	 750.00	 750.00	 58.00	 32	 0.07	 
