subjectID	 order	 runNum	 itemName	 onsetTime	 shuff_trialType	 RT	 respInTime	 AudioTime	 response	 fixationTime	 ladder1	 ladder2	 bidIndex	 itemNameIndex	 bidValue	 
BMI_bff_127	 1	 19	 207_lapid_yair.jpg	 1.080543e+03	 12	 999000	 120	 999000	 999	 1.081560e+03	 750.00	 750.00	 8.00	 27	 0.79	 
BMI_bff_127	 1	 19	 111_odeh_aiman.jpg	 1.083546e+03	 24	 999000	 240	 999000	 999	 1.084564e+03	 750.00	 750.00	 54.00	 11	 0.20	 
BMI_bff_127	 1	 19	 311_liberman_avigdor.jpg	 1.087534e+03	 12	 999000	 120	 999000	 999	 1.088552e+03	 750.00	 750.00	 14.00	 51	 0.69	 
BMI_bff_127	 1	 19	 208_livnee_zipi.jpg	 1.089536e+03	 24	 999000	 240	 999000	 999	 1.090554e+03	 750.00	 750.00	 41.00	 28	 0.41	 
BMI_bff_127	 1	 19	 309_katz_yisrael.jpg	 1.091538e+03	 11	 9.483312e+02	 110	 7.500406e+02	 98	 1.092556e+03	 766.67	 750.00	 15.00	 49	 0.68	 
BMI_bff_127	 1	 19	 315_regev_miri.jpg	 1.095543e+03	 12	 999000	 120	 999000	 999	 1.096561e+03	 766.67	 750.00	 5.00	 55	 0.80	 
BMI_bff_127	 1	 19	 203_cohen_meir.jpg	 1.097545e+03	 24	 999000	 240	 999000	 999	 1.098563e+03	 766.67	 750.00	 51.00	 23	 0.25	 
BMI_bff_127	 1	 19	 316_saar_gidon.jpg	 1.102534e+03	 12	 999000	 120	 999000	 999	 1.103552e+03	 766.67	 750.00	 9.00	 56	 0.78	 
BMI_bff_127	 1	 19	 214_piron_shai.jpg	 1.104536e+03	 12	 999000	 120	 999000	 999	 1.105554e+03	 766.67	 750.00	 16.00	 34	 0.68	 
BMI_bff_127	 1	 19	 119_zandberg_tamar.jpg	 1.107540e+03	 24	 999000	 240	 999000	 999	 1.108557e+03	 766.67	 750.00	 56.00	 19	 0.14	 
BMI_bff_127	 1	 19	 108_khenin_dov.jpg	 1.110543e+03	 24	 999000	 240	 999000	 999	 1.111561e+03	 766.67	 750.00	 55.00	 8	 0.14	 
BMI_bff_127	 1	 19	 307_hazan_oren.jpg	 1.114548e+03	 12	 999000	 120	 999000	 999	 1.115565e+03	 766.67	 750.00	 4.00	 47	 0.83	 
BMI_bff_127	 1	 19	 206_hasson_israel.JPG	 1.117534e+03	 22	 9.683391e+02	 220	 7.500900e+02	 98	 1.118552e+03	 766.67	 766.67	 47.00	 26	 0.32	 
BMI_bff_127	 1	 19	 220_tamnu_shata_penina.jpg	 1.119537e+03	 12	 999000	 120	 999000	 999	 1.120554e+03	 766.67	 766.67	 19.00	 40	 0.65	 
BMI_bff_127	 1	 19	 217_shelach_ofer.jpg	 1.122540e+03	 12	 999000	 120	 999000	 999	 1.123558e+03	 766.67	 766.67	 17.00	 37	 0.67	 
BMI_bff_127	 1	 19	 114_shafir_stav.jpg	 1.126544e+03	 12	 999000	 120	 999000	 999	 1.127563e+03	 766.67	 766.67	 11.00	 14	 0.76	 
BMI_bff_127	 1	 19	 219_stern_eliezer.jpg	 1.129548e+03	 11	 9.869053e+02	 110	 7.667343e+02	 98	 1.130566e+03	 783.33	 766.67	 12.00	 39	 0.73	 
BMI_bff_127	 1	 19	 107_horowitz_nitzan.jpg	 1.131533e+03	 12	 999000	 120	 999000	 999	 1.132551e+03	 783.33	 766.67	 21.00	 7	 0.57	 
BMI_bff_127	 1	 19	 303_deri_arye.jpg	 1.133536e+03	 22	 9.671393e+02	 220	 7.666864e+02	 98	 1.134553e+03	 783.33	 783.33	 53.00	 43	 0.22	 
BMI_bff_127	 1	 19	 113_rosenthal_mickey.jpg	 1.138541e+03	 24	 999000	 240	 999000	 999	 1.139559e+03	 783.33	 783.33	 48.00	 13	 0.31	 
BMI_bff_127	 1	 19	 202_cahlon_moshe.jpg	 1.142546e+03	 11	 9.250255e+02	 110	 7.833546e+02	 98	 1.143563e+03	 800.00	 783.33	 13.00	 22	 0.71	 
BMI_bff_127	 1	 19	 109_michaeli_meirav.jpg	 1.146534e+03	 11	 9.931900e+02	 110	 8.000672e+02	 98	 1.147551e+03	 816.67	 783.33	 10.00	 9	 0.77	 
BMI_bff_127	 1	 19	 304_dicter_abraham.jpg	 1.152540e+03	 24	 999000	 240	 999000	 999	 1.153558e+03	 816.67	 783.33	 39.00	 44	 0.44	 
BMI_bff_127	 1	 19	 317_shaked_ayelet.jpg	 1.154542e+03	 11	 1.088311e+03	 1100	 8.167401e+02	 98	 1.155560e+03	 766.67	 783.33	 18.00	 57	 0.67	 
BMI_bff_127	 1	 19	 306_gafni_moshe.jpg	 1.156545e+03	 24	 999000	 240	 999000	 999	 1.157562e+03	 766.67	 783.33	 57.00	 46	 0.13	 
BMI_bff_127	 1	 19	 312_livnat_limor.jpg	 1.158547e+03	 12	 999000	 120	 999000	 999	 1.159565e+03	 766.67	 783.33	 22.00	 52	 0.57	 
BMI_bff_127	 1	 19	 118_yacimovich_shelly.jpg	 1.160533e+03	 24	 999000	 240	 999000	 999	 1.161550e+03	 766.67	 783.33	 40.00	 18	 0.43	 
BMI_bff_127	 1	 19	 310_kirshenbaum_faina.jpg	 1.164537e+03	 12	 999000	 120	 999000	 999	 1.165555e+03	 766.67	 783.33	 20.00	 50	 0.59	 
BMI_bff_127	 1	 19	 301_benet_naftali.jpg	 1.166539e+03	 12	 999000	 120	 999000	 999	 1.167557e+03	 766.67	 783.33	 3.00	 41	 0.84	 
BMI_bff_127	 1	 19	 201_baron_roni.jpg	 1.170544e+03	 24	 999000	 240	 999000	 999	 1.171562e+03	 766.67	 783.33	 49.00	 21	 0.30	 
BMI_bff_127	 1	 19	 102_beneliezer_binyamin.jpg	 1.172546e+03	 24	 999000	 240	 999000	 999	 1.173564e+03	 766.67	 783.33	 42.00	 2	 0.39	 
BMI_bff_127	 1	 19	 318_shalom_silvan.jpg	 1.174548e+03	 12	 999000	 120	 999000	 999	 1.175566e+03	 766.67	 783.33	 6.00	 58	 0.80	 
BMI_bff_127	 1	 19	 105_gilon_ilan.jpg	 1.176534e+03	 22	 9.449077e+02	 220	 7.834086e+02	 98	 1.177552e+03	 766.67	 800.00	 45.00	 5	 0.36	 
BMI_bff_127	 1	 19	 204_galant_yoav.jpg	 1.181539e+03	 22	 9.712417e+02	 220	 8.000361e+02	 98	 1.182557e+03	 766.67	 816.67	 52.00	 24	 0.23	 
BMI_bff_127	 1	 19	 302_danon_danny.jpg	 1.183542e+03	 11	 9.289117e+02	 110	 7.667068e+02	 98	 1.184559e+03	 783.33	 816.67	 7.00	 42	 0.80	 
BMI_bff_127	 1	 19	 210_mofaz_shaul.jpg	 1.185544e+03	 24	 999000	 240	 999000	 999	 1.186562e+03	 783.33	 816.67	 43.00	 30	 0.39	 
BMI_bff_127	 1	 19	 104_galon_zahava.jpg	 1.188547e+03	 24	 999000	 240	 999000	 999	 1.189565e+03	 783.33	 816.67	 58.00	 4	 0.13	 
BMI_bff_127	 1	 19	 106_herzog_yitzhak.jpg	 1.195538e+03	 24	 999000	 240	 999000	 999	 1.196556e+03	 783.33	 816.67	 46.00	 6	 0.33	 
BMI_bff_127	 1	 19	 115_shimon_peres.jpg	 1.199543e+03	 22	 1.183746e+03	 2200	 8.167321e+02	 98	 1.200561e+03	 783.33	 766.67	 44.00	 15	 0.38	 
BMI_bff_127	 1	 19	 313_lizman_yaakov.jpg	 1.206534e+03	 22	 999000	 2	 7.667087e+02	 999	 1.207552e+03	 783.33	 716.67	 50.00	 53	 0.27	 
