subjectID	 order	 runNum	 itemName	 onsetTime	 shuff_trialType	 RT	 respInTime	 AudioTime	 response	 fixationTime	 ladder1	 ladder2	 bidIndex	 itemNameIndex	 bidValue	 
BMI_bff_123	 1	 14	 205_german_yael.jpg	 3.731135e+02	 11	 8.610654e+02	 110	 6.500773e+02	 98	 3.741323e+02	 666.67	 650.00	 10.00	 25	 0.75	 
BMI_bff_123	 1	 14	 301_benet_naftali.jpg	 3.761172e+02	 12	 999000	 120	 999000	 999	 3.771357e+02	 666.67	 650.00	 22.00	 41	 0.60	 
BMI_bff_123	 1	 14	 210_mofaz_shaul.jpg	 3.781195e+02	 24	 999000	 240	 999000	 999	 3.791380e+02	 666.67	 650.00	 51.00	 30	 0.27	 
BMI_bff_123	 1	 14	 215_rozbozov_yoel.jpg	 3.801218e+02	 12	 999000	 120	 999000	 999	 3.811401e+02	 666.67	 650.00	 4.00	 35	 0.84	 
BMI_bff_123	 1	 14	 220_tamnu_shata_penina.jpg	 3.821241e+02	 12	 999000	 120	 999000	 999	 3.831425e+02	 666.67	 650.00	 8.00	 40	 0.77	 
BMI_bff_123	 1	 14	 207_lapid_yair.jpg	 3.851107e+02	 22	 999000	 2	 6.500620e+02	 999	 3.861293e+02	 666.67	 600.00	 47.00	 27	 0.31	 
BMI_bff_123	 1	 14	 213_perry_yaakov.jpg	 3.871130e+02	 12	 999000	 120	 999000	 999	 3.881314e+02	 666.67	 600.00	 5.00	 33	 0.80	 
BMI_bff_123	 1	 14	 317_shaked_ayelet.jpg	 3.911175e+02	 11	 8.811059e+02	 110	 6.667096e+02	 98	 3.921358e+02	 683.33	 600.00	 12.00	 57	 0.69	 
BMI_bff_123	 1	 14	 119_zandberg_tamar.jpg	 3.931197e+02	 11	 8.869105e+02	 110	 6.833660e+02	 98	 3.941380e+02	 700.00	 600.00	 7.00	 19	 0.80	 
BMI_bff_123	 1	 14	 114_shafir_stav.jpg	 3.981083e+02	 24	 999000	 240	 999000	 999	 3.991270e+02	 700.00	 600.00	 42.00	 14	 0.39	 
BMI_bff_123	 1	 14	 316_saar_gidon.jpg	 4.001109e+02	 11	 1.159670e+03	 1100	 7.000244e+02	 98	 4.011291e+02	 650.00	 600.00	 15.00	 56	 0.64	 
BMI_bff_123	 1	 14	 110_nachman_shai.jpg	 4.041154e+02	 22	 8.672345e+02	 220	 6.000466e+02	 98	 4.051338e+02	 650.00	 616.67	 50.00	 10	 0.29	 
BMI_bff_123	 1	 14	 115_shimon_peres.jpg	 4.061176e+02	 24	 999000	 240	 999000	 999	 4.071360e+02	 650.00	 616.67	 39.00	 15	 0.40	 
BMI_bff_123	 1	 14	 201_baron_roni.jpg	 4.091209e+02	 24	 999000	 240	 999000	 999	 4.101393e+02	 650.00	 616.67	 57.00	 21	 0.13	 
BMI_bff_123	 1	 14	 113_rosenthal_mickey.jpg	 4.141096e+02	 12	 999000	 120	 999000	 999	 4.151283e+02	 650.00	 616.67	 14.00	 13	 0.67	 
BMI_bff_123	 1	 14	 208_livnee_zipi.jpg	 4.161121e+02	 12	 7.984914e+02	 12	 999000	 98	 4.171305e+02	 650.00	 616.67	 3.00	 28	 0.88	 
BMI_bff_123	 1	 14	 108_khenin_dov.jpg	 4.181145e+02	 22	 9.161365e+02	 220	 6.167259e+02	 98	 4.191328e+02	 650.00	 633.33	 53.00	 8	 0.26	 
BMI_bff_123	 1	 14	 109_michaeli_meirav.jpg	 4.221189e+02	 24	 999000	 240	 999000	 999	 4.231372e+02	 650.00	 633.33	 58.00	 9	 0.13	 
BMI_bff_123	 1	 14	 219_stern_eliezer.jpg	 4.261234e+02	 24	 999000	 240	 999000	 999	 4.271418e+02	 650.00	 633.33	 54.00	 39	 0.25	 
BMI_bff_123	 1	 14	 218_shitrit_meir.jpg	 4.301111e+02	 12	 999000	 120	 999000	 999	 4.311295e+02	 650.00	 633.33	 16.00	 38	 0.64	 
BMI_bff_123	 1	 14	 104_galon_zahava.jpg	 4.321134e+02	 12	 999000	 120	 999000	 999	 4.331318e+02	 650.00	 633.33	 17.00	 4	 0.63	 
BMI_bff_123	 1	 14	 306_gafni_moshe.jpg	 4.341158e+02	 22	 8.988308e+02	 220	 6.333902e+02	 98	 4.351340e+02	 650.00	 650.00	 52.00	 46	 0.26	 
BMI_bff_123	 1	 14	 315_regev_miri.jpg	 4.361179e+02	 12	 999000	 120	 999000	 999	 4.371365e+02	 650.00	 650.00	 9.00	 55	 0.76	 
BMI_bff_123	 1	 14	 204_galant_yoav.jpg	 4.381201e+02	 24	 999000	 240	 999000	 999	 4.391385e+02	 650.00	 650.00	 56.00	 24	 0.14	 
BMI_bff_123	 1	 14	 318_shalom_silvan.jpg	 4.441102e+02	 24	 999000	 240	 999000	 999	 4.451286e+02	 650.00	 650.00	 48.00	 58	 0.31	 
BMI_bff_123	 1	 14	 107_horowitz_nitzan.jpg	 4.471136e+02	 11	 9.490220e+02	 110	 6.500794e+02	 98	 4.481319e+02	 666.67	 650.00	 13.00	 7	 0.68	 
BMI_bff_123	 1	 14	 217_shelach_ofer.jpg	 4.491158e+02	 22	 9.867818e+02	 220	 6.500340e+02	 98	 4.501342e+02	 666.67	 666.67	 44.00	 37	 0.38	 
BMI_bff_123	 1	 14	 112_peretz_amir.jpg	 4.511180e+02	 24	 999000	 240	 999000	 999	 4.521365e+02	 666.67	 666.67	 55.00	 12	 0.15	 
BMI_bff_123	 1	 14	 302_danon_danny.jpg	 4.541214e+02	 12	 999000	 120	 999000	 999	 4.551419e+02	 666.67	 666.67	 19.00	 42	 0.62	 
BMI_bff_123	 1	 14	 310_kirshenbaum_faina.jpg	 4.561237e+02	 12	 999000	 120	 999000	 999	 4.571420e+02	 666.67	 666.67	 6.00	 50	 0.80	 
BMI_bff_123	 1	 14	 203_cohen_meir.jpg	 4.581092e+02	 24	 999000	 240	 999000	 999	 4.591276e+02	 666.67	 666.67	 43.00	 23	 0.38	 
BMI_bff_123	 1	 14	 303_deri_arye.jpg	 4.601114e+02	 22	 9.031729e+02	 220	 6.667302e+02	 98	 4.611298e+02	 666.67	 683.33	 45.00	 43	 0.37	 
BMI_bff_123	 1	 14	 305_erdan_gilad.jpg	 4.631149e+02	 24	 999000	 240	 999000	 999	 4.641332e+02	 666.67	 683.33	 40.00	 45	 0.40	 
BMI_bff_123	 1	 14	 118_yacimovich_shelly.jpg	 4.651171e+02	 12	 999000	 120	 999000	 999	 4.661354e+02	 666.67	 683.33	 11.00	 18	 0.74	 
BMI_bff_123	 1	 14	 106_herzog_yitzhak.jpg	 4.671194e+02	 12	 999000	 120	 999000	 999	 4.681377e+02	 666.67	 683.33	 20.00	 6	 0.61	 
BMI_bff_123	 1	 14	 101_barak_ehud.jpg	 4.691215e+02	 24	 999000	 240	 999000	 999	 4.701399e+02	 666.67	 683.33	 49.00	 1	 0.30	 
BMI_bff_123	 1	 14	 319_steinitz_yuval.jpg	 4.711237e+02	 11	 1.042860e+03	 1100	 6.667129e+02	 98	 4.721422e+02	 616.67	 683.33	 18.00	 59	 0.63	 
BMI_bff_123	 1	 14	 311_liberman_avigdor.jpg	 4.771138e+02	 24	 999000	 240	 999000	 999	 4.781322e+02	 616.67	 683.33	 41.00	 51	 0.39	 
BMI_bff_123	 1	 14	 313_lizman_yaakov.jpg	 4.801172e+02	 24	 999000	 240	 999000	 999	 4.811357e+02	 616.67	 683.33	 46.00	 53	 0.32	 
BMI_bff_123	 1	 14	 211_molla_shlomo.jpg	 4.841217e+02	 12	 999000	 120	 999000	 999	 4.851400e+02	 616.67	 683.33	 21.00	 31	 0.60	 
