subjectID	 order	 runNum	 itemName	 onsetTime	 shuff_trialType	 RT	 respInTime	 AudioTime	 response	 fixationTime	 ladder1	 ladder2	 bidIndex	 itemNameIndex	 bidValue	 
BMI_bff_142	 2	 17	 307_hazan_oren.jpg	 8.321153e+02	 24	 999000	 240	 999000	 999	 8.331332e+02	 683.33	 616.67	 44.00	 47	 0.36	 
BMI_bff_142	 2	 17	 320_yaalon_moshe.jpg	 8.371210e+02	 12	 999000	 120	 999000	 999	 8.381389e+02	 683.33	 616.67	 15.00	 60	 0.65	 
BMI_bff_142	 2	 17	 107_horowitz_nitzan.jpg	 8.391066e+02	 12	 999000	 120	 999000	 999	 8.401245e+02	 683.33	 616.67	 22.00	 7	 0.58	 
BMI_bff_142	 2	 17	 311_liberman_avigdor.jpg	 8.411088e+02	 24	 999000	 240	 999000	 999	 8.421266e+02	 683.33	 616.67	 56.00	 51	 0.21	 
BMI_bff_142	 2	 17	 318_shalom_silvan.jpg	 8.471156e+02	 11	 9.631807e+02	 110	 6.833942e+02	 98	 8.481333e+02	 700.00	 616.67	 16.00	 58	 0.65	 
BMI_bff_142	 2	 17	 211_molla_shlomo.jpg	 8.491179e+02	 12	 999000	 120	 999000	 999	 8.501356e+02	 700.00	 616.67	 7.00	 31	 0.79	 
BMI_bff_142	 2	 17	 312_livnat_limor.jpg	 8.521211e+02	 22	 9.976203e+02	 220	 6.167108e+02	 98	 8.531389e+02	 700.00	 633.33	 49.00	 52	 0.31	 
BMI_bff_142	 2	 17	 319_steinitz_yuval.jpg	 8.541068e+02	 12	 999000	 120	 999000	 999	 8.551245e+02	 700.00	 633.33	 21.00	 59	 0.59	 
BMI_bff_142	 2	 17	 313_lizman_yaakov.jpg	 8.581112e+02	 12	 999000	 120	 999000	 999	 8.591290e+02	 700.00	 633.33	 12.00	 53	 0.70	 
BMI_bff_142	 2	 17	 216_sharom_ariel.jpg	 8.601134e+02	 22	 9.733240e+02	 220	 6.333584e+02	 98	 8.611313e+02	 700.00	 650.00	 51.00	 36	 0.30	 
BMI_bff_142	 2	 17	 303_deri_arye.jpg	 8.651191e+02	 12	 999000	 120	 999000	 999	 8.661369e+02	 700.00	 650.00	 20.00	 43	 0.60	 
BMI_bff_142	 2	 17	 215_rozbozov_yoel.jpg	 8.721103e+02	 12	 999000	 120	 999000	 999	 8.731280e+02	 700.00	 650.00	 3.00	 35	 0.85	 
BMI_bff_142	 2	 17	 108_khenin_dov.jpg	 8.741125e+02	 11	 999000	 1	 7.000374e+02	 999	 8.751303e+02	 650.00	 650.00	 11.00	 8	 0.74	 
BMI_bff_142	 2	 17	 213_perry_yaakov.jpg	 8.771160e+02	 24	 999000	 240	 999000	 999	 8.781337e+02	 650.00	 650.00	 40.00	 33	 0.41	 
BMI_bff_142	 2	 17	 302_danon_danny.jpg	 8.801194e+02	 12	 999000	 120	 999000	 999	 8.811370e+02	 650.00	 650.00	 5.00	 42	 0.82	 
BMI_bff_142	 2	 17	 115_shimon_peres.jpg	 8.841071e+02	 12	 999000	 120	 999000	 999	 8.851249e+02	 650.00	 650.00	 13.00	 15	 0.67	 
BMI_bff_142	 2	 17	 316_saar_gidon.jpg	 8.881115e+02	 24	 999000	 240	 999000	 999	 8.891293e+02	 650.00	 650.00	 52.00	 56	 0.29	 
BMI_bff_142	 2	 17	 306_gafni_moshe.jpg	 8.921161e+02	 11	 1.042634e+03	 1100	 6.500216e+02	 98	 8.931339e+02	 600.00	 650.00	 17.00	 46	 0.64	 
BMI_bff_142	 2	 17	 219_stern_eliezer.jpg	 8.951195e+02	 12	 999000	 120	 999000	 999	 8.961373e+02	 600.00	 650.00	 4.00	 39	 0.84	 
BMI_bff_142	 2	 17	 305_erdan_gilad.jpg	 9.011096e+02	 22	 1.057142e+03	 2200	 6.500495e+02	 98	 9.021273e+02	 600.00	 600.00	 43.00	 45	 0.36	 
BMI_bff_142	 2	 17	 203_cohen_meir.jpg	 9.031118e+02	 24	 999000	 240	 999000	 999	 9.041296e+02	 600.00	 600.00	 50.00	 23	 0.30	 
BMI_bff_142	 2	 17	 204_galant_yoav.jpg	 9.061152e+02	 22	 8.915950e+02	 220	 6.000615e+02	 98	 9.071330e+02	 600.00	 616.67	 48.00	 24	 0.31	 
BMI_bff_142	 2	 17	 218_shitrit_meir.jpg	 9.081173e+02	 11	 8.814221e+02	 110	 6.000408e+02	 98	 9.091351e+02	 616.67	 616.67	 14.00	 38	 0.65	 
BMI_bff_142	 2	 17	 314_netanyahu.jpg	 9.101196e+02	 24	 999000	 240	 999000	 999	 9.111374e+02	 616.67	 616.67	 55.00	 54	 0.22	 
BMI_bff_142	 2	 17	 106_herzog_yitzhak.jpg	 9.121049e+02	 24	 999000	 240	 999000	 999	 9.131230e+02	 616.67	 616.67	 45.00	 6	 0.35	 
BMI_bff_142	 2	 17	 109_michaeli_meirav.jpg	 9.151085e+02	 11	 1.098238e+03	 1100	 6.167376e+02	 98	 9.161263e+02	 566.67	 616.67	 9.00	 9	 0.74	 
BMI_bff_142	 2	 17	 208_livnee_zipi.jpg	 9.191131e+02	 12	 999000	 120	 999000	 999	 9.201308e+02	 566.67	 616.67	 6.00	 28	 0.80	 
BMI_bff_142	 2	 17	 116_shmuli_itzik.jpg	 9.211153e+02	 22	 9.875031e+02	 220	 6.167221e+02	 98	 9.221331e+02	 566.67	 633.33	 46.00	 16	 0.34	 
BMI_bff_142	 2	 17	 104_galon_zahava.jpg	 9.231175e+02	 24	 999000	 240	 999000	 999	 9.241353e+02	 566.67	 633.33	 47.00	 4	 0.32	 
BMI_bff_142	 2	 17	 119_zandberg_tamar.jpg	 9.251199e+02	 24	 999000	 240	 999000	 999	 9.261376e+02	 566.67	 633.33	 42.00	 19	 0.37	 
BMI_bff_142	 2	 17	 113_rosenthal_mickey.jpg	 9.271050e+02	 24	 999000	 240	 999000	 999	 9.281231e+02	 566.67	 633.33	 41.00	 13	 0.39	 
BMI_bff_142	 2	 17	 120_zuabi_hanin.jpg	 9.291078e+02	 24	 999000	 240	 999000	 999	 9.301254e+02	 566.67	 633.33	 53.00	 20	 0.26	 
BMI_bff_142	 2	 17	 102_beneliezer_binyamin.jpg	 9.331121e+02	 12	 999000	 120	 999000	 999	 9.341299e+02	 566.67	 633.33	 10.00	 2	 0.74	 
BMI_bff_142	 2	 17	 308_hotovely_tzipi.jpg	 9.371166e+02	 24	 999000	 240	 999000	 999	 9.381344e+02	 566.67	 633.33	 58.00	 48	 0.15	 
BMI_bff_142	 2	 17	 304_dicter_abraham.jpg	 9.391189e+02	 11	 9.118762e+02	 110	 5.667197e+02	 98	 9.401367e+02	 583.33	 633.33	 8.00	 44	 0.77	 
BMI_bff_142	 2	 17	 301_benet_naftali.jpg	 9.411041e+02	 22	 9.746842e+02	 220	 6.333879e+02	 98	 9.421222e+02	 583.33	 650.00	 54.00	 41	 0.24	 
BMI_bff_142	 2	 17	 201_baron_roni.jpg	 9.431066e+02	 12	 999000	 120	 999000	 999	 9.441244e+02	 583.33	 650.00	 19.00	 21	 0.61	 
BMI_bff_142	 2	 17	 205_german_yael.jpg	 9.451089e+02	 12	 999000	 120	 999000	 999	 9.461268e+02	 583.33	 650.00	 18.00	 25	 0.63	 
BMI_bff_142	 2	 17	 105_gilon_ilan.jpg	 9.511157e+02	 24	 999000	 240	 999000	 999	 9.521334e+02	 583.33	 650.00	 39.00	 5	 0.42	 
BMI_bff_142	 2	 17	 315_regev_miri.jpg	 9.531179e+02	 24	 999000	 240	 999000	 999	 9.541357e+02	 583.33	 650.00	 57.00	 55	 0.20	 
