subjectID	 order	 runNum	 itemName	 onsetTime	 shuff_trialType	 RT	 respInTime	 AudioTime	 response	 fixationTime	 ladder1	 ladder2	 bidIndex	 itemNameIndex	 bidValue	 
BMI_bff_138	 2	 18	 304_dicter_abraham.jpg	 8.641893e+02	 22	 8.815515e+02	 220	 6.500689e+02	 98	 8.652074e+02	 650.00	 666.67	 43.00	 44	 0.35	 
BMI_bff_138	 2	 18	 220_tamnu_shata_penina.jpg	 8.671930e+02	 12	 999000	 120	 999000	 999	 8.682107e+02	 650.00	 666.67	 7.00	 40	 0.81	 
BMI_bff_138	 2	 18	 211_molla_shlomo.jpg	 8.711975e+02	 24	 999000	 240	 999000	 999	 8.722153e+02	 650.00	 666.67	 44.00	 31	 0.35	 
BMI_bff_138	 2	 18	 112_peretz_amir.jpg	 8.731830e+02	 12	 999000	 120	 999000	 999	 8.742009e+02	 650.00	 666.67	 15.00	 12	 0.66	 
BMI_bff_138	 2	 18	 310_kirshenbaum_faina.jpg	 8.751853e+02	 22	 9.975924e+02	 220	 6.667122e+02	 98	 8.762033e+02	 650.00	 683.33	 46.00	 50	 0.29	 
BMI_bff_138	 2	 18	 104_galon_zahava.jpg	 8.791899e+02	 24	 4.809961e+02	 24	 999000	 98	 8.802076e+02	 650.00	 683.33	 56.00	 4	 0.17	 
BMI_bff_138	 2	 18	 102_beneliezer_binyamin.jpg	 8.811921e+02	 11	 8.787639e+02	 110	 6.500376e+02	 98	 8.822098e+02	 666.67	 683.33	 17.00	 2	 0.64	 
BMI_bff_138	 2	 18	 207_lapid_yair.jpg	 8.861977e+02	 12	 999000	 120	 999000	 999	 8.872155e+02	 666.67	 683.33	 6.00	 27	 0.81	 
BMI_bff_138	 2	 18	 203_cohen_meir.jpg	 8.881832e+02	 11	 9.356664e+02	 110	 6.667405e+02	 98	 8.892010e+02	 683.33	 683.33	 14.00	 23	 0.67	 
BMI_bff_138	 2	 18	 309_katz_yisrael.jpg	 8.911865e+02	 12	 999000	 120	 999000	 999	 8.922044e+02	 683.33	 683.33	 22.00	 49	 0.58	 
BMI_bff_138	 2	 18	 314_netanyahu.jpg	 8.941900e+02	 24	 999000	 240	 999000	 999	 8.952078e+02	 683.33	 683.33	 40.00	 54	 0.41	 
BMI_bff_138	 2	 18	 202_cahlon_moshe.jpg	 8.981944e+02	 11	 9.404123e+02	 110	 6.833920e+02	 98	 8.992123e+02	 700.00	 683.33	 8.00	 22	 0.77	 
BMI_bff_138	 2	 18	 315_regev_miri.jpg	 9.011979e+02	 11	 9.849615e+02	 110	 7.000378e+02	 98	 9.022157e+02	 716.67	 683.33	 11.00	 55	 0.69	 
BMI_bff_138	 2	 18	 103_cabel_eitan.jpg	 9.031834e+02	 12	 999000	 120	 999000	 999	 9.042012e+02	 716.67	 683.33	 19.00	 3	 0.63	 
BMI_bff_138	 2	 18	 216_sharom_ariel.jpg	 9.061867e+02	 11	 1.052131e+03	 1100	 7.167399e+02	 98	 9.072045e+02	 666.67	 683.33	 9.00	 36	 0.73	 
BMI_bff_138	 2	 18	 120_zuabi_hanin.jpg	 9.101913e+02	 24	 999000	 240	 999000	 999	 9.112090e+02	 666.67	 683.33	 58.00	 20	 0.15	 
BMI_bff_138	 2	 18	 117_tibi_ahmed.jpg	 9.131948e+02	 22	 9.640766e+02	 220	 6.833769e+02	 98	 9.142124e+02	 666.67	 700.00	 49.00	 17	 0.28	 
BMI_bff_138	 2	 18	 306_gafni_moshe.jpg	 9.151969e+02	 22	 1.001996e+03	 2200	 7.000302e+02	 98	 9.162147e+02	 666.67	 650.00	 51.00	 46	 0.27	 
BMI_bff_138	 2	 18	 210_mofaz_shaul.jpg	 9.171823e+02	 11	 9.285640e+02	 110	 6.666975e+02	 98	 9.182003e+02	 683.33	 650.00	 16.00	 30	 0.66	 
BMI_bff_138	 2	 18	 208_livnee_zipi.jpg	 9.221881e+02	 24	 999000	 240	 999000	 999	 9.232058e+02	 683.33	 650.00	 52.00	 28	 0.26	 
BMI_bff_138	 2	 18	 205_german_yael.jpg	 9.261927e+02	 24	 999000	 240	 999000	 999	 9.272104e+02	 683.33	 650.00	 41.00	 25	 0.38	 
BMI_bff_138	 2	 18	 305_erdan_gilad.jpg	 9.301979e+02	 12	 999000	 120	 999000	 999	 9.312149e+02	 683.33	 650.00	 13.00	 45	 0.67	 
BMI_bff_138	 2	 18	 206_hasson_israel.JPG	 9.361873e+02	 12	 999000	 120	 999000	 999	 9.372049e+02	 683.33	 650.00	 20.00	 26	 0.61	 
BMI_bff_138	 2	 18	 308_hotovely_tzipi.jpg	 9.381895e+02	 12	 999000	 120	 999000	 999	 9.392072e+02	 683.33	 650.00	 18.00	 48	 0.64	 
BMI_bff_138	 2	 18	 111_odeh_aiman.jpg	 9.401916e+02	 22	 9.912103e+02	 220	 6.500737e+02	 98	 9.412094e+02	 683.33	 666.67	 54.00	 11	 0.18	 
BMI_bff_138	 2	 18	 317_shaked_ayelet.jpg	 9.421939e+02	 12	 999000	 120	 999000	 999	 9.432117e+02	 683.33	 666.67	 10.00	 57	 0.71	 
BMI_bff_138	 2	 18	 101_barak_ehud.jpg	 9.441961e+02	 24	 999000	 240	 999000	 999	 9.452139e+02	 683.33	 666.67	 50.00	 1	 0.27	 
BMI_bff_138	 2	 18	 115_shimon_peres.jpg	 9.481840e+02	 12	 999000	 120	 999000	 999	 9.492017e+02	 683.33	 666.67	 21.00	 15	 0.60	 
BMI_bff_138	 2	 18	 313_lizman_yaakov.jpg	 9.501862e+02	 24	 999000	 240	 999000	 999	 9.512040e+02	 683.33	 666.67	 57.00	 53	 0.17	 
BMI_bff_138	 2	 18	 318_shalom_silvan.jpg	 9.541907e+02	 24	 999000	 240	 999000	 999	 9.552085e+02	 683.33	 666.67	 55.00	 58	 0.18	 
BMI_bff_138	 2	 18	 219_stern_eliezer.jpg	 9.561930e+02	 12	 999000	 120	 999000	 999	 9.572107e+02	 683.33	 666.67	 5.00	 39	 0.82	 
BMI_bff_138	 2	 18	 107_horowitz_nitzan.jpg	 9.581952e+02	 22	 9.716628e+02	 220	 6.667203e+02	 98	 9.592130e+02	 683.33	 683.33	 48.00	 7	 0.28	 
BMI_bff_138	 2	 18	 114_shafir_stav.jpg	 9.601974e+02	 24	 999000	 240	 999000	 999	 9.612153e+02	 683.33	 683.33	 39.00	 14	 0.44	 
BMI_bff_138	 2	 18	 119_zandberg_tamar.jpg	 9.651864e+02	 24	 999000	 240	 999000	 999	 9.662042e+02	 683.33	 683.33	 42.00	 19	 0.38	 
BMI_bff_138	 2	 18	 113_rosenthal_mickey.jpg	 9.671886e+02	 24	 999000	 240	 999000	 999	 9.682064e+02	 683.33	 683.33	 47.00	 13	 0.29	 
BMI_bff_138	 2	 18	 215_rozbozov_yoel.jpg	 9.691909e+02	 12	 999000	 120	 999000	 999	 9.702087e+02	 683.33	 683.33	 3.00	 35	 0.87	 
BMI_bff_138	 2	 18	 311_liberman_avigdor.jpg	 9.721942e+02	 12	 999000	 120	 999000	 999	 9.732120e+02	 683.33	 683.33	 4.00	 51	 0.83	 
BMI_bff_138	 2	 18	 201_baron_roni.jpg	 9.791854e+02	 24	 999000	 240	 999000	 999	 9.802033e+02	 683.33	 683.33	 53.00	 21	 0.22	 
BMI_bff_138	 2	 18	 303_deri_arye.jpg	 9.831900e+02	 24	 999000	 240	 999000	 999	 9.842077e+02	 683.33	 683.33	 45.00	 43	 0.31	 
BMI_bff_138	 2	 18	 217_shelach_ofer.jpg	 9.901978e+02	 12	 999000	 120	 999000	 999	 9.912155e+02	 683.33	 683.33	 12.00	 37	 0.69	 
