subjectID	 order	 runNum	 itemName	 onsetTime	 shuff_trialType	 RT	 respInTime	 AudioTime	 response	 fixationTime	 ladder1	 ladder2	 bidIndex	 itemNameIndex	 bidValue	 
BMI_bff_132	 2	 13	 317_shaked_ayelet.jpg	 2.917657e+02	 24	 999000	 240	 999000	 999	 2.927842e+02	 683.33	 683.33	 56.00	 57	 0.15	 
BMI_bff_132	 2	 13	 311_liberman_avigdor.jpg	 2.947691e+02	 24	 999000	 240	 999000	 999	 2.957875e+02	 683.33	 683.33	 45.00	 51	 0.29	 
BMI_bff_132	 2	 13	 109_michaeli_meirav.jpg	 2.967713e+02	 11	 9.155927e+02	 110	 6.833872e+02	 98	 2.977898e+02	 700.00	 683.33	 9.00	 9	 0.81	 
BMI_bff_132	 2	 13	 111_odeh_aiman.jpg	 2.987736e+02	 12	 999000	 120	 999000	 999	 2.997920e+02	 700.00	 683.33	 7.00	 11	 0.81	 
BMI_bff_132	 2	 13	 209_mitzna_amram.jpg	 3.007592e+02	 22	 1.023752e+03	 2200	 6.833977e+02	 98	 3.017776e+02	 700.00	 633.33	 48.00	 29	 0.26	 
BMI_bff_132	 2	 13	 103_cabel_eitan.jpg	 3.037625e+02	 24	 999000	 240	 999000	 999	 3.047810e+02	 700.00	 633.33	 41.00	 3	 0.32	 
BMI_bff_132	 2	 13	 303_deri_arye.jpg	 3.057647e+02	 24	 999000	 240	 999000	 999	 3.067833e+02	 700.00	 633.33	 53.00	 43	 0.19	 
BMI_bff_132	 2	 13	 306_gafni_moshe.jpg	 3.097692e+02	 24	 999000	 240	 999000	 999	 3.107877e+02	 700.00	 633.33	 44.00	 46	 0.29	 
BMI_bff_132	 2	 13	 104_galon_zahava.jpg	 3.117716e+02	 11	 9.713617e+02	 110	 7.000520e+02	 98	 3.127899e+02	 716.67	 633.33	 8.00	 4	 0.81	 
BMI_bff_132	 2	 13	 318_shalom_silvan.jpg	 3.167605e+02	 24	 999000	 240	 999000	 999	 3.177789e+02	 716.67	 633.33	 42.00	 58	 0.31	 
BMI_bff_132	 2	 13	 307_hazan_oren.jpg	 3.187627e+02	 24	 999000	 240	 999000	 999	 3.197811e+02	 716.67	 633.33	 58.00	 47	 0.12	 
BMI_bff_132	 2	 13	 219_stern_eliezer.jpg	 3.227672e+02	 22	 8.717655e+02	 220	 6.333621e+02	 98	 3.237856e+02	 716.67	 650.00	 43.00	 39	 0.29	 
BMI_bff_132	 2	 13	 113_rosenthal_mickey.jpg	 3.247695e+02	 12	 999000	 120	 999000	 999	 3.257879e+02	 716.67	 650.00	 19.00	 13	 0.68	 
BMI_bff_132	 2	 13	 205_german_yael.jpg	 3.277729e+02	 12	 999000	 120	 999000	 999	 3.287914e+02	 716.67	 650.00	 13.00	 25	 0.73	 
BMI_bff_132	 2	 13	 301_benet_naftali.jpg	 3.327619e+02	 22	 8.531044e+02	 220	 6.500636e+02	 98	 3.337802e+02	 716.67	 666.67	 54.00	 41	 0.17	 
BMI_bff_132	 2	 13	 119_zandberg_tamar.jpg	 3.347642e+02	 11	 8.987716e+02	 110	 7.167132e+02	 98	 3.357825e+02	 733.33	 666.67	 14.00	 19	 0.73	 
BMI_bff_132	 2	 13	 117_tibi_ahmed.jpg	 3.367663e+02	 11	 1.048665e+03	 1100	 7.333952e+02	 98	 3.377847e+02	 683.33	 666.67	 17.00	 17	 0.70	 
BMI_bff_132	 2	 13	 210_mofaz_shaul.jpg	 3.407709e+02	 11	 9.560512e+02	 110	 6.833717e+02	 98	 3.417891e+02	 700.00	 666.67	 11.00	 30	 0.78	 
BMI_bff_132	 2	 13	 203_cohen_meir.jpg	 3.447583e+02	 24	 999000	 240	 999000	 999	 3.457770e+02	 700.00	 666.67	 39.00	 23	 0.36	 
BMI_bff_132	 2	 13	 220_tamnu_shata_penina.jpg	 3.487632e+02	 12	 999000	 120	 999000	 999	 3.497815e+02	 700.00	 666.67	 12.00	 40	 0.77	 
BMI_bff_132	 2	 13	 116_shmuli_itzik.jpg	 3.507653e+02	 12	 999000	 120	 999000	 999	 3.517838e+02	 700.00	 666.67	 22.00	 16	 0.65	 
BMI_bff_132	 2	 13	 302_danon_danny.jpg	 3.527676e+02	 24	 999000	 240	 999000	 999	 3.537860e+02	 700.00	 666.67	 57.00	 42	 0.13	 
BMI_bff_132	 2	 13	 312_livnat_limor.jpg	 3.547698e+02	 12	 999000	 120	 999000	 999	 3.557882e+02	 700.00	 666.67	 21.00	 52	 0.65	 
BMI_bff_132	 2	 13	 313_lizman_yaakov.jpg	 3.567722e+02	 24	 999000	 240	 999000	 999	 3.577905e+02	 700.00	 666.67	 50.00	 53	 0.24	 
BMI_bff_132	 2	 13	 202_cahlon_moshe.jpg	 3.627622e+02	 12	 999000	 120	 999000	 999	 3.637805e+02	 700.00	 666.67	 10.00	 22	 0.78	 
BMI_bff_132	 2	 13	 115_shimon_peres.jpg	 3.657655e+02	 11	 9.933879e+02	 110	 7.000263e+02	 98	 3.667840e+02	 716.67	 666.67	 16.00	 15	 0.70	 
BMI_bff_132	 2	 13	 108_khenin_dov.jpg	 3.677678e+02	 12	 999000	 120	 999000	 999	 3.687862e+02	 716.67	 666.67	 18.00	 8	 0.69	 
BMI_bff_132	 2	 13	 216_sharom_ariel.jpg	 3.697702e+02	 12	 999000	 120	 999000	 999	 3.707884e+02	 716.67	 666.67	 15.00	 36	 0.72	 
BMI_bff_132	 2	 13	 314_netanyahu.jpg	 3.727734e+02	 24	 999000	 240	 999000	 999	 3.737919e+02	 716.67	 666.67	 47.00	 54	 0.27	 
BMI_bff_132	 2	 13	 207_lapid_yair.jpg	 3.747590e+02	 22	 9.039287e+02	 220	 6.666952e+02	 98	 3.757773e+02	 716.67	 683.33	 46.00	 27	 0.29	 
BMI_bff_132	 2	 13	 320_yaalon_moshe.jpg	 3.767613e+02	 12	 999000	 120	 999000	 999	 3.777796e+02	 716.67	 683.33	 6.00	 60	 0.82	 
BMI_bff_132	 2	 13	 309_katz_yisrael.jpg	 3.787635e+02	 22	 1.059449e+03	 2200	 6.834130e+02	 98	 3.797819e+02	 716.67	 633.33	 51.00	 49	 0.23	 
BMI_bff_132	 2	 13	 107_horowitz_nitzan.jpg	 3.817668e+02	 12	 999000	 120	 999000	 999	 3.827853e+02	 716.67	 633.33	 4.00	 7	 0.87	 
BMI_bff_132	 2	 13	 319_steinitz_yuval.jpg	 3.837691e+02	 24	 999000	 240	 999000	 999	 3.847875e+02	 716.67	 633.33	 52.00	 59	 0.21	 
BMI_bff_132	 2	 13	 310_kirshenbaum_faina.jpg	 3.857713e+02	 24	 999000	 240	 999000	 999	 3.867897e+02	 716.67	 633.33	 40.00	 50	 0.36	 
BMI_bff_132	 2	 13	 215_rozbozov_yoel.jpg	 3.877737e+02	 22	 1.081275e+03	 2200	 6.333711e+02	 98	 3.887920e+02	 716.67	 583.33	 49.00	 35	 0.25	 
BMI_bff_132	 2	 13	 315_regev_miri.jpg	 3.897592e+02	 24	 999000	 240	 999000	 999	 3.907775e+02	 716.67	 583.33	 55.00	 55	 0.16	 
BMI_bff_132	 2	 13	 118_yacimovich_shelly.jpg	 3.957660e+02	 12	 999000	 120	 999000	 999	 3.967843e+02	 716.67	 583.33	 3.00	 18	 0.89	 
BMI_bff_132	 2	 13	 211_molla_shlomo.jpg	 3.987693e+02	 12	 999000	 120	 999000	 999	 3.997878e+02	 716.67	 583.33	 5.00	 31	 0.86	 
BMI_bff_132	 2	 13	 112_peretz_amir.jpg	 4.027737e+02	 12	 999000	 120	 999000	 999	 4.037922e+02	 716.67	 583.33	 20.00	 12	 0.65	 
