subjectID	 order	 runNum	 itemName	 onsetTime	 shuff_trialType	 RT	 respInTime	 AudioTime	 response	 fixationTime	 ladder1	 ladder2	 bidIndex	 itemNameIndex	 bidValue	 
BMI_bff_102	 2	 15	 120_zuabi_hanin.jpg	 5.617079e+02	 24	 999000	 240	 999000	 999	 5.627259e+02	 816.67	 750.00	 53.00	 20	 0.20	 
BMI_bff_102	 2	 15	 104_galon_zahava.jpg	 5.637104e+02	 24	 999000	 240	 999000	 999	 5.647281e+02	 816.67	 750.00	 41.00	 4	 0.38	 
BMI_bff_102	 2	 15	 318_shalom_silvan.jpg	 5.677148e+02	 24	 999000	 240	 999000	 999	 5.687326e+02	 816.67	 750.00	 40.00	 58	 0.39	 
BMI_bff_102	 2	 15	 304_dicter_abraham.jpg	 5.707016e+02	 12	 999000	 120	 999000	 999	 5.717194e+02	 816.67	 750.00	 19.00	 44	 0.62	 
BMI_bff_102	 2	 15	 303_deri_arye.jpg	 5.727038e+02	 24	 999000	 240	 999000	 999	 5.737216e+02	 816.67	 750.00	 42.00	 43	 0.36	 
BMI_bff_102	 2	 15	 212_olmert_ehud.jpg	 5.757072e+02	 24	 999000	 240	 999000	 999	 5.767250e+02	 816.67	 750.00	 58.00	 32	 0.07	 
BMI_bff_102	 2	 15	 310_kirshenbaum_faina.jpg	 5.797117e+02	 24	 999000	 240	 999000	 999	 5.807295e+02	 816.67	 750.00	 45.00	 50	 0.35	 
BMI_bff_102	 2	 15	 305_erdan_gilad.jpg	 5.836992e+02	 11	 9.793712e+02	 110	 8.167326e+02	 98	 5.847174e+02	 833.33	 750.00	 8.00	 45	 0.81	 
BMI_bff_102	 2	 15	 208_livnee_zipi.jpg	 5.857018e+02	 24	 999000	 240	 999000	 999	 5.867195e+02	 833.33	 750.00	 44.00	 28	 0.36	 
BMI_bff_102	 2	 15	 118_yacimovich_shelly.jpg	 5.907073e+02	 12	 999000	 120	 999000	 999	 5.917251e+02	 833.33	 750.00	 5.00	 18	 0.83	 
BMI_bff_102	 2	 15	 316_saar_gidon.jpg	 5.927096e+02	 12	 999000	 120	 999000	 999	 5.937274e+02	 833.33	 750.00	 4.00	 56	 0.89	 
BMI_bff_102	 2	 15	 213_perry_yaakov.jpg	 5.947119e+02	 22	 9.427234e+02	 220	 7.500357e+02	 98	 5.957296e+02	 833.33	 766.67	 51.00	 33	 0.22	 
BMI_bff_102	 2	 15	 302_danon_danny.jpg	 6.007019e+02	 12	 999000	 120	 999000	 999	 6.017198e+02	 833.33	 766.67	 7.00	 42	 0.82	 
BMI_bff_102	 2	 15	 311_liberman_avigdor.jpg	 6.027042e+02	 12	 999000	 120	 999000	 999	 6.037220e+02	 833.33	 766.67	 21.00	 51	 0.57	 
BMI_bff_102	 2	 15	 214_piron_shai.jpg	 6.047078e+02	 12	 999000	 120	 999000	 999	 6.057242e+02	 833.33	 766.67	 10.00	 34	 0.77	 
BMI_bff_102	 2	 15	 211_molla_shlomo.jpg	 6.067086e+02	 22	 1.041947e+03	 2200	 7.667180e+02	 98	 6.077271e+02	 833.33	 716.67	 43.00	 31	 0.36	 
BMI_bff_102	 2	 15	 112_peretz_amir.jpg	 6.107132e+02	 24	 999000	 240	 999000	 999	 6.117310e+02	 833.33	 716.67	 50.00	 12	 0.25	 
BMI_bff_102	 2	 15	 315_regev_miri.jpg	 6.147007e+02	 11	 1.025935e+03	 1100	 8.333661e+02	 98	 6.157188e+02	 783.33	 716.67	 11.00	 55	 0.76	 
BMI_bff_102	 2	 15	 307_hazan_oren.jpg	 6.177043e+02	 22	 8.702666e+02	 220	 7.167070e+02	 98	 6.187222e+02	 783.33	 733.33	 46.00	 47	 0.31	 
BMI_bff_102	 2	 15	 105_gilon_ilan.jpg	 6.217089e+02	 22	 9.057110e+02	 220	 7.334049e+02	 98	 6.227266e+02	 783.33	 750.00	 48.00	 5	 0.30	 
BMI_bff_102	 2	 15	 113_rosenthal_mickey.jpg	 6.247124e+02	 12	 999000	 120	 999000	 999	 6.257299e+02	 783.33	 750.00	 22.00	 13	 0.57	 
BMI_bff_102	 2	 15	 217_shelach_ofer.jpg	 6.267144e+02	 24	 999000	 240	 999000	 999	 6.277322e+02	 783.33	 750.00	 47.00	 37	 0.30	 
BMI_bff_102	 2	 15	 204_galant_yoav.jpg	 6.307023e+02	 11	 9.602699e+02	 110	 7.833968e+02	 98	 6.317200e+02	 800.00	 750.00	 16.00	 24	 0.71	 
BMI_bff_102	 2	 15	 114_shafir_stav.jpg	 6.327045e+02	 24	 999000	 240	 999000	 999	 6.337223e+02	 800.00	 750.00	 56.00	 14	 0.17	 
BMI_bff_102	 2	 15	 101_barak_ehud.jpg	 6.347068e+02	 24	 999000	 240	 999000	 999	 6.357245e+02	 800.00	 750.00	 55.00	 1	 0.19	 
BMI_bff_102	 2	 15	 317_shaked_ayelet.jpg	 6.387113e+02	 12	 999000	 120	 999000	 999	 6.397291e+02	 800.00	 750.00	 3.00	 57	 0.90	 
BMI_bff_102	 2	 15	 201_baron_roni.jpg	 6.407136e+02	 11	 1.053061e+03	 1100	 8.000317e+02	 98	 6.417315e+02	 750.00	 750.00	 14.00	 21	 0.72	 
BMI_bff_102	 2	 15	 313_lizman_yaakov.jpg	 6.447014e+02	 12	 999000	 120	 999000	 999	 6.457191e+02	 750.00	 750.00	 13.00	 53	 0.74	 
BMI_bff_102	 2	 15	 312_livnat_limor.jpg	 6.487058e+02	 12	 999000	 120	 999000	 999	 6.497236e+02	 750.00	 750.00	 6.00	 52	 0.82	 
BMI_bff_102	 2	 15	 210_mofaz_shaul.jpg	 6.517092e+02	 22	 9.774197e+02	 220	 7.500396e+02	 98	 6.527270e+02	 750.00	 766.67	 54.00	 30	 0.19	 
BMI_bff_102	 2	 15	 314_netanyahu.jpg	 6.577160e+02	 11	 9.066278e+02	 110	 7.500760e+02	 98	 6.587337e+02	 766.67	 766.67	 17.00	 54	 0.70	 
BMI_bff_102	 2	 15	 205_german_yael.jpg	 6.597016e+02	 22	 1.049055e+03	 2200	 7.667490e+02	 98	 6.607193e+02	 766.67	 716.67	 49.00	 25	 0.25	 
BMI_bff_102	 2	 15	 207_lapid_yair.jpg	 6.637060e+02	 11	 9.405865e+02	 110	 7.666922e+02	 98	 6.647238e+02	 783.33	 716.67	 9.00	 27	 0.77	 
BMI_bff_102	 2	 15	 319_steinitz_yuval.jpg	 6.657083e+02	 12	 999000	 120	 999000	 999	 6.667260e+02	 783.33	 716.67	 20.00	 59	 0.58	 
BMI_bff_102	 2	 15	 106_herzog_yitzhak.jpg	 6.677105e+02	 12	 999000	 120	 999000	 999	 6.687283e+02	 783.33	 716.67	 12.00	 6	 0.75	 
BMI_bff_102	 2	 15	 108_khenin_dov.jpg	 6.697127e+02	 24	 999000	 240	 999000	 999	 6.707306e+02	 783.33	 716.67	 57.00	 8	 0.12	 
BMI_bff_102	 2	 15	 308_hotovely_tzipi.jpg	 6.747017e+02	 12	 999000	 120	 999000	 999	 6.757195e+02	 783.33	 716.67	 15.00	 48	 0.71	 
BMI_bff_102	 2	 15	 111_odeh_aiman.jpg	 6.767039e+02	 24	 999000	 240	 999000	 999	 6.777217e+02	 783.33	 716.67	 52.00	 11	 0.21	 
BMI_bff_102	 2	 15	 202_cahlon_moshe.jpg	 6.787062e+02	 12	 999000	 120	 999000	 999	 6.797239e+02	 783.33	 716.67	 18.00	 22	 0.67	 
BMI_bff_102	 2	 15	 109_michaeli_meirav.jpg	 6.817095e+02	 24	 999000	 240	 999000	 999	 6.827273e+02	 783.33	 716.67	 39.00	 9	 0.42	 
