subjectID	 order	 runNum	 itemName	 onsetTime	 shuff_trialType	 RT	 respInTime	 AudioTime	 response	 fixationTime	 ladder1	 ladder2	 bidIndex	 itemNameIndex	 bidValue	 
BMI_bff_133	 1	 16	 208_livnee_zipi.jpg	 6.505649e+02	 22	 8.262999e+02	 220	 5.167366e+02	 98	 6.515833e+02	 583.33	 533.33	 53.00	 28	 0.17	 
BMI_bff_133	 1	 16	 318_shalom_silvan.jpg	 6.525671e+02	 12	 999000	 120	 999000	 999	 6.535855e+02	 583.33	 533.33	 16.00	 58	 0.69	 
BMI_bff_133	 1	 16	 303_deri_arye.jpg	 6.565715e+02	 11	 9.636802e+02	 110	 5.833850e+02	 98	 6.575900e+02	 600.00	 533.33	 15.00	 43	 0.69	 
BMI_bff_133	 1	 16	 213_perry_yaakov.jpg	 6.595583e+02	 24	 999000	 240	 999000	 999	 6.605768e+02	 600.00	 533.33	 49.00	 33	 0.27	 
BMI_bff_133	 1	 16	 217_shelach_ofer.jpg	 6.615605e+02	 22	 1.038641e+03	 2200	 5.333702e+02	 98	 6.625789e+02	 600.00	 483.33	 47.00	 37	 0.29	 
BMI_bff_133	 1	 16	 211_molla_shlomo.jpg	 6.645639e+02	 24	 999000	 240	 999000	 999	 6.655823e+02	 600.00	 483.33	 48.00	 31	 0.28	 
BMI_bff_133	 1	 16	 105_gilon_ilan.jpg	 6.685684e+02	 24	 999000	 240	 999000	 999	 6.695867e+02	 600.00	 483.33	 58.00	 5	 0.13	 
BMI_bff_133	 1	 16	 106_herzog_yitzhak.jpg	 6.725729e+02	 24	 999000	 240	 999000	 999	 6.735912e+02	 600.00	 483.33	 54.00	 6	 0.15	 
BMI_bff_133	 1	 16	 205_german_yael.jpg	 6.745585e+02	 12	 999000	 120	 999000	 999	 6.755770e+02	 600.00	 483.33	 22.00	 25	 0.62	 
BMI_bff_133	 1	 16	 120_zuabi_hanin.jpg	 6.795640e+02	 24	 999000	 240	 999000	 999	 6.805824e+02	 600.00	 483.33	 55.00	 20	 0.14	 
BMI_bff_133	 1	 16	 102_beneliezer_binyamin.jpg	 6.815663e+02	 22	 8.888987e+02	 220	 4.834082e+02	 98	 6.825846e+02	 600.00	 500.00	 44.00	 2	 0.33	 
BMI_bff_133	 1	 16	 307_hazan_oren.jpg	 6.835686e+02	 12	 999000	 120	 999000	 999	 6.846037e+02	 600.00	 500.00	 14.00	 47	 0.71	 
BMI_bff_133	 1	 16	 314_netanyahu.jpg	 6.895585e+02	 12	 999000	 120	 999000	 999	 6.905770e+02	 600.00	 500.00	 17.00	 54	 0.68	 
BMI_bff_133	 1	 16	 304_dicter_abraham.jpg	 6.915608e+02	 24	 999000	 240	 999000	 999	 6.925791e+02	 600.00	 500.00	 42.00	 44	 0.35	 
BMI_bff_133	 1	 16	 117_tibi_ahmed.jpg	 6.935630e+02	 22	 1.020227e+03	 2200	 5.000589e+02	 98	 6.945813e+02	 600.00	 450.00	 52.00	 17	 0.20	 
BMI_bff_133	 1	 16	 204_galant_yoav.jpg	 6.955652e+02	 24	 999000	 240	 999000	 999	 6.965836e+02	 600.00	 450.00	 43.00	 24	 0.33	 
BMI_bff_133	 1	 16	 317_shaked_ayelet.jpg	 6.995697e+02	 11	 9.414247e+02	 110	 6.000298e+02	 98	 7.005881e+02	 616.67	 450.00	 18.00	 57	 0.67	 
BMI_bff_133	 1	 16	 313_lizman_yaakov.jpg	 7.035573e+02	 11	 9.619083e+02	 110	 6.167142e+02	 98	 7.045760e+02	 633.33	 450.00	 10.00	 53	 0.77	 
BMI_bff_133	 1	 16	 209_mitzna_amram.jpg	 7.065609e+02	 24	 999000	 240	 999000	 999	 7.075793e+02	 633.33	 450.00	 46.00	 29	 0.30	 
BMI_bff_133	 1	 16	 103_cabel_eitan.jpg	 7.105654e+02	 12	 999000	 120	 999000	 999	 7.115840e+02	 633.33	 450.00	 3.00	 3	 0.88	 
BMI_bff_133	 1	 16	 302_danon_danny.jpg	 7.135688e+02	 11	 9.424050e+02	 110	 6.333978e+02	 98	 7.145871e+02	 650.00	 450.00	 7.00	 42	 0.82	 
BMI_bff_133	 1	 16	 308_hotovely_tzipi.jpg	 7.155711e+02	 12	 999000	 120	 999000	 999	 7.165894e+02	 650.00	 450.00	 8.00	 48	 0.80	 
BMI_bff_133	 1	 16	 109_michaeli_meirav.jpg	 7.195588e+02	 24	 999000	 240	 999000	 999	 7.205773e+02	 650.00	 450.00	 56.00	 9	 0.14	 
BMI_bff_133	 1	 16	 118_yacimovich_shelly.jpg	 7.215610e+02	 24	 999000	 240	 999000	 999	 7.225795e+02	 650.00	 450.00	 40.00	 18	 0.40	 
BMI_bff_133	 1	 16	 110_nachman_shai.jpg	 7.235633e+02	 24	 999000	 240	 999000	 999	 7.245817e+02	 650.00	 450.00	 51.00	 10	 0.24	 
BMI_bff_133	 1	 16	 215_rozbozov_yoel.jpg	 7.275677e+02	 12	 999000	 120	 999000	 999	 7.285862e+02	 650.00	 450.00	 11.00	 35	 0.77	 
BMI_bff_133	 1	 16	 207_lapid_yair.jpg	 7.295700e+02	 11	 1.037143e+03	 1100	 6.500632e+02	 98	 7.305884e+02	 600.00	 450.00	 12.00	 27	 0.76	 
BMI_bff_133	 1	 16	 316_saar_gidon.jpg	 7.335576e+02	 12	 999000	 120	 999000	 999	 7.345762e+02	 600.00	 450.00	 9.00	 56	 0.80	 
BMI_bff_133	 1	 16	 219_stern_eliezer.jpg	 7.375625e+02	 24	 999000	 240	 999000	 999	 7.385807e+02	 600.00	 450.00	 39.00	 39	 0.41	 
BMI_bff_133	 1	 16	 115_shimon_peres.jpg	 7.405657e+02	 12	 999000	 120	 999000	 999	 7.415841e+02	 600.00	 450.00	 19.00	 15	 0.67	 
BMI_bff_133	 1	 16	 203_cohen_meir.jpg	 7.465724e+02	 22	 7.547858e+02	 220	 4.500847e+02	 98	 7.475909e+02	 600.00	 466.67	 45.00	 23	 0.32	 
BMI_bff_133	 1	 16	 311_liberman_avigdor.jpg	 7.485581e+02	 12	 999000	 120	 999000	 999	 7.495764e+02	 600.00	 466.67	 6.00	 51	 0.84	 
BMI_bff_133	 1	 16	 305_erdan_gilad.jpg	 7.525624e+02	 12	 999000	 120	 999000	 999	 7.535809e+02	 600.00	 466.67	 4.00	 45	 0.87	 
BMI_bff_133	 1	 16	 212_olmert_ehud.jpg	 7.545647e+02	 22	 9.145080e+02	 220	 4.666970e+02	 98	 7.555831e+02	 600.00	 483.33	 50.00	 32	 0.25	 
BMI_bff_133	 1	 16	 201_baron_roni.jpg	 7.565669e+02	 24	 999000	 240	 999000	 999	 7.575854e+02	 600.00	 483.33	 41.00	 21	 0.36	 
BMI_bff_133	 1	 16	 306_gafni_moshe.jpg	 7.585693e+02	 12	 999000	 120	 999000	 999	 7.595877e+02	 600.00	 483.33	 20.00	 46	 0.66	 
BMI_bff_133	 1	 16	 312_livnat_limor.jpg	 7.635582e+02	 11	 9.370069e+02	 110	 6.000539e+02	 98	 7.645767e+02	 616.67	 483.33	 13.00	 52	 0.76	 
BMI_bff_133	 1	 16	 108_khenin_dov.jpg	 7.655604e+02	 24	 999000	 240	 999000	 999	 7.665788e+02	 616.67	 483.33	 57.00	 8	 0.13	 
BMI_bff_133	 1	 16	 319_steinitz_yuval.jpg	 7.675626e+02	 12	 999000	 120	 999000	 999	 7.685810e+02	 616.67	 483.33	 21.00	 59	 0.63	 
BMI_bff_133	 1	 16	 301_benet_naftali.jpg	 7.705660e+02	 12	 999000	 120	 999000	 999	 7.715844e+02	 616.67	 483.33	 5.00	 41	 0.84	 
