subjectID	 order	 runNum	 itemName	 onsetTime	 shuff_trialType	 RT	 respInTime	 AudioTime	 response	 fixationTime	 ladder1	 ladder2	 bidIndex	 itemNameIndex	 bidValue	 
BMI_bff_137	 1	 16	 305_erdan_gilad.jpg	 6.558952e+02	 12	 999000	 120	 999000	 999	 6.569137e+02	 716.67	 716.67	 14.00	 45	 0.71	 
BMI_bff_137	 1	 16	 118_yacimovich_shelly.jpg	 6.578975e+02	 24	 999000	 240	 999000	 999	 6.589159e+02	 716.67	 716.67	 46.00	 18	 0.31	 
BMI_bff_137	 1	 16	 206_hasson_israel.JPG	 6.618854e+02	 22	 1.017670e+03	 2200	 7.167243e+02	 98	 6.629037e+02	 716.67	 666.67	 47.00	 26	 0.30	 
BMI_bff_137	 1	 16	 112_peretz_amir.jpg	 6.648887e+02	 12	 999000	 120	 999000	 999	 6.659071e+02	 716.67	 666.67	 16.00	 12	 0.70	 
BMI_bff_137	 1	 16	 102_beneliezer_binyamin.jpg	 6.668909e+02	 11	 1.012167e+03	 1100	 7.167587e+02	 98	 6.679096e+02	 666.67	 666.67	 13.00	 2	 0.71	 
BMI_bff_137	 1	 16	 313_lizman_yaakov.jpg	 6.698944e+02	 12	 999000	 120	 999000	 999	 6.709128e+02	 666.67	 666.67	 22.00	 53	 0.59	 
BMI_bff_137	 1	 16	 201_baron_roni.jpg	 6.738989e+02	 12	 3.562370e+02	 12	 999000	 98	 6.749172e+02	 666.67	 666.67	 19.00	 21	 0.68	 
BMI_bff_137	 1	 16	 301_benet_naftali.jpg	 6.778866e+02	 11	 8.804750e+02	 110	 6.666902e+02	 98	 6.789050e+02	 683.33	 666.67	 7.00	 41	 0.75	 
BMI_bff_137	 1	 16	 216_sharom_ariel.jpg	 6.798889e+02	 12	 999000	 120	 999000	 999	 6.809073e+02	 683.33	 666.67	 3.00	 36	 0.79	 
BMI_bff_137	 1	 16	 212_olmert_ehud.jpg	 6.848944e+02	 12	 999000	 120	 999000	 999	 6.859128e+02	 683.33	 666.67	 21.00	 32	 0.60	 
BMI_bff_137	 1	 16	 117_tibi_ahmed.jpg	 6.868967e+02	 24	 999000	 240	 999000	 999	 6.879151e+02	 683.33	 666.67	 55.00	 17	 0.22	 
BMI_bff_137	 1	 16	 318_shalom_silvan.jpg	 6.888990e+02	 12	 999000	 120	 999000	 999	 6.899175e+02	 683.33	 666.67	 8.00	 58	 0.75	 
BMI_bff_137	 1	 16	 219_stern_eliezer.jpg	 6.948890e+02	 24	 999000	 240	 999000	 999	 6.959075e+02	 683.33	 666.67	 41.00	 39	 0.40	 
BMI_bff_137	 1	 16	 214_piron_shai.jpg	 6.968913e+02	 22	 9.878478e+02	 220	 6.667265e+02	 98	 6.979098e+02	 683.33	 683.33	 45.00	 34	 0.32	 
BMI_bff_137	 1	 16	 303_deri_arye.jpg	 6.988935e+02	 12	 999000	 120	 999000	 999	 6.999119e+02	 683.33	 683.33	 11.00	 43	 0.72	 
BMI_bff_137	 1	 16	 319_steinitz_yuval.jpg	 7.008958e+02	 22	 9.433542e+02	 220	 6.834037e+02	 98	 7.019142e+02	 683.33	 700.00	 53.00	 59	 0.24	 
BMI_bff_137	 1	 16	 205_german_yael.jpg	 7.049004e+02	 24	 999000	 240	 999000	 999	 7.059187e+02	 683.33	 700.00	 48.00	 25	 0.29	 
BMI_bff_137	 1	 16	 311_liberman_avigdor.jpg	 7.088881e+02	 11	 9.030439e+02	 110	 6.833893e+02	 98	 7.099065e+02	 700.00	 700.00	 10.00	 51	 0.73	 
BMI_bff_137	 1	 16	 202_cahlon_moshe.jpg	 7.118915e+02	 12	 999000	 120	 999000	 999	 7.129099e+02	 700.00	 700.00	 9.00	 22	 0.73	 
BMI_bff_137	 1	 16	 315_regev_miri.jpg	 7.158960e+02	 11	 8.791026e+02	 110	 7.000450e+02	 98	 7.169144e+02	 716.67	 700.00	 18.00	 55	 0.68	 
BMI_bff_137	 1	 16	 320_yaalon_moshe.jpg	 7.188994e+02	 12	 999000	 120	 999000	 999	 7.199176e+02	 716.67	 700.00	 17.00	 60	 0.69	 
BMI_bff_137	 1	 16	 208_livnee_zipi.jpg	 7.208847e+02	 24	 999000	 240	 999000	 999	 7.219033e+02	 716.67	 700.00	 54.00	 28	 0.24	 
BMI_bff_137	 1	 16	 310_kirshenbaum_faina.jpg	 7.248894e+02	 24	 999000	 240	 999000	 999	 7.259078e+02	 716.67	 700.00	 43.00	 50	 0.39	 
BMI_bff_137	 1	 16	 308_hotovely_tzipi.jpg	 7.268917e+02	 11	 1.147439e+03	 1100	 7.167126e+02	 98	 7.279100e+02	 666.67	 700.00	 15.00	 48	 0.71	 
BMI_bff_137	 1	 16	 203_cohen_meir.jpg	 7.288939e+02	 24	 999000	 240	 999000	 999	 7.299123e+02	 666.67	 700.00	 42.00	 23	 0.39	 
BMI_bff_137	 1	 16	 312_livnat_limor.jpg	 7.328984e+02	 24	 999000	 240	 999000	 999	 7.339168e+02	 666.67	 700.00	 51.00	 52	 0.25	 
BMI_bff_137	 1	 16	 111_odeh_aiman.jpg	 7.349006e+02	 24	 999000	 240	 999000	 999	 7.359191e+02	 666.67	 700.00	 58.00	 11	 0.11	 
BMI_bff_137	 1	 16	 115_shimon_peres.jpg	 7.388884e+02	 12	 999000	 120	 999000	 999	 7.399068e+02	 666.67	 700.00	 4.00	 15	 0.78	 
BMI_bff_137	 1	 16	 110_nachman_shai.jpg	 7.428929e+02	 11	 8.982576e+02	 110	 6.667211e+02	 98	 7.439114e+02	 683.33	 700.00	 12.00	 10	 0.71	 
BMI_bff_137	 1	 16	 307_hazan_oren.jpg	 7.458963e+02	 24	 999000	 240	 999000	 999	 7.469146e+02	 683.33	 700.00	 56.00	 47	 0.17	 
BMI_bff_137	 1	 16	 108_khenin_dov.jpg	 7.518863e+02	 22	 1.176843e+03	 2200	 7.000310e+02	 98	 7.529046e+02	 683.33	 650.00	 52.00	 8	 0.24	 
BMI_bff_137	 1	 16	 209_mitzna_amram.jpg	 7.538885e+02	 22	 8.705768e+02	 220	 6.500451e+02	 98	 7.549070e+02	 683.33	 666.67	 44.00	 29	 0.33	 
BMI_bff_137	 1	 16	 304_dicter_abraham.jpg	 7.578931e+02	 24	 999000	 240	 999000	 999	 7.589116e+02	 683.33	 666.67	 40.00	 44	 0.41	 
BMI_bff_137	 1	 16	 109_michaeli_meirav.jpg	 7.598954e+02	 24	 999000	 240	 999000	 999	 7.609138e+02	 683.33	 666.67	 57.00	 9	 0.15	 
BMI_bff_137	 1	 16	 106_herzog_yitzhak.jpg	 7.618975e+02	 12	 999000	 120	 999000	 999	 7.629160e+02	 683.33	 666.67	 5.00	 6	 0.76	 
BMI_bff_137	 1	 16	 101_barak_ehud.jpg	 7.639000e+02	 12	 999000	 120	 999000	 999	 7.649182e+02	 683.33	 666.67	 20.00	 1	 0.68	 
BMI_bff_137	 1	 16	 204_galant_yoav.jpg	 7.688888e+02	 12	 999000	 120	 999000	 999	 7.699071e+02	 683.33	 666.67	 6.00	 24	 0.76	 
BMI_bff_137	 1	 16	 116_shmuli_itzik.jpg	 7.708910e+02	 24	 999000	 240	 999000	 999	 7.719094e+02	 683.33	 666.67	 39.00	 16	 0.42	 
BMI_bff_137	 1	 16	 105_gilon_ilan.jpg	 7.728933e+02	 22	 9.618530e+02	 220	 6.667261e+02	 98	 7.739116e+02	 683.33	 683.33	 50.00	 5	 0.26	 
BMI_bff_137	 1	 16	 309_katz_yisrael.jpg	 7.758966e+02	 24	 999000	 240	 999000	 999	 7.769149e+02	 683.33	 683.33	 49.00	 49	 0.26	 
