subjectID	 order	 runNum	 itemName	 onsetTime	 shuff_trialType	 RT	 respInTime	 AudioTime	 response	 fixationTime	 ladder1	 ladder2	 bidIndex	 itemNameIndex	 bidValue	 
BMI_bff_127	 1	 20	 315_regev_miri.jpg	 1.210255e+03	 12	 999000	 120	 999000	 999	 1.211273e+03	 783.33	 716.67	 5.00	 55	 0.80	 
BMI_bff_127	 1	 20	 206_hasson_israel.JPG	 1.213258e+03	 22	 8.923119e+02	 220	 7.167557e+02	 98	 1.214276e+03	 783.33	 733.33	 47.00	 26	 0.32	 
BMI_bff_127	 1	 20	 220_tamnu_shata_penina.jpg	 1.217246e+03	 12	 999000	 120	 999000	 999	 1.218264e+03	 783.33	 733.33	 19.00	 40	 0.65	 
BMI_bff_127	 1	 20	 207_lapid_yair.jpg	 1.219248e+03	 12	 999000	 120	 999000	 999	 1.220266e+03	 783.33	 733.33	 8.00	 27	 0.79	 
BMI_bff_127	 1	 20	 111_odeh_aiman.jpg	 1.221251e+03	 24	 999000	 240	 999000	 999	 1.222268e+03	 783.33	 733.33	 54.00	 11	 0.20	 
BMI_bff_127	 1	 20	 113_rosenthal_mickey.jpg	 1.225255e+03	 24	 999000	 240	 999000	 999	 1.226273e+03	 783.33	 733.33	 48.00	 13	 0.31	 
BMI_bff_127	 1	 20	 303_deri_arye.jpg	 1.227257e+03	 22	 9.172574e+02	 220	 7.333674e+02	 98	 1.228275e+03	 783.33	 750.00	 53.00	 43	 0.22	 
BMI_bff_127	 1	 20	 114_shafir_stav.jpg	 1.232246e+03	 12	 999000	 120	 999000	 999	 1.233264e+03	 783.33	 750.00	 11.00	 14	 0.76	 
BMI_bff_127	 1	 20	 104_galon_zahava.jpg	 1.234249e+03	 24	 999000	 240	 999000	 999	 1.235266e+03	 783.33	 750.00	 58.00	 4	 0.13	 
BMI_bff_127	 1	 20	 312_livnat_limor.jpg	 1.237252e+03	 12	 999000	 120	 999000	 999	 1.238270e+03	 783.33	 750.00	 22.00	 52	 0.57	 
BMI_bff_127	 1	 20	 109_michaeli_meirav.jpg	 1.240255e+03	 11	 9.513686e+02	 110	 7.834059e+02	 98	 1.241273e+03	 800.00	 750.00	 10.00	 9	 0.77	 
BMI_bff_127	 1	 20	 119_zandberg_tamar.jpg	 1.244260e+03	 24	 999000	 240	 999000	 999	 1.245278e+03	 800.00	 750.00	 56.00	 19	 0.14	 
BMI_bff_127	 1	 20	 316_saar_gidon.jpg	 1.247246e+03	 12	 999000	 120	 999000	 999	 1.248264e+03	 800.00	 750.00	 9.00	 56	 0.78	 
BMI_bff_127	 1	 20	 313_lizman_yaakov.jpg	 1.249249e+03	 22	 9.418469e+02	 220	 7.500635e+02	 98	 1.250267e+03	 800.00	 766.67	 50.00	 53	 0.27	 
BMI_bff_127	 1	 20	 309_katz_yisrael.jpg	 1.252252e+03	 11	 1.034526e+03	 1100	 8.000574e+02	 98	 1.253270e+03	 750.00	 766.67	 15.00	 49	 0.68	 
BMI_bff_127	 1	 20	 202_cahlon_moshe.jpg	 1.256257e+03	 11	 9.660012e+02	 110	 7.500408e+02	 98	 1.257275e+03	 766.67	 766.67	 13.00	 22	 0.71	 
BMI_bff_127	 1	 20	 302_danon_danny.jpg	 1.259260e+03	 11	 9.386756e+02	 110	 7.667357e+02	 98	 1.260278e+03	 783.33	 766.67	 7.00	 42	 0.80	 
BMI_bff_127	 1	 20	 310_kirshenbaum_faina.jpg	 1.261262e+03	 12	 999000	 120	 999000	 999	 1.262280e+03	 783.33	 766.67	 20.00	 50	 0.59	 
BMI_bff_127	 1	 20	 304_dicter_abraham.jpg	 1.263248e+03	 24	 999000	 240	 999000	 999	 1.264266e+03	 783.33	 766.67	 39.00	 44	 0.44	 
BMI_bff_127	 1	 20	 118_yacimovich_shelly.jpg	 1.268253e+03	 24	 999000	 240	 999000	 999	 1.269271e+03	 783.33	 766.67	 40.00	 18	 0.43	 
BMI_bff_127	 1	 20	 317_shaked_ayelet.jpg	 1.272258e+03	 11	 9.325852e+02	 110	 7.833850e+02	 98	 1.273276e+03	 800.00	 766.67	 18.00	 57	 0.67	 
BMI_bff_127	 1	 20	 306_gafni_moshe.jpg	 1.276263e+03	 24	 999000	 240	 999000	 999	 1.277280e+03	 800.00	 766.67	 57.00	 46	 0.13	 
BMI_bff_127	 1	 20	 301_benet_naftali.jpg	 1.282253e+03	 12	 999000	 120	 999000	 999	 1.283272e+03	 800.00	 766.67	 3.00	 41	 0.84	 
BMI_bff_127	 1	 20	 204_galant_yoav.jpg	 1.284255e+03	 22	 9.359307e+02	 220	 7.667142e+02	 98	 1.285273e+03	 800.00	 783.33	 52.00	 24	 0.23	 
BMI_bff_127	 1	 20	 107_horowitz_nitzan.jpg	 1.286257e+03	 12	 999000	 120	 999000	 999	 1.287275e+03	 800.00	 783.33	 21.00	 7	 0.57	 
BMI_bff_127	 1	 20	 208_livnee_zipi.jpg	 1.288259e+03	 24	 999000	 240	 999000	 999	 1.289277e+03	 800.00	 783.33	 41.00	 28	 0.41	 
BMI_bff_127	 1	 20	 318_shalom_silvan.jpg	 1.290262e+03	 12	 999000	 120	 999000	 999	 1.291279e+03	 800.00	 783.33	 6.00	 58	 0.80	 
BMI_bff_127	 1	 20	 106_herzog_yitzhak.jpg	 1.294249e+03	 24	 999000	 240	 999000	 999	 1.295267e+03	 800.00	 783.33	 46.00	 6	 0.33	 
BMI_bff_127	 1	 20	 201_baron_roni.jpg	 1.296252e+03	 24	 999000	 240	 999000	 999	 1.297269e+03	 800.00	 783.33	 49.00	 21	 0.30	 
BMI_bff_127	 1	 20	 311_liberman_avigdor.jpg	 1.300256e+03	 12	 999000	 120	 999000	 999	 1.301274e+03	 800.00	 783.33	 14.00	 51	 0.69	 
BMI_bff_127	 1	 20	 307_hazan_oren.jpg	 1.302258e+03	 12	 999000	 120	 999000	 999	 1.303276e+03	 800.00	 783.33	 4.00	 47	 0.83	 
BMI_bff_127	 1	 20	 203_cohen_meir.jpg	 1.304261e+03	 24	 999000	 240	 999000	 999	 1.305278e+03	 800.00	 783.33	 51.00	 23	 0.25	 
BMI_bff_127	 1	 20	 217_shelach_ofer.jpg	 1.306246e+03	 12	 999000	 120	 999000	 999	 1.307264e+03	 800.00	 783.33	 17.00	 37	 0.67	 
BMI_bff_127	 1	 20	 108_khenin_dov.jpg	 1.311252e+03	 24	 999000	 240	 999000	 999	 1.312270e+03	 800.00	 783.33	 55.00	 8	 0.14	 
BMI_bff_127	 1	 20	 219_stern_eliezer.jpg	 1.313254e+03	 11	 1.040630e+03	 1100	 8.000827e+02	 98	 1.314272e+03	 750.00	 783.33	 12.00	 39	 0.73	 
BMI_bff_127	 1	 20	 102_beneliezer_binyamin.jpg	 1.315256e+03	 24	 999000	 240	 999000	 999	 1.316274e+03	 750.00	 783.33	 42.00	 2	 0.39	 
BMI_bff_127	 1	 20	 210_mofaz_shaul.jpg	 1.318260e+03	 24	 999000	 240	 999000	 999	 1.319277e+03	 750.00	 783.33	 43.00	 30	 0.39	 
BMI_bff_127	 1	 20	 105_gilon_ilan.jpg	 1.325251e+03	 22	 9.398650e+02	 220	 7.833572e+02	 98	 1.326269e+03	 750.00	 800.00	 45.00	 5	 0.36	 
BMI_bff_127	 1	 20	 214_piron_shai.jpg	 1.329255e+03	 12	 999000	 120	 999000	 999	 1.330273e+03	 750.00	 800.00	 16.00	 34	 0.68	 
BMI_bff_127	 1	 20	 115_shimon_peres.jpg	 1.336246e+03	 22	 1.016463e+03	 2200	 8.000631e+02	 98	 1.337264e+03	 750.00	 750.00	 44.00	 15	 0.38	 
