subjectID	 order	 runNum	 itemName	 onsetTime	 shuff_trialType	 RT	 respInTime	 AudioTime	 response	 fixationTime	 ladder1	 ladder2	 bidIndex	 itemNameIndex	 bidValue	 
BMI_bff_136	 2	 14	 117_tibi_ahmed.jpg	 4.985593e+02	 22	 1.015331e+03	 2200	 7.167374e+02	 98	 4.995778e+02	 650.00	 666.67	 48.00	 17	 0.25	 
BMI_bff_136	 2	 14	 306_gafni_moshe.jpg	 5.005616e+02	 24	 999000	 240	 999000	 999	 5.015799e+02	 650.00	 666.67	 44.00	 46	 0.30	 
BMI_bff_136	 2	 14	 201_baron_roni.jpg	 5.045660e+02	 24	 999000	 240	 999000	 999	 5.055845e+02	 650.00	 666.67	 42.00	 21	 0.33	 
BMI_bff_136	 2	 14	 208_livnee_zipi.jpg	 5.075527e+02	 12	 999000	 120	 999000	 999	 5.085713e+02	 650.00	 666.67	 4.00	 28	 0.84	 
BMI_bff_136	 2	 14	 303_deri_arye.jpg	 5.095550e+02	 24	 999000	 240	 999000	 999	 5.105735e+02	 650.00	 666.67	 55.00	 43	 0.17	 
BMI_bff_136	 2	 14	 305_erdan_gilad.jpg	 5.125583e+02	 12	 999000	 120	 999000	 999	 5.135768e+02	 650.00	 666.67	 18.00	 45	 0.67	 
BMI_bff_136	 2	 14	 107_horowitz_nitzan.jpg	 5.165628e+02	 12	 999000	 120	 999000	 999	 5.175813e+02	 650.00	 666.67	 5.00	 7	 0.84	 
BMI_bff_136	 2	 14	 112_peretz_amir.jpg	 5.205504e+02	 24	 999000	 240	 999000	 999	 5.215691e+02	 650.00	 666.67	 41.00	 12	 0.33	 
BMI_bff_136	 2	 14	 104_galon_zahava.jpg	 5.225529e+02	 11	 9.497656e+02	 110	 6.500681e+02	 98	 5.235713e+02	 666.67	 666.67	 9.00	 4	 0.77	 
BMI_bff_136	 2	 14	 210_mofaz_shaul.jpg	 5.275585e+02	 24	 999000	 240	 999000	 999	 5.285769e+02	 666.67	 666.67	 57.00	 30	 0.16	 
BMI_bff_136	 2	 14	 311_liberman_avigdor.jpg	 5.295608e+02	 24	 999000	 240	 999000	 999	 5.305792e+02	 666.67	 666.67	 52.00	 51	 0.21	 
BMI_bff_136	 2	 14	 207_lapid_yair.jpg	 5.315631e+02	 12	 999000	 120	 999000	 999	 5.325815e+02	 666.67	 666.67	 6.00	 27	 0.83	 
BMI_bff_136	 2	 14	 120_zuabi_hanin.jpg	 5.375531e+02	 24	 999000	 240	 999000	 999	 5.385715e+02	 666.67	 666.67	 53.00	 20	 0.19	 
BMI_bff_136	 2	 14	 220_tamnu_shata_penina.jpg	 5.395554e+02	 12	 999000	 120	 999000	 999	 5.405738e+02	 666.67	 666.67	 3.00	 40	 0.85	 
BMI_bff_136	 2	 14	 304_dicter_abraham.jpg	 5.415576e+02	 22	 8.890457e+02	 220	 6.667271e+02	 98	 5.425760e+02	 666.67	 683.33	 49.00	 44	 0.25	 
BMI_bff_136	 2	 14	 212_olmert_ehud.jpg	 5.435599e+02	 12	 999000	 120	 999000	 999	 5.445950e+02	 666.67	 683.33	 20.00	 32	 0.65	 
BMI_bff_136	 2	 14	 214_piron_shai.jpg	 5.475644e+02	 24	 999000	 240	 999000	 999	 5.485828e+02	 666.67	 683.33	 56.00	 34	 0.17	 
BMI_bff_136	 2	 14	 106_herzog_yitzhak.jpg	 5.515523e+02	 12	 999000	 120	 999000	 999	 5.525705e+02	 666.67	 683.33	 15.00	 6	 0.70	 
BMI_bff_136	 2	 14	 116_shmuli_itzik.jpg	 5.545556e+02	 11	 8.910574e+02	 110	 6.666982e+02	 98	 5.555740e+02	 683.33	 683.33	 17.00	 16	 0.68	 
BMI_bff_136	 2	 14	 308_hotovely_tzipi.jpg	 5.585600e+02	 22	 9.666498e+02	 220	 6.833651e+02	 98	 5.595785e+02	 683.33	 700.00	 43.00	 48	 0.31	 
BMI_bff_136	 2	 14	 313_lizman_yaakov.jpg	 5.615634e+02	 24	 999000	 240	 999000	 999	 5.625819e+02	 683.33	 700.00	 45.00	 53	 0.29	 
BMI_bff_136	 2	 14	 119_zandberg_tamar.jpg	 5.635658e+02	 12	 999000	 120	 999000	 999	 5.645841e+02	 683.33	 700.00	 10.00	 19	 0.75	 
BMI_bff_136	 2	 14	 103_cabel_eitan.jpg	 5.675535e+02	 22	 9.651738e+02	 220	 7.000630e+02	 98	 5.685720e+02	 683.33	 716.67	 46.00	 3	 0.27	 
BMI_bff_136	 2	 14	 217_shelach_ofer.jpg	 5.695558e+02	 12	 999000	 120	 999000	 999	 5.705741e+02	 683.33	 716.67	 13.00	 37	 0.73	 
BMI_bff_136	 2	 14	 113_rosenthal_mickey.jpg	 5.715580e+02	 12	 999000	 120	 999000	 999	 5.725764e+02	 683.33	 716.67	 21.00	 13	 0.64	 
BMI_bff_136	 2	 14	 108_khenin_dov.jpg	 5.755625e+02	 12	 999000	 120	 999000	 999	 5.765809e+02	 683.33	 716.67	 7.00	 8	 0.81	 
BMI_bff_136	 2	 14	 310_kirshenbaum_faina.jpg	 5.775647e+02	 24	 999000	 240	 999000	 999	 5.785832e+02	 683.33	 716.67	 58.00	 50	 0.14	 
BMI_bff_136	 2	 14	 102_beneliezer_binyamin.jpg	 5.815526e+02	 11	 9.660673e+02	 110	 6.834105e+02	 98	 5.825709e+02	 700.00	 716.67	 16.00	 2	 0.69	 
BMI_bff_136	 2	 14	 115_shimon_peres.jpg	 5.855572e+02	 11	 1.009469e+03	 1100	 7.000611e+02	 98	 5.865758e+02	 650.00	 716.67	 14.00	 15	 0.71	 
BMI_bff_136	 2	 14	 109_michaeli_meirav.jpg	 5.885605e+02	 12	 999000	 120	 999000	 999	 5.895789e+02	 650.00	 716.67	 12.00	 9	 0.74	 
BMI_bff_136	 2	 14	 213_perry_yaakov.jpg	 5.945502e+02	 24	 999000	 240	 999000	 999	 5.955690e+02	 650.00	 716.67	 50.00	 33	 0.25	 
BMI_bff_136	 2	 14	 307_hazan_oren.jpg	 5.965528e+02	 22	 9.658565e+02	 220	 7.166925e+02	 98	 5.975711e+02	 650.00	 733.33	 51.00	 47	 0.22	 
BMI_bff_136	 2	 14	 302_danon_danny.jpg	 6.005573e+02	 12	 999000	 120	 999000	 999	 6.015756e+02	 650.00	 733.33	 22.00	 42	 0.63	 
BMI_bff_136	 2	 14	 211_molla_shlomo.jpg	 6.025595e+02	 11	 1.015150e+03	 1100	 6.500703e+02	 98	 6.035780e+02	 600.00	 733.33	 11.00	 31	 0.74	 
BMI_bff_136	 2	 14	 314_netanyahu.jpg	 6.045618e+02	 22	 1.020868e+03	 2200	 7.334034e+02	 98	 6.055801e+02	 600.00	 683.33	 54.00	 54	 0.17	 
BMI_bff_136	 2	 14	 316_saar_gidon.jpg	 6.065641e+02	 12	 999000	 120	 999000	 999	 6.075825e+02	 600.00	 683.33	 19.00	 56	 0.67	 
BMI_bff_136	 2	 14	 209_mitzna_amram.jpg	 6.115529e+02	 24	 999000	 240	 999000	 999	 6.125713e+02	 600.00	 683.33	 47.00	 29	 0.26	 
BMI_bff_136	 2	 14	 205_german_yael.jpg	 6.135552e+02	 11	 9.394284e+02	 110	 6.000415e+02	 98	 6.145736e+02	 616.67	 683.33	 8.00	 25	 0.81	 
BMI_bff_136	 2	 14	 318_shalom_silvan.jpg	 6.155574e+02	 24	 999000	 240	 999000	 999	 6.165759e+02	 616.67	 683.33	 40.00	 58	 0.34	 
BMI_bff_136	 2	 14	 319_steinitz_yuval.jpg	 6.185609e+02	 24	 999000	 240	 999000	 999	 6.195791e+02	 616.67	 683.33	 39.00	 59	 0.35	 
