subjectID	 order	 runNum	 itemName	 onsetTime	 shuff_trialType	 RT	 respInTime	 AudioTime	 response	 fixationTime	 ladder1	 ladder2	 bidIndex	 itemNameIndex	 bidValue	 
BMI_bff_123	 1	 17	 207_lapid_yair.jpg	 7.741636e+02	 22	 1.082975e+03	 2200	 6.833853e+02	 98	 7.751819e+02	 750.00	 633.33	 47.00	 27	 0.31	 
BMI_bff_123	 1	 17	 114_shafir_stav.jpg	 7.791692e+02	 24	 999000	 240	 999000	 999	 7.801875e+02	 750.00	 633.33	 42.00	 14	 0.39	 
BMI_bff_123	 1	 17	 108_khenin_dov.jpg	 7.811547e+02	 22	 9.958744e+02	 220	 6.333772e+02	 98	 7.821731e+02	 750.00	 650.00	 53.00	 8	 0.26	 
BMI_bff_123	 1	 17	 318_shalom_silvan.jpg	 7.831600e+02	 24	 999000	 240	 999000	 999	 7.841753e+02	 750.00	 650.00	 48.00	 58	 0.31	 
BMI_bff_123	 1	 17	 220_tamnu_shata_penina.jpg	 7.891637e+02	 12	 999000	 120	 999000	 999	 7.901820e+02	 750.00	 650.00	 8.00	 40	 0.77	 
BMI_bff_123	 1	 17	 118_yacimovich_shelly.jpg	 7.911660e+02	 12	 999000	 120	 999000	 999	 7.921843e+02	 750.00	 650.00	 11.00	 18	 0.74	 
BMI_bff_123	 1	 17	 211_molla_shlomo.jpg	 7.941693e+02	 12	 999000	 120	 999000	 999	 7.951876e+02	 750.00	 650.00	 21.00	 31	 0.60	 
BMI_bff_123	 1	 17	 119_zandberg_tamar.jpg	 7.961549e+02	 11	 9.477185e+02	 110	 7.500441e+02	 98	 7.971732e+02	 766.67	 650.00	 7.00	 19	 0.80	 
BMI_bff_123	 1	 17	 217_shelach_ofer.jpg	 8.001593e+02	 22	 9.672891e+02	 220	 6.500245e+02	 98	 8.011777e+02	 766.67	 666.67	 44.00	 37	 0.38	 
BMI_bff_123	 1	 17	 112_peretz_amir.jpg	 8.021616e+02	 24	 999000	 240	 999000	 999	 8.031800e+02	 766.67	 666.67	 55.00	 12	 0.15	 
BMI_bff_123	 1	 17	 213_perry_yaakov.jpg	 8.071672e+02	 12	 999000	 120	 999000	 999	 8.081856e+02	 766.67	 666.67	 5.00	 33	 0.80	 
BMI_bff_123	 1	 17	 205_german_yael.jpg	 8.141584e+02	 11	 9.602254e+02	 110	 7.667397e+02	 98	 8.151767e+02	 783.33	 666.67	 10.00	 25	 0.75	 
BMI_bff_123	 1	 17	 319_steinitz_yuval.jpg	 8.161606e+02	 11	 1.269977e+03	 1100	 7.833868e+02	 98	 8.171788e+02	 733.33	 666.67	 18.00	 59	 0.63	 
BMI_bff_123	 1	 17	 115_shimon_peres.jpg	 8.191640e+02	 24	 999000	 240	 999000	 999	 8.201824e+02	 733.33	 666.67	 39.00	 15	 0.40	 
BMI_bff_123	 1	 17	 107_horowitz_nitzan.jpg	 8.221674e+02	 11	 9.832226e+02	 110	 7.333620e+02	 98	 8.231859e+02	 750.00	 666.67	 13.00	 7	 0.68	 
BMI_bff_123	 1	 17	 303_deri_arye.jpg	 8.261552e+02	 22	 9.074512e+02	 220	 6.667060e+02	 98	 8.271736e+02	 750.00	 683.33	 45.00	 43	 0.37	 
BMI_bff_123	 1	 17	 101_barak_ehud.jpg	 8.301596e+02	 24	 999000	 240	 999000	 999	 8.311780e+02	 750.00	 683.33	 49.00	 1	 0.30	 
BMI_bff_123	 1	 17	 110_nachman_shai.jpg	 8.341642e+02	 22	 9.544226e+02	 220	 6.833801e+02	 98	 8.351825e+02	 750.00	 700.00	 50.00	 10	 0.29	 
BMI_bff_123	 1	 17	 204_galant_yoav.jpg	 8.371675e+02	 24	 999000	 240	 999000	 999	 8.381859e+02	 750.00	 700.00	 56.00	 24	 0.14	 
BMI_bff_123	 1	 17	 215_rozbozov_yoel.jpg	 8.431576e+02	 12	 999000	 120	 999000	 999	 8.441759e+02	 750.00	 700.00	 4.00	 35	 0.84	 
BMI_bff_123	 1	 17	 113_rosenthal_mickey.jpg	 8.451598e+02	 12	 999000	 120	 999000	 999	 8.461783e+02	 750.00	 700.00	 14.00	 13	 0.67	 
BMI_bff_123	 1	 17	 315_regev_miri.jpg	 8.481631e+02	 12	 3.634657e+02	 12	 999000	 98	 8.491816e+02	 750.00	 700.00	 9.00	 55	 0.76	 
BMI_bff_123	 1	 17	 201_baron_roni.jpg	 8.501655e+02	 24	 999000	 240	 999000	 999	 8.511838e+02	 750.00	 700.00	 57.00	 21	 0.13	 
BMI_bff_123	 1	 17	 306_gafni_moshe.jpg	 8.521677e+02	 22	 1.054938e+03	 2200	 7.000483e+02	 98	 8.531860e+02	 750.00	 650.00	 52.00	 46	 0.26	 
BMI_bff_123	 1	 17	 316_saar_gidon.jpg	 8.541531e+02	 11	 1.069473e+03	 1100	 7.500264e+02	 98	 8.551715e+02	 700.00	 650.00	 15.00	 56	 0.64	 
BMI_bff_123	 1	 17	 302_danon_danny.jpg	 8.571566e+02	 12	 999000	 120	 999000	 999	 8.581750e+02	 700.00	 650.00	 19.00	 42	 0.62	 
BMI_bff_123	 1	 17	 305_erdan_gilad.jpg	 8.611611e+02	 24	 999000	 240	 999000	 999	 8.621794e+02	 700.00	 650.00	 40.00	 45	 0.40	 
BMI_bff_123	 1	 17	 109_michaeli_meirav.jpg	 8.631633e+02	 24	 999000	 240	 999000	 999	 8.641817e+02	 700.00	 650.00	 58.00	 9	 0.13	 
BMI_bff_123	 1	 17	 301_benet_naftali.jpg	 8.651655e+02	 12	 999000	 120	 999000	 999	 8.661839e+02	 700.00	 650.00	 22.00	 41	 0.60	 
BMI_bff_123	 1	 17	 219_stern_eliezer.jpg	 8.671677e+02	 24	 999000	 240	 999000	 999	 8.681861e+02	 700.00	 650.00	 54.00	 39	 0.25	 
BMI_bff_123	 1	 17	 218_shitrit_meir.jpg	 8.691532e+02	 12	 999000	 120	 999000	 999	 8.701717e+02	 700.00	 650.00	 16.00	 38	 0.64	 
BMI_bff_123	 1	 17	 311_liberman_avigdor.jpg	 8.711556e+02	 24	 999000	 240	 999000	 999	 8.721741e+02	 700.00	 650.00	 41.00	 51	 0.39	 
BMI_bff_123	 1	 17	 310_kirshenbaum_faina.jpg	 8.751601e+02	 12	 999000	 120	 999000	 999	 8.761784e+02	 700.00	 650.00	 6.00	 50	 0.80	 
BMI_bff_123	 1	 17	 208_livnee_zipi.jpg	 8.791645e+02	 12	 999000	 120	 999000	 999	 8.801829e+02	 700.00	 650.00	 3.00	 28	 0.88	 
BMI_bff_123	 1	 17	 104_galon_zahava.jpg	 8.811668e+02	 12	 999000	 120	 999000	 999	 8.821851e+02	 700.00	 650.00	 17.00	 4	 0.63	 
BMI_bff_123	 1	 17	 203_cohen_meir.jpg	 8.831690e+02	 24	 999000	 240	 999000	 999	 8.841875e+02	 700.00	 650.00	 43.00	 23	 0.38	 
BMI_bff_123	 1	 17	 106_herzog_yitzhak.jpg	 8.851547e+02	 12	 999000	 120	 999000	 999	 8.861729e+02	 700.00	 650.00	 20.00	 6	 0.61	 
BMI_bff_123	 1	 17	 210_mofaz_shaul.jpg	 8.871569e+02	 24	 999000	 240	 999000	 999	 8.881752e+02	 700.00	 650.00	 51.00	 30	 0.27	 
BMI_bff_123	 1	 17	 313_lizman_yaakov.jpg	 8.931637e+02	 24	 999000	 240	 999000	 999	 8.941820e+02	 700.00	 650.00	 46.00	 53	 0.32	 
BMI_bff_123	 1	 17	 317_shaked_ayelet.jpg	 8.951658e+02	 11	 9.367785e+02	 110	 7.000710e+02	 98	 8.961842e+02	 716.67	 650.00	 12.00	 57	 0.69	 
