subjectID	 order	 runNum	 itemName	 onsetTime	 shuff_trialType	 RT	 respInTime	 AudioTime	 response	 fixationTime	 ladder1	 ladder2	 bidIndex	 itemNameIndex	 bidValue	 
BMI_bff_131	 1	 14	 319_steinitz_yuval.jpg	 3.737848e+02	 24	 999000	 240	 999000	 999	 3.748031e+02	 650.00	 716.67	 43.00	 59	 0.34	 
BMI_bff_131	 1	 14	 118_yacimovich_shelly.jpg	 3.757870e+02	 12	 999000	 120	 999000	 999	 3.768054e+02	 650.00	 716.67	 11.00	 18	 0.73	 
BMI_bff_131	 1	 14	 209_mitzna_amram.jpg	 3.797915e+02	 24	 999000	 240	 999000	 999	 3.808099e+02	 650.00	 716.67	 54.00	 29	 0.22	 
BMI_bff_131	 1	 14	 311_liberman_avigdor.jpg	 3.827781e+02	 24	 999000	 240	 999000	 999	 3.837966e+02	 650.00	 716.67	 57.00	 51	 0.19	 
BMI_bff_131	 1	 14	 108_khenin_dov.jpg	 3.847804e+02	 11	 8.988174e+02	 110	 6.500750e+02	 98	 3.857989e+02	 666.67	 716.67	 15.00	 8	 0.68	 
BMI_bff_131	 1	 14	 207_lapid_yair.jpg	 3.877837e+02	 11	 8.874538e+02	 110	 6.667185e+02	 98	 3.888022e+02	 683.33	 716.67	 18.00	 27	 0.63	 
BMI_bff_131	 1	 14	 203_cohen_meir.jpg	 3.917883e+02	 24	 999000	 240	 999000	 999	 3.928068e+02	 683.33	 716.67	 51.00	 23	 0.27	 
BMI_bff_131	 1	 14	 215_rozbozov_yoel.jpg	 3.957758e+02	 11	 8.633855e+02	 110	 6.833903e+02	 98	 3.967945e+02	 700.00	 716.67	 12.00	 35	 0.71	 
BMI_bff_131	 1	 14	 309_katz_yisrael.jpg	 3.977784e+02	 22	 9.807965e+02	 220	 7.167844e+02	 98	 3.987968e+02	 700.00	 733.33	 44.00	 49	 0.31	 
BMI_bff_131	 1	 14	 314_netanyahu.jpg	 4.027862e+02	 24	 999000	 240	 999000	 999	 4.038023e+02	 700.00	 733.33	 42.00	 54	 0.35	 
BMI_bff_131	 1	 14	 219_stern_eliezer.jpg	 4.047862e+02	 12	 999000	 120	 999000	 999	 4.058046e+02	 700.00	 733.33	 20.00	 39	 0.61	 
BMI_bff_131	 1	 14	 119_zandberg_tamar.jpg	 4.067884e+02	 12	 999000	 120	 999000	 999	 4.078069e+02	 700.00	 733.33	 6.00	 19	 0.82	 
BMI_bff_131	 1	 14	 320_yaalon_moshe.jpg	 4.127786e+02	 12	 999000	 120	 999000	 999	 4.137969e+02	 700.00	 733.33	 14.00	 60	 0.70	 
BMI_bff_131	 1	 14	 220_tamnu_shata_penina.jpg	 4.147808e+02	 12	 999000	 120	 999000	 999	 4.157991e+02	 700.00	 733.33	 16.00	 40	 0.68	 
BMI_bff_131	 1	 14	 318_shalom_silvan.jpg	 4.167830e+02	 11	 8.802191e+02	 110	 7.000407e+02	 98	 4.178015e+02	 716.67	 733.33	 13.00	 58	 0.70	 
BMI_bff_131	 1	 14	 101_barak_ehud.jpg	 4.187853e+02	 12	 999000	 120	 999000	 999	 4.198205e+02	 716.67	 733.33	 17.00	 1	 0.64	 
BMI_bff_131	 1	 14	 202_cahlon_moshe.jpg	 4.227898e+02	 12	 999000	 120	 999000	 999	 4.238082e+02	 716.67	 733.33	 9.00	 22	 0.77	 
BMI_bff_131	 1	 14	 113_rosenthal_mickey.jpg	 4.267776e+02	 24	 999000	 240	 999000	 999	 4.277960e+02	 716.67	 733.33	 39.00	 13	 0.39	 
BMI_bff_131	 1	 14	 317_shaked_ayelet.jpg	 4.297809e+02	 12	 999000	 120	 999000	 999	 4.307993e+02	 716.67	 733.33	 8.00	 57	 0.78	 
BMI_bff_131	 1	 14	 109_michaeli_meirav.jpg	 4.337855e+02	 12	 999000	 120	 999000	 999	 4.348038e+02	 716.67	 733.33	 3.00	 9	 0.87	 
BMI_bff_131	 1	 14	 312_livnat_limor.jpg	 4.367889e+02	 11	 9.383051e+02	 110	 7.166983e+02	 98	 4.378072e+02	 733.33	 733.33	 7.00	 52	 0.79	 
BMI_bff_131	 1	 14	 102_beneliezer_binyamin.jpg	 4.387911e+02	 12	 999000	 120	 999000	 999	 4.398096e+02	 733.33	 733.33	 22.00	 2	 0.58	 
BMI_bff_131	 1	 14	 313_lizman_yaakov.jpg	 4.427789e+02	 24	 999000	 240	 999000	 999	 4.437973e+02	 733.33	 733.33	 58.00	 53	 0.15	 
BMI_bff_131	 1	 14	 315_regev_miri.jpg	 4.447812e+02	 22	 1.306030e+03	 2200	 7.334009e+02	 98	 4.457994e+02	 733.33	 683.33	 53.00	 55	 0.24	 
BMI_bff_131	 1	 14	 106_herzog_yitzhak.jpg	 4.467834e+02	 11	 9.598096e+02	 110	 7.333632e+02	 98	 4.478018e+02	 750.00	 683.33	 10.00	 6	 0.74	 
BMI_bff_131	 1	 14	 206_hasson_israel.JPG	 4.507879e+02	 22	 8.592857e+02	 220	 6.833640e+02	 98	 4.518063e+02	 750.00	 700.00	 52.00	 26	 0.26	 
BMI_bff_131	 1	 14	 301_benet_naftali.jpg	 4.527901e+02	 22	 8.730477e+02	 220	 7.000364e+02	 98	 4.538086e+02	 750.00	 716.67	 47.00	 41	 0.30	 
BMI_bff_131	 1	 14	 216_sharom_ariel.jpg	 4.567781e+02	 22	 1.069091e+03	 2200	 7.167225e+02	 98	 4.577964e+02	 750.00	 666.67	 50.00	 36	 0.28	 
BMI_bff_131	 1	 14	 111_odeh_aiman.jpg	 4.607824e+02	 24	 999000	 240	 999000	 999	 4.618009e+02	 750.00	 666.67	 46.00	 11	 0.31	 
BMI_bff_131	 1	 14	 213_perry_yaakov.jpg	 4.637858e+02	 22	 8.453417e+02	 220	 6.667073e+02	 98	 4.648043e+02	 750.00	 683.33	 45.00	 33	 0.31	 
BMI_bff_131	 1	 14	 105_gilon_ilan.jpg	 4.697925e+02	 24	 999000	 240	 999000	 999	 4.708110e+02	 750.00	 683.33	 40.00	 5	 0.38	 
BMI_bff_131	 1	 14	 306_gafni_moshe.jpg	 4.717781e+02	 24	 999000	 240	 999000	 999	 4.727966e+02	 750.00	 683.33	 55.00	 46	 0.21	 
BMI_bff_131	 1	 14	 104_galon_zahava.jpg	 4.757826e+02	 12	 999000	 120	 999000	 999	 4.768011e+02	 750.00	 683.33	 5.00	 4	 0.83	 
BMI_bff_131	 1	 14	 115_shimon_peres.jpg	 4.777848e+02	 12	 999000	 120	 999000	 999	 4.788033e+02	 750.00	 683.33	 4.00	 15	 0.85	 
BMI_bff_131	 1	 14	 316_saar_gidon.jpg	 4.797871e+02	 24	 999000	 240	 999000	 999	 4.808056e+02	 750.00	 683.33	 49.00	 56	 0.29	 
BMI_bff_131	 1	 14	 107_horowitz_nitzan.jpg	 4.817894e+02	 12	 999000	 120	 999000	 999	 4.828078e+02	 750.00	 683.33	 21.00	 7	 0.58	 
BMI_bff_131	 1	 14	 212_olmert_ehud.jpg	 4.867783e+02	 24	 999000	 240	 999000	 999	 4.877968e+02	 750.00	 683.33	 48.00	 32	 0.30	 
BMI_bff_131	 1	 14	 217_shelach_ofer.jpg	 4.887806e+02	 24	 999000	 240	 999000	 999	 4.897989e+02	 750.00	 683.33	 41.00	 37	 0.37	 
BMI_bff_131	 1	 14	 211_molla_shlomo.jpg	 4.907829e+02	 24	 999000	 240	 999000	 999	 4.918015e+02	 750.00	 683.33	 56.00	 31	 0.20	 
BMI_bff_131	 1	 14	 310_kirshenbaum_faina.jpg	 4.937862e+02	 12	 999000	 120	 999000	 999	 4.948047e+02	 750.00	 683.33	 19.00	 50	 0.61	 
