subjectID	 order	 runNum	 itemName	 onsetTime	 shuff_trialType	 RT	 respInTime	 AudioTime	 response	 fixationTime	 ladder1	 ladder2	 bidIndex	 itemNameIndex	 bidValue	 
BMI_bff_113	 1	 3	 118_yacimovich_shelly.jpg	 2.647339e+02	 24	 999000	 240	 999000	 999	 2.657523e+02	 683.33	 683.33	 40.00	 18	 0.37	 
BMI_bff_113	 1	 3	 308_hotovely_tzipi.jpg	 2.677372e+02	 12	 999000	 120	 999000	 999	 2.687557e+02	 683.33	 683.33	 9.00	 48	 0.74	 
BMI_bff_113	 1	 3	 211_molla_shlomo.jpg	 2.717418e+02	 11	 9.132817e+02	 110	 6.833769e+02	 98	 2.727602e+02	 700.00	 683.33	 15.00	 31	 0.66	 
BMI_bff_113	 1	 3	 217_shelach_ofer.jpg	 2.737270e+02	 24	 999000	 240	 999000	 999	 2.747457e+02	 700.00	 683.33	 48.00	 37	 0.34	 
BMI_bff_113	 1	 3	 101_barak_ehud.jpg	 2.757296e+02	 12	 999000	 120	 999000	 999	 2.767479e+02	 700.00	 683.33	 4.00	 1	 0.84	 
BMI_bff_113	 1	 3	 109_michaeli_meirav.jpg	 2.797340e+02	 11	 9.689792e+02	 110	 7.000461e+02	 98	 2.807524e+02	 716.67	 683.33	 10.00	 9	 0.74	 
BMI_bff_113	 1	 3	 317_shaked_ayelet.jpg	 2.817364e+02	 11	 1.006656e+03	 1100	 7.167060e+02	 98	 2.827548e+02	 666.67	 683.33	 13.00	 57	 0.71	 
BMI_bff_113	 1	 3	 103_cabel_eitan.jpg	 2.867419e+02	 12	 999000	 120	 999000	 999	 2.877604e+02	 666.67	 683.33	 16.00	 3	 0.66	 
BMI_bff_113	 1	 3	 315_regev_miri.jpg	 2.887276e+02	 11	 9.834094e+02	 110	 6.667031e+02	 98	 2.897458e+02	 683.33	 683.33	 12.00	 55	 0.71	 
BMI_bff_113	 1	 3	 115_shimon_peres.jpg	 2.917309e+02	 12	 999000	 120	 999000	 999	 2.927493e+02	 683.33	 683.33	 5.00	 15	 0.84	 
BMI_bff_113	 1	 3	 104_galon_zahava.jpg	 2.947343e+02	 22	 9.367071e+02	 220	 6.833900e+02	 98	 2.957526e+02	 683.33	 700.00	 45.00	 4	 0.35	 
BMI_bff_113	 1	 3	 114_shafir_stav.jpg	 2.987387e+02	 12	 999000	 120	 999000	 999	 2.997572e+02	 683.33	 700.00	 20.00	 14	 0.62	 
BMI_bff_113	 1	 3	 216_sharom_ariel.jpg	 3.017421e+02	 11	 9.129685e+02	 110	 6.833784e+02	 98	 3.027605e+02	 700.00	 700.00	 7.00	 36	 0.80	 
BMI_bff_113	 1	 3	 111_odeh_aiman.jpg	 3.037274e+02	 24	 999000	 240	 999000	 999	 3.047461e+02	 700.00	 700.00	 56.00	 11	 0.18	 
BMI_bff_113	 1	 3	 113_rosenthal_mickey.jpg	 3.067311e+02	 22	 9.959575e+02	 220	 7.000446e+02	 98	 3.077495e+02	 700.00	 716.67	 53.00	 13	 0.22	 
BMI_bff_113	 1	 3	 202_cahlon_moshe.jpg	 3.107356e+02	 12	 999000	 120	 999000	 999	 3.117540e+02	 700.00	 716.67	 11.00	 22	 0.73	 
BMI_bff_113	 1	 3	 302_danon_danny.jpg	 3.137390e+02	 12	 999000	 120	 999000	 999	 3.147573e+02	 700.00	 716.67	 17.00	 42	 0.66	 
BMI_bff_113	 1	 3	 313_lizman_yaakov.jpg	 3.157412e+02	 12	 999000	 120	 999000	 999	 3.167596e+02	 700.00	 716.67	 21.00	 53	 0.60	 
BMI_bff_113	 1	 3	 314_netanyahu.jpg	 3.177434e+02	 12	 999000	 120	 999000	 999	 3.187618e+02	 700.00	 716.67	 3.00	 54	 0.85	 
BMI_bff_113	 1	 3	 116_shmuli_itzik.jpg	 3.227324e+02	 24	 999000	 240	 999000	 999	 3.237508e+02	 700.00	 716.67	 51.00	 16	 0.27	 
BMI_bff_113	 1	 3	 301_benet_naftali.jpg	 3.267369e+02	 12	 999000	 120	 999000	 999	 3.277553e+02	 700.00	 716.67	 8.00	 41	 0.78	 
BMI_bff_113	 1	 3	 209_mitzna_amram.jpg	 3.307414e+02	 24	 999000	 240	 999000	 999	 3.317601e+02	 700.00	 716.67	 39.00	 29	 0.38	 
BMI_bff_113	 1	 3	 309_katz_yisrael.jpg	 3.367314e+02	 24	 999000	 240	 999000	 999	 3.377498e+02	 700.00	 716.67	 54.00	 49	 0.21	 
BMI_bff_113	 1	 3	 304_dicter_abraham.jpg	 3.387337e+02	 24	 999000	 240	 999000	 999	 3.397521e+02	 700.00	 716.67	 42.00	 44	 0.36	 
BMI_bff_113	 1	 3	 102_beneliezer_binyamin.jpg	 3.407359e+02	 24	 999000	 240	 999000	 999	 3.417543e+02	 700.00	 716.67	 43.00	 2	 0.36	 
BMI_bff_113	 1	 3	 105_gilon_ilan.jpg	 3.427381e+02	 12	 999000	 120	 999000	 999	 3.437566e+02	 700.00	 716.67	 22.00	 5	 0.57	 
BMI_bff_113	 1	 3	 316_saar_gidon.jpg	 3.447404e+02	 22	 1.394606e+03	 2200	 7.167154e+02	 98	 3.457587e+02	 700.00	 666.67	 50.00	 56	 0.30	 
BMI_bff_113	 1	 3	 208_livnee_zipi.jpg	 3.487280e+02	 22	 1.023023e+03	 2200	 6.666893e+02	 98	 3.497466e+02	 700.00	 616.67	 52.00	 28	 0.26	 
BMI_bff_113	 1	 3	 205_german_yael.jpg	 3.507305e+02	 24	 999000	 240	 999000	 999	 3.517489e+02	 700.00	 616.67	 46.00	 25	 0.35	 
BMI_bff_113	 1	 3	 213_perry_yaakov.jpg	 3.547349e+02	 24	 999000	 240	 999000	 999	 3.557533e+02	 700.00	 616.67	 57.00	 33	 0.16	 
BMI_bff_113	 1	 3	 219_stern_eliezer.jpg	 3.567372e+02	 22	 999000	 2	 6.166944e+02	 999	 3.577555e+02	 700.00	 566.67	 47.00	 39	 0.34	 
BMI_bff_113	 1	 3	 207_lapid_yair.jpg	 3.587395e+02	 12	 999000	 120	 999000	 999	 3.597578e+02	 700.00	 566.67	 14.00	 27	 0.67	 
BMI_bff_113	 1	 3	 305_erdan_gilad.jpg	 3.607417e+02	 12	 999000	 120	 999000	 999	 3.617600e+02	 700.00	 566.67	 19.00	 45	 0.62	 
BMI_bff_113	 1	 3	 120_zuabi_hanin.jpg	 3.657307e+02	 24	 999000	 240	 999000	 999	 3.667490e+02	 700.00	 566.67	 55.00	 20	 0.19	 
BMI_bff_113	 1	 3	 318_shalom_silvan.jpg	 3.677328e+02	 22	 8.581786e+02	 220	 5.667290e+02	 98	 3.687514e+02	 700.00	 583.33	 44.00	 58	 0.36	 
BMI_bff_113	 1	 3	 220_tamnu_shata_penina.jpg	 3.697352e+02	 12	 999000	 120	 999000	 999	 3.707538e+02	 700.00	 583.33	 6.00	 40	 0.80	 
BMI_bff_113	 1	 3	 210_mofaz_shaul.jpg	 3.727385e+02	 24	 999000	 240	 999000	 999	 3.737569e+02	 700.00	 583.33	 58.00	 30	 0.14	 
BMI_bff_113	 1	 3	 319_steinitz_yuval.jpg	 3.797298e+02	 24	 999000	 240	 999000	 999	 3.807481e+02	 700.00	 583.33	 41.00	 59	 0.36	 
BMI_bff_113	 1	 3	 203_cohen_meir.jpg	 3.837342e+02	 11	 1.272783e+03	 1100	 7.000198e+02	 98	 3.847528e+02	 650.00	 583.33	 18.00	 23	 0.63	 
BMI_bff_113	 1	 3	 218_shitrit_meir.jpg	 3.907421e+02	 24	 999000	 240	 999000	 999	 3.917605e+02	 650.00	 583.33	 49.00	 38	 0.31	 
