subjectID	 order	 runNum	 itemName	 onsetTime	 shuff_trialType	 RT	 respInTime	 AudioTime	 response	 fixationTime	 ladder1	 ladder2	 bidIndex	 itemNameIndex	 bidValue	 
BMI_bff_131	 1	 11	 212_olmert_ehud.jpg	 1.299588e+00	 24	 999000	 240	 999000	 999	 2.317980e+00	 750.00	 750.00	 48.00	 32	 0.30	 
BMI_bff_131	 1	 11	 105_gilon_ilan.jpg	 4.303090e+00	 24	 999000	 240	 999000	 999	 5.321391e+00	 750.00	 750.00	 40.00	 5	 0.38	 
BMI_bff_131	 1	 11	 106_herzog_yitzhak.jpg	 6.305267e+00	 11	 1.013902e+03	 1100	 7.500851e+02	 98	 7.323863e+00	 700.00	 750.00	 10.00	 6	 0.74	 
BMI_bff_131	 1	 11	 118_yacimovich_shelly.jpg	 8.307572e+00	 12	 999000	 120	 999000	 999	 9.325919e+00	 700.00	 750.00	 11.00	 18	 0.73	 
BMI_bff_131	 1	 11	 320_yaalon_moshe.jpg	 1.029281e+01	 12	 999000	 120	 999000	 999	 1.131151e+01	 700.00	 750.00	 14.00	 60	 0.70	 
BMI_bff_131	 1	 11	 309_katz_yisrael.jpg	 1.329647e+01	 22	 9.667014e+02	 220	 7.500651e+02	 98	 1.431491e+01	 700.00	 766.67	 44.00	 49	 0.31	 
BMI_bff_131	 1	 11	 314_netanyahu.jpg	 1.529872e+01	 24	 999000	 240	 999000	 999	 1.631717e+01	 700.00	 766.67	 42.00	 54	 0.35	 
BMI_bff_131	 1	 11	 301_benet_naftali.jpg	 1.930331e+01	 22	 9.598578e+02	 220	 7.667138e+02	 98	 2.032161e+01	 700.00	 783.33	 47.00	 41	 0.30	 
BMI_bff_131	 1	 11	 313_lizman_yaakov.jpg	 2.130546e+01	 24	 999000	 240	 999000	 999	 2.232385e+01	 700.00	 783.33	 58.00	 53	 0.15	 
BMI_bff_131	 1	 11	 115_shimon_peres.jpg	 2.629422e+01	 12	 999000	 120	 999000	 999	 2.731290e+01	 700.00	 783.33	 4.00	 15	 0.85	 
BMI_bff_131	 1	 11	 206_hasson_israel.JPG	 2.829666e+01	 22	 1.062509e+03	 2200	 7.833981e+02	 98	 2.931507e+01	 700.00	 733.33	 52.00	 26	 0.26	 
BMI_bff_131	 1	 11	 202_cahlon_moshe.jpg	 3.230110e+01	 12	 999000	 120	 999000	 999	 3.331955e+01	 700.00	 733.33	 9.00	 22	 0.77	 
BMI_bff_131	 1	 11	 215_rozbozov_yoel.jpg	 3.430343e+01	 11	 8.957340e+02	 110	 7.000578e+02	 98	 3.532173e+01	 716.67	 733.33	 12.00	 35	 0.71	 
BMI_bff_131	 1	 11	 104_galon_zahava.jpg	 3.730679e+01	 12	 999000	 120	 999000	 999	 3.832523e+01	 716.67	 733.33	 5.00	 4	 0.83	 
BMI_bff_131	 1	 11	 207_lapid_yair.jpg	 4.229577e+01	 11	 3.193984e+02	 11	 7.167060e+02	 98	 4.331398e+01	 733.33	 733.33	 18.00	 27	 0.63	 
BMI_bff_131	 1	 11	 107_horowitz_nitzan.jpg	 4.429790e+01	 12	 999000	 120	 999000	 999	 4.531630e+01	 733.33	 733.33	 21.00	 7	 0.58	 
BMI_bff_131	 1	 11	 317_shaked_ayelet.jpg	 4.630015e+01	 12	 999000	 120	 999000	 999	 4.731867e+01	 733.33	 733.33	 8.00	 57	 0.78	 
BMI_bff_131	 1	 11	 211_molla_shlomo.jpg	 5.030464e+01	 24	 999000	 240	 999000	 999	 5.132303e+01	 733.33	 733.33	 56.00	 31	 0.20	 
BMI_bff_131	 1	 11	 312_livnat_limor.jpg	 5.429245e+01	 11	 9.227219e+02	 110	 7.333983e+02	 98	 5.531091e+01	 750.00	 733.33	 7.00	 52	 0.79	 
BMI_bff_131	 1	 11	 102_beneliezer_binyamin.jpg	 5.829696e+01	 12	 999000	 120	 999000	 999	 5.931538e+01	 750.00	 733.33	 22.00	 2	 0.58	 
BMI_bff_131	 1	 11	 306_gafni_moshe.jpg	 6.029923e+01	 24	 999000	 240	 999000	 999	 6.131764e+01	 750.00	 733.33	 55.00	 46	 0.21	 
BMI_bff_131	 1	 11	 219_stern_eliezer.jpg	 6.230145e+01	 12	 999000	 120	 999000	 999	 6.331991e+01	 750.00	 733.33	 20.00	 39	 0.61	 
BMI_bff_131	 1	 11	 315_regev_miri.jpg	 6.430375e+01	 22	 1.023421e+03	 2200	 7.333593e+02	 98	 6.532218e+01	 750.00	 683.33	 53.00	 55	 0.24	 
BMI_bff_131	 1	 11	 209_mitzna_amram.jpg	 6.630598e+01	 24	 999000	 240	 999000	 999	 6.732436e+01	 750.00	 683.33	 54.00	 29	 0.22	 
BMI_bff_131	 1	 11	 203_cohen_meir.jpg	 7.229607e+01	 24	 999000	 240	 999000	 999	 7.331443e+01	 750.00	 683.33	 51.00	 23	 0.27	 
BMI_bff_131	 1	 11	 101_barak_ehud.jpg	 7.529941e+01	 12	 999000	 120	 999000	 999	 7.631784e+01	 750.00	 683.33	 17.00	 1	 0.64	 
BMI_bff_131	 1	 11	 109_michaeli_meirav.jpg	 7.730172e+01	 12	 999000	 120	 999000	 999	 7.832011e+01	 750.00	 683.33	 3.00	 9	 0.87	 
BMI_bff_131	 1	 11	 319_steinitz_yuval.jpg	 7.930398e+01	 24	 999000	 240	 999000	 999	 8.032237e+01	 750.00	 683.33	 43.00	 59	 0.34	 
BMI_bff_131	 1	 11	 111_odeh_aiman.jpg	 8.230725e+01	 24	 999000	 240	 999000	 999	 8.332565e+01	 750.00	 683.33	 46.00	 11	 0.31	 
BMI_bff_131	 1	 11	 216_sharom_ariel.jpg	 8.429262e+01	 22	 8.665640e+02	 220	 6.833734e+02	 98	 8.531136e+01	 750.00	 700.00	 50.00	 36	 0.28	 
BMI_bff_131	 1	 11	 310_kirshenbaum_faina.jpg	 8.629514e+01	 12	 999000	 120	 999000	 999	 8.731354e+01	 750.00	 700.00	 19.00	 50	 0.61	 
BMI_bff_131	 1	 11	 213_perry_yaakov.jpg	 8.829733e+01	 22	 9.498502e+02	 220	 7.000303e+02	 98	 8.931580e+01	 750.00	 716.67	 45.00	 33	 0.31	 
BMI_bff_131	 1	 11	 217_shelach_ofer.jpg	 9.130093e+01	 24	 999000	 240	 999000	 999	 9.231910e+01	 750.00	 716.67	 41.00	 37	 0.37	 
BMI_bff_131	 1	 11	 113_rosenthal_mickey.jpg	 9.330307e+01	 24	 999000	 240	 999000	 999	 9.432134e+01	 750.00	 716.67	 39.00	 13	 0.39	 
BMI_bff_131	 1	 11	 220_tamnu_shata_penina.jpg	 9.530523e+01	 12	 999000	 120	 999000	 999	 9.632373e+01	 750.00	 716.67	 16.00	 40	 0.68	 
BMI_bff_131	 1	 11	 318_shalom_silvan.jpg	 9.730758e+01	 11	 1.011605e+03	 1100	 7.500489e+02	 98	 9.832595e+01	 700.00	 716.67	 13.00	 58	 0.70	 
BMI_bff_131	 1	 11	 311_liberman_avigdor.jpg	 9.929314e+01	 24	 999000	 240	 999000	 999	 1.003114e+02	 700.00	 716.67	 57.00	 51	 0.19	 
BMI_bff_131	 1	 11	 316_saar_gidon.jpg	 1.052998e+02	 24	 3.313272e+02	 24	 999000	 98	 1.063182e+02	 700.00	 716.67	 49.00	 56	 0.29	 
BMI_bff_131	 1	 11	 108_khenin_dov.jpg	 1.083031e+02	 11	 8.880291e+02	 110	 7.000237e+02	 98	 1.093216e+02	 716.67	 716.67	 15.00	 8	 0.68	 
BMI_bff_131	 1	 11	 119_zandberg_tamar.jpg	 1.123078e+02	 12	 999000	 120	 999000	 999	 1.133262e+02	 716.67	 716.67	 6.00	 19	 0.82	 
