subjectID	 order	 runNum	 itemName	 onsetTime	 shuff_trialType	 RT	 respInTime	 AudioTime	 response	 fixationTime	 ladder1	 ladder2	 bidIndex	 itemNameIndex	 bidValue	 
BMI_bff_131	 1	 12	 202_cahlon_moshe.jpg	 1.160282e+02	 12	 999000	 120	 999000	 999	 1.170469e+02	 716.67	 716.67	 9.00	 22	 0.77	 
BMI_bff_131	 1	 12	 217_shelach_ofer.jpg	 1.190319e+02	 24	 999000	 240	 999000	 999	 1.200503e+02	 716.67	 716.67	 41.00	 37	 0.37	 
BMI_bff_131	 1	 12	 104_galon_zahava.jpg	 1.230195e+02	 12	 999000	 120	 999000	 999	 1.240381e+02	 716.67	 716.67	 5.00	 4	 0.83	 
BMI_bff_131	 1	 12	 119_zandberg_tamar.jpg	 1.250220e+02	 12	 999000	 120	 999000	 999	 1.260405e+02	 716.67	 716.67	 6.00	 19	 0.82	 
BMI_bff_131	 1	 12	 209_mitzna_amram.jpg	 1.270242e+02	 24	 999000	 240	 999000	 999	 1.280426e+02	 716.67	 716.67	 54.00	 29	 0.22	 
BMI_bff_131	 1	 12	 206_hasson_israel.JPG	 1.310287e+02	 22	 9.624611e+02	 220	 7.167505e+02	 98	 1.320471e+02	 716.67	 733.33	 52.00	 26	 0.26	 
BMI_bff_131	 1	 12	 102_beneliezer_binyamin.jpg	 1.330309e+02	 12	 999000	 120	 999000	 999	 1.340493e+02	 716.67	 733.33	 22.00	 2	 0.58	 
BMI_bff_131	 1	 12	 216_sharom_ariel.jpg	 1.380196e+02	 22	 9.715578e+02	 220	 7.333903e+02	 98	 1.390383e+02	 716.67	 750.00	 50.00	 36	 0.28	 
BMI_bff_131	 1	 12	 109_michaeli_meirav.jpg	 1.400221e+02	 12	 999000	 120	 999000	 999	 1.410406e+02	 716.67	 750.00	 3.00	 9	 0.87	 
BMI_bff_131	 1	 12	 314_netanyahu.jpg	 1.430255e+02	 24	 999000	 240	 999000	 999	 1.440440e+02	 716.67	 750.00	 42.00	 54	 0.35	 
BMI_bff_131	 1	 12	 219_stern_eliezer.jpg	 1.460289e+02	 12	 999000	 120	 999000	 999	 1.470475e+02	 716.67	 750.00	 20.00	 39	 0.61	 
BMI_bff_131	 1	 12	 203_cohen_meir.jpg	 1.500334e+02	 24	 999000	 240	 999000	 999	 1.510519e+02	 716.67	 750.00	 51.00	 23	 0.27	 
BMI_bff_131	 1	 12	 113_rosenthal_mickey.jpg	 1.530198e+02	 24	 999000	 240	 999000	 999	 1.540385e+02	 716.67	 750.00	 39.00	 13	 0.39	 
BMI_bff_131	 1	 12	 207_lapid_yair.jpg	 1.550224e+02	 11	 9.927925e+02	 110	 7.167346e+02	 98	 1.560407e+02	 733.33	 750.00	 18.00	 27	 0.63	 
BMI_bff_131	 1	 12	 317_shaked_ayelet.jpg	 1.580257e+02	 12	 999000	 120	 999000	 999	 1.590443e+02	 733.33	 750.00	 8.00	 57	 0.78	 
BMI_bff_131	 1	 12	 316_saar_gidon.jpg	 1.620302e+02	 24	 999000	 240	 999000	 999	 1.630486e+02	 733.33	 750.00	 49.00	 56	 0.29	 
BMI_bff_131	 1	 12	 215_rozbozov_yoel.jpg	 1.650336e+02	 11	 9.735659e+02	 110	 7.333616e+02	 98	 1.660521e+02	 750.00	 750.00	 12.00	 35	 0.71	 
BMI_bff_131	 1	 12	 115_shimon_peres.jpg	 1.670359e+02	 12	 999000	 120	 999000	 999	 1.680543e+02	 750.00	 750.00	 4.00	 15	 0.85	 
BMI_bff_131	 1	 12	 313_lizman_yaakov.jpg	 1.690242e+02	 24	 999000	 240	 999000	 999	 1.700398e+02	 750.00	 750.00	 58.00	 53	 0.15	 
BMI_bff_131	 1	 12	 320_yaalon_moshe.jpg	 1.740270e+02	 12	 999000	 120	 999000	 999	 1.750454e+02	 750.00	 750.00	 14.00	 60	 0.70	 
BMI_bff_131	 1	 12	 310_kirshenbaum_faina.jpg	 1.780315e+02	 12	 999000	 120	 999000	 999	 1.790498e+02	 750.00	 750.00	 19.00	 50	 0.61	 
BMI_bff_131	 1	 12	 311_liberman_avigdor.jpg	 1.820360e+02	 24	 999000	 240	 999000	 999	 1.830543e+02	 750.00	 750.00	 57.00	 51	 0.19	 
BMI_bff_131	 1	 12	 101_barak_ehud.jpg	 1.880261e+02	 12	 999000	 120	 999000	 999	 1.890444e+02	 750.00	 750.00	 17.00	 1	 0.64	 
BMI_bff_131	 1	 12	 107_horowitz_nitzan.jpg	 1.900283e+02	 12	 999000	 120	 999000	 999	 1.910469e+02	 750.00	 750.00	 21.00	 7	 0.58	 
BMI_bff_131	 1	 12	 211_molla_shlomo.jpg	 1.920306e+02	 24	 999000	 240	 999000	 999	 1.930489e+02	 750.00	 750.00	 56.00	 31	 0.20	 
BMI_bff_131	 1	 12	 213_perry_yaakov.jpg	 1.940328e+02	 22	 1.014398e+03	 2200	 7.500451e+02	 98	 1.950517e+02	 750.00	 700.00	 45.00	 33	 0.31	 
BMI_bff_131	 1	 12	 312_livnat_limor.jpg	 1.960350e+02	 11	 1.004130e+03	 1100	 7.500484e+02	 98	 1.970561e+02	 700.00	 700.00	 7.00	 52	 0.79	 
BMI_bff_131	 1	 12	 220_tamnu_shata_penina.jpg	 2.000229e+02	 12	 999000	 120	 999000	 999	 2.010412e+02	 700.00	 700.00	 16.00	 40	 0.68	 
BMI_bff_131	 1	 12	 318_shalom_silvan.jpg	 2.020252e+02	 11	 8.860038e+02	 110	 7.000449e+02	 98	 2.030436e+02	 716.67	 700.00	 13.00	 58	 0.70	 
BMI_bff_131	 1	 12	 301_benet_naftali.jpg	 2.060296e+02	 22	 9.055735e+02	 220	 7.000628e+02	 98	 2.070480e+02	 716.67	 716.67	 47.00	 41	 0.30	 
BMI_bff_131	 1	 12	 105_gilon_ilan.jpg	 2.080319e+02	 24	 999000	 240	 999000	 999	 2.090504e+02	 716.67	 716.67	 40.00	 5	 0.38	 
BMI_bff_131	 1	 12	 309_katz_yisrael.jpg	 2.100341e+02	 22	 9.171002e+02	 220	 7.167176e+02	 98	 2.110526e+02	 716.67	 733.33	 44.00	 49	 0.31	 
BMI_bff_131	 1	 12	 106_herzog_yitzhak.jpg	 2.120364e+02	 11	 9.948050e+02	 110	 7.167142e+02	 98	 2.130550e+02	 733.33	 733.33	 10.00	 6	 0.74	 
BMI_bff_131	 1	 12	 118_yacimovich_shelly.jpg	 2.170253e+02	 12	 999000	 120	 999000	 999	 2.180437e+02	 733.33	 733.33	 11.00	 18	 0.73	 
BMI_bff_131	 1	 12	 319_steinitz_yuval.jpg	 2.190275e+02	 24	 999000	 240	 999000	 999	 2.200460e+02	 733.33	 733.33	 43.00	 59	 0.34	 
BMI_bff_131	 1	 12	 315_regev_miri.jpg	 2.210298e+02	 22	 8.813745e+02	 220	 7.333592e+02	 98	 2.220482e+02	 733.33	 750.00	 53.00	 55	 0.24	 
BMI_bff_131	 1	 12	 212_olmert_ehud.jpg	 2.240332e+02	 24	 999000	 240	 999000	 999	 2.250516e+02	 733.33	 750.00	 48.00	 32	 0.30	 
BMI_bff_131	 1	 12	 108_khenin_dov.jpg	 2.310244e+02	 11	 9.348014e+02	 110	 7.333630e+02	 98	 2.320427e+02	 750.00	 750.00	 15.00	 8	 0.68	 
BMI_bff_131	 1	 12	 111_odeh_aiman.jpg	 2.350289e+02	 24	 999000	 240	 999000	 999	 2.360474e+02	 750.00	 750.00	 46.00	 11	 0.31	 
BMI_bff_131	 1	 12	 306_gafni_moshe.jpg	 2.420198e+02	 24	 999000	 240	 999000	 999	 2.430385e+02	 750.00	 750.00	 55.00	 46	 0.21	 
