subjectID	 order	 runNum	 itemName	 onsetTime	 shuff_trialType	 RT	 respInTime	 AudioTime	 response	 fixationTime	 ladder1	 ladder2	 bidIndex	 itemNameIndex	 bidValue	 
BMI_bff_114	 2	 11	 119_zandberg_tamar.jpg	 1.279038e+00	 11	 1.192279e+03	 1100	 7.500816e+02	 98	 2.297395e+00	 700.00	 750.00	 14.00	 19	 0.68	 
BMI_bff_114	 2	 11	 305_erdan_gilad.jpg	 4.282674e+00	 12	 999000	 120	 999000	 999	 5.301009e+00	 700.00	 750.00	 6.00	 45	 0.76	 
BMI_bff_114	 2	 11	 319_steinitz_yuval.jpg	 6.284910e+00	 12	 999000	 120	 999000	 999	 7.303404e+00	 700.00	 750.00	 10.00	 59	 0.70	 
BMI_bff_114	 2	 11	 218_shitrit_meir.jpg	 8.286985e+00	 24	 999000	 240	 999000	 999	 9.305568e+00	 700.00	 750.00	 53.00	 38	 0.28	 
BMI_bff_114	 2	 11	 320_yaalon_moshe.jpg	 1.028945e+01	 22	 1.037859e+03	 2	 7.500648e+02	 115	 1.130762e+01	 700.00	 700.00	 51.00	 60	 0.29	 
BMI_bff_114	 2	 11	 213_perry_yaakov.jpg	 1.327590e+01	 24	 999000	 240	 999000	 999	 1.429449e+01	 700.00	 700.00	 50.00	 33	 0.30	 
BMI_bff_114	 2	 11	 304_dicter_abraham.jpg	 1.527836e+01	 24	 999000	 240	 999000	 999	 1.629673e+01	 700.00	 700.00	 44.00	 44	 0.37	 
BMI_bff_114	 2	 11	 203_cohen_meir.jpg	 1.928275e+01	 24	 999000	 240	 999000	 999	 2.030125e+01	 700.00	 700.00	 52.00	 23	 0.28	 
BMI_bff_114	 2	 11	 118_yacimovich_shelly.jpg	 2.128503e+01	 24	 999000	 240	 999000	 999	 2.230353e+01	 700.00	 700.00	 40.00	 18	 0.41	 
BMI_bff_114	 2	 11	 219_stern_eliezer.jpg	 2.629067e+01	 12	 999000	 120	 999000	 999	 2.730898e+01	 700.00	 700.00	 18.00	 39	 0.61	 
BMI_bff_114	 2	 11	 111_odeh_aiman.jpg	 2.827597e+01	 11	 1.011345e+03	 1100	 7.000645e+02	 98	 2.929630e+01	 650.00	 700.00	 17.00	 11	 0.62	 
BMI_bff_114	 2	 11	 114_shafir_stav.jpg	 3.228070e+01	 22	 9.666100e+02	 220	 7.000454e+02	 98	 3.329928e+01	 650.00	 716.67	 46.00	 14	 0.35	 
BMI_bff_114	 2	 11	 113_rosenthal_mickey.jpg	 3.428307e+01	 24	 999000	 240	 999000	 999	 3.530128e+01	 650.00	 716.67	 56.00	 13	 0.24	 
BMI_bff_114	 2	 11	 105_gilon_ilan.jpg	 3.728633e+01	 24	 999000	 240	 999000	 999	 3.830474e+01	 650.00	 716.67	 47.00	 5	 0.33	 
BMI_bff_114	 2	 11	 212_olmert_ehud.jpg	 4.229198e+01	 24	 999000	 240	 999000	 999	 4.331031e+01	 650.00	 716.67	 41.00	 32	 0.40	 
BMI_bff_114	 2	 11	 120_zuabi_hanin.jpg	 4.427746e+01	 24	 999000	 240	 999000	 999	 4.529590e+01	 650.00	 716.67	 42.00	 20	 0.40	 
BMI_bff_114	 2	 11	 308_hotovely_tzipi.jpg	 4.627972e+01	 12	 999000	 120	 999000	 999	 4.729814e+01	 650.00	 716.67	 7.00	 48	 0.75	 
BMI_bff_114	 2	 11	 208_livnee_zipi.jpg	 5.028421e+01	 24	 999000	 240	 999000	 999	 5.130256e+01	 650.00	 716.67	 45.00	 28	 0.36	 
BMI_bff_114	 2	 11	 302_danon_danny.jpg	 5.428876e+01	 12	 999000	 120	 999000	 999	 5.530713e+01	 650.00	 716.67	 15.00	 42	 0.63	 
BMI_bff_114	 2	 11	 102_beneliezer_binyamin.jpg	 5.827652e+01	 12	 999000	 120	 999000	 999	 5.929495e+01	 650.00	 716.67	 20.00	 2	 0.57	 
BMI_bff_114	 2	 11	 317_shaked_ayelet.jpg	 6.027879e+01	 12	 999000	 120	 999000	 999	 6.129720e+01	 650.00	 716.67	 3.00	 57	 0.89	 
BMI_bff_114	 2	 11	 101_barak_ehud.jpg	 6.228105e+01	 12	 999000	 120	 999000	 999	 6.329945e+01	 650.00	 716.67	 5.00	 1	 0.77	 
BMI_bff_114	 2	 11	 109_michaeli_meirav.jpg	 6.428325e+01	 12	 999000	 120	 999000	 999	 6.530168e+01	 650.00	 716.67	 4.00	 9	 0.84	 
BMI_bff_114	 2	 11	 214_piron_shai.jpg	 6.628550e+01	 22	 1.145803e+03	 2200	 7.167158e+02	 98	 6.730381e+01	 650.00	 666.67	 54.00	 34	 0.25	 
BMI_bff_114	 2	 11	 106_herzog_yitzhak.jpg	 7.227527e+01	 12	 999000	 120	 999000	 999	 7.329391e+01	 650.00	 666.67	 13.00	 6	 0.69	 
BMI_bff_114	 2	 11	 211_molla_shlomo.jpg	 7.527892e+01	 11	 9.683877e+02	 110	 6.500355e+02	 98	 7.629727e+01	 666.67	 666.67	 8.00	 31	 0.74	 
BMI_bff_114	 2	 11	 316_saar_gidon.jpg	 7.728122e+01	 12	 999000	 120	 999000	 999	 7.829963e+01	 666.67	 666.67	 19.00	 56	 0.59	 
BMI_bff_114	 2	 11	 117_tibi_ahmed.jpg	 7.928341e+01	 24	 999000	 240	 999000	 999	 8.030157e+01	 666.67	 666.67	 58.00	 17	 0.21	 
BMI_bff_114	 2	 11	 220_tamnu_shata_penina.jpg	 8.228679e+01	 11	 9.125236e+02	 110	 6.667373e+02	 98	 8.330519e+01	 683.33	 666.67	 9.00	 40	 0.72	 
BMI_bff_114	 2	 11	 310_kirshenbaum_faina.jpg	 8.428903e+01	 12	 999000	 120	 999000	 999	 8.530743e+01	 683.33	 666.67	 21.00	 50	 0.56	 
BMI_bff_114	 2	 11	 216_sharom_ariel.jpg	 8.629130e+01	 24	 999000	 240	 999000	 999	 8.730936e+01	 683.33	 666.67	 39.00	 36	 0.42	 
BMI_bff_114	 2	 11	 205_german_yael.jpg	 8.827684e+01	 22	 9.704842e+02	 220	 6.667087e+02	 98	 8.929523e+01	 683.33	 683.33	 48.00	 25	 0.33	 
BMI_bff_114	 2	 11	 309_katz_yisrael.jpg	 9.128029e+01	 22	 9.670094e+02	 220	 6.833690e+02	 98	 9.229860e+01	 683.33	 700.00	 49.00	 49	 0.31	 
BMI_bff_114	 2	 11	 107_horowitz_nitzan.jpg	 9.328250e+01	 22	 4.768301e+02	 22	 7.000656e+02	 98	 9.430092e+01	 683.33	 716.67	 43.00	 7	 0.39	 
BMI_bff_114	 2	 11	 115_shimon_peres.jpg	 9.528471e+01	 11	 8.825901e+02	 110	 6.833830e+02	 98	 9.630303e+01	 700.00	 716.67	 16.00	 15	 0.63	 
BMI_bff_114	 2	 11	 112_peretz_amir.jpg	 9.728693e+01	 24	 999000	 240	 999000	 999	 9.830538e+01	 700.00	 716.67	 57.00	 12	 0.24	 
BMI_bff_114	 2	 11	 315_regev_miri.jpg	 9.928916e+01	 12	 999000	 120	 999000	 999	 1.003076e+02	 700.00	 716.67	 22.00	 55	 0.55	 
BMI_bff_114	 2	 11	 301_benet_naftali.jpg	 1.052792e+02	 12	 999000	 120	 999000	 999	 1.062977e+02	 700.00	 716.67	 12.00	 41	 0.69	 
BMI_bff_114	 2	 11	 204_galant_yoav.jpg	 1.082826e+02	 24	 999000	 240	 999000	 999	 1.093010e+02	 700.00	 716.67	 55.00	 24	 0.24	 
BMI_bff_114	 2	 11	 207_lapid_yair.jpg	 1.122870e+02	 11	 1.416273e+03	 1100	 7.000574e+02	 98	 1.133054e+02	 650.00	 716.67	 11.00	 27	 0.70	 
