subjectID	 order	 runNum	 itemName	 onsetTime	 shuff_trialType	 RT	 respInTime	 AudioTime	 response	 fixationTime	 ladder1	 ladder2	 bidIndex	 itemNameIndex	 bidValue	 
BMI_bff_135	 1	 17	 306_gafni_moshe.jpg	 9.726907e+02	 24	 999000	 240	 999000	 999	 9.737091e+02	 550.00	 550.00	 49.00	 46	 0.27	 
BMI_bff_135	 1	 17	 104_galon_zahava.jpg	 9.756940e+02	 12	 999000	 120	 999000	 999	 9.767124e+02	 550.00	 550.00	 8.00	 4	 0.80	 
BMI_bff_135	 1	 17	 308_hotovely_tzipi.jpg	 9.776962e+02	 12	 999000	 120	 999000	 999	 9.787147e+02	 550.00	 550.00	 3.00	 48	 0.92	 
BMI_bff_135	 1	 17	 107_horowitz_nitzan.jpg	 9.796985e+02	 11	 9.486935e+02	 110	 5.500782e+02	 98	 9.807169e+02	 566.67	 550.00	 12.00	 7	 0.70	 
BMI_bff_135	 1	 17	 307_hazan_oren.jpg	 9.816840e+02	 11	 8.591588e+02	 110	 5.667183e+02	 98	 9.827025e+02	 583.33	 550.00	 13.00	 47	 0.68	 
BMI_bff_135	 1	 17	 316_saar_gidon.jpg	 9.846875e+02	 12	 999000	 120	 999000	 999	 9.857058e+02	 583.33	 550.00	 17.00	 56	 0.64	 
BMI_bff_135	 1	 17	 112_peretz_amir.jpg	 9.866898e+02	 24	 999000	 240	 999000	 999	 9.877081e+02	 583.33	 550.00	 58.00	 12	 0.13	 
BMI_bff_135	 1	 17	 315_regev_miri.jpg	 9.906941e+02	 24	 999000	 240	 999000	 999	 9.917125e+02	 583.33	 550.00	 39.00	 55	 0.41	 
BMI_bff_135	 1	 17	 102_beneliezer_binyamin.jpg	 9.926965e+02	 24	 999000	 240	 999000	 999	 9.937148e+02	 583.33	 550.00	 41.00	 2	 0.38	 
BMI_bff_135	 1	 17	 313_lizman_yaakov.jpg	 9.976853e+02	 12	 999000	 120	 999000	 999	 9.987037e+02	 583.33	 550.00	 21.00	 53	 0.60	 
BMI_bff_135	 1	 17	 319_steinitz_yuval.jpg	 9.996875e+02	 11	 9.756461e+02	 110	 5.833687e+02	 98	 1.000706e+03	 600.00	 550.00	 15.00	 59	 0.65	 
BMI_bff_135	 1	 17	 204_galant_yoav.jpg	 1.003692e+03	 24	 999000	 240	 999000	 999	 1.004710e+03	 600.00	 550.00	 57.00	 24	 0.14	 
BMI_bff_135	 1	 17	 317_shaked_ayelet.jpg	 1.005694e+03	 12	 999000	 120	 999000	 999	 1.006713e+03	 600.00	 550.00	 4.00	 57	 0.90	 
BMI_bff_135	 1	 17	 108_khenin_dov.jpg	 1.008698e+03	 24	 999000	 240	 999000	 999	 1.009716e+03	 600.00	 550.00	 55.00	 8	 0.18	 
BMI_bff_135	 1	 17	 113_rosenthal_mickey.jpg	 1.013687e+03	 24	 999000	 240	 999000	 999	 1.014705e+03	 600.00	 550.00	 42.00	 13	 0.38	 
BMI_bff_135	 1	 17	 212_olmert_ehud.jpg	 1.015689e+03	 24	 999000	 240	 999000	 999	 1.016707e+03	 600.00	 550.00	 48.00	 32	 0.28	 
BMI_bff_135	 1	 17	 304_dicter_abraham.jpg	 1.017691e+03	 12	 999000	 120	 999000	 999	 1.018710e+03	 600.00	 550.00	 20.00	 44	 0.60	 
BMI_bff_135	 1	 17	 111_odeh_aiman.jpg	 1.021696e+03	 22	 8.796082e+02	 220	 5.500985e+02	 98	 1.022714e+03	 600.00	 566.67	 47.00	 11	 0.28	 
BMI_bff_135	 1	 17	 101_barak_ehud.jpg	 1.025683e+03	 22	 8.681069e+02	 220	 5.667306e+02	 98	 1.026702e+03	 600.00	 583.33	 50.00	 1	 0.22	 
BMI_bff_135	 1	 17	 220_tamnu_shata_penina.jpg	 1.029688e+03	 22	 8.232668e+02	 220	 5.833847e+02	 98	 1.030706e+03	 600.00	 600.00	 45.00	 40	 0.32	 
BMI_bff_135	 1	 17	 206_hasson_israel.JPG	 1.031690e+03	 12	 999000	 120	 999000	 999	 1.032709e+03	 600.00	 600.00	 14.00	 26	 0.66	 
BMI_bff_135	 1	 17	 118_yacimovich_shelly.jpg	 1.033692e+03	 11	 8.827077e+02	 110	 6.000452e+02	 98	 1.034711e+03	 616.67	 600.00	 18.00	 18	 0.64	 
BMI_bff_135	 1	 17	 214_piron_shai.jpg	 1.035695e+03	 24	 999000	 240	 999000	 999	 1.036713e+03	 616.67	 600.00	 46.00	 34	 0.30	 
BMI_bff_135	 1	 17	 216_sharom_ariel.jpg	 1.037697e+03	 24	 999000	 240	 999000	 999	 1.038715e+03	 616.67	 600.00	 54.00	 36	 0.18	 
BMI_bff_135	 1	 17	 205_german_yael.jpg	 1.043687e+03	 12	 999000	 120	 999000	 999	 1.044705e+03	 616.67	 600.00	 5.00	 25	 0.85	 
BMI_bff_135	 1	 17	 208_livnee_zipi.jpg	 1.046690e+03	 11	 1.004913e+03	 1100	 6.167219e+02	 98	 1.047710e+03	 566.67	 600.00	 10.00	 28	 0.74	 
BMI_bff_135	 1	 17	 215_rozbozov_yoel.jpg	 1.048693e+03	 12	 999000	 120	 999000	 999	 1.049711e+03	 566.67	 600.00	 11.00	 35	 0.70	 
BMI_bff_135	 1	 17	 202_cahlon_moshe.jpg	 1.050695e+03	 24	 999000	 240	 999000	 999	 1.051713e+03	 566.67	 600.00	 51.00	 22	 0.21	 
BMI_bff_135	 1	 17	 309_katz_yisrael.jpg	 1.053681e+03	 24	 999000	 240	 999000	 999	 1.054700e+03	 566.67	 600.00	 56.00	 49	 0.17	 
BMI_bff_135	 1	 17	 217_shelach_ofer.jpg	 1.055684e+03	 24	 999000	 240	 999000	 999	 1.056702e+03	 566.67	 600.00	 43.00	 37	 0.34	 
BMI_bff_135	 1	 17	 320_yaalon_moshe.jpg	 1.057686e+03	 22	 9.691434e+02	 220	 6.000417e+02	 98	 1.058705e+03	 566.67	 616.67	 52.00	 60	 0.21	 
BMI_bff_135	 1	 17	 311_liberman_avigdor.jpg	 1.059688e+03	 22	 1.022896e+03	 2200	 6.167460e+02	 98	 1.060707e+03	 566.67	 566.67	 44.00	 51	 0.34	 
BMI_bff_135	 1	 17	 120_zuabi_hanin.jpg	 1.062692e+03	 12	 999000	 120	 999000	 999	 1.063710e+03	 566.67	 566.67	 6.00	 20	 0.83	 
BMI_bff_135	 1	 17	 106_herzog_yitzhak.jpg	 1.064694e+03	 12	 999000	 120	 999000	 999	 1.065712e+03	 566.67	 566.67	 9.00	 6	 0.80	 
BMI_bff_135	 1	 17	 302_danon_danny.jpg	 1.066696e+03	 12	 999000	 120	 999000	 999	 1.067714e+03	 566.67	 566.67	 16.00	 42	 0.65	 
BMI_bff_135	 1	 17	 305_erdan_gilad.jpg	 1.068681e+03	 12	 999000	 120	 999000	 999	 1.069700e+03	 566.67	 566.67	 19.00	 45	 0.60	 
BMI_bff_135	 1	 17	 210_mofaz_shaul.jpg	 1.070684e+03	 22	 8.912289e+02	 220	 5.667273e+02	 98	 1.071702e+03	 566.67	 583.33	 53.00	 30	 0.20	 
BMI_bff_135	 1	 17	 207_lapid_yair.jpg	 1.076691e+03	 24	 999000	 240	 999000	 999	 1.077709e+03	 566.67	 583.33	 40.00	 27	 0.39	 
BMI_bff_135	 1	 17	 219_stern_eliezer.jpg	 1.079694e+03	 12	 999000	 120	 999000	 999	 1.080713e+03	 566.67	 583.33	 22.00	 39	 0.59	 
BMI_bff_135	 1	 17	 310_kirshenbaum_faina.jpg	 1.083682e+03	 11	 7.736534e+02	 110	 5.666980e+02	 98	 1.084700e+03	 583.33	 583.33	 7.00	 50	 0.81	 
