subjectID	 order	 runNum	 itemName	 onsetTime	 shuff_trialType	 RT	 respInTime	 AudioTime	 response	 fixationTime	 ladder1	 ladder2	 bidIndex	 itemNameIndex	 bidValue	 
BMI_bff_129	 1	 18	 214_piron_shai.jpg	 8.529808e+02	 12	 999000	 120	 999000	 999	 8.539986e+02	 716.67	 716.67	 21.00	 34	 0.62	 
BMI_bff_129	 1	 18	 104_galon_zahava.jpg	 8.559842e+02	 11	 1.118920e+03	 1100	 7.167096e+02	 98	 8.570019e+02	 666.67	 716.67	 13.00	 4	 0.73	 
BMI_bff_129	 1	 18	 220_tamnu_shata_penina.jpg	 8.579694e+02	 12	 999000	 120	 999000	 999	 8.589875e+02	 666.67	 716.67	 22.00	 40	 0.60	 
BMI_bff_129	 1	 18	 106_herzog_yitzhak.jpg	 8.599720e+02	 11	 9.070996e+02	 110	 6.667321e+02	 98	 8.609898e+02	 683.33	 716.67	 12.00	 6	 0.75	 
BMI_bff_129	 1	 18	 317_shaked_ayelet.jpg	 8.619742e+02	 12	 999000	 120	 999000	 999	 8.629920e+02	 683.33	 716.67	 9.00	 57	 0.79	 
BMI_bff_129	 1	 18	 210_mofaz_shaul.jpg	 8.649776e+02	 12	 999000	 120	 999000	 999	 8.659954e+02	 683.33	 716.67	 14.00	 30	 0.70	 
BMI_bff_129	 1	 18	 304_dicter_abraham.jpg	 8.669798e+02	 24	 999000	 240	 999000	 999	 8.679976e+02	 683.33	 716.67	 40.00	 44	 0.37	 
BMI_bff_129	 1	 18	 115_shimon_peres.jpg	 8.709844e+02	 12	 999000	 120	 999000	 999	 8.720021e+02	 683.33	 716.67	 19.00	 15	 0.63	 
BMI_bff_129	 1	 18	 111_odeh_aiman.jpg	 8.729866e+02	 24	 999000	 240	 999000	 999	 8.740045e+02	 683.33	 716.67	 42.00	 11	 0.32	 
BMI_bff_129	 1	 18	 201_baron_roni.jpg	 8.779756e+02	 24	 999000	 240	 999000	 999	 8.789933e+02	 683.33	 716.67	 43.00	 21	 0.32	 
BMI_bff_129	 1	 18	 119_zandberg_tamar.jpg	 8.799778e+02	 12	 999000	 120	 999000	 999	 8.809955e+02	 683.33	 716.67	 16.00	 19	 0.67	 
BMI_bff_129	 1	 18	 102_beneliezer_binyamin.jpg	 8.839823e+02	 24	 999000	 240	 999000	 999	 8.850000e+02	 683.33	 716.67	 39.00	 2	 0.38	 
BMI_bff_129	 1	 18	 313_lizman_yaakov.jpg	 8.859845e+02	 12	 999000	 120	 999000	 999	 8.870023e+02	 683.33	 716.67	 8.00	 53	 0.82	 
BMI_bff_129	 1	 18	 311_liberman_avigdor.jpg	 8.889712e+02	 24	 999000	 240	 999000	 999	 8.899890e+02	 683.33	 716.67	 49.00	 51	 0.30	 
BMI_bff_129	 1	 18	 305_erdan_gilad.jpg	 8.939768e+02	 11	 1.062278e+03	 1100	 6.833933e+02	 98	 8.949946e+02	 633.33	 716.67	 15.00	 45	 0.68	 
BMI_bff_129	 1	 18	 114_shafir_stav.jpg	 8.959791e+02	 12	 999000	 120	 999000	 999	 8.969969e+02	 633.33	 716.67	 6.00	 14	 0.83	 
BMI_bff_129	 1	 18	 318_shalom_silvan.jpg	 8.979814e+02	 24	 999000	 240	 999000	 999	 8.989990e+02	 633.33	 716.67	 54.00	 58	 0.20	 
BMI_bff_129	 1	 18	 105_gilon_ilan.jpg	 9.019859e+02	 24	 999000	 240	 999000	 999	 9.030035e+02	 633.33	 716.67	 58.00	 5	 0.16	 
BMI_bff_129	 1	 18	 120_zuabi_hanin.jpg	 9.059736e+02	 24	 999000	 240	 999000	 999	 9.069914e+02	 633.33	 716.67	 55.00	 20	 0.19	 
BMI_bff_129	 1	 18	 202_cahlon_moshe.jpg	 9.099781e+02	 22	 1.116978e+03	 2200	 7.167580e+02	 98	 9.109958e+02	 633.33	 666.67	 52.00	 22	 0.21	 
BMI_bff_129	 1	 18	 205_german_yael.jpg	 9.119804e+02	 11	 1.050759e+03	 1100	 6.334001e+02	 98	 9.129981e+02	 583.33	 666.67	 10.00	 25	 0.79	 
BMI_bff_129	 1	 18	 216_sharom_ariel.jpg	 9.139826e+02	 12	 999000	 120	 999000	 999	 9.150003e+02	 583.33	 666.67	 20.00	 36	 0.63	 
BMI_bff_129	 1	 18	 110_nachman_shai.jpg	 9.159848e+02	 24	 999000	 240	 999000	 999	 9.170027e+02	 583.33	 666.67	 51.00	 10	 0.28	 
BMI_bff_129	 1	 18	 117_tibi_ahmed.jpg	 9.179701e+02	 24	 999000	 240	 999000	 999	 9.189882e+02	 583.33	 666.67	 57.00	 17	 0.16	 
BMI_bff_129	 1	 18	 213_perry_yaakov.jpg	 9.239771e+02	 22	 1.069981e+03	 2200	 6.667388e+02	 98	 9.249949e+02	 583.33	 616.67	 47.00	 33	 0.30	 
BMI_bff_129	 1	 18	 204_galant_yoav.jpg	 9.269806e+02	 12	 999000	 120	 999000	 999	 9.279983e+02	 583.33	 616.67	 11.00	 24	 0.75	 
BMI_bff_129	 1	 18	 218_shitrit_meir.jpg	 9.289827e+02	 22	 1.008355e+03	 2200	 6.167386e+02	 98	 9.300024e+02	 583.33	 566.67	 50.00	 38	 0.29	 
BMI_bff_129	 1	 18	 207_lapid_yair.jpg	 9.309850e+02	 24	 999000	 240	 999000	 999	 9.320028e+02	 583.33	 566.67	 56.00	 27	 0.17	 
BMI_bff_129	 1	 18	 108_khenin_dov.jpg	 9.339717e+02	 22	 8.113815e+02	 220	 5.667048e+02	 98	 9.349894e+02	 583.33	 583.33	 53.00	 8	 0.21	 
BMI_bff_129	 1	 18	 118_yacimovich_shelly.jpg	 9.359739e+02	 12	 999000	 120	 999000	 999	 9.369917e+02	 583.33	 583.33	 4.00	 18	 0.85	 
BMI_bff_129	 1	 18	 203_cohen_meir.jpg	 9.379761e+02	 12	 999000	 120	 999000	 999	 9.389939e+02	 583.33	 583.33	 3.00	 23	 0.86	 
BMI_bff_129	 1	 18	 109_michaeli_meirav.jpg	 9.399785e+02	 11	 9.726419e+02	 110	 5.833757e+02	 98	 9.409962e+02	 600.00	 583.33	 7.00	 9	 0.82	 
BMI_bff_129	 1	 18	 217_shelach_ofer.jpg	 9.429818e+02	 22	 9.532985e+02	 220	 5.833864e+02	 98	 9.439996e+02	 600.00	 600.00	 44.00	 37	 0.32	 
BMI_bff_129	 1	 18	 308_hotovely_tzipi.jpg	 9.449840e+02	 12	 999000	 120	 999000	 999	 9.460018e+02	 600.00	 600.00	 5.00	 48	 0.84	 
BMI_bff_129	 1	 18	 103_cabel_eitan.jpg	 9.469863e+02	 12	 999000	 120	 999000	 999	 9.480041e+02	 600.00	 600.00	 17.00	 3	 0.67	 
BMI_bff_129	 1	 18	 303_deri_arye.jpg	 9.489736e+02	 22	 9.135430e+02	 220	 6.000214e+02	 98	 9.499897e+02	 600.00	 616.67	 45.00	 43	 0.31	 
BMI_bff_129	 1	 18	 301_benet_naftali.jpg	 9.509741e+02	 24	 999000	 240	 999000	 999	 9.519919e+02	 600.00	 616.67	 48.00	 41	 0.30	 
BMI_bff_129	 1	 18	 206_hasson_israel.JPG	 9.569809e+02	 24	 999000	 240	 999000	 999	 9.579986e+02	 600.00	 616.67	 41.00	 26	 0.33	 
BMI_bff_129	 1	 18	 314_netanyahu.jpg	 9.599842e+02	 11	 9.188786e+02	 110	 6.000641e+02	 98	 9.610020e+02	 616.67	 616.67	 18.00	 54	 0.66	 
BMI_bff_129	 1	 18	 107_horowitz_nitzan.jpg	 9.639720e+02	 24	 999000	 240	 999000	 999	 9.649898e+02	 616.67	 616.67	 46.00	 7	 0.30	 
