subjectID	 order	 runNum	 itemName	 onsetTime	 shuff_trialType	 RT	 respInTime	 AudioTime	 response	 fixationTime	 ladder1	 ladder2	 bidIndex	 itemNameIndex	 bidValue	 
101	 1	 5	 9905.jpg	 8.118681e+02	 12	 999000	 120	 999000	 999	 8.129102e+02	 616.67	 550.00	 11.00	 57	 0.72	 
101	 1	 5	 9622.jpg	 8.148594e+02	 24	 999000	 240	 999000	 999	 8.159014e+02	 616.67	 550.00	 38.00	 55	 0.45	 
101	 1	 5	 1019.jpg	 8.168624e+02	 12	 999000	 120	 999000	 999	 8.179044e+02	 616.67	 550.00	 28.00	 1	 0.54	 
101	 1	 5	 1301.jpg	 8.188654e+02	 12	 999000	 120	 999000	 999	 8.199075e+02	 616.67	 550.00	 6.00	 6	 0.81	 
101	 1	 5	 7078.jpg	 8.208551e+02	 12	 999000	 120	 999000	 999	 8.218971e+02	 616.67	 550.00	 9.00	 29	 0.76	 
101	 1	 5	 disg2.JPG	 8.238597e+02	 24	 999000	 240	 999000	 999	 8.249017e+02	 616.67	 550.00	 56.00	 58	 0.16	 
101	 1	 5	 9042.jpg	 8.258627e+02	 24	 999000	 240	 999000	 999	 8.269047e+02	 616.67	 550.00	 40.00	 33	 0.43	 
101	 1	 5	 1274.jpg	 8.298554e+02	 24	 999000	 240	 999000	 999	 8.308975e+02	 616.67	 550.00	 58.00	 5	 0.11	 
101	 1	 5	 9425.jpg	 8.318585e+02	 12	 999000	 120	 999000	 999	 8.329005e+02	 616.67	 550.00	 23.00	 49	 0.58	 
101	 1	 5	 9390.jpg	 8.368661e+02	 11	 9.797373e+02	 110	 6.172309e+02	 98	 8.379215e+02	 633.33	 550.00	 20.00	 48	 0.65	 
101	 1	 5	 1271.jpg	 8.388557e+02	 24	 999000	 240	 999000	 999	 8.398978e+02	 633.33	 550.00	 48.00	 4	 0.28	 
101	 1	 5	 6250.1.jpg	 8.428619e+02	 12	 999000	 120	 999000	 999	 8.439039e+02	 633.33	 550.00	 26.00	 23	 0.54	 
101	 1	 5	 1111.jpg	 8.448649e+02	 22	 9.649033e+02	 220	 5.505719e+02	 98	 8.459203e+02	 633.33	 566.67	 39.00	 2	 0.44	 
101	 1	 5	 2205.jpg	 8.478561e+02	 11	 1.205653e+03	 1100	 6.338623e+02	 98	 8.489115e+02	 583.33	 566.67	 25.00	 8	 0.54	 
101	 1	 5	 6555.jpg	 8.528637e+02	 24	 999000	 240	 999000	 999	 8.539057e+02	 583.33	 566.67	 41.00	 25	 0.39	 
101	 1	 5	 9050.jpg	 8.548534e+02	 24	 999000	 240	 999000	 999	 8.558954e+02	 583.33	 566.67	 46.00	 34	 0.30	 
101	 1	 5	 2457.jpg	 8.568564e+02	 12	 999000	 120	 999000	 999	 8.578984e+02	 583.33	 566.67	 3.00	 11	 0.87	 
101	 1	 5	 9291.jpg	 8.608625e+02	 12	 999000	 120	 999000	 999	 8.619045e+02	 583.33	 566.67	 8.00	 38	 0.78	 
101	 1	 5	 9341.jpg	 8.648552e+02	 12	 999000	 120	 999000	 999	 8.658973e+02	 583.33	 566.67	 16.00	 46	 0.69	 
101	 1	 5	 9600.jpg	 8.688613e+02	 11	 1.000307e+03	 1100	 5.838917e+02	 98	 8.699167e+02	 533.33	 566.67	 12.00	 54	 0.70	 
101	 1	 5	 8480.jpg	 8.708643e+02	 24	 999000	 240	 999000	 999	 8.719064e+02	 533.33	 566.67	 55.00	 31	 0.19	 
101	 1	 5	 2799.jpg	 8.728540e+02	 24	 999000	 240	 999000	 999	 8.738961e+02	 533.33	 566.67	 32.00	 14	 0.48	 
101	 1	 5	 6838.jpg	 8.748570e+02	 11	 9.885312e+02	 110	 5.339058e+02	 98	 8.759125e+02	 550.00	 566.67	 21.00	 28	 0.64	 
101	 1	 5	 6242.jpg	 8.768601e+02	 12	 999000	 120	 999000	 999	 8.779021e+02	 550.00	 566.67	 14.00	 22	 0.69	 
101	 1	 5	 disg5.JPG	 8.828559e+02	 24	 999000	 240	 999000	 999	 8.838979e+02	 550.00	 566.67	 57.00	 60	 0.15	 
101	 1	 5	 9300.jpg	 8.858604e+02	 24	 999000	 240	 999000	 999	 8.869025e+02	 550.00	 566.67	 60.00	 39	 0.09	 
101	 1	 5	 3180.jpg	 8.878634e+02	 24	 999000	 240	 999000	 999	 8.889055e+02	 550.00	 566.67	 34.00	 17	 0.47	 
101	 1	 5	 2455.jpg	 8.898665e+02	 12	 4.429857e+02	 12	 999000	 98	 8.909085e+02	 550.00	 566.67	 4.00	 9	 0.84	 
101	 1	 5	 9495.jpg	 8.928577e+02	 11	 9.877286e+02	 110	 5.505671e+02	 98	 8.939131e+02	 566.67	 566.67	 10.00	 52	 0.75	 
101	 1	 5	 6570.1.JPG	 8.948607e+02	 11	 9.367024e+02	 110	 5.672194e+02	 98	 8.959162e+02	 583.33	 566.67	 13.00	 27	 0.70	 
101	 1	 5	 2683.jpg	 8.968638e+02	 11	 8.696553e+02	 110	 5.838717e+02	 98	 8.979192e+02	 600.00	 566.67	 7.00	 12	 0.80	 
101	 1	 5	 9373.jpg	 8.988535e+02	 22	 8.639500e+02	 220	 5.672140e+02	 98	 8.999089e+02	 600.00	 583.33	 53.00	 47	 0.20	 
101	 1	 5	 2750.jpg	 9.018581e+02	 22	 1.011344e+03	 2200	 5.838841e+02	 98	 9.029134e+02	 600.00	 533.33	 45.00	 13	 0.31	 
101	 1	 5	 9480.jpg	 9.038611e+02	 11	 1.024322e+03	 1100	 6.005568e+02	 98	 9.049165e+02	 550.00	 533.33	 18.00	 50	 0.66	 
101	 1	 5	 9561.jpg	 9.058641e+02	 12	 999000	 120	 999000	 999	 9.069062e+02	 550.00	 533.33	 22.00	 53	 0.59	 
101	 1	 5	 3500.jpg	 9.078538e+02	 12	 999000	 120	 999000	 999	 9.088959e+02	 550.00	 533.33	 29.00	 18	 0.50	 
101	 1	 5	 9090.jpg	 9.098568e+02	 11	 9.165105e+02	 110	 5.505395e+02	 98	 9.109122e+02	 566.67	 533.33	 15.00	 35	 0.69	 
101	 1	 5	 3103.jpg	 9.158660e+02	 24	 999000	 240	 999000	 999	 9.169080e+02	 566.67	 533.33	 59.00	 15	 0.11	 
101	 1	 5	 9120.jpg	 9.188572e+02	 24	 999000	 240	 999000	 999	 9.198992e+02	 566.67	 533.33	 43.00	 36	 0.35	 
101	 1	 5	 9325.jpg	 9.228633e+02	 22	 9.819727e+02	 220	 5.338816e+02	 98	 9.239186e+02	 566.67	 550.00	 36.00	 43	 0.46	 
101	 1	 5	 2456.jpg	 9.288590e+02	 11	 9.221665e+02	 110	 5.672208e+02	 98	 9.299144e+02	 583.33	 550.00	 24.00	 10	 0.58	 
101	 1	 5	 3160.jpg	 9.308620e+02	 12	 999000	 120	 999000	 999	 9.319041e+02	 583.33	 550.00	 30.00	 16	 0.50	 
101	 1	 5	 9321.jpg	 9.358563e+02	 22	 8.848604e+02	 220	 5.505585e+02	 98	 9.369117e+02	 583.33	 566.67	 52.00	 41	 0.22	 
101	 1	 5	 9301.jpg	 9.388609e+02	 24	 999000	 240	 999000	 999	 9.399029e+02	 583.33	 566.67	 51.00	 40	 0.24	 
101	 1	 5	 2039.jpg	 9.408639e+02	 12	 999000	 120	 999000	 999	 9.419060e+02	 583.33	 566.67	 1.00	 7	 0.90	 
101	 1	 5	 disg3.JPG	 9.438551e+02	 22	 9.019783e+02	 220	 5.672159e+02	 98	 9.449105e+02	 583.33	 583.33	 44.00	 59	 0.34	 
101	 1	 5	 9322.jpg	 9.458582e+02	 22	 9.469544e+02	 220	 5.838863e+02	 98	 9.469135e+02	 583.33	 600.00	 47.00	 42	 0.29	 
101	 1	 5	 9903.jpg	 9.498643e+02	 12	 999000	 120	 999000	 999	 9.509063e+02	 583.33	 600.00	 27.00	 56	 0.54	 
101	 1	 5	 9330.jpg	 9.538570e+02	 12	 999000	 120	 999000	 999	 9.548990e+02	 583.33	 600.00	 19.00	 44	 0.65	 
101	 1	 5	 9254.jpg	 9.558600e+02	 22	 1.041044e+03	 2200	 6.005317e+02	 98	 9.569154e+02	 583.33	 550.00	 50.00	 37	 0.25	 
101	 1	 5	 9340.jpg	 9.628573e+02	 12	 999000	 120	 999000	 999	 9.638993e+02	 583.33	 550.00	 2.00	 45	 0.88	 
101	 1	 5	 9490.jpg	 9.648603e+02	 24	 999000	 240	 999000	 999	 9.659024e+02	 583.33	 550.00	 33.00	 51	 0.48	 
101	 1	 5	 6210.jpg	 9.678649e+02	 24	 999000	 240	 999000	 999	 9.689069e+02	 583.33	 550.00	 49.00	 19	 0.26	 
101	 1	 5	 6560.JPG	 9.718576e+02	 22	 9.152922e+02	 220	 5.505471e+02	 98	 9.729130e+02	 583.33	 566.67	 42.00	 26	 0.36	 
101	 1	 5	 1205.jpg	 9.758637e+02	 12	 999000	 120	 999000	 999	 9.769057e+02	 583.33	 566.67	 5.00	 3	 0.81	 
101	 1	 5	 6370.jpg	 9.798564e+02	 12	 999000	 120	 999000	 999	 9.808985e+02	 583.33	 566.67	 17.00	 24	 0.69	 
101	 1	 5	 6213.jpg	 9.828610e+02	 24	 999000	 240	 999000	 999	 9.839030e+02	 583.33	 566.67	 31.00	 21	 0.49	 
101	 1	 5	 7359.jpg	 9.848640e+02	 24	 999000	 240	 999000	 999	 9.859061e+02	 583.33	 566.67	 54.00	 30	 0.20	 
101	 1	 5	 6211.jpg	 9.888568e+02	 22	 1.022063e+03	 2200	 5.671994e+02	 98	 9.899121e+02	 583.33	 516.67	 37.00	 20	 0.46	 
101	 1	 5	 9008.jpg	 9.958541e+02	 24	 999000	 240	 999000	 999	 9.968961e+02	 583.33	 516.67	 35.00	 32	 0.47	 
