subjectID	 order	 runNum	 itemName	 onsetTime	 shuff_trialType	 RT	 respInTime	 AudioTime	 response	 fixationTime	 ladder1	 ladder2	 bidIndex	 itemNameIndex	 bidValue	 
n_126	 2	 8	 1205.jpg	 1.339276e+03	 24	 999000	 240	 999000	 999	 1.340318e+03	 583.33	 583.33	 58.00	 6	 0.13	 
n_126	 2	 8	 1301.jpg	 1.342267e+03	 24	 999000	 240	 999000	 999	 1.343309e+03	 583.33	 583.33	 57.00	 9	 0.13	 
n_126	 2	 8	 9291.jpg	 1.346260e+03	 12	 999000	 120	 999000	 999	 1.347302e+03	 583.33	 583.33	 12.00	 41	 0.73	 
n_126	 2	 8	 9322.jpg	 1.348263e+03	 24	 999000	 240	 999000	 999	 1.349305e+03	 583.33	 583.33	 39.00	 45	 0.36	 
n_126	 2	 8	 10003.JPG	 1.350266e+03	 22	 9.796202e+02	 220	 5.839047e+02	 98	 1.351322e+03	 583.33	 600.00	 48.00	 2	 0.28	 
n_126	 2	 8	 9903.jpg	 1.354259e+03	 24	 999000	 240	 999000	 999	 1.355301e+03	 583.33	 600.00	 32.00	 59	 0.53	 
n_126	 2	 8	 9325.jpg	 1.356262e+03	 22	 1.047663e+03	 2200	 6.005450e+02	 98	 1.357317e+03	 583.33	 550.00	 54.00	 46	 0.19	 
n_126	 2	 8	 9341.jpg	 1.361270e+03	 24	 999000	 240	 999000	 999	 1.362312e+03	 583.33	 550.00	 52.00	 49	 0.24	 
n_126	 2	 8	 9301.jpg	 1.363259e+03	 22	 9.624841e+02	 220	 5.505499e+02	 98	 1.364315e+03	 583.33	 566.67	 51.00	 43	 0.26	 
n_126	 2	 8	 9050.jpg	 1.366264e+03	 11	 9.498521e+02	 110	 5.839354e+02	 98	 1.367319e+03	 600.00	 566.67	 9.00	 37	 0.75	 
n_126	 2	 8	 2799.jpg	 1.369268e+03	 12	 999000	 120	 999000	 999	 1.370310e+03	 600.00	 566.67	 20.00	 17	 0.64	 
n_126	 2	 8	 3180.jpg	 1.373261e+03	 11	 9.765133e+02	 110	 6.005547e+02	 98	 1.374316e+03	 616.67	 566.67	 14.00	 20	 0.72	 
n_126	 2	 8	 6570.1.JPG	 1.376266e+03	 11	 1.059822e+03	 1100	 6.172234e+02	 98	 1.377321e+03	 566.67	 566.67	 22.00	 30	 0.62	 
n_126	 2	 8	 6555.jpg	 1.378269e+03	 24	 999000	 240	 999000	 999	 1.379311e+03	 566.67	 566.67	 50.00	 28	 0.26	 
n_126	 2	 8	 9425.jpg	 1.381260e+03	 24	 999000	 240	 999000	 999	 1.382302e+03	 566.67	 566.67	 34.00	 52	 0.50	 
n_126	 2	 8	 6838.jpg	 1.385266e+03	 22	 9.555402e+02	 220	 5.672114e+02	 98	 1.386321e+03	 566.67	 583.33	 38.00	 31	 0.43	 
n_126	 2	 8	 7078.jpg	 1.388270e+03	 12	 999000	 120	 999000	 999	 1.389312e+03	 566.67	 583.33	 4.00	 32	 0.81	 
n_126	 2	 8	 2457.jpg	 1.390260e+03	 12	 999000	 120	 999000	 999	 1.391302e+03	 566.67	 583.33	 21.00	 14	 0.64	 
n_126	 2	 8	 6250.1.jpg	 1.392263e+03	 12	 999000	 120	 999000	 999	 1.393305e+03	 566.67	 583.33	 30.00	 26	 0.55	 
n_126	 2	 8	 2750.jpg	 1.397271e+03	 24	 999000	 240	 999000	 999	 1.398313e+03	 566.67	 583.33	 42.00	 16	 0.35	 
n_126	 2	 8	 2683.jpg	 1.401263e+03	 12	 999000	 120	 999000	 999	 1.402305e+03	 566.67	 583.33	 2.00	 15	 0.83	 
n_126	 2	 8	 3103.jpg	 1.405270e+03	 24	 999000	 240	 999000	 999	 1.406312e+03	 566.67	 583.33	 60.00	 18	 0.10	 
n_126	 2	 8	 9300.jpg	 1.411265e+03	 22	 9.717650e+02	 220	 5.838681e+02	 98	 1.412321e+03	 566.67	 600.00	 49.00	 42	 0.28	 
n_126	 2	 8	 6211.jpg	 1.413268e+03	 24	 999000	 240	 999000	 999	 1.414310e+03	 566.67	 600.00	 31.00	 23	 0.54	 
n_126	 2	 8	 9254.jpg	 1.415271e+03	 24	 999000	 240	 999000	 999	 1.416313e+03	 566.67	 600.00	 37.00	 40	 0.43	 
n_126	 2	 8	 9490.jpg	 1.417261e+03	 11	 9.599903e+02	 110	 5.672049e+02	 98	 1.418316e+03	 583.33	 600.00	 16.00	 54	 0.70	 
n_126	 2	 8	 9373.jpg	 1.419264e+03	 22	 9.729351e+02	 220	 6.005461e+02	 98	 1.420319e+03	 583.33	 616.67	 46.00	 50	 0.30	 
n_126	 2	 8	 2039.jpg	 1.423270e+03	 12	 999000	 120	 999000	 999	 1.424312e+03	 583.33	 616.67	 18.00	 10	 0.66	 
n_126	 2	 8	 8480.jpg	 1.425260e+03	 12	 999000	 120	 999000	 999	 1.426302e+03	 583.33	 616.67	 1.00	 34	 0.85	 
n_126	 2	 8	 9340.jpg	 1.429266e+03	 12	 999000	 120	 999000	 999	 1.430308e+03	 583.33	 616.67	 6.00	 48	 0.76	 
n_126	 2	 8	 2455.jpg	 1.431269e+03	 11	 1.111970e+03	 1100	 5.838906e+02	 98	 1.432324e+03	 533.33	 616.67	 19.00	 12	 0.64	 
n_126	 2	 8	 6560.JPG	 1.433259e+03	 12	 999000	 120	 999000	 999	 1.434301e+03	 533.33	 616.67	 13.00	 29	 0.73	 
n_126	 2	 8	 9905.jpg	 1.435262e+03	 12	 999000	 120	 999000	 999	 1.436304e+03	 533.33	 616.67	 25.00	 60	 0.59	 
n_126	 2	 8	 3160.jpg	 1.440269e+03	 12	 999000	 120	 999000	 999	 1.441311e+03	 533.33	 616.67	 28.00	 19	 0.58	 
n_126	 2	 8	 10005.JPG	 1.442259e+03	 24	 999000	 240	 999000	 999	 1.443301e+03	 533.33	 616.67	 45.00	 3	 0.32	 
n_126	 2	 8	 9495.jpg	 1.444262e+03	 11	 9.509543e+02	 110	 5.338893e+02	 98	 1.445317e+03	 550.00	 616.67	 8.00	 55	 0.76	 
n_126	 2	 8	 1271.jpg	 1.447266e+03	 24	 999000	 240	 999000	 999	 1.448308e+03	 550.00	 616.67	 56.00	 7	 0.14	 
n_126	 2	 8	 1111.jpg	 1.454264e+03	 22	 9.329050e+02	 220	 6.172140e+02	 98	 1.455319e+03	 550.00	 633.33	 41.00	 5	 0.35	 
n_126	 2	 8	 9561.jpg	 1.458270e+03	 24	 999000	 240	 999000	 999	 1.459312e+03	 550.00	 633.33	 44.00	 56	 0.33	 
n_126	 2	 8	 9120.jpg	 1.465267e+03	 12	 999000	 120	 999000	 999	 1.466309e+03	 550.00	 633.33	 15.00	 39	 0.71	 
n_126	 2	 8	 7359.jpg	 1.467270e+03	 12	 999000	 120	 999000	 999	 1.468312e+03	 550.00	 633.33	 7.00	 33	 0.76	 
n_126	 2	 8	 6210.jpg	 1.471263e+03	 11	 1.022659e+03	 1100	 5.505472e+02	 98	 1.472318e+03	 500.00	 633.33	 17.00	 22	 0.67	 
n_126	 2	 8	 6213.jpg	 1.475269e+03	 12	 999000	 120	 999000	 999	 1.476311e+03	 500.00	 633.33	 29.00	 24	 0.56	 
n_126	 2	 8	 9600.jpg	 1.477259e+03	 24	 999000	 240	 999000	 999	 1.478301e+03	 500.00	 633.33	 33.00	 57	 0.52	 
n_126	 2	 8	 6242.jpg	 1.481265e+03	 12	 999000	 120	 999000	 999	 1.482307e+03	 500.00	 633.33	 3.00	 25	 0.81	 
n_126	 2	 8	 6370.jpg	 1.483268e+03	 12	 999000	 120	 999000	 999	 1.484310e+03	 500.00	 633.33	 10.00	 27	 0.75	 
n_126	 2	 8	 9321.jpg	 1.485271e+03	 22	 1.045735e+03	 2200	 6.338685e+02	 98	 1.486326e+03	 500.00	 583.33	 35.00	 44	 0.45	 
n_126	 2	 8	 3500.jpg	 1.491266e+03	 11	 1.113948e+03	 1100	 5.005592e+02	 98	 1.492322e+03	 450.00	 583.33	 23.00	 21	 0.60	 
n_126	 2	 8	 1274.jpg	 1.493269e+03	 24	 999000	 240	 999000	 999	 1.494311e+03	 450.00	 583.33	 59.00	 8	 0.12	 
n_126	 2	 8	 9090.jpg	 1.496261e+03	 11	 8.715357e+02	 110	 4.505551e+02	 98	 1.497316e+03	 466.67	 583.33	 11.00	 38	 0.74	 
n_126	 2	 8	 9042.jpg	 1.499265e+03	 24	 999000	 240	 999000	 999	 1.500321e+03	 466.67	 583.33	 47.00	 36	 0.28	 
n_126	 2	 8	 2456.jpg	 1.501268e+03	 11	 7.440587e+02	 110	 4.672298e+02	 98	 1.502324e+03	 483.33	 583.33	 26.00	 13	 0.59	 
n_126	 2	 8	 1019.jpg	 1.503271e+03	 24	 999000	 240	 999000	 999	 1.504313e+03	 483.33	 583.33	 53.00	 4	 0.21	 
n_126	 2	 8	 2205.jpg	 1.505261e+03	 22	 1.055310e+03	 2200	 5.838851e+02	 98	 1.506319e+03	 483.33	 533.33	 40.00	 11	 0.36	 
n_126	 2	 8	 10002.JPG	 1.511270e+03	 24	 999000	 240	 999000	 999	 1.512312e+03	 483.33	 533.33	 55.00	 1	 0.14	 
n_126	 2	 8	 9480.jpg	 1.513260e+03	 22	 9.124644e+02	 220	 5.338903e+02	 98	 1.514315e+03	 483.33	 550.00	 43.00	 53	 0.33	 
n_126	 2	 8	 9622.jpg	 1.515263e+03	 12	 999000	 120	 999000	 999	 1.516305e+03	 483.33	 550.00	 5.00	 58	 0.78	 
n_126	 2	 8	 9330.jpg	 1.517266e+03	 12	 999000	 120	 999000	 999	 1.518308e+03	 483.33	 550.00	 24.00	 47	 0.60	 
n_126	 2	 8	 9390.jpg	 1.520270e+03	 12	 999000	 120	 999000	 999	 1.521312e+03	 483.33	 550.00	 27.00	 51	 0.58	 
n_126	 2	 8	 9008.jpg	 1.523262e+03	 24	 999000	 240	 999000	 999	 1.524304e+03	 483.33	 550.00	 36.00	 35	 0.45	 
