subjectID	 order	 runNum	 itemName	 onsetTime	 shuff_trialType	 RT	 respInTime	 AudioTime	 response	 fixationTime	 ladder1	 ladder2	 bidIndex	 itemNameIndex	 bidValue	 
n_127	 1	 7	 9903.jpg	 1.449028e+03	 12	 999000	 120	 999000	 999	 1.450070e+03	 616.67	 616.67	 30.00	 59	 0.51	 
n_127	 1	 7	 8480.jpg	 1.454022e+03	 12	 999000	 120	 999000	 999	 1.455064e+03	 616.67	 616.67	 22.00	 34	 0.59	 
n_127	 1	 7	 9325.jpg	 1.456012e+03	 22	 1.264515e+03	 2200	 6.172390e+02	 98	 1.457067e+03	 616.67	 566.67	 50.00	 46	 0.24	 
n_127	 1	 7	 6570.1.JPG	 1.458015e+03	 11	 9.734847e+02	 110	 6.172322e+02	 98	 1.459070e+03	 633.33	 566.67	 10.00	 30	 0.79	 
n_127	 1	 7	 6555.jpg	 1.464024e+03	 12	 3.083084e+02	 12	 999000	 98	 1.465066e+03	 633.33	 566.67	 9.00	 28	 0.80	 
n_127	 1	 7	 1271.jpg	 1.466014e+03	 24	 999000	 240	 999000	 999	 1.467056e+03	 633.33	 566.67	 54.00	 7	 0.20	 
n_127	 1	 7	 6210.jpg	 1.469018e+03	 12	 999000	 120	 999000	 999	 1.470060e+03	 633.33	 566.67	 26.00	 22	 0.56	 
n_127	 1	 7	 9008.jpg	 1.471021e+03	 24	 999000	 240	 999000	 999	 1.472063e+03	 633.33	 566.67	 49.00	 35	 0.24	 
n_127	 1	 7	 3103.jpg	 1.475014e+03	 24	 999000	 240	 999000	 999	 1.476056e+03	 633.33	 566.67	 46.00	 18	 0.32	 
n_127	 1	 7	 2457.jpg	 1.477017e+03	 12	 999000	 120	 999000	 999	 1.478059e+03	 633.33	 566.67	 2.00	 14	 0.92	 
n_127	 1	 7	 1111.jpg	 1.482025e+03	 24	 999000	 240	 999000	 999	 1.483067e+03	 633.33	 566.67	 60.00	 5	 -0.03	 
n_127	 1	 7	 9390.jpg	 1.489022e+03	 22	 8.781733e+02	 220	 5.672052e+02	 98	 1.490077e+03	 633.33	 583.33	 39.00	 51	 0.38	 
n_127	 1	 7	 6838.jpg	 1.491025e+03	 12	 999000	 120	 999000	 999	 1.492067e+03	 633.33	 583.33	 1.00	 31	 0.95	 
n_127	 1	 7	 10003.JPG	 1.494016e+03	 24	 999000	 240	 999000	 999	 1.495058e+03	 633.33	 583.33	 56.00	 2	 0.17	 
n_127	 1	 7	 7359.jpg	 1.497021e+03	 24	 999000	 240	 999000	 999	 1.498063e+03	 633.33	 583.33	 33.00	 33	 0.48	 
n_127	 1	 7	 6213.jpg	 1.501013e+03	 12	 999000	 120	 999000	 999	 1.502055e+03	 633.33	 583.33	 29.00	 24	 0.54	 
n_127	 1	 7	 9600.jpg	 1.505019e+03	 11	 9.284788e+02	 110	 6.338719e+02	 98	 1.506075e+03	 650.00	 583.33	 24.00	 57	 0.57	 
n_127	 1	 7	 2799.jpg	 1.509012e+03	 12	 999000	 120	 999000	 999	 1.510054e+03	 650.00	 583.33	 6.00	 17	 0.80	 
n_127	 1	 7	 2039.jpg	 1.512017e+03	 11	 9.711557e+02	 110	 6.505487e+02	 98	 1.513072e+03	 666.67	 583.33	 12.00	 10	 0.76	 
n_127	 1	 7	 2456.jpg	 1.518012e+03	 12	 999000	 120	 999000	 999	 1.519054e+03	 666.67	 583.33	 8.00	 13	 0.80	 
n_127	 1	 7	 1205.jpg	 1.520015e+03	 24	 999000	 240	 999000	 999	 1.521057e+03	 666.67	 583.33	 51.00	 6	 0.23	 
n_127	 1	 7	 6211.jpg	 1.523020e+03	 12	 999000	 120	 999000	 999	 1.524062e+03	 666.67	 583.33	 23.00	 23	 0.58	 
n_127	 1	 7	 3500.jpg	 1.525023e+03	 12	 999000	 120	 999000	 999	 1.526065e+03	 666.67	 583.33	 27.00	 21	 0.56	 
n_127	 1	 7	 9300.jpg	 1.527013e+03	 24	 999000	 240	 999000	 999	 1.528055e+03	 666.67	 583.33	 57.00	 42	 0.16	 
n_127	 1	 7	 9050.jpg	 1.529016e+03	 11	 9.797915e+02	 110	 6.672280e+02	 98	 1.530071e+03	 683.33	 583.33	 7.00	 37	 0.80	 
n_127	 1	 7	 9321.jpg	 1.532020e+03	 22	 9.193120e+02	 220	 5.838909e+02	 98	 1.533076e+03	 683.33	 600.00	 44.00	 44	 0.34	 
n_127	 1	 7	 10005.JPG	 1.536013e+03	 24	 999000	 240	 999000	 999	 1.537055e+03	 683.33	 600.00	 58.00	 3	 0.11	 
n_127	 1	 7	 2750.jpg	 1.538016e+03	 11	 1.067538e+03	 1100	 6.838806e+02	 98	 1.539071e+03	 633.33	 600.00	 18.00	 16	 0.67	 
n_127	 1	 7	 9495.jpg	 1.540019e+03	 24	 999000	 240	 999000	 999	 1.541061e+03	 633.33	 600.00	 34.00	 55	 0.46	 
n_127	 1	 7	 9340.jpg	 1.542022e+03	 22	 9.014382e+02	 220	 6.005355e+02	 98	 1.543077e+03	 633.33	 616.67	 37.00	 48	 0.39	 
n_127	 1	 7	 9480.jpg	 1.544012e+03	 22	 9.597335e+02	 220	 6.172052e+02	 98	 1.545067e+03	 633.33	 633.33	 52.00	 53	 0.23	 
n_127	 1	 7	 9561.jpg	 1.546015e+03	 22	 9.086731e+02	 220	 6.338840e+02	 98	 1.547070e+03	 633.33	 650.00	 42.00	 56	 0.34	 
n_127	 1	 7	 9373.jpg	 1.550021e+03	 22	 8.865460e+02	 220	 6.505521e+02	 98	 1.551076e+03	 633.33	 666.67	 47.00	 50	 0.28	 
n_127	 1	 7	 6560.JPG	 1.554014e+03	 12	 999000	 120	 999000	 999	 1.555056e+03	 633.33	 666.67	 11.00	 29	 0.78	 
n_127	 1	 7	 9291.jpg	 1.556017e+03	 22	 9.547815e+02	 220	 6.672141e+02	 98	 1.557072e+03	 633.33	 683.33	 36.00	 41	 0.39	 
n_127	 1	 7	 9341.jpg	 1.558020e+03	 12	 999000	 120	 999000	 999	 1.559062e+03	 633.33	 683.33	 3.00	 49	 0.87	 
n_127	 1	 7	 9090.jpg	 1.560023e+03	 11	 9.326816e+02	 110	 6.338832e+02	 98	 1.561078e+03	 650.00	 683.33	 15.00	 38	 0.71	 
n_127	 1	 7	 9622.jpg	 1.562012e+03	 12	 999000	 120	 999000	 999	 1.563054e+03	 650.00	 683.33	 4.00	 58	 0.85	 
n_127	 1	 7	 3160.jpg	 1.568021e+03	 24	 999000	 240	 999000	 999	 1.569063e+03	 650.00	 683.33	 38.00	 19	 0.38	 
n_127	 1	 7	 2683.jpg	 1.570024e+03	 24	 999000	 240	 999000	 999	 1.571067e+03	 650.00	 683.33	 32.00	 15	 0.51	 
n_127	 1	 7	 9905.jpg	 1.572014e+03	 11	 9.569222e+02	 110	 6.505638e+02	 98	 1.573070e+03	 666.67	 683.33	 25.00	 60	 0.57	 
n_127	 1	 7	 9322.jpg	 1.574017e+03	 24	 999000	 240	 999000	 999	 1.575059e+03	 666.67	 683.33	 48.00	 45	 0.25	 
n_127	 1	 7	 1301.jpg	 1.577022e+03	 12	 999000	 120	 999000	 999	 1.578064e+03	 666.67	 683.33	 5.00	 9	 0.81	 
n_127	 1	 7	 6250.1.jpg	 1.579025e+03	 12	 999000	 120	 999000	 999	 1.580067e+03	 666.67	 683.33	 16.00	 26	 0.68	 
n_127	 1	 7	 2205.jpg	 1.586022e+03	 12	 999000	 120	 999000	 999	 1.587064e+03	 666.67	 683.33	 14.00	 11	 0.71	 
n_127	 1	 7	 9042.jpg	 1.588012e+03	 22	 1.039215e+03	 2200	 6.838872e+02	 98	 1.589067e+03	 666.67	 633.33	 45.00	 36	 0.33	 
n_127	 1	 7	 9490.jpg	 1.592018e+03	 24	 999000	 240	 999000	 999	 1.593060e+03	 666.67	 633.33	 35.00	 54	 0.43	 
n_127	 1	 7	 10002.JPG	 1.596024e+03	 24	 999000	 240	 999000	 999	 1.597066e+03	 666.67	 633.33	 43.00	 1	 0.34	 
n_127	 1	 7	 1274.jpg	 1.599015e+03	 22	 9.317275e+02	 220	 6.338856e+02	 98	 1.600070e+03	 666.67	 650.00	 53.00	 8	 0.21	 
n_127	 1	 7	 9254.jpg	 1.601018e+03	 24	 999000	 240	 999000	 999	 1.602060e+03	 666.67	 650.00	 40.00	 40	 0.36	 
n_127	 1	 7	 6370.jpg	 1.605024e+03	 24	 999000	 240	 999000	 999	 1.606066e+03	 666.67	 650.00	 41.00	 27	 0.36	 
n_127	 1	 7	 7078.jpg	 1.607014e+03	 11	 9.488710e+02	 110	 6.672031e+02	 98	 1.608069e+03	 683.33	 650.00	 21.00	 32	 0.64	 
n_127	 1	 7	 3180.jpg	 1.610018e+03	 12	 999000	 120	 999000	 999	 1.611060e+03	 683.33	 650.00	 28.00	 20	 0.55	 
n_127	 1	 7	 6242.jpg	 1.614024e+03	 11	 9.461798e+02	 110	 6.838581e+02	 98	 1.615080e+03	 700.00	 650.00	 20.00	 25	 0.65	 
n_127	 1	 7	 1019.jpg	 1.616014e+03	 24	 999000	 240	 999000	 999	 1.617056e+03	 700.00	 650.00	 55.00	 4	 0.17	 
n_127	 1	 7	 9120.jpg	 1.621022e+03	 12	 999000	 120	 999000	 999	 1.622064e+03	 700.00	 650.00	 19.00	 39	 0.67	 
n_127	 1	 7	 9301.jpg	 1.623025e+03	 24	 999000	 240	 999000	 999	 1.624067e+03	 700.00	 650.00	 59.00	 43	 0.10	 
n_127	 1	 7	 9425.jpg	 1.627017e+03	 12	 999000	 120	 999000	 999	 1.628059e+03	 700.00	 650.00	 17.00	 52	 0.68	 
n_127	 1	 7	 2455.jpg	 1.630022e+03	 11	 9.804600e+02	 110	 7.005542e+02	 98	 1.631077e+03	 716.67	 650.00	 13.00	 12	 0.73	 
n_127	 1	 7	 9330.jpg	 1.633013e+03	 24	 999000	 240	 999000	 999	 1.634055e+03	 716.67	 650.00	 31.00	 47	 0.51	 
