subjectID	 order	 runNum	 itemName	 onsetTime	 shuff_trialType	 RT	 respInTime	 AudioTime	 response	 fixationTime	 ladder1	 ladder2	 bidIndex	 itemNameIndex	 bidValue	 
n_130	 2	 6	 10002.JPG	 1.012230e+03	 24	 999000	 240	 999000	 999	 1.013272e+03	 650.00	 583.33	 58.00	 1	 0.15	 
n_130	 2	 6	 6211.jpg	 1.014220e+03	 12	 999000	 120	 999000	 999	 1.015262e+03	 650.00	 583.33	 27.00	 23	 0.56	 
n_130	 2	 6	 1271.jpg	 1.018226e+03	 22	 9.464490e+02	 220	 5.839075e+02	 98	 1.019281e+03	 650.00	 600.00	 48.00	 7	 0.27	 
n_130	 2	 6	 7359.jpg	 1.021217e+03	 22	 9.632247e+02	 220	 6.005479e+02	 98	 1.022272e+03	 650.00	 616.67	 54.00	 33	 0.18	 
n_130	 2	 6	 9480.jpg	 1.023220e+03	 12	 999000	 120	 999000	 999	 1.024262e+03	 650.00	 616.67	 13.00	 53	 0.70	 
n_130	 2	 6	 9254.jpg	 1.026225e+03	 12	 999000	 120	 999000	 999	 1.027267e+03	 650.00	 616.67	 18.00	 40	 0.67	 
n_130	 2	 6	 9120.jpg	 1.030217e+03	 12	 999000	 120	 999000	 999	 1.031259e+03	 650.00	 616.67	 24.00	 39	 0.61	 
n_130	 2	 6	 9495.jpg	 1.034223e+03	 24	 999000	 240	 999000	 999	 1.035265e+03	 650.00	 616.67	 33.00	 55	 0.49	 
n_130	 2	 6	 9301.jpg	 1.036226e+03	 24	 999000	 240	 999000	 999	 1.037269e+03	 650.00	 616.67	 59.00	 43	 0.09	 
n_130	 2	 6	 3103.jpg	 1.041221e+03	 24	 999000	 240	 999000	 999	 1.042263e+03	 650.00	 616.67	 37.00	 18	 0.44	 
n_130	 2	 6	 6242.jpg	 1.043224e+03	 11	 1.084377e+03	 1100	 6.505844e+02	 98	 1.044279e+03	 600.00	 616.67	 11.00	 25	 0.71	 
n_130	 2	 6	 9905.jpg	 1.045227e+03	 12	 999000	 120	 999000	 999	 1.046269e+03	 600.00	 616.67	 12.00	 60	 0.71	 
n_130	 2	 6	 9373.jpg	 1.051223e+03	 22	 1.005495e+03	 2200	 6.172016e+02	 98	 1.052278e+03	 600.00	 566.67	 38.00	 50	 0.43	 
n_130	 2	 6	 2205.jpg	 1.053226e+03	 11	 1.035923e+03	 1100	 6.005369e+02	 98	 1.054281e+03	 550.00	 566.67	 23.00	 11	 0.61	 
n_130	 2	 6	 9390.jpg	 1.055215e+03	 12	 999000	 120	 999000	 999	 1.056257e+03	 550.00	 566.67	 4.00	 51	 0.83	 
n_130	 2	 6	 1111.jpg	 1.057218e+03	 24	 999000	 240	 999000	 999	 1.058260e+03	 550.00	 566.67	 52.00	 5	 0.23	 
n_130	 2	 6	 9300.jpg	 1.061224e+03	 24	 999000	 240	 999000	 999	 1.062266e+03	 550.00	 566.67	 53.00	 42	 0.21	 
n_130	 2	 6	 2039.jpg	 1.065217e+03	 11	 9.468145e+02	 110	 5.505559e+02	 98	 1.066273e+03	 566.67	 566.67	 22.00	 10	 0.64	 
n_130	 2	 6	 6213.jpg	 1.068222e+03	 12	 999000	 120	 999000	 999	 1.069264e+03	 566.67	 566.67	 28.00	 24	 0.55	 
n_130	 2	 6	 2799.jpg	 1.072214e+03	 24	 999000	 240	 999000	 999	 1.073256e+03	 566.67	 566.67	 36.00	 17	 0.45	 
n_130	 2	 6	 6570.1.JPG	 1.075219e+03	 12	 999000	 120	 999000	 999	 1.076261e+03	 566.67	 566.67	 29.00	 30	 0.53	 
n_130	 2	 6	 9325.jpg	 1.077222e+03	 24	 999000	 240	 999000	 999	 1.078264e+03	 566.67	 566.67	 60.00	 46	 0.09	 
n_130	 2	 6	 9622.jpg	 1.081215e+03	 11	 9.330757e+02	 110	 5.672078e+02	 98	 1.082270e+03	 583.33	 566.67	 9.00	 58	 0.74	 
n_130	 2	 6	 6250.1.jpg	 1.083218e+03	 22	 9.140548e+02	 220	 5.672102e+02	 98	 1.084273e+03	 583.33	 583.33	 40.00	 26	 0.40	 
n_130	 2	 6	 9340.jpg	 1.085221e+03	 12	 999000	 120	 999000	 999	 1.086263e+03	 583.33	 583.33	 7.00	 48	 0.82	 
n_130	 2	 6	 9321.jpg	 1.089227e+03	 24	 999000	 240	 999000	 999	 1.090269e+03	 583.33	 583.33	 55.00	 44	 0.18	 
n_130	 2	 6	 9330.jpg	 1.091217e+03	 11	 9.311865e+02	 110	 5.838844e+02	 98	 1.092272e+03	 600.00	 583.33	 19.00	 47	 0.67	 
n_130	 2	 6	 9600.jpg	 1.095223e+03	 12	 999000	 120	 999000	 999	 1.096265e+03	 600.00	 583.33	 5.00	 57	 0.83	 
n_130	 2	 6	 6210.jpg	 1.099215e+03	 11	 9.643036e+02	 110	 6.005391e+02	 98	 1.100271e+03	 616.67	 583.33	 26.00	 22	 0.58	 
n_130	 2	 6	 9903.jpg	 1.102220e+03	 12	 999000	 120	 999000	 999	 1.103262e+03	 616.67	 583.33	 3.00	 59	 0.83	 
n_130	 2	 6	 3500.jpg	 1.108216e+03	 24	 999000	 240	 999000	 999	 1.109258e+03	 616.67	 583.33	 32.00	 21	 0.49	 
n_130	 2	 6	 6560.JPG	 1.110219e+03	 24	 999000	 240	 999000	 999	 1.111261e+03	 616.67	 583.33	 34.00	 29	 0.47	 
n_130	 2	 6	 1301.jpg	 1.114225e+03	 12	 999000	 120	 999000	 999	 1.115267e+03	 616.67	 583.33	 2.00	 9	 0.84	 
n_130	 2	 6	 6555.jpg	 1.116215e+03	 24	 999000	 240	 999000	 999	 1.117270e+03	 616.67	 583.33	 42.00	 28	 0.36	 
n_130	 2	 6	 9042.jpg	 1.118218e+03	 24	 999000	 240	 999000	 999	 1.119260e+03	 616.67	 583.33	 56.00	 36	 0.16	 
n_130	 2	 6	 1019.jpg	 1.120221e+03	 22	 9.989593e+02	 220	 5.838787e+02	 98	 1.121276e+03	 616.67	 600.00	 46.00	 4	 0.28	 
n_130	 2	 6	 1274.jpg	 1.125215e+03	 24	 999000	 240	 999000	 999	 1.126257e+03	 616.67	 600.00	 47.00	 8	 0.27	 
n_130	 2	 6	 6838.jpg	 1.127218e+03	 24	 999000	 240	 999000	 999	 1.128260e+03	 616.67	 600.00	 45.00	 31	 0.31	 
n_130	 2	 6	 9050.jpg	 1.129221e+03	 11	 999000	 1	 6.172168e+02	 999	 1.130276e+03	 566.67	 600.00	 8.00	 37	 0.78	 
n_130	 2	 6	 9425.jpg	 1.132226e+03	 12	 -1.245986e+03	 12	 999000	 98	 1.133268e+03	 566.67	 600.00	 25.00	 52	 0.60	 
n_130	 2	 6	 10005.JPG	 1.135217e+03	 22	 1.090783e+03	 2200	 6.005385e+02	 98	 1.136272e+03	 566.67	 550.00	 51.00	 3	 0.24	 
n_130	 2	 6	 9561.jpg	 1.139223e+03	 11	 999000	 1	 5.672013e+02	 999	 1.140278e+03	 516.67	 550.00	 14.00	 56	 0.70	 
n_130	 2	 6	 7078.jpg	 1.141226e+03	 22	 -4.223527e+02	 22	 5.505418e+02	 98	 1.142281e+03	 516.67	 566.67	 35.00	 32	 0.46	 
n_130	 2	 6	 9008.jpg	 1.143216e+03	 24	 -6.360460e+02	 24	 999000	 98	 1.144258e+03	 516.67	 566.67	 57.00	 35	 0.15	 
n_130	 2	 6	 2457.jpg	 1.146220e+03	 11	 1.175336e+03	 1100	 5.172252e+02	 98	 1.147275e+03	 466.67	 566.67	 17.00	 14	 0.67	 
n_130	 2	 6	 9341.jpg	 1.149225e+03	 12	 999000	 120	 999000	 999	 1.150267e+03	 466.67	 566.67	 10.00	 49	 0.72	 
n_130	 2	 6	 9291.jpg	 1.151214e+03	 12	 999000	 120	 999000	 999	 1.152256e+03	 466.67	 566.67	 1.00	 41	 0.86	 
n_130	 2	 6	 3180.jpg	 1.153217e+03	 12	 999000	 120	 999000	 999	 1.154259e+03	 466.67	 566.67	 30.00	 20	 0.51	 
n_130	 2	 6	 9490.jpg	 1.155220e+03	 11	 8.149690e+02	 110	 4.672175e+02	 98	 1.156276e+03	 483.33	 566.67	 16.00	 54	 0.67	 
n_130	 2	 6	 2683.jpg	 1.160215e+03	 22	 1.516660e+03	 2200	 5.672214e+02	 98	 1.161270e+03	 483.33	 516.67	 43.00	 15	 0.36	 
n_130	 2	 6	 3160.jpg	 1.162218e+03	 22	 9.056298e+02	 220	 5.171975e+02	 98	 1.163273e+03	 483.33	 533.33	 41.00	 19	 0.36	 
n_130	 2	 6	 2456.jpg	 1.164221e+03	 24	 999000	 240	 999000	 999	 1.165263e+03	 483.33	 533.33	 31.00	 13	 0.49	 
n_130	 2	 6	 9090.jpg	 1.166224e+03	 12	 999000	 120	 999000	 999	 1.167266e+03	 483.33	 533.33	 21.00	 38	 0.65	 
n_130	 2	 6	 6370.jpg	 1.173221e+03	 12	 999000	 120	 999000	 999	 1.174263e+03	 483.33	 533.33	 20.00	 27	 0.66	 
n_130	 2	 6	 8480.jpg	 1.175224e+03	 12	 999000	 120	 999000	 999	 1.176266e+03	 483.33	 533.33	 15.00	 34	 0.70	 
n_130	 2	 6	 1205.jpg	 1.182221e+03	 24	 999000	 240	 999000	 999	 1.183263e+03	 483.33	 533.33	 50.00	 6	 0.24	 
n_130	 2	 6	 10003.JPG	 1.185226e+03	 22	 9.051910e+02	 220	 5.338874e+02	 98	 1.186281e+03	 483.33	 550.00	 49.00	 2	 0.25	 
n_130	 2	 6	 9322.jpg	 1.188217e+03	 24	 999000	 240	 999000	 999	 1.189259e+03	 483.33	 550.00	 44.00	 45	 0.32	 
n_130	 2	 6	 2455.jpg	 1.194226e+03	 12	 999000	 120	 999000	 999	 1.195268e+03	 483.33	 550.00	 6.00	 12	 0.82	 
n_130	 2	 6	 2750.jpg	 1.196216e+03	 24	 999000	 240	 999000	 999	 1.197258e+03	 483.33	 550.00	 39.00	 16	 0.40	 
