subjectID	 order	 runNum	 itemName	 onsetTime	 shuff_trialType	 RT	 respInTime	 AudioTime	 response	 fixationTime	 ladder1	 ladder2	 bidIndex	 itemNameIndex	 bidValue	 
n_131	 1	 8	 2205.jpg	 1.425735e+03	 24	 999000	 240	 999000	 999	 1.426777e+03	 450.00	 316.67	 58.00	 11	 0.18	 
n_131	 1	 8	 6211.jpg	 1.428726e+03	 24	 999000	 240	 999000	 999	 1.429768e+03	 450.00	 316.67	 57.00	 23	 0.20	 
n_131	 1	 8	 2039.jpg	 1.432719e+03	 11	 7.978252e+02	 110	 4.505763e+02	 98	 1.433774e+03	 466.67	 316.67	 12.00	 10	 0.70	 
n_131	 1	 8	 9120.jpg	 1.434722e+03	 22	 6.187835e+02	 220	 3.172426e+02	 98	 1.435777e+03	 466.67	 333.33	 39.00	 39	 0.40	 
n_131	 1	 8	 1111.jpg	 1.436725e+03	 24	 999000	 240	 999000	 999	 1.437767e+03	 466.67	 333.33	 48.00	 5	 0.27	 
n_131	 1	 8	 9341.jpg	 1.440717e+03	 24	 999000	 240	 999000	 999	 1.441759e+03	 466.67	 333.33	 32.00	 49	 0.49	 
n_131	 1	 8	 1205.jpg	 1.442720e+03	 24	 999000	 240	 999000	 999	 1.443762e+03	 466.67	 333.33	 54.00	 6	 0.22	 
n_131	 1	 8	 9480.jpg	 1.447728e+03	 22	 6.202905e+02	 220	 3.338777e+02	 98	 1.448783e+03	 466.67	 350.00	 52.00	 53	 0.24	 
n_131	 1	 8	 10003.JPG	 1.449718e+03	 24	 999000	 240	 999000	 999	 1.450760e+03	 466.67	 350.00	 51.00	 2	 0.25	 
n_131	 1	 8	 9090.jpg	 1.452722e+03	 12	 999000	 120	 999000	 999	 1.453764e+03	 466.67	 350.00	 9.00	 38	 0.75	 
n_131	 1	 8	 3180.jpg	 1.455727e+03	 11	 8.134069e+02	 110	 4.672098e+02	 98	 1.456782e+03	 483.33	 350.00	 20.00	 20	 0.62	 
n_131	 1	 8	 2456.jpg	 1.459720e+03	 12	 999000	 120	 999000	 999	 1.460762e+03	 483.33	 350.00	 14.00	 13	 0.65	 
n_131	 1	 8	 9050.jpg	 1.462724e+03	 12	 999000	 120	 999000	 999	 1.463766e+03	 483.33	 350.00	 22.00	 37	 0.62	 
n_131	 1	 8	 9425.jpg	 1.464727e+03	 22	 7.090337e+02	 220	 3.505675e+02	 98	 1.465782e+03	 483.33	 366.67	 50.00	 52	 0.27	 
n_131	 1	 8	 2799.jpg	 1.467718e+03	 24	 999000	 240	 999000	 999	 1.468760e+03	 483.33	 366.67	 34.00	 17	 0.44	 
n_131	 1	 8	 9490.jpg	 1.471724e+03	 24	 999000	 240	 999000	 999	 1.472766e+03	 483.33	 366.67	 38.00	 54	 0.41	 
n_131	 1	 8	 6370.jpg	 1.474729e+03	 12	 999000	 120	 999000	 999	 1.475771e+03	 483.33	 366.67	 4.00	 27	 0.86	 
n_131	 1	 8	 6250.1.jpg	 1.476719e+03	 11	 9.574097e+02	 110	 4.838880e+02	 98	 1.477774e+03	 500.00	 366.67	 21.00	 26	 0.62	 
n_131	 1	 8	 9291.jpg	 1.478722e+03	 12	 999000	 120	 999000	 999	 1.479764e+03	 500.00	 366.67	 30.00	 41	 0.53	 
n_131	 1	 8	 6560.JPG	 1.483729e+03	 22	 8.107187e+02	 220	 3.672262e+02	 98	 1.484785e+03	 500.00	 383.33	 42.00	 29	 0.34	 
n_131	 1	 8	 2457.jpg	 1.487722e+03	 12	 999000	 120	 999000	 999	 1.488764e+03	 500.00	 383.33	 2.00	 14	 0.89	 
n_131	 1	 8	 9008.jpg	 1.491728e+03	 24	 999000	 240	 999000	 999	 1.492770e+03	 500.00	 383.33	 60.00	 35	 0.13	 
n_131	 1	 8	 6570.1.JPG	 1.497724e+03	 24	 999000	 240	 999000	 999	 1.498766e+03	 500.00	 383.33	 49.00	 30	 0.27	 
n_131	 1	 8	 9622.jpg	 1.499727e+03	 24	 999000	 240	 999000	 999	 1.500769e+03	 500.00	 383.33	 31.00	 58	 0.51	 
n_131	 1	 8	 10002.JPG	 1.501730e+03	 22	 7.779810e+02	 220	 3.838821e+02	 98	 1.502785e+03	 500.00	 400.00	 37.00	 1	 0.41	 
n_131	 1	 8	 7359.jpg	 1.503719e+03	 12	 999000	 120	 999000	 999	 1.504762e+03	 500.00	 400.00	 16.00	 33	 0.65	 
n_131	 1	 8	 6555.jpg	 1.505723e+03	 24	 999000	 240	 999000	 999	 1.506765e+03	 500.00	 400.00	 46.00	 28	 0.30	 
n_131	 1	 8	 3103.jpg	 1.509729e+03	 11	 7.950793e+02	 110	 5.005649e+02	 98	 1.510784e+03	 516.67	 400.00	 18.00	 18	 0.64	 
n_131	 1	 8	 7078.jpg	 1.511718e+03	 12	 999000	 120	 999000	 999	 1.512760e+03	 516.67	 400.00	 1.00	 32	 0.91	 
n_131	 1	 8	 6242.jpg	 1.515724e+03	 12	 999000	 120	 999000	 999	 1.516766e+03	 516.67	 400.00	 6.00	 25	 0.83	 
n_131	 1	 8	 9340.jpg	 1.517727e+03	 12	 999000	 120	 999000	 999	 1.518769e+03	 516.67	 400.00	 19.00	 48	 0.63	 
n_131	 1	 8	 8480.jpg	 1.519717e+03	 11	 9.825882e+02	 110	 5.172391e+02	 98	 1.520772e+03	 533.33	 400.00	 13.00	 34	 0.66	 
n_131	 1	 8	 9495.jpg	 1.521720e+03	 11	 9.635226e+02	 110	 5.338760e+02	 98	 1.522775e+03	 550.00	 400.00	 25.00	 55	 0.59	 
n_131	 1	 8	 9903.jpg	 1.526728e+03	 12	 999000	 120	 999000	 999	 1.527770e+03	 550.00	 400.00	 28.00	 59	 0.55	 
n_131	 1	 8	 9301.jpg	 1.528717e+03	 22	 7.821762e+02	 220	 4.005501e+02	 98	 1.529773e+03	 550.00	 416.67	 45.00	 43	 0.32	 
n_131	 1	 8	 2455.jpg	 1.530720e+03	 12	 999000	 120	 999000	 999	 1.531762e+03	 550.00	 416.67	 8.00	 12	 0.76	 
n_131	 1	 8	 9322.jpg	 1.533725e+03	 24	 999000	 240	 999000	 999	 1.534767e+03	 550.00	 416.67	 56.00	 45	 0.21	 
n_131	 1	 8	 9254.jpg	 1.540722e+03	 24	 999000	 240	 999000	 999	 1.541764e+03	 550.00	 416.67	 41.00	 40	 0.37	 
n_131	 1	 8	 6838.jpg	 1.544728e+03	 22	 7.070686e+02	 220	 4.172240e+02	 98	 1.545784e+03	 550.00	 433.33	 44.00	 31	 0.32	 
n_131	 1	 8	 3160.jpg	 1.551726e+03	 11	 8.457411e+02	 110	 5.505675e+02	 98	 1.552781e+03	 566.67	 433.33	 15.00	 19	 0.65	 
n_131	 1	 8	 9905.jpg	 1.553729e+03	 11	 8.747040e+02	 110	 5.672045e+02	 98	 1.554784e+03	 583.33	 433.33	 7.00	 60	 0.76	 
n_131	 1	 8	 1019.jpg	 1.557721e+03	 12	 999000	 120	 999000	 999	 1.558763e+03	 583.33	 433.33	 17.00	 4	 0.64	 
n_131	 1	 8	 3500.jpg	 1.561727e+03	 12	 999000	 120	 999000	 999	 1.562769e+03	 583.33	 433.33	 29.00	 21	 0.54	 
n_131	 1	 8	 9042.jpg	 1.563717e+03	 24	 999000	 240	 999000	 999	 1.564759e+03	 583.33	 433.33	 33.00	 36	 0.45	 
n_131	 1	 8	 1301.jpg	 1.567723e+03	 12	 999000	 120	 999000	 999	 1.568765e+03	 583.33	 433.33	 3.00	 9	 0.89	 
n_131	 1	 8	 6210.jpg	 1.569726e+03	 11	 9.890107e+02	 110	 5.838654e+02	 98	 1.570781e+03	 600.00	 433.33	 10.00	 22	 0.73	 
n_131	 1	 8	 9300.jpg	 1.571729e+03	 24	 999000	 240	 999000	 999	 1.572771e+03	 600.00	 433.33	 35.00	 42	 0.43	 
n_131	 1	 8	 9330.jpg	 1.577725e+03	 12	 999000	 120	 999000	 999	 1.578767e+03	 600.00	 433.33	 23.00	 47	 0.60	 
n_131	 1	 8	 9373.jpg	 1.579728e+03	 24	 999000	 240	 999000	 999	 1.580770e+03	 600.00	 433.33	 59.00	 50	 0.14	 
n_131	 1	 8	 6213.jpg	 1.582719e+03	 12	 999000	 120	 999000	 999	 1.583761e+03	 600.00	 433.33	 11.00	 24	 0.72	 
n_131	 1	 8	 9325.jpg	 1.585724e+03	 22	 9.592509e+02	 220	 4.338775e+02	 98	 1.586779e+03	 600.00	 450.00	 47.00	 46	 0.28	 
n_131	 1	 8	 1271.jpg	 1.587727e+03	 12	 999000	 120	 999000	 999	 1.588769e+03	 600.00	 450.00	 26.00	 7	 0.58	 
n_131	 1	 8	 9321.jpg	 1.589730e+03	 22	 1.097178e+03	 2200	 4.505506e+02	 98	 1.590785e+03	 600.00	 400.00	 53.00	 44	 0.23	 
n_131	 1	 8	 1274.jpg	 1.591719e+03	 24	 999000	 240	 999000	 999	 1.592761e+03	 600.00	 400.00	 40.00	 8	 0.37	 
n_131	 1	 8	 10005.JPG	 1.597729e+03	 24	 999000	 240	 999000	 999	 1.598771e+03	 600.00	 400.00	 55.00	 3	 0.22	 
n_131	 1	 8	 2683.jpg	 1.599718e+03	 24	 999000	 240	 999000	 999	 1.600760e+03	 600.00	 400.00	 43.00	 15	 0.33	 
n_131	 1	 8	 9390.jpg	 1.601721e+03	 12	 999000	 120	 999000	 999	 1.602763e+03	 600.00	 400.00	 5.00	 51	 0.83	 
n_131	 1	 8	 2750.jpg	 1.603724e+03	 11	 9.905368e+02	 110	 6.005411e+02	 98	 1.604780e+03	 616.67	 400.00	 24.00	 16	 0.59	 
n_131	 1	 8	 9600.jpg	 1.606729e+03	 12	 999000	 120	 999000	 999	 1.607771e+03	 616.67	 400.00	 27.00	 57	 0.57	 
n_131	 1	 8	 9561.jpg	 1.609720e+03	 22	 7.386788e+02	 220	 4.005395e+02	 98	 1.610775e+03	 616.67	 416.67	 36.00	 56	 0.42	 
