subjectID	 order	 runNum	 itemName	 onsetTime	 shuff_trialType	 RT	 respInTime	 AudioTime	 response	 fixationTime	 ladder1	 ladder2	 bidIndex	 itemNameIndex	 bidValue	 
n_130	 2	 7	 3180.jpg	 1.256134e+03	 12	 999000	 120	 999000	 999	 1.257176e+03	 483.33	 550.00	 30.00	 20	 0.51	 
n_130	 2	 7	 2039.jpg	 1.261114e+03	 11	 8.561657e+02	 110	 4.839144e+02	 98	 1.262170e+03	 500.00	 550.00	 22.00	 10	 0.64	 
n_130	 2	 7	 1205.jpg	 1.263118e+03	 24	 999000	 240	 999000	 999	 1.264160e+03	 500.00	 550.00	 50.00	 6	 0.24	 
n_130	 2	 7	 9341.jpg	 1.265121e+03	 12	 999000	 120	 999000	 999	 1.266163e+03	 500.00	 550.00	 10.00	 49	 0.72	 
n_130	 2	 7	 9622.jpg	 1.271116e+03	 11	 8.702662e+02	 110	 5.005569e+02	 98	 1.272172e+03	 516.67	 550.00	 9.00	 58	 0.74	 
n_130	 2	 7	 7359.jpg	 1.273119e+03	 22	 8.832560e+02	 220	 5.505952e+02	 98	 1.274175e+03	 516.67	 566.67	 54.00	 33	 0.18	 
n_130	 2	 7	 6210.jpg	 1.276124e+03	 11	 8.226337e+02	 110	 5.172182e+02	 98	 1.277179e+03	 533.33	 566.67	 26.00	 22	 0.58	 
n_130	 2	 7	 10003.JPG	 1.278114e+03	 22	 8.969302e+02	 220	 5.672201e+02	 98	 1.279169e+03	 533.33	 583.33	 49.00	 2	 0.25	 
n_130	 2	 7	 1019.jpg	 1.282120e+03	 22	 9.228234e+02	 220	 5.838672e+02	 98	 1.283175e+03	 533.33	 600.00	 46.00	 4	 0.28	 
n_130	 2	 7	 1301.jpg	 1.284123e+03	 12	 999000	 120	 999000	 999	 1.285165e+03	 533.33	 600.00	 2.00	 9	 0.84	 
n_130	 2	 7	 9325.jpg	 1.289117e+03	 24	 999000	 240	 999000	 999	 1.290159e+03	 533.33	 600.00	 60.00	 46	 0.09	 
n_130	 2	 7	 2750.jpg	 1.296114e+03	 24	 999000	 240	 999000	 999	 1.297156e+03	 533.33	 600.00	 39.00	 16	 0.40	 
n_130	 2	 7	 9291.jpg	 1.298117e+03	 12	 999000	 120	 999000	 999	 1.299159e+03	 533.33	 600.00	 1.00	 41	 0.86	 
n_130	 2	 7	 9042.jpg	 1.301122e+03	 24	 999000	 240	 999000	 999	 1.302164e+03	 533.33	 600.00	 56.00	 36	 0.16	 
n_130	 2	 7	 9495.jpg	 1.304113e+03	 24	 999000	 240	 999000	 999	 1.305155e+03	 533.33	 600.00	 33.00	 55	 0.49	 
n_130	 2	 7	 6570.1.JPG	 1.308119e+03	 12	 999000	 120	 999000	 999	 1.309161e+03	 533.33	 600.00	 29.00	 30	 0.53	 
n_130	 2	 7	 9120.jpg	 1.312125e+03	 12	 999000	 120	 999000	 999	 1.313167e+03	 533.33	 600.00	 24.00	 39	 0.61	 
n_130	 2	 7	 2455.jpg	 1.316118e+03	 12	 999000	 120	 999000	 999	 1.317160e+03	 533.33	 600.00	 6.00	 12	 0.82	 
n_130	 2	 7	 9905.jpg	 1.319123e+03	 12	 999000	 120	 999000	 999	 1.320165e+03	 533.33	 600.00	 12.00	 60	 0.71	 
n_130	 2	 7	 9050.jpg	 1.325118e+03	 11	 8.839297e+02	 110	 5.338815e+02	 98	 1.326174e+03	 550.00	 600.00	 8.00	 37	 0.78	 
n_130	 2	 7	 10005.JPG	 1.327121e+03	 22	 9.289342e+02	 220	 6.005399e+02	 98	 1.328177e+03	 550.00	 616.67	 51.00	 3	 0.24	 
n_130	 2	 7	 2205.jpg	 1.330113e+03	 11	 8.656686e+02	 110	 5.505444e+02	 98	 1.331168e+03	 566.67	 616.67	 23.00	 11	 0.61	 
n_130	 2	 7	 6211.jpg	 1.332116e+03	 12	 999000	 120	 999000	 999	 1.333158e+03	 566.67	 616.67	 27.00	 23	 0.56	 
n_130	 2	 7	 9008.jpg	 1.334119e+03	 24	 999000	 240	 999000	 999	 1.335161e+03	 566.67	 616.67	 57.00	 35	 0.15	 
n_130	 2	 7	 9340.jpg	 1.336122e+03	 12	 999000	 120	 999000	 999	 1.337164e+03	 566.67	 616.67	 7.00	 48	 0.82	 
n_130	 2	 7	 9322.jpg	 1.339113e+03	 24	 999000	 240	 999000	 999	 1.340155e+03	 566.67	 616.67	 44.00	 45	 0.32	 
n_130	 2	 7	 10002.JPG	 1.343119e+03	 24	 999000	 240	 999000	 999	 1.344161e+03	 566.67	 616.67	 58.00	 1	 0.15	 
n_130	 2	 7	 9254.jpg	 1.345122e+03	 12	 999000	 120	 999000	 999	 1.346164e+03	 566.67	 616.67	 18.00	 40	 0.67	 
n_130	 2	 7	 6560.JPG	 1.347125e+03	 24	 999000	 240	 999000	 999	 1.348167e+03	 566.67	 616.67	 34.00	 29	 0.47	 
n_130	 2	 7	 3103.jpg	 1.349115e+03	 24	 999000	 240	 999000	 999	 1.350157e+03	 566.67	 616.67	 37.00	 18	 0.44	 
n_130	 2	 7	 1111.jpg	 1.351118e+03	 24	 999000	 240	 999000	 999	 1.352160e+03	 566.67	 616.67	 52.00	 5	 0.23	 
n_130	 2	 7	 6555.jpg	 1.353121e+03	 24	 999000	 240	 999000	 999	 1.354163e+03	 566.67	 616.67	 42.00	 28	 0.36	 
n_130	 2	 7	 1274.jpg	 1.357114e+03	 24	 999000	 240	 999000	 999	 1.358156e+03	 566.67	 616.67	 47.00	 8	 0.27	 
n_130	 2	 7	 6242.jpg	 1.361120e+03	 11	 9.464036e+02	 110	 5.672108e+02	 98	 1.362175e+03	 583.33	 616.67	 11.00	 25	 0.71	 
n_130	 2	 7	 2799.jpg	 1.363123e+03	 24	 999000	 240	 999000	 999	 1.364165e+03	 583.33	 616.67	 36.00	 17	 0.45	 
n_130	 2	 7	 9903.jpg	 1.365112e+03	 12	 999000	 120	 999000	 999	 1.366154e+03	 583.33	 616.67	 3.00	 59	 0.83	 
n_130	 2	 7	 8480.jpg	 1.367115e+03	 12	 999000	 120	 999000	 999	 1.368157e+03	 583.33	 616.67	 15.00	 34	 0.70	 
n_130	 2	 7	 9390.jpg	 1.369118e+03	 12	 999000	 120	 999000	 999	 1.370160e+03	 583.33	 616.67	 4.00	 51	 0.83	 
n_130	 2	 7	 9373.jpg	 1.375114e+03	 22	 9.517366e+02	 220	 6.172089e+02	 98	 1.376170e+03	 583.33	 633.33	 38.00	 50	 0.43	 
n_130	 2	 7	 3500.jpg	 1.377117e+03	 24	 999000	 240	 999000	 999	 1.378159e+03	 583.33	 633.33	 32.00	 21	 0.49	 
n_130	 2	 7	 9425.jpg	 1.379120e+03	 12	 999000	 120	 999000	 999	 1.380162e+03	 583.33	 633.33	 25.00	 52	 0.60	 
n_130	 2	 7	 1271.jpg	 1.381123e+03	 22	 9.745965e+02	 220	 6.338804e+02	 98	 1.382179e+03	 583.33	 650.00	 48.00	 7	 0.27	 
n_130	 2	 7	 9600.jpg	 1.384114e+03	 12	 999000	 120	 999000	 999	 1.385157e+03	 583.33	 650.00	 5.00	 57	 0.83	 
n_130	 2	 7	 9490.jpg	 1.386118e+03	 11	 9.883010e+02	 110	 5.838748e+02	 98	 1.387173e+03	 600.00	 650.00	 16.00	 54	 0.67	 
n_130	 2	 7	 9561.jpg	 1.393115e+03	 11	 1.030958e+03	 1100	 6.005413e+02	 98	 1.394170e+03	 550.00	 650.00	 14.00	 56	 0.70	 
n_130	 2	 7	 6838.jpg	 1.395118e+03	 24	 999000	 240	 999000	 999	 1.396160e+03	 550.00	 650.00	 45.00	 31	 0.31	 
n_130	 2	 7	 7078.jpg	 1.399124e+03	 22	 1.022129e+03	 2200	 6.505465e+02	 98	 1.400179e+03	 550.00	 600.00	 35.00	 32	 0.46	 
n_130	 2	 7	 2683.jpg	 1.403117e+03	 22	 1.029792e+03	 2200	 6.005234e+02	 98	 1.404172e+03	 550.00	 550.00	 43.00	 15	 0.36	 
n_130	 2	 7	 9300.jpg	 1.406121e+03	 24	 999000	 240	 999000	 999	 1.407163e+03	 550.00	 550.00	 53.00	 42	 0.21	 
n_130	 2	 7	 6250.1.jpg	 1.408124e+03	 22	 9.174215e+02	 220	 5.505365e+02	 98	 1.409180e+03	 550.00	 566.67	 40.00	 26	 0.40	 
n_130	 2	 7	 3160.jpg	 1.412117e+03	 22	 9.086415e+02	 220	 5.672208e+02	 98	 1.413172e+03	 550.00	 583.33	 41.00	 19	 0.36	 
n_130	 2	 7	 9090.jpg	 1.414120e+03	 12	 999000	 120	 999000	 999	 1.415162e+03	 550.00	 583.33	 21.00	 38	 0.65	 
n_130	 2	 7	 6213.jpg	 1.417125e+03	 12	 999000	 120	 999000	 999	 1.418167e+03	 550.00	 583.33	 28.00	 24	 0.55	 
n_130	 2	 7	 6370.jpg	 1.421117e+03	 12	 999000	 120	 999000	 999	 1.422159e+03	 550.00	 583.33	 20.00	 27	 0.66	 
n_130	 2	 7	 9321.jpg	 1.423120e+03	 24	 999000	 240	 999000	 999	 1.424162e+03	 550.00	 583.33	 55.00	 44	 0.18	 
n_130	 2	 7	 9330.jpg	 1.428115e+03	 11	 8.469259e+02	 110	 5.505633e+02	 98	 1.429170e+03	 566.67	 583.33	 19.00	 47	 0.67	 
n_130	 2	 7	 9301.jpg	 1.430118e+03	 24	 999000	 240	 999000	 999	 1.431160e+03	 566.67	 583.33	 59.00	 43	 0.09	 
n_130	 2	 7	 2457.jpg	 1.434124e+03	 11	 8.537802e+02	 110	 5.672155e+02	 98	 1.435179e+03	 583.33	 583.33	 17.00	 14	 0.67	 
n_130	 2	 7	 9480.jpg	 1.437115e+03	 12	 999000	 120	 999000	 999	 1.438157e+03	 583.33	 583.33	 13.00	 53	 0.70	 
n_130	 2	 7	 2456.jpg	 1.440119e+03	 24	 999000	 240	 999000	 999	 1.441162e+03	 583.33	 583.33	 31.00	 13	 0.49	 
