subjectID	 order	 runNum	 itemName	 onsetTime	 shuff_trialType	 RT	 respInTime	 AudioTime	 response	 fixationTime	 ladder1	 ladder2	 bidIndex	 itemNameIndex	 bidValue	 
n_131	 1	 6	 2205.jpg	 1.038174e+03	 24	 999000	 240	 999000	 999	 1.039217e+03	 583.33	 583.33	 58.00	 11	 0.18	 
n_131	 1	 6	 9600.jpg	 1.040164e+03	 12	 999000	 120	 999000	 999	 1.041206e+03	 583.33	 583.33	 27.00	 57	 0.57	 
n_131	 1	 6	 1111.jpg	 1.044157e+03	 24	 999000	 240	 999000	 999	 1.045199e+03	 583.33	 583.33	 48.00	 5	 0.27	 
n_131	 1	 6	 1205.jpg	 1.047161e+03	 24	 999000	 240	 999000	 999	 1.048203e+03	 583.33	 583.33	 54.00	 6	 0.22	 
n_131	 1	 6	 8480.jpg	 1.049164e+03	 11	 9.958947e+02	 110	 5.839081e+02	 98	 1.050220e+03	 600.00	 583.33	 13.00	 34	 0.66	 
n_131	 1	 6	 3103.jpg	 1.052156e+03	 11	 9.485095e+02	 110	 6.005505e+02	 98	 1.053211e+03	 616.67	 583.33	 18.00	 18	 0.64	 
n_131	 1	 6	 2750.jpg	 1.056162e+03	 11	 1.006544e+03	 1100	 6.172235e+02	 98	 1.057217e+03	 566.67	 583.33	 24.00	 16	 0.59	 
n_131	 1	 6	 9042.jpg	 1.060168e+03	 24	 999000	 240	 999000	 999	 1.061210e+03	 566.67	 583.33	 33.00	 36	 0.45	 
n_131	 1	 6	 9373.jpg	 1.062157e+03	 24	 999000	 240	 999000	 999	 1.063199e+03	 566.67	 583.33	 59.00	 50	 0.14	 
n_131	 1	 6	 10002.JPG	 1.067165e+03	 22	 9.310700e+02	 220	 5.839078e+02	 98	 1.068220e+03	 566.67	 600.00	 37.00	 1	 0.41	 
n_131	 1	 6	 6213.jpg	 1.069168e+03	 12	 999000	 120	 999000	 999	 1.070210e+03	 566.67	 600.00	 11.00	 24	 0.72	 
n_131	 1	 6	 2039.jpg	 1.071158e+03	 11	 9.383399e+02	 110	 5.672346e+02	 98	 1.072213e+03	 583.33	 600.00	 12.00	 10	 0.70	 
n_131	 1	 6	 9490.jpg	 1.077167e+03	 24	 999000	 240	 999000	 999	 1.078209e+03	 583.33	 600.00	 38.00	 54	 0.41	 
n_131	 1	 6	 9330.jpg	 1.079157e+03	 12	 999000	 120	 999000	 999	 1.080199e+03	 583.33	 600.00	 23.00	 47	 0.60	 
n_131	 1	 6	 6370.jpg	 1.081160e+03	 12	 999000	 120	 999000	 999	 1.082202e+03	 583.33	 600.00	 4.00	 27	 0.86	 
n_131	 1	 6	 9480.jpg	 1.083163e+03	 22	 1.093404e+03	 2200	 6.005484e+02	 98	 1.084218e+03	 583.33	 550.00	 52.00	 53	 0.24	 
n_131	 1	 6	 9321.jpg	 1.087169e+03	 22	 9.272296e+02	 220	 5.505344e+02	 98	 1.088224e+03	 583.33	 566.67	 53.00	 44	 0.23	 
n_131	 1	 6	 9050.jpg	 1.091161e+03	 12	 999000	 120	 999000	 999	 1.092203e+03	 583.33	 566.67	 22.00	 37	 0.62	 
n_131	 1	 6	 9903.jpg	 1.094166e+03	 12	 999000	 120	 999000	 999	 1.095208e+03	 583.33	 566.67	 28.00	 59	 0.55	 
n_131	 1	 6	 9561.jpg	 1.098159e+03	 22	 9.931463e+02	 220	 5.672028e+02	 98	 1.099214e+03	 583.33	 583.33	 36.00	 56	 0.42	 
n_131	 1	 6	 3500.jpg	 1.101163e+03	 12	 999000	 120	 999000	 999	 1.102205e+03	 583.33	 583.33	 29.00	 21	 0.54	 
n_131	 1	 6	 9008.jpg	 1.103166e+03	 24	 999000	 240	 999000	 999	 1.104208e+03	 583.33	 583.33	 60.00	 35	 0.13	 
n_131	 1	 6	 9090.jpg	 1.107159e+03	 12	 999000	 120	 999000	 999	 1.108201e+03	 583.33	 583.33	 9.00	 38	 0.75	 
n_131	 1	 6	 1274.jpg	 1.109162e+03	 24	 999000	 240	 999000	 999	 1.110204e+03	 583.33	 583.33	 40.00	 8	 0.37	 
n_131	 1	 6	 9905.jpg	 1.111165e+03	 11	 9.787017e+02	 110	 5.838812e+02	 98	 1.112220e+03	 600.00	 583.33	 7.00	 60	 0.76	 
n_131	 1	 6	 10005.JPG	 1.115158e+03	 24	 999000	 240	 999000	 999	 1.116200e+03	 600.00	 583.33	 55.00	 3	 0.22	 
n_131	 1	 6	 9340.jpg	 1.117161e+03	 12	 999000	 120	 999000	 999	 1.118203e+03	 600.00	 583.33	 19.00	 48	 0.63	 
n_131	 1	 6	 9390.jpg	 1.121167e+03	 12	 999000	 120	 999000	 999	 1.122209e+03	 600.00	 583.33	 5.00	 51	 0.83	 
n_131	 1	 6	 1271.jpg	 1.125160e+03	 12	 999000	 120	 999000	 999	 1.126202e+03	 600.00	 583.33	 26.00	 7	 0.58	 
n_131	 1	 6	 1301.jpg	 1.128164e+03	 12	 999000	 120	 999000	 999	 1.129206e+03	 600.00	 583.33	 3.00	 9	 0.89	 
n_131	 1	 6	 9341.jpg	 1.134160e+03	 24	 999000	 240	 999000	 999	 1.135202e+03	 600.00	 583.33	 32.00	 49	 0.49	 
n_131	 1	 6	 2799.jpg	 1.136163e+03	 24	 999000	 240	 999000	 999	 1.137205e+03	 600.00	 583.33	 34.00	 17	 0.44	 
n_131	 1	 6	 2457.jpg	 1.140169e+03	 12	 999000	 120	 999000	 999	 1.141211e+03	 600.00	 583.33	 2.00	 14	 0.89	 
n_131	 1	 6	 6560.JPG	 1.142159e+03	 22	 9.927874e+02	 220	 5.838641e+02	 98	 1.143214e+03	 600.00	 600.00	 42.00	 29	 0.34	 
n_131	 1	 6	 9322.jpg	 1.144162e+03	 24	 999000	 240	 999000	 999	 1.145204e+03	 600.00	 600.00	 56.00	 45	 0.21	 
n_131	 1	 6	 6555.jpg	 1.146165e+03	 24	 999000	 240	 999000	 999	 1.147207e+03	 600.00	 600.00	 46.00	 28	 0.30	 
n_131	 1	 6	 9325.jpg	 1.151159e+03	 22	 1.016372e+03	 2200	 6.005595e+02	 98	 1.152214e+03	 600.00	 550.00	 47.00	 46	 0.28	 
n_131	 1	 6	 9301.jpg	 1.153162e+03	 22	 9.013578e+02	 220	 5.505469e+02	 98	 1.154217e+03	 600.00	 566.67	 45.00	 43	 0.32	 
n_131	 1	 6	 2455.jpg	 1.155165e+03	 12	 999000	 120	 999000	 999	 1.156207e+03	 600.00	 566.67	 8.00	 12	 0.76	 
n_131	 1	 6	 9495.jpg	 1.158156e+03	 11	 9.950253e+02	 110	 6.005585e+02	 98	 1.159212e+03	 616.67	 566.67	 25.00	 55	 0.59	 
n_131	 1	 6	 10003.JPG	 1.161161e+03	 24	 999000	 240	 999000	 999	 1.162203e+03	 616.67	 566.67	 51.00	 2	 0.25	 
n_131	 1	 6	 2456.jpg	 1.165167e+03	 12	 999000	 120	 999000	 999	 1.166209e+03	 616.67	 566.67	 14.00	 13	 0.65	 
n_131	 1	 6	 9300.jpg	 1.167156e+03	 24	 999000	 240	 999000	 999	 1.168199e+03	 616.67	 566.67	 35.00	 42	 0.43	 
n_131	 1	 6	 6211.jpg	 1.169159e+03	 24	 999000	 240	 999000	 999	 1.170202e+03	 616.67	 566.67	 57.00	 23	 0.20	 
n_131	 1	 6	 1019.jpg	 1.172164e+03	 12	 999000	 120	 999000	 999	 1.173206e+03	 616.67	 566.67	 17.00	 4	 0.64	 
n_131	 1	 6	 6210.jpg	 1.175169e+03	 11	 1.086462e+03	 1100	 6.172138e+02	 98	 1.176224e+03	 566.67	 566.67	 10.00	 22	 0.73	 
n_131	 1	 6	 7078.jpg	 1.177158e+03	 12	 999000	 120	 999000	 999	 1.178200e+03	 566.67	 566.67	 1.00	 32	 0.91	 
n_131	 1	 6	 9291.jpg	 1.179161e+03	 12	 999000	 120	 999000	 999	 1.180203e+03	 566.67	 566.67	 30.00	 41	 0.53	 
n_131	 1	 6	 7359.jpg	 1.181164e+03	 12	 999000	 120	 999000	 999	 1.182206e+03	 566.67	 566.67	 16.00	 33	 0.65	 
n_131	 1	 6	 2683.jpg	 1.186159e+03	 24	 999000	 240	 999000	 999	 1.187201e+03	 566.67	 566.67	 43.00	 15	 0.33	 
n_131	 1	 6	 9254.jpg	 1.188162e+03	 24	 999000	 240	 999000	 999	 1.189204e+03	 566.67	 566.67	 41.00	 40	 0.37	 
n_131	 1	 6	 9622.jpg	 1.190165e+03	 24	 999000	 240	 999000	 999	 1.191207e+03	 566.67	 566.67	 31.00	 58	 0.51	 
n_131	 1	 6	 6250.1.jpg	 1.192168e+03	 11	 1.047239e+03	 1100	 5.672119e+02	 98	 1.193223e+03	 516.67	 566.67	 21.00	 26	 0.62	 
n_131	 1	 6	 3180.jpg	 1.199165e+03	 11	 7.858703e+02	 110	 5.172298e+02	 98	 1.200220e+03	 533.33	 566.67	 20.00	 20	 0.62	 
n_131	 1	 6	 3160.jpg	 1.201168e+03	 11	 8.148549e+02	 110	 5.338724e+02	 98	 1.202223e+03	 550.00	 566.67	 15.00	 19	 0.65	 
n_131	 1	 6	 9425.jpg	 1.208165e+03	 22	 8.894605e+02	 220	 5.672343e+02	 98	 1.209221e+03	 550.00	 583.33	 50.00	 52	 0.27	 
n_131	 1	 6	 6570.1.JPG	 1.211156e+03	 24	 999000	 240	 999000	 999	 1.212198e+03	 550.00	 583.33	 49.00	 30	 0.27	 
n_131	 1	 6	 6838.jpg	 1.214161e+03	 22	 9.096948e+02	 220	 5.838805e+02	 98	 1.215216e+03	 550.00	 600.00	 44.00	 31	 0.32	 
n_131	 1	 6	 6242.jpg	 1.220157e+03	 12	 999000	 120	 999000	 999	 1.221199e+03	 550.00	 600.00	 6.00	 25	 0.83	 
n_131	 1	 6	 9120.jpg	 1.222160e+03	 22	 9.908317e+02	 220	 6.005344e+02	 98	 1.223215e+03	 550.00	 616.67	 39.00	 39	 0.40	 
