subjectID	 order	 itemIndABC	 runtrial	 isOld?	 subjectAnswer	 onsettime	 Name	 resp_choice	 RT	 bidInd	 isBeep?
neg_114	 2	 6	 1	 1	 1	 2.479248e-02	 1271.jpg	 i	 1.789964e+00	 38	 1	 
neg_114	 2	 31	 2	 1	 1	 2.882496e+00	 9325.jpg	 i	 9.002603e-01	 49	 1	 
neg_114	 2	 7	 3	 1	 1	 4.832056e+00	 2205.jpg	 i	 1.030672e+00	 45	 0	 
neg_114	 2	 53	 4	 0	 0	 6.915223e+00	 6244.jpg	 u	 7.394713e-01	 0	 0	 
neg_114	 2	 48	 5	 0	 0	 8.704579e+00	 2590.jpg	 u	 7.101159e-01	 0	 0	 
neg_114	 2	 78	 6	 0	 0	 1.046727e+01	 9909.jpg	 u	 1.315410e+00	 0	 0	 
neg_114	 2	 22	 7	 1	 1	 1.284421e+01	 8480.jpg	 i	 6.664260e-01	 24	 0	 
neg_114	 2	 18	 8	 1	 1	 1.456680e+01	 6242.jpg	 i	 5.918432e-01	 8	 1	 
neg_114	 2	 51	 9	 0	 0	 1.620930e+01	 2900.1.jpg	 u	 8.373101e-01	 0	 0	 
neg_114	 2	 52	 10	 0	 0	 1.810550e+01	 3230.jpg	 u	 6.690849e-01	 0	 0	 
neg_114	 2	 68	 11	 0	 0	 1.982811e+01	 9295.jpg	 u	 8.984786e-01	 0	 0	 
neg_114	 2	 13	 12	 1	 1	 2.177774e+01	 3160.jpg	 i	 5.968322e-01	 42	 0	 
neg_114	 2	 76	 13	 0	 0	 2.343357e+01	 9429.jpg	 u	 8.289782e-01	 0	 0	 
neg_114	 2	 50	 14	 0	 0	 2.531643e+01	 2700.jpg	 u	 7.061099e-01	 0	 0	 
neg_114	 2	 62	 15	 0	 0	 2.707910e+01	 8230.jpg	 u	 5.914002e-01	 0	 0	 
neg_114	 2	 37	 16	 1	 1	 2.872157e+01	 9495.jpg	 i	 6.129212e-01	 13	 0	 
neg_114	 2	 74	 17	 0	 0	 3.039077e+01	 9423.jpg	 u	 1.087685e+00	 0	 0	 
neg_114	 2	 28	 18	 1	 1	 3.252734e+01	 9300.jpg	 i	 7.271049e-01	 48	 1	 
neg_114	 2	 38	 19	 1	 1	 3.430337e+01	 9600.jpg	 i	 6.150547e-01	 14	 1	 
neg_114	 2	 34	 20	 1	 1	 3.597254e+01	 9373.jpg	 i	 5.138858e-01	 43	 1	 
neg_114	 2	 8	 21	 1	 1	 3.753493e+01	 2455.jpg	 i	 5.354898e-01	 18	 0	 
neg_114	 2	 33	 22	 1	 1	 3.913735e+01	 9341.jpg	 i	 5.810301e-01	 40	 1	 
neg_114	 2	 30	 23	 1	 1	 4.077984e+01	 9322.jpg	 i	 6.025126e-01	 53	 0	 
neg_114	 2	 21	 24	 1	 1	 4.243571e+01	 6838.jpg	 i	 6.106328e-01	 39	 0	 
neg_114	 2	 1	 25	 1	 1	 4.410486e+01	 10003.JPG	 i	 6.214778e-01	 44	 0	 
neg_114	 2	 32	 26	 1	 1	 4.578742e+01	 9330.jpg	 i	 7.948864e-01	 22	 1	 
neg_114	 2	 70	 27	 0	 1	 4.764361e+01	 9320.jpg	 i	 5.066909e-01	 0	 0	 
neg_114	 2	 42	 28	 0	 0	 4.920594e+01	 10010.JPG	 u	 7.683365e-01	 0	 0	 
neg_114	 2	 73	 29	 0	 0	 5.103535e+01	 9395.jpg	 u	 1.034907e+00	 0	 0	 
neg_114	 2	 59	 30	 0	 0	 5.311852e+01	 6821.jpg	 u	 7.757128e-01	 0	 0	 
neg_114	 2	 46	 31	 0	 0	 5.494796e+01	 1280.jpg	 u	 1.074262e+00	 0	 0	 
neg_114	 2	 77	 32	 0	 0	 5.707116e+01	 9830.jpg	 u	 6.630594e-01	 0	 0	 
neg_114	 2	 11	 33	 1	 1	 5.879377e+01	 2683.jpg	 i	 7.004087e-01	 12	 0	 
neg_114	 2	 27	 34	 1	 1	 6.054311e+01	 9291.jpg	 i	 8.870501e-01	 17	 1	 
neg_114	 2	 35	 35	 1	 1	 6.247937e+01	 9425.jpg	 i	 7.587611e-01	 11	 1	 
neg_114	 2	 80	 36	 0	 0	 6.429547e+01	 9941.jpg	 u	 6.866584e-01	 0	 0	 
neg_114	 2	 29	 37	 1	 1	 6.603141e+01	 9321.jpg	 i	 1.078702e+00	 51	 1	 
neg_114	 2	 65	 38	 0	 0	 6.816798e+01	 9043.jpg	 u	 9.260990e-01	 0	 0	 
neg_114	 2	 2	 39	 1	 1	 7.014434e+01	 10005.JPG	 i	 7.897249e-01	 37	 0	 
neg_114	 2	 40	 40	 1	 1	 7.198712e+01	 9905.jpg	 i	 8.989246e-01	 35	 1	 
neg_114	 2	 71	 41	 0	 0	 7.393672e+01	 9326.jpg	 u	 7.893237e-01	 0	 0	 
neg_114	 2	 67	 42	 0	 0	 7.577951e+01	 9290.jpg	 u	 6.585052e-01	 0	 0	 
neg_114	 2	 3	 43	 1	 1	 7.748878e+01	 1019.jpg	 i	 6.292283e-01	 46	 1	 
neg_114	 2	 12	 44	 1	 1	 7.917131e+01	 2750.jpg	 i	 8.826702e-01	 26	 1	 
neg_114	 2	 20	 45	 1	 1	 8.110755e+01	 6560.JPG	 i	 6.264225e-01	 10	 0	 
neg_114	 2	 39	 46	 1	 1	 8.279013e+01	 9622.jpg	 i	 6.398427e-01	 23	 1	 
neg_114	 2	 61	 47	 0	 0	 8.448604e+01	 7380.jpg	 u	 6.718988e-01	 0	 0	 
neg_114	 2	 55	 48	 0	 0	 8.620862e+01	 6312.jpg	 u	 5.812874e-01	 0	 0	 
neg_114	 2	 36	 49	 1	 1	 8.785113e+01	 9480.jpg	 i	 1.018767e+00	 9	 1	 
neg_114	 2	 69	 50	 0	 0	 8.992093e+01	 9302.jpg	 u	 9.489411e-01	 0	 0	 
neg_114	 2	 72	 51	 0	 0	 9.192396e+01	 9342.jpg	 u	 7.858985e-01	 0	 0	 
neg_114	 2	 57	 52	 0	 0	 9.376675e+01	 6562.jpg	 u	 1.087073e+00	 0	 0	 
neg_114	 2	 9	 53	 1	 1	 9.590332e+01	 2456.jpg	 i	 7.584903e-01	 19	 1	 
neg_114	 2	 49	 54	 0	 0	 9.771941e+01	 2691.jpg	 u	 1.006382e+00	 0	 0	 
neg_114	 2	 64	 55	 0	 0	 9.977586e+01	 9031.jpg	 u	 6.779269e-01	 0	 0	 
neg_114	 2	 5	 56	 1	 1	 1.015118e+02	 1205.jpg	 i	 8.299343e-01	 36	 0	 
neg_114	 2	 14	 57	 1	 1	 1.033947e+02	 3500.jpg	 i	 8.990910e-01	 25	 0	 
neg_114	 2	 66	 58	 0	 0	 1.053443e+02	 9280.jpg	 u	 6.454427e-01	 0	 0	 
neg_114	 2	 47	 59	 0	 0	 1.070402e+02	 1304.jpg	 u	 5.655400e-01	 0	 0	 
neg_114	 2	 15	 60	 1	 1	 1.086560e+02	 6210.jpg	 i	 7.737367e-01	 7	 0	 
neg_114	 2	 41	 61	 0	 0	 1.104854e+02	 10006.JPG	 u	 6.082568e-01	 0	 0	 
neg_114	 2	 58	 62	 0	 0	 1.121546e+02	 6571.jpg	 u	 8.110561e-01	 0	 0	 
neg_114	 2	 56	 63	 0	 0	 1.140241e+02	 6313.jpg	 u	 7.015355e-01	 0	 0	 
neg_114	 2	 45	 64	 0	 0	 1.157868e+02	 1275.jpg	 u	 5.868439e-01	 0	 0	 
neg_114	 2	 25	 65	 1	 1	 1.174292e+02	 9120.jpg	 i	 7.683539e-01	 20	 0	 
neg_114	 2	 16	 66	 1	 1	 1.192587e+02	 6211.jpg	 i	 8.749083e-01	 15	 0	 
neg_114	 2	 23	 67	 1	 1	 1.211950e+02	 9042.jpg	 i	 6.826379e-01	 54	 1	 
neg_114	 2	 19	 68	 1	 1	 1.229309e+02	 6555.jpg	 i	 6.746371e-01	 47	 0	 
neg_114	 2	 43	 69	 0	 0	 1.246669e+02	 1051.jpg	 u	 6.986429e-01	 0	 0	 
neg_114	 2	 63	 70	 0	 0	 1.264162e+02	 8485.jpg	 u	 7.893176e-01	 0	 0	 
neg_114	 2	 26	 71	 1	 1	 1.282590e+02	 9254.jpg	 i	 1.026491e+00	 41	 1	 
neg_114	 2	 60	 72	 0	 0	 1.303421e+02	 6836.jpg	 u	 9.113369e-01	 0	 0	 
neg_114	 2	 4	 73	 1	 1	 1.323051e+02	 1111.jpg	 i	 7.403588e-01	 50	 0	 
neg_114	 2	 24	 74	 1	 1	 1.340945e+02	 9050.jpg	 i	 5.669442e-01	 21	 0	 
neg_114	 2	 44	 75	 0	 0	 1.357103e+02	 1270.jpg	 u	 7.431117e-01	 0	 0	 
neg_114	 2	 79	 76	 0	 0	 1.375130e+02	 9930.jpg	 u	 9.243989e-01	 0	 0	 
neg_114	 2	 10	 77	 1	 0	 1.394893e+02	 2457.jpg	 u	 6.600469e-01	 52	 0	 
neg_114	 2	 17	 78	 1	 1	 1.411986e+02	 6213.jpg	 i	 1.206785e+00	 16	 1	 
neg_114	 2	 54	 79	 0	 0	 1.434553e+02	 6300.jpg	 u	 7.580274e-01	 0	 0	 
neg_114	 2	 75	 80	 0	 0	 1.452714e+02	 9427.jpg	 u	 8.299143e-01	 0	 0	 
