subjectID	 order	 runNum	 itemName	 onsetTime	 shuff_trialType	 RT	 respInTime	 AudioTime	 response	 fixationTime	 ladder1	 ladder2	 bidIndex	 itemNameIndex	 bidValue	 
neg_109	 1	 3	 2455.jpg	 5.488944e+02	 12	 999000	 120	 999000	 999	 5.499364e+02	 550.00	 616.67	 11.00	 12	 0.67	 
neg_109	 1	 3	 6555.jpg	 5.518856e+02	 22	 1.432062e+03	 2200	 6.172366e+02	 98	 5.529410e+02	 550.00	 566.67	 36.00	 28	 0.47	 
neg_109	 1	 3	 9490.jpg	 5.538886e+02	 24	 999000	 240	 999000	 999	 5.549306e+02	 550.00	 566.67	 34.00	 54	 0.49	 
neg_109	 1	 3	 9390.jpg	 5.558783e+02	 12	 999000	 120	 999000	 999	 5.569203e+02	 550.00	 566.67	 16.00	 51	 0.64	 
neg_109	 1	 3	 1019.jpg	 5.578813e+02	 24	 999000	 240	 999000	 999	 5.589233e+02	 550.00	 566.67	 41.00	 4	 0.40	 
neg_109	 1	 3	 9291.jpg	 5.608859e+02	 11	 9.598150e+02	 110	 5.505624e+02	 98	 5.619412e+02	 566.67	 566.67	 20.00	 41	 0.63	 
neg_109	 1	 3	 9480.jpg	 5.628889e+02	 22	 1.004638e+03	 2200	 5.672184e+02	 98	 5.639443e+02	 566.67	 516.67	 39.00	 53	 0.43	 
neg_109	 1	 3	 9340.jpg	 5.668816e+02	 24	 999000	 240	 999000	 999	 5.679236e+02	 566.67	 516.67	 32.00	 48	 0.52	 
neg_109	 1	 3	 9120.jpg	 5.688847e+02	 12	 999000	 120	 999000	 999	 5.699267e+02	 566.67	 516.67	 5.00	 39	 0.76	 
neg_109	 1	 3	 6838.jpg	 5.738789e+02	 24	 999000	 240	 999000	 999	 5.749209e+02	 566.67	 516.67	 31.00	 31	 0.53	 
neg_109	 1	 3	 6560.JPG	 5.758819e+02	 22	 9.076322e+02	 220	 5.172070e+02	 98	 5.769373e+02	 566.67	 533.33	 44.00	 29	 0.37	 
neg_109	 1	 3	 6213.jpg	 5.798880e+02	 12	 999000	 120	 999000	 999	 5.809300e+02	 566.67	 533.33	 1.00	 24	 0.83	 
neg_109	 1	 3	 9341.jpg	 5.818777e+02	 12	 999000	 120	 999000	 999	 5.829197e+02	 566.67	 533.33	 23.00	 49	 0.60	 
neg_109	 1	 3	 7359.jpg	 5.848822e+02	 24	 999000	 240	 999000	 999	 5.859242e+02	 566.67	 533.33	 43.00	 33	 0.38	 
neg_109	 1	 3	 1111.jpg	 5.898898e+02	 24	 999000	 240	 999000	 999	 5.909318e+02	 566.67	 533.33	 59.00	 5	 0.17	 
neg_109	 1	 3	 3160.jpg	 5.918795e+02	 24	 999000	 240	 999000	 999	 5.929215e+02	 566.67	 533.33	 46.00	 19	 0.32	 
neg_109	 1	 3	 1271.jpg	 5.938825e+02	 22	 9.227344e+02	 220	 5.338688e+02	 98	 5.949379e+02	 566.67	 550.00	 45.00	 7	 0.34	 
neg_109	 1	 3	 3500.jpg	 5.978886e+02	 12	 999000	 120	 999000	 999	 5.989306e+02	 566.67	 550.00	 26.00	 21	 0.57	 
neg_109	 1	 3	 7078.jpg	 6.018813e+02	 24	 999000	 240	 999000	 999	 6.029233e+02	 566.67	 550.00	 33.00	 32	 0.50	 
neg_109	 1	 3	 2750.jpg	 6.058874e+02	 24	 999000	 240	 999000	 999	 6.069294e+02	 566.67	 550.00	 48.00	 16	 0.30	 
neg_109	 1	 3	 9042.jpg	 6.078904e+02	 22	 9.466912e+02	 220	 5.505521e+02	 98	 6.089458e+02	 566.67	 566.67	 52.00	 36	 0.27	 
neg_109	 1	 3	 9325.jpg	 6.098801e+02	 24	 999000	 240	 999000	 999	 6.109221e+02	 566.67	 566.67	 51.00	 46	 0.27	 
neg_109	 1	 3	 1205.jpg	 6.118831e+02	 24	 999000	 240	 999000	 999	 6.129251e+02	 566.67	 566.67	 56.00	 6	 0.21	 
neg_109	 1	 3	 9622.jpg	 6.138861e+02	 11	 9.668939e+02	 110	 5.672320e+02	 98	 6.149415e+02	 583.33	 566.67	 15.00	 58	 0.65	 
neg_109	 1	 3	 9600.jpg	 6.198819e+02	 11	 8.910819e+02	 110	 5.838728e+02	 98	 6.209373e+02	 600.00	 566.67	 12.00	 57	 0.66	 
neg_109	 1	 3	 9008.jpg	 6.228864e+02	 22	 9.425001e+02	 220	 5.672315e+02	 98	 6.239418e+02	 600.00	 583.33	 53.00	 35	 0.25	 
neg_109	 1	 3	 9495.jpg	 6.248895e+02	 24	 999000	 240	 999000	 999	 6.259315e+02	 600.00	 583.33	 38.00	 55	 0.43	 
neg_109	 1	 3	 9373.jpg	 6.268791e+02	 24	 999000	 240	 999000	 999	 6.279212e+02	 600.00	 583.33	 49.00	 50	 0.28	 
neg_109	 1	 3	 10002.JPG	 6.298837e+02	 24	 999000	 240	 999000	 999	 6.309257e+02	 600.00	 583.33	 35.00	 1	 0.47	 
neg_109	 1	 3	 2039.jpg	 6.318867e+02	 11	 9.182162e+02	 110	 6.005502e+02	 98	 6.329421e+02	 616.67	 583.33	 10.00	 10	 0.69	 
neg_109	 1	 3	 2456.jpg	 6.338898e+02	 11	 1.028947e+03	 1100	 6.172148e+02	 98	 6.349451e+02	 566.67	 583.33	 24.00	 13	 0.57	 
neg_109	 1	 3	 10005.JPG	 6.358794e+02	 24	 999000	 240	 999000	 999	 6.369215e+02	 566.67	 583.33	 40.00	 3	 0.43	 
neg_109	 1	 3	 10003.JPG	 6.388840e+02	 24	 999000	 240	 999000	 999	 6.399260e+02	 566.67	 583.33	 60.00	 2	 0.04	 
neg_109	 1	 3	 9301.jpg	 6.408870e+02	 24	 999000	 240	 999000	 999	 6.419291e+02	 566.67	 583.33	 57.00	 43	 0.20	 
neg_109	 1	 3	 9254.jpg	 6.428901e+02	 22	 8.746720e+02	 220	 5.838703e+02	 98	 6.439454e+02	 566.67	 600.00	 47.00	 40	 0.31	 
neg_109	 1	 3	 9905.jpg	 6.448797e+02	 12	 999000	 120	 999000	 999	 6.459218e+02	 566.67	 600.00	 3.00	 60	 0.80	 
neg_109	 1	 3	 2799.jpg	 6.468828e+02	 12	 999000	 120	 999000	 999	 6.479248e+02	 566.67	 600.00	 17.00	 17	 0.64	 
neg_109	 1	 3	 6242.jpg	 6.528785e+02	 11	 9.181066e+02	 110	 5.671976e+02	 98	 6.539339e+02	 583.33	 600.00	 7.00	 25	 0.74	 
neg_109	 1	 3	 6250.1.jpg	 6.558831e+02	 11	 9.215189e+02	 110	 5.838818e+02	 98	 6.569384e+02	 600.00	 600.00	 25.00	 26	 0.57	 
neg_109	 1	 3	 9903.jpg	 6.598891e+02	 11	 8.194229e+02	 110	 6.005490e+02	 98	 6.609445e+02	 616.67	 600.00	 13.00	 59	 0.66	 
neg_109	 1	 3	 9050.jpg	 6.658849e+02	 12	 999000	 120	 999000	 999	 6.669269e+02	 616.67	 600.00	 4.00	 37	 0.79	 
neg_109	 1	 3	 9090.jpg	 6.678879e+02	 12	 999000	 120	 999000	 999	 6.689299e+02	 616.67	 600.00	 8.00	 38	 0.73	 
neg_109	 1	 3	 2205.jpg	 6.728822e+02	 12	 999000	 120	 999000	 999	 6.739242e+02	 616.67	 600.00	 22.00	 11	 0.62	 
neg_109	 1	 3	 6570.1.JPG	 6.758867e+02	 12	 999000	 120	 999000	 999	 6.769287e+02	 616.67	 600.00	 9.00	 30	 0.71	 
neg_109	 1	 3	 9425.jpg	 6.778897e+02	 12	 999000	 120	 999000	 999	 6.789317e+02	 616.67	 600.00	 27.00	 52	 0.56	 
neg_109	 1	 3	 9322.jpg	 6.808809e+02	 24	 999000	 240	 999000	 999	 6.819229e+02	 616.67	 600.00	 58.00	 45	 0.18	 
neg_109	 1	 3	 1274.jpg	 6.828840e+02	 22	 9.763724e+02	 220	 6.005661e+02	 98	 6.839393e+02	 616.67	 616.67	 42.00	 8	 0.38	 
neg_109	 1	 3	 6210.jpg	 6.868904e+02	 12	 999000	 120	 999000	 999	 6.879320e+02	 616.67	 616.67	 14.00	 22	 0.65	 
neg_109	 1	 3	 1301.jpg	 6.908827e+02	 11	 9.775107e+02	 110	 6.172145e+02	 98	 6.919382e+02	 633.33	 616.67	 18.00	 9	 0.64	 
neg_109	 1	 3	 2457.jpg	 6.928857e+02	 12	 999000	 120	 999000	 999	 6.939278e+02	 633.33	 616.67	 6.00	 14	 0.75	 
neg_109	 1	 3	 9561.jpg	 6.998830e+02	 12	 999000	 120	 999000	 999	 7.009251e+02	 633.33	 616.67	 29.00	 56	 0.55	 
neg_109	 1	 3	 9300.jpg	 7.018861e+02	 24	 999000	 240	 999000	 999	 7.029281e+02	 633.33	 616.67	 54.00	 42	 0.24	 
neg_109	 1	 3	 6370.jpg	 7.048906e+02	 12	 999000	 120	 999000	 999	 7.059326e+02	 633.33	 616.67	 2.00	 27	 0.82	 
neg_109	 1	 3	 9330.jpg	 7.088833e+02	 22	 1.008749e+03	 2200	 6.172114e+02	 98	 7.099387e+02	 633.33	 566.67	 37.00	 47	 0.46	 
neg_109	 1	 3	 9321.jpg	 7.128894e+02	 22	 9.066050e+02	 220	 5.672065e+02	 98	 7.139448e+02	 633.33	 583.33	 50.00	 44	 0.28	 
neg_109	 1	 3	 3103.jpg	 7.168821e+02	 24	 999000	 240	 999000	 999	 7.179241e+02	 633.33	 583.33	 55.00	 18	 0.22	 
neg_109	 1	 3	 6211.jpg	 7.198867e+02	 11	 9.812924e+02	 110	 6.339416e+02	 98	 7.209420e+02	 650.00	 583.33	 21.00	 23	 0.62	 
neg_109	 1	 3	 3180.jpg	 7.218897e+02	 12	 999000	 120	 999000	 999	 7.229317e+02	 650.00	 583.33	 28.00	 20	 0.56	 
neg_109	 1	 3	 8480.jpg	 7.258824e+02	 12	 999000	 120	 999000	 999	 7.269244e+02	 650.00	 583.33	 19.00	 34	 0.63	 
neg_109	 1	 3	 2683.jpg	 7.328797e+02	 12	 999000	 120	 999000	 999	 7.339217e+02	 650.00	 583.33	 30.00	 15	 0.53	 
