subjectID	 order	 runNum	 itemName	 onsetTime	 shuff_trialType	 RT	 respInTime	 AudioTime	 response	 fixationTime	 ladder1	 ladder2	 bidIndex	 itemNameIndex	 bidValue	 
neg_120	 2	 9	 7359.jpg	 1.694174e+03	 12	 4.703032e+02	 12	 999000	 98	 1.695216e+03	 616.67	 683.33	 29.00	 33	 0.51	 
neg_120	 2	 9	 6211.jpg	 1.696164e+03	 22	 8.965593e+02	 220	 6.839049e+02	 98	 1.697219e+03	 616.67	 700.00	 35.00	 23	 0.46	 
neg_120	 2	 9	 1019.jpg	 1.700170e+03	 22	 5.383100e+02	 22	 7.005482e+02	 98	 1.701225e+03	 616.67	 716.67	 41.00	 4	 0.38	 
neg_120	 2	 9	 2456.jpg	 1.703161e+03	 11	 8.270769e+02	 110	 6.172680e+02	 98	 1.704216e+03	 633.33	 716.67	 16.00	 13	 0.69	 
neg_120	 2	 9	 9330.jpg	 1.705164e+03	 11	 8.561555e+02	 110	 6.338934e+02	 98	 1.706219e+03	 650.00	 716.67	 26.00	 47	 0.56	 
neg_120	 2	 9	 1205.jpg	 1.708169e+03	 22	 6.675982e+02	 22	 7.172251e+02	 98	 1.709224e+03	 650.00	 733.33	 46.00	 6	 0.33	 
neg_120	 2	 9	 9622.jpg	 1.712161e+03	 11	 8.668512e+02	 110	 6.505430e+02	 98	 1.713217e+03	 666.67	 733.33	 8.00	 58	 0.77	 
neg_120	 2	 9	 6838.jpg	 1.716167e+03	 12	 999000	 120	 999000	 999	 1.717209e+03	 666.67	 733.33	 13.00	 31	 0.71	 
neg_120	 2	 9	 9480.jpg	 1.718170e+03	 12	 999000	 120	 999000	 999	 1.719212e+03	 666.67	 733.33	 28.00	 53	 0.51	 
neg_120	 2	 9	 9561.jpg	 1.723165e+03	 24	 999000	 240	 999000	 999	 1.724207e+03	 666.67	 733.33	 47.00	 56	 0.32	 
neg_120	 2	 9	 9903.jpg	 1.725168e+03	 22	 9.963353e+02	 220	 7.346848e+02	 98	 1.726223e+03	 666.67	 750.00	 40.00	 59	 0.39	 
neg_120	 2	 9	 9300.jpg	 1.727157e+03	 24	 999000	 240	 999000	 999	 1.728199e+03	 666.67	 750.00	 55.00	 42	 0.18	 
neg_120	 2	 9	 6250.1.jpg	 1.733166e+03	 12	 999000	 120	 999000	 999	 1.734208e+03	 666.67	 750.00	 25.00	 26	 0.56	 
neg_120	 2	 9	 9322.jpg	 1.735169e+03	 24	 999000	 240	 999000	 999	 1.736211e+03	 666.67	 750.00	 58.00	 45	 0.14	 
neg_120	 2	 9	 9050.jpg	 1.737159e+03	 12	 999000	 120	 999000	 999	 1.738201e+03	 666.67	 750.00	 15.00	 37	 0.70	 
neg_120	 2	 9	 1274.jpg	 1.739162e+03	 24	 999000	 240	 999000	 999	 1.740204e+03	 666.67	 750.00	 42.00	 8	 0.36	 
neg_120	 2	 9	 9341.jpg	 1.743168e+03	 11	 8.515796e+02	 110	 6.672157e+02	 98	 1.744223e+03	 683.33	 750.00	 23.00	 49	 0.59	 
neg_120	 2	 9	 6242.jpg	 1.747161e+03	 12	 999000	 120	 999000	 999	 1.748203e+03	 683.33	 750.00	 12.00	 25	 0.73	 
neg_120	 2	 9	 1111.jpg	 1.750165e+03	 24	 999000	 240	 999000	 999	 1.751207e+03	 683.33	 750.00	 57.00	 5	 0.17	 
neg_120	 2	 9	 3500.jpg	 1.754158e+03	 12	 999000	 120	 999000	 999	 1.755200e+03	 683.33	 750.00	 20.00	 21	 0.64	 
neg_120	 2	 9	 9390.jpg	 1.757163e+03	 24	 999000	 240	 999000	 999	 1.758205e+03	 683.33	 750.00	 45.00	 51	 0.34	 
neg_120	 2	 9	 7078.jpg	 1.759166e+03	 12	 999000	 120	 999000	 999	 1.760208e+03	 683.33	 750.00	 27.00	 32	 0.52	 
neg_120	 2	 9	 9301.jpg	 1.763158e+03	 24	 999000	 240	 999000	 999	 1.764200e+03	 683.33	 750.00	 53.00	 43	 0.21	 
neg_120	 2	 9	 2799.jpg	 1.765161e+03	 22	 9.220803e+02	 220	 7.505445e+02	 98	 1.766217e+03	 683.33	 766.67	 54.00	 17	 0.20	 
neg_120	 2	 9	 3103.jpg	 1.767164e+03	 24	 999000	 240	 999000	 999	 1.768206e+03	 683.33	 766.67	 44.00	 18	 0.35	 
neg_120	 2	 9	 6570.1.JPG	 1.771157e+03	 12	 999000	 120	 999000	 999	 1.772199e+03	 683.33	 766.67	 10.00	 30	 0.75	 
neg_120	 2	 9	 6555.jpg	 1.773160e+03	 12	 999000	 120	 999000	 999	 1.774202e+03	 683.33	 766.67	 3.00	 28	 0.83	 
neg_120	 2	 9	 9340.jpg	 1.777166e+03	 12	 999000	 120	 999000	 999	 1.778208e+03	 683.33	 766.67	 7.00	 48	 0.77	 
neg_120	 2	 9	 9905.jpg	 1.781159e+03	 24	 999000	 240	 999000	 999	 1.782201e+03	 683.33	 766.67	 37.00	 60	 0.43	 
neg_120	 2	 9	 9373.jpg	 1.784163e+03	 22	 1.039736e+03	 2200	 7.672147e+02	 98	 1.785219e+03	 683.33	 716.67	 51.00	 50	 0.27	 
neg_120	 2	 9	 10002.JPG	 1.790159e+03	 24	 999000	 240	 999000	 999	 1.791201e+03	 683.33	 716.67	 59.00	 1	 0.08	 
neg_120	 2	 9	 9120.jpg	 1.792162e+03	 12	 999000	 120	 999000	 999	 1.793204e+03	 683.33	 716.67	 30.00	 39	 0.51	 
neg_120	 2	 9	 6560.JPG	 1.796168e+03	 12	 999000	 120	 999000	 999	 1.797210e+03	 683.33	 716.67	 5.00	 29	 0.79	 
neg_120	 2	 9	 9321.jpg	 1.798158e+03	 24	 999000	 240	 999000	 999	 1.799200e+03	 683.33	 716.67	 56.00	 44	 0.17	 
neg_120	 2	 9	 9254.jpg	 1.800161e+03	 24	 999000	 240	 999000	 999	 1.801203e+03	 683.33	 716.67	 32.00	 40	 0.50	 
neg_120	 2	 9	 9495.jpg	 1.802164e+03	 24	 999000	 240	 999000	 999	 1.803206e+03	 683.33	 716.67	 31.00	 55	 0.51	 
neg_120	 2	 9	 10005.JPG	 1.807158e+03	 24	 999000	 240	 999000	 999	 1.808200e+03	 683.33	 716.67	 33.00	 3	 0.49	 
neg_120	 2	 9	 8480.jpg	 1.809161e+03	 24	 999000	 240	 999000	 999	 1.810203e+03	 683.33	 716.67	 36.00	 34	 0.45	 
neg_120	 2	 9	 3180.jpg	 1.811164e+03	 22	 9.985961e+02	 220	 7.172115e+02	 98	 1.812220e+03	 683.33	 733.33	 48.00	 20	 0.30	 
neg_120	 2	 9	 2683.jpg	 1.814169e+03	 22	 1.049863e+03	 2200	 7.338696e+02	 98	 1.815224e+03	 683.33	 683.33	 38.00	 15	 0.42	 
neg_120	 2	 9	 9600.jpg	 1.817160e+03	 12	 999000	 120	 999000	 999	 1.818202e+03	 683.33	 683.33	 18.00	 57	 0.67	 
neg_120	 2	 9	 10003.JPG	 1.821166e+03	 24	 999000	 240	 999000	 999	 1.822208e+03	 683.33	 683.33	 50.00	 2	 0.28	 
neg_120	 2	 9	 6213.jpg	 1.823169e+03	 11	 9.456357e+02	 110	 6.838843e+02	 98	 1.824224e+03	 700.00	 683.33	 14.00	 24	 0.70	 
neg_120	 2	 9	 6210.jpg	 1.825159e+03	 12	 999000	 120	 999000	 999	 1.826201e+03	 700.00	 683.33	 6.00	 22	 0.78	 
neg_120	 2	 9	 1271.jpg	 1.828163e+03	 22	 7.511884e+02	 220	 6.838925e+02	 98	 1.829219e+03	 700.00	 700.00	 43.00	 7	 0.35	 
neg_120	 2	 9	 9325.jpg	 1.831168e+03	 24	 999000	 240	 999000	 999	 1.832210e+03	 700.00	 700.00	 60.00	 46	 0.03	 
neg_120	 2	 9	 9425.jpg	 1.833157e+03	 11	 9.250822e+02	 110	 7.005525e+02	 98	 1.834213e+03	 716.67	 700.00	 22.00	 52	 0.61	 
neg_120	 2	 9	 2457.jpg	 1.835160e+03	 12	 999000	 120	 999000	 999	 1.836202e+03	 716.67	 700.00	 21.00	 14	 0.64	 
neg_120	 2	 9	 9008.jpg	 1.837163e+03	 22	 9.349747e+02	 220	 7.005478e+02	 98	 1.838219e+03	 716.67	 716.67	 49.00	 35	 0.28	 
neg_120	 2	 9	 9490.jpg	 1.842158e+03	 24	 999000	 240	 999000	 999	 1.843200e+03	 716.67	 716.67	 34.00	 54	 0.47	 
neg_120	 2	 9	 9291.jpg	 1.844161e+03	 11	 8.334976e+02	 110	 7.172124e+02	 98	 1.845216e+03	 733.33	 716.67	 17.00	 41	 0.67	 
neg_120	 2	 9	 6370.jpg	 1.846164e+03	 24	 999000	 240	 999000	 999	 1.847206e+03	 733.33	 716.67	 39.00	 27	 0.40	 
neg_120	 2	 9	 2455.jpg	 1.848167e+03	 11	 9.715327e+02	 110	 7.338908e+02	 98	 1.849222e+03	 750.00	 716.67	 9.00	 12	 0.76	 
neg_120	 2	 9	 2039.jpg	 1.855164e+03	 12	 999000	 120	 999000	 999	 1.856206e+03	 750.00	 716.67	 4.00	 10	 0.82	 
neg_120	 2	 9	 2205.jpg	 1.857167e+03	 12	 999000	 120	 999000	 999	 1.858209e+03	 750.00	 716.67	 24.00	 11	 0.57	 
neg_120	 2	 9	 9042.jpg	 1.864164e+03	 12	 999000	 120	 999000	 999	 1.865206e+03	 750.00	 716.67	 2.00	 36	 0.85	 
neg_120	 2	 9	 2750.jpg	 1.867169e+03	 11	 9.451782e+02	 110	 7.505560e+02	 98	 1.868224e+03	 766.67	 716.67	 19.00	 16	 0.67	 
neg_120	 2	 9	 3160.jpg	 1.870160e+03	 24	 999000	 240	 999000	 999	 1.871202e+03	 766.67	 716.67	 52.00	 19	 0.25	 
neg_120	 2	 9	 9090.jpg	 1.876169e+03	 12	 999000	 120	 999000	 999	 1.877211e+03	 766.67	 716.67	 1.00	 38	 0.86	 
neg_120	 2	 9	 1301.jpg	 1.878159e+03	 11	 1.043111e+03	 1100	 7.672325e+02	 98	 1.879214e+03	 716.67	 716.67	 11.00	 9	 0.73	 
