subjectID	 order	 runNum	 itemName	 onsetTime	 shuff_trialType	 RT	 respInTime	 AudioTime	 response	 fixationTime	 ladder1	 ladder2	 bidIndex	 itemNameIndex	 bidValue	 
neg_104	 2	 2	 2205.jpg	 1.893767e+02	 24	 999000	 240	 999000	 999	 1.904187e+02	 650.00	 583.33	 45.00	 11	 0.32	 
neg_104	 2	 2	 9561.jpg	 1.923679e+02	 22	 9.216662e+02	 220	 5.839160e+02	 98	 1.934233e+02	 650.00	 600.00	 40.00	 56	 0.37	 
neg_104	 2	 2	 9301.jpg	 1.943709e+02	 24	 999000	 240	 999000	 999	 1.954129e+02	 650.00	 600.00	 57.00	 43	 0.14	 
neg_104	 2	 2	 1019.jpg	 1.963739e+02	 22	 8.355929e+02	 220	 6.005607e+02	 98	 1.974293e+02	 650.00	 616.67	 49.00	 4	 0.26	 
neg_104	 2	 2	 9622.jpg	 1.983770e+02	 12	 999000	 120	 999000	 999	 1.994190e+02	 650.00	 616.67	 4.00	 58	 0.84	 
neg_104	 2	 2	 9341.jpg	 2.013682e+02	 12	 999000	 120	 999000	 999	 2.024102e+02	 650.00	 616.67	 24.00	 49	 0.56	 
neg_104	 2	 2	 9480.jpg	 2.033712e+02	 22	 8.462361e+02	 220	 6.172026e+02	 98	 2.044266e+02	 650.00	 633.33	 54.00	 53	 0.19	 
neg_104	 2	 2	 2455.jpg	 2.073639e+02	 12	 999000	 120	 999000	 999	 2.084060e+02	 650.00	 633.33	 12.00	 12	 0.76	 
neg_104	 2	 2	 9120.jpg	 2.093670e+02	 12	 999000	 120	 999000	 999	 2.104090e+02	 650.00	 633.33	 18.00	 39	 0.68	 
neg_104	 2	 2	 9373.jpg	 2.143745e+02	 24	 999000	 240	 999000	 999	 2.154166e+02	 650.00	 633.33	 39.00	 50	 0.38	 
neg_104	 2	 2	 9340.jpg	 2.163642e+02	 12	 999000	 120	 999000	 999	 2.174062e+02	 650.00	 633.33	 15.00	 48	 0.70	 
neg_104	 2	 2	 1271.jpg	 2.203703e+02	 24	 999000	 240	 999000	 999	 2.214123e+02	 650.00	 633.33	 36.00	 7	 0.43	 
neg_104	 2	 2	 7359.jpg	 2.223733e+02	 12	 999000	 120	 999000	 999	 2.234153e+02	 650.00	 633.33	 25.00	 33	 0.56	 
neg_104	 2	 2	 6250.1.jpg	 2.253645e+02	 11	 8.847121e+02	 110	 6.505736e+02	 98	 2.264199e+02	 666.67	 633.33	 14.00	 26	 0.71	 
neg_104	 2	 2	 6560.JPG	 2.303721e+02	 12	 999000	 120	 999000	 999	 2.314141e+02	 666.67	 633.33	 10.00	 29	 0.77	 
neg_104	 2	 2	 6838.jpg	 2.323751e+02	 22	 8.980247e+02	 220	 6.338847e+02	 98	 2.334305e+02	 666.67	 650.00	 38.00	 31	 0.39	 
neg_104	 2	 2	 9330.jpg	 2.343648e+02	 12	 999000	 120	 999000	 999	 2.354068e+02	 666.67	 650.00	 20.00	 47	 0.64	 
neg_104	 2	 2	 9050.jpg	 2.383709e+02	 11	 9.502141e+02	 110	 6.672132e+02	 98	 2.394263e+02	 683.33	 650.00	 17.00	 37	 0.68	 
neg_104	 2	 2	 9905.jpg	 2.423770e+02	 12	 999000	 120	 999000	 999	 2.434190e+02	 683.33	 650.00	 29.00	 60	 0.54	 
neg_104	 2	 2	 6210.jpg	 2.463697e+02	 12	 4.393309e+02	 12	 999000	 98	 2.474117e+02	 683.33	 650.00	 21.00	 22	 0.64	 
neg_104	 2	 2	 10005.JPG	 2.483727e+02	 24	 999000	 240	 999000	 999	 2.494147e+02	 683.33	 650.00	 34.00	 3	 0.47	 
neg_104	 2	 2	 1111.jpg	 2.503757e+02	 24	 999000	 240	 999000	 999	 2.514178e+02	 683.33	 650.00	 58.00	 5	 0.09	 
neg_104	 2	 2	 1205.jpg	 2.523654e+02	 24	 999000	 240	 999000	 999	 2.534074e+02	 683.33	 650.00	 52.00	 6	 0.20	 
neg_104	 2	 2	 2750.jpg	 2.543684e+02	 24	 999000	 240	 999000	 999	 2.554105e+02	 683.33	 650.00	 55.00	 16	 0.17	 
neg_104	 2	 2	 9322.jpg	 2.603642e+02	 22	 9.086809e+02	 220	 6.505639e+02	 98	 2.614196e+02	 683.33	 666.67	 41.00	 45	 0.36	 
neg_104	 2	 2	 9903.jpg	 2.633687e+02	 12	 999000	 120	 999000	 999	 2.644108e+02	 683.33	 666.67	 30.00	 59	 0.53	 
neg_104	 2	 2	 6211.jpg	 2.653718e+02	 11	 9.729960e+02	 110	 6.838817e+02	 98	 2.664272e+02	 700.00	 666.67	 26.00	 23	 0.56	 
neg_104	 2	 2	 1274.jpg	 2.673748e+02	 22	 9.859642e+02	 220	 6.672185e+02	 98	 2.684302e+02	 700.00	 683.33	 46.00	 8	 0.31	 
neg_104	 2	 2	 2683.jpg	 2.703660e+02	 11	 9.707501e+02	 110	 7.005459e+02	 98	 2.714214e+02	 716.67	 683.33	 23.00	 15	 0.59	 
neg_104	 2	 2	 6570.1.JPG	 2.723690e+02	 12	 999000	 120	 999000	 999	 2.734111e+02	 716.67	 683.33	 1.00	 30	 0.89	 
neg_104	 2	 2	 6370.jpg	 2.743720e+02	 24	 999000	 240	 999000	 999	 2.754141e+02	 716.67	 683.33	 53.00	 27	 0.20	 
neg_104	 2	 2	 9490.jpg	 2.763751e+02	 24	 999000	 240	 999000	 999	 2.774171e+02	 716.67	 683.33	 60.00	 54	 0.09	 
neg_104	 2	 2	 9291.jpg	 2.793663e+02	 24	 999000	 240	 999000	 999	 2.804083e+02	 716.67	 683.33	 33.00	 41	 0.49	 
neg_104	 2	 2	 9325.jpg	 2.813693e+02	 22	 9.753210e+02	 220	 6.838872e+02	 98	 2.824247e+02	 716.67	 700.00	 48.00	 46	 0.26	 
neg_104	 2	 2	 9390.jpg	 2.833724e+02	 12	 999000	 120	 999000	 999	 2.844144e+02	 716.67	 700.00	 7.00	 51	 0.81	 
neg_104	 2	 2	 6242.jpg	 2.853754e+02	 12	 999000	 120	 999000	 999	 2.864174e+02	 716.67	 700.00	 3.00	 25	 0.87	 
neg_104	 2	 2	 9321.jpg	 2.873651e+02	 24	 999000	 240	 999000	 999	 2.884071e+02	 716.67	 700.00	 47.00	 44	 0.27	 
neg_104	 2	 2	 8480.jpg	 2.933742e+02	 22	 1.050357e+03	 2200	 7.005541e+02	 98	 2.944296e+02	 716.67	 650.00	 35.00	 34	 0.47	 
neg_104	 2	 2	 6555.jpg	 2.963654e+02	 24	 999000	 240	 999000	 999	 2.974074e+02	 716.67	 650.00	 42.00	 28	 0.36	 
neg_104	 2	 2	 10003.JPG	 3.003714e+02	 22	 9.810317e+02	 220	 6.508304e+02	 98	 3.014268e+02	 716.67	 666.67	 51.00	 2	 0.22	 
neg_104	 2	 2	 9600.jpg	 3.063672e+02	 11	 1.097251e+03	 1100	 7.172042e+02	 98	 3.074226e+02	 666.67	 666.67	 9.00	 57	 0.78	 
neg_104	 2	 2	 9254.jpg	 3.083704e+02	 12	 999000	 120	 999000	 999	 3.094122e+02	 666.67	 666.67	 28.00	 40	 0.54	 
neg_104	 2	 2	 9090.jpg	 3.133647e+02	 11	 1.011649e+03	 1100	 6.672314e+02	 98	 3.147537e+02	 616.67	 666.67	 8.00	 38	 0.79	 
neg_104	 2	 2	 3103.jpg	 3.163690e+02	 24	 999000	 240	 999000	 999	 3.174110e+02	 616.67	 666.67	 50.00	 18	 0.25	 
neg_104	 2	 2	 2456.jpg	 3.183721e+02	 11	 9.162573e+02	 110	 6.172285e+02	 98	 3.194275e+02	 633.33	 666.67	 19.00	 13	 0.65	 
neg_104	 2	 2	 2039.jpg	 3.213766e+02	 12	 999000	 120	 999000	 999	 3.224187e+02	 633.33	 666.67	 5.00	 10	 0.83	 
neg_104	 2	 2	 9495.jpg	 3.233663e+02	 12	 999000	 120	 999000	 999	 3.244083e+02	 633.33	 666.67	 2.00	 55	 0.88	 
neg_104	 2	 2	 9425.jpg	 3.273723e+02	 11	 9.720301e+02	 110	 6.339020e+02	 98	 3.284277e+02	 650.00	 666.67	 11.00	 52	 0.76	 
neg_104	 2	 2	 3180.jpg	 3.313651e+02	 11	 1.011129e+03	 1100	 6.505590e+02	 98	 3.324204e+02	 600.00	 666.67	 16.00	 20	 0.69	 
neg_104	 2	 2	 9300.jpg	 3.333681e+02	 24	 999000	 240	 999000	 999	 3.344769e+02	 600.00	 666.67	 56.00	 42	 0.14	 
neg_104	 2	 2	 7078.jpg	 3.403654e+02	 12	 999000	 120	 999000	 999	 3.414074e+02	 600.00	 666.67	 13.00	 32	 0.76	 
neg_104	 2	 2	 9008.jpg	 3.423818e+02	 24	 999000	 240	 999000	 999	 3.434373e+02	 600.00	 666.67	 44.00	 35	 0.32	 
neg_104	 2	 2	 3160.jpg	 3.453729e+02	 22	 9.070983e+02	 220	 6.674837e+02	 98	 3.464550e+02	 600.00	 683.33	 43.00	 19	 0.33	 
neg_104	 2	 2	 6213.jpg	 3.493657e+02	 11	 9.623281e+02	 110	 6.006179e+02	 98	 3.504210e+02	 616.67	 683.33	 22.00	 24	 0.59	 
neg_104	 2	 2	 9042.jpg	 3.533733e+02	 24	 999000	 240	 999000	 999	 3.545342e+02	 616.67	 683.33	 37.00	 36	 0.41	 
neg_104	 2	 2	 1301.jpg	 3.573644e+02	 12	 999000	 120	 999000	 999	 3.584064e+02	 616.67	 683.33	 27.00	 9	 0.55	 
neg_104	 2	 2	 2799.jpg	 3.603690e+02	 24	 999000	 240	 999000	 999	 3.614110e+02	 616.67	 683.33	 31.00	 17	 0.52	 
neg_104	 2	 2	 3500.jpg	 3.623720e+02	 24	 999000	 240	 999000	 999	 3.634140e+02	 616.67	 683.33	 32.00	 21	 0.51	 
neg_104	 2	 2	 2457.jpg	 3.663647e+02	 12	 999000	 120	 999000	 999	 3.674067e+02	 616.67	 683.33	 6.00	 14	 0.82	 
neg_104	 2	 2	 10002.JPG	 3.733753e+02	 24	 999000	 240	 999000	 999	 3.744174e+02	 616.67	 683.33	 59.00	 1	 0.09	 
