subjectID	 order	 runNum	 itemName	 onsetTime	 shuff_trialType	 RT	 respInTime	 AudioTime	 response	 fixationTime	 ladder1	 ladder2	 bidIndex	 itemNameIndex	 bidValue	 
neg_107	 1	 6	 1271.jpg	 1.038957e+03	 24	 999000	 240	 999000	 999	 1.039999e+03	 516.67	 583.33	 58.00	 7	 0.15	 
neg_107	 1	 6	 9600.jpg	 1.040947e+03	 12	 999000	 120	 999000	 999	 1.041989e+03	 516.67	 583.33	 27.00	 57	 0.53	 
neg_107	 1	 6	 9008.jpg	 1.044953e+03	 24	 999000	 240	 999000	 999	 1.045995e+03	 516.67	 583.33	 48.00	 35	 0.27	 
neg_107	 1	 6	 9300.jpg	 1.047957e+03	 24	 999000	 240	 999000	 999	 1.048999e+03	 516.67	 583.33	 54.00	 42	 0.24	 
neg_107	 1	 6	 3180.jpg	 1.049947e+03	 11	 9.656388e+02	 110	 5.172322e+02	 98	 1.051002e+03	 533.33	 583.33	 13.00	 20	 0.71	 
neg_107	 1	 6	 9291.jpg	 1.052951e+03	 11	 8.568727e+02	 110	 5.338790e+02	 98	 1.054007e+03	 550.00	 583.33	 18.00	 41	 0.66	 
neg_107	 1	 6	 9373.jpg	 1.056958e+03	 11	 8.508950e+02	 110	 5.505412e+02	 98	 1.058013e+03	 566.67	 583.33	 24.00	 50	 0.57	 
neg_107	 1	 6	 9425.jpg	 1.060950e+03	 24	 999000	 240	 999000	 999	 1.061992e+03	 566.67	 583.33	 33.00	 52	 0.49	 
neg_107	 1	 6	 9042.jpg	 1.062953e+03	 24	 999000	 240	 999000	 999	 1.063995e+03	 566.67	 583.33	 59.00	 36	 0.13	 
neg_107	 1	 6	 6211.jpg	 1.067947e+03	 22	 1.172827e+03	 2200	 5.839245e+02	 98	 1.069003e+03	 566.67	 533.33	 37.00	 23	 0.38	 
neg_107	 1	 6	 6570.1.JPG	 1.069950e+03	 12	 999000	 120	 999000	 999	 1.070993e+03	 566.67	 533.33	 11.00	 30	 0.73	 
neg_107	 1	 6	 9050.jpg	 1.071954e+03	 11	 1.150608e+03	 1100	 5.672171e+02	 98	 1.073009e+03	 516.67	 533.33	 12.00	 37	 0.73	 
neg_107	 1	 6	 1301.jpg	 1.077949e+03	 24	 999000	 240	 999000	 999	 1.078991e+03	 516.67	 533.33	 38.00	 9	 0.38	 
neg_107	 1	 6	 3160.jpg	 1.079952e+03	 12	 999000	 120	 999000	 999	 1.080994e+03	 516.67	 533.33	 23.00	 19	 0.58	 
neg_107	 1	 6	 6242.jpg	 1.081955e+03	 12	 999000	 120	 999000	 999	 1.082997e+03	 516.67	 533.33	 4.00	 25	 0.84	 
neg_107	 1	 6	 6555.jpg	 1.083945e+03	 22	 8.551222e+02	 220	 5.338926e+02	 98	 1.085000e+03	 516.67	 550.00	 52.00	 28	 0.26	 
neg_107	 1	 6	 9301.jpg	 1.087951e+03	 22	 9.130068e+02	 220	 5.505492e+02	 98	 1.089006e+03	 516.67	 566.67	 53.00	 43	 0.24	 
neg_107	 1	 6	 2799.jpg	 1.091957e+03	 12	 999000	 120	 999000	 999	 1.092999e+03	 516.67	 566.67	 22.00	 17	 0.61	 
neg_107	 1	 6	 9903.jpg	 1.094948e+03	 12	 999000	 120	 999000	 999	 1.095990e+03	 516.67	 566.67	 28.00	 59	 0.53	 
neg_107	 1	 6	 10002.JPG	 1.098954e+03	 22	 9.975587e+02	 220	 5.672124e+02	 98	 1.100010e+03	 516.67	 583.33	 36.00	 1	 0.43	 
neg_107	 1	 6	 3500.jpg	 1.101946e+03	 12	 999000	 120	 999000	 999	 1.102988e+03	 516.67	 583.33	 29.00	 21	 0.53	 
neg_107	 1	 6	 1111.jpg	 1.103949e+03	 24	 999000	 240	 999000	 999	 1.104991e+03	 516.67	 583.33	 60.00	 5	 0.09	 
neg_107	 1	 6	 6210.jpg	 1.107955e+03	 12	 999000	 120	 999000	 999	 1.108997e+03	 516.67	 583.33	 9.00	 22	 0.75	 
neg_107	 1	 6	 9490.jpg	 1.109958e+03	 24	 999000	 240	 999000	 999	 1.111000e+03	 516.67	 583.33	 40.00	 54	 0.35	 
neg_107	 1	 6	 9120.jpg	 1.111947e+03	 11	 9.644517e+02	 110	 5.172138e+02	 98	 1.113003e+03	 533.33	 583.33	 7.00	 39	 0.80	 
neg_107	 1	 6	 9480.jpg	 1.115954e+03	 24	 999000	 240	 999000	 999	 1.116996e+03	 533.33	 583.33	 55.00	 53	 0.22	 
neg_107	 1	 6	 9330.jpg	 1.117957e+03	 12	 999000	 120	 999000	 999	 1.118999e+03	 533.33	 583.33	 19.00	 47	 0.64	 
neg_107	 1	 6	 2455.jpg	 1.121949e+03	 12	 999000	 120	 999000	 999	 1.122991e+03	 533.33	 583.33	 5.00	 12	 0.83	 
neg_107	 1	 6	 9254.jpg	 1.125955e+03	 12	 999000	 120	 999000	 999	 1.126997e+03	 533.33	 583.33	 26.00	 40	 0.54	 
neg_107	 1	 6	 9341.jpg	 1.128947e+03	 12	 999000	 120	 999000	 999	 1.129989e+03	 533.33	 583.33	 3.00	 49	 0.88	 
neg_107	 1	 6	 9561.jpg	 1.134956e+03	 24	 999000	 240	 999000	 999	 1.135998e+03	 533.33	 583.33	 32.00	 56	 0.51	 
neg_107	 1	 6	 6250.1.jpg	 1.136945e+03	 24	 999000	 240	 999000	 999	 1.137987e+03	 533.33	 583.33	 34.00	 26	 0.48	 
neg_107	 1	 6	 9495.jpg	 1.140951e+03	 12	 999000	 120	 999000	 999	 1.141993e+03	 533.33	 583.33	 2.00	 55	 0.90	 
neg_107	 1	 6	 3103.jpg	 1.142954e+03	 22	 9.011528e+02	 220	 5.838779e+02	 98	 1.144010e+03	 533.33	 600.00	 42.00	 18	 0.34	 
neg_107	 1	 6	 1019.jpg	 1.144957e+03	 24	 999000	 240	 999000	 999	 1.145999e+03	 533.33	 600.00	 56.00	 4	 0.17	 
neg_107	 1	 6	 9321.jpg	 1.146947e+03	 24	 999000	 240	 999000	 999	 1.147989e+03	 533.33	 600.00	 46.00	 44	 0.28	 
neg_107	 1	 6	 9325.jpg	 1.151955e+03	 22	 1.037053e+03	 2200	 6.005387e+02	 98	 1.153010e+03	 533.33	 550.00	 47.00	 46	 0.28	 
neg_107	 1	 6	 6560.JPG	 1.153958e+03	 22	 9.535834e+02	 220	 5.505598e+02	 98	 1.155013e+03	 533.33	 566.67	 45.00	 29	 0.29	 
neg_107	 1	 6	 9390.jpg	 1.155947e+03	 12	 999000	 120	 999000	 999	 1.156989e+03	 533.33	 566.67	 8.00	 51	 0.80	 
neg_107	 1	 6	 2683.jpg	 1.158952e+03	 11	 8.713041e+02	 110	 5.338882e+02	 98	 1.160007e+03	 550.00	 566.67	 25.00	 15	 0.56	 
neg_107	 1	 6	 2750.jpg	 1.161957e+03	 24	 999000	 240	 999000	 999	 1.162999e+03	 550.00	 566.67	 51.00	 16	 0.26	 
neg_107	 1	 6	 2205.jpg	 1.165949e+03	 12	 999000	 120	 999000	 999	 1.166991e+03	 550.00	 566.67	 14.00	 11	 0.69	 
neg_107	 1	 6	 1274.jpg	 1.167952e+03	 24	 999000	 240	 999000	 999	 1.168994e+03	 550.00	 566.67	 35.00	 8	 0.46	 
neg_107	 1	 6	 1205.jpg	 1.169955e+03	 24	 999000	 240	 999000	 999	 1.170997e+03	 550.00	 566.67	 57.00	 6	 0.17	 
neg_107	 1	 6	 6213.jpg	 1.172947e+03	 12	 999000	 120	 999000	 999	 1.173989e+03	 550.00	 566.67	 17.00	 24	 0.68	 
neg_107	 1	 6	 2456.jpg	 1.175951e+03	 11	 1.008052e+03	 1100	 5.505474e+02	 98	 1.177006e+03	 500.00	 566.67	 10.00	 13	 0.75	 
neg_107	 1	 6	 2457.jpg	 1.177954e+03	 12	 999000	 120	 999000	 999	 1.178996e+03	 500.00	 566.67	 1.00	 14	 0.91	 
neg_107	 1	 6	 8480.jpg	 1.179957e+03	 12	 999000	 120	 999000	 999	 1.180999e+03	 500.00	 566.67	 30.00	 34	 0.52	 
neg_107	 1	 6	 7078.jpg	 1.181947e+03	 12	 999000	 120	 999000	 999	 1.182989e+03	 500.00	 566.67	 16.00	 32	 0.68	 
neg_107	 1	 6	 9622.jpg	 1.186954e+03	 24	 999000	 240	 999000	 999	 1.187996e+03	 500.00	 566.67	 43.00	 58	 0.33	 
neg_107	 1	 6	 10005.JPG	 1.188957e+03	 24	 999000	 240	 999000	 999	 1.189999e+03	 500.00	 566.67	 41.00	 3	 0.34	 
neg_107	 1	 6	 7359.jpg	 1.190947e+03	 24	 999000	 240	 999000	 999	 1.191989e+03	 500.00	 566.67	 31.00	 33	 0.52	 
neg_107	 1	 6	 6838.jpg	 1.192950e+03	 11	 8.569379e+02	 110	 5.005515e+02	 98	 1.194005e+03	 516.67	 566.67	 21.00	 31	 0.63	 
neg_107	 1	 6	 9340.jpg	 1.199947e+03	 11	 9.636010e+02	 110	 5.172108e+02	 98	 1.201003e+03	 533.33	 566.67	 20.00	 48	 0.64	 
neg_107	 1	 6	 2039.jpg	 1.201950e+03	 11	 9.125672e+02	 110	 5.338791e+02	 98	 1.203006e+03	 550.00	 566.67	 15.00	 10	 0.68	 
neg_107	 1	 6	 9322.jpg	 1.208948e+03	 22	 1.051177e+03	 2200	 5.671904e+02	 98	 1.210003e+03	 550.00	 516.67	 50.00	 45	 0.26	 
neg_107	 1	 6	 10003.JPG	 1.211952e+03	 24	 999000	 240	 999000	 999	 1.212994e+03	 550.00	 516.67	 49.00	 2	 0.27	 
neg_107	 1	 6	 6370.jpg	 1.214957e+03	 22	 8.180671e+02	 220	 5.172067e+02	 98	 1.216012e+03	 550.00	 533.33	 44.00	 27	 0.32	 
neg_107	 1	 6	 9090.jpg	 1.220953e+03	 12	 999000	 120	 999000	 999	 1.221995e+03	 550.00	 533.33	 6.00	 38	 0.81	 
neg_107	 1	 6	 9905.jpg	 1.222956e+03	 22	 9.791896e+02	 220	 5.338682e+02	 98	 1.224011e+03	 550.00	 550.00	 39.00	 60	 0.38	 
