subjectID	order	runNum	itemName	onsetTime	shuff_trialType	RT	respInTime	CueTime	response	fixationTime	ladder1	ladder2	bidIndex	BDMtrialIndex	bidValue
BSOV_116	 2	 11	 ClickBisquit2.bmp	 1.428186e+03	 12	 999000	 120	 999000	 999	 1.429204e+03	 750.00	 616.67	 21.00	 5	 4.76	 
BSOV_116	 2	 11	 BisliPizza3.bmp	 1.431173e+03	 12	 999000	 120	 999000	 999	 1.432191e+03	 750.00	 616.67	 15.00	 16	 4.84	 
BSOV_116	 2	 11	 Shugi.bmp	 1.433175e+03	 24	 999000	 240	 999000	 999	 1.434193e+03	 750.00	 616.67	 47.00	 49	 2.71	 
BSOV_116	 2	 11	 DoritosSourSpicy.bmp	 1.435177e+03	 22	 6.518714e+02	 220	 6.172797e+02	 98	 1.436195e+03	 750.00	 633.33	 49.00	 37	 2.67	 
BSOV_116	 2	 11	 CrunchBisquitBrown3.bmp	 1.437180e+03	 12	 999000	 120	 999000	 999	 1.438197e+03	 750.00	 633.33	 5.00	 30	 6.02	 
BSOV_116	 2	 11	 CrunchBisquitWhite2.bmp	 1.440183e+03	 12	 999000	 120	 999000	 999	 1.441201e+03	 750.00	 633.33	 3.00	 50	 6.91	 
BSOV_116	 2	 11	 Smarties.bmp	 1.442185e+03	 22	 8.198919e+02	 220	 6.340131e+02	 98	 1.443203e+03	 750.00	 650.00	 54.00	 57	 1.71	 
BSOV_116	 2	 11	 ClickXLwhite4.bmp	 1.446173e+03	 12	 999000	 120	 999000	 999	 1.447191e+03	 750.00	 650.00	 10.00	 46	 5.80	 
BSOV_116	 2	 11	 KashitSour.bmp	 1.448175e+03	 24	 999000	 240	 999000	 999	 1.449193e+03	 750.00	 650.00	 55.00	 18	 1.62	 
BSOV_116	 2	 11	 Apropo.bmp	 1.453181e+03	 12	 999000	 120	 999000	 999	 1.454199e+03	 750.00	 650.00	 13.00	 1	 4.91	 
BSOV_116	 2	 11	 ChocolateParaSucariotKoftzot2.bmp	 1.455183e+03	 11	 1.053951e+03	 1100	 7.506174e+02	 98	 1.456201e+03	 700.00	 650.00	 11.00	 55	 5.02	 
BSOV_116	 2	 11	 Bounty.bmp	 1.459188e+03	 24	 999000	 240	 999000	 999	 1.460205e+03	 700.00	 650.00	 50.00	 43	 2.67	 
BSOV_116	 2	 11	 ChocolateParaMilk3.bmp	 1.461173e+03	 12	 999000	 120	 999000	 999	 1.462191e+03	 700.00	 650.00	 19.00	 35	 4.78	 
BSOV_116	 2	 11	 PesekZman.bmp	 1.464177e+03	 12	 999000	 120	 999000	 999	 1.465194e+03	 700.00	 650.00	 6.00	 19	 6.00	 
BSOV_116	 2	 11	 Hit.bmp	 1.469182e+03	 11	 6.790323e+02	 11	 7.006772e+02	 98	 1.470200e+03	 716.67	 650.00	 16.00	 21	 4.84	 
BSOV_116	 2	 11	 Twist.bmp	 1.471184e+03	 11	 6.607695e+02	 11	 7.173738e+02	 98	 1.472202e+03	 733.33	 650.00	 17.00	 47	 4.82	 
BSOV_116	 2	 11	 HispusimShatiah.bmp	 1.473187e+03	 22	 8.985989e+02	 220	 6.506182e+02	 98	 1.474204e+03	 733.33	 666.67	 48.00	 33	 2.69	 
BSOV_116	 2	 11	 SkittlesFruits2.bmp	 1.477174e+03	 24	 999000	 240	 999000	 999	 1.478192e+03	 733.33	 666.67	 52.00	 6	 2.56	 
BSOV_116	 2	 11	 ChocolateParaCookies5.bmp	 1.481179e+03	 11	 7.222545e+02	 11	 7.340546e+02	 98	 1.482197e+03	 750.00	 666.67	 8.00	 22	 5.98	 
BSOV_116	 2	 11	 Mekupelet.bmp	 1.485183e+03	 22	 5.897021e+02	 22	 6.674113e+02	 98	 1.486201e+03	 750.00	 683.33	 46.00	 40	 2.73	 
BSOV_116	 2	 11	 GumiSnakes3.bmp	 1.487186e+03	 24	 999000	 240	 999000	 999	 1.488203e+03	 750.00	 683.33	 39.00	 20	 3.69	 
BSOV_116	 2	 11	 ClickXLbrown4.bmp	 1.489188e+03	 12	 999000	 120	 999000	 999	 1.490206e+03	 750.00	 683.33	 4.00	 7	 6.82	 
BSOV_116	 2	 11	 Dubonim.bmp	 1.491173e+03	 24	 999000	 240	 999000	 999	 1.492191e+03	 750.00	 683.33	 53.00	 34	 1.82	 
BSOV_116	 2	 11	 Twix.bmp	 1.493176e+03	 12	 999000	 120	 999000	 999	 1.494193e+03	 750.00	 683.33	 22.00	 28	 4.76	 
BSOV_116	 2	 11	 BagaleShtuhim.bmp	 1.499182e+03	 12	 999000	 120	 999000	 999	 1.500200e+03	 750.00	 683.33	 7.00	 8	 5.98	 
BSOV_116	 2	 11	 Halva2.bmp	 1.502186e+03	 12	 999000	 120	 999000	 999	 1.503203e+03	 750.00	 683.33	 18.00	 9	 4.80	 
BSOV_116	 2	 11	 KinderBuenoBrown3.bmp	 1.504188e+03	 11	 1.073095e+03	 1100	 7.507899e+02	 98	 1.505206e+03	 700.00	 683.33	 14.00	 31	 4.87	 
BSOV_116	 2	 11	 KinderJoy.bmp	 1.506173e+03	 24	 999000	 240	 999000	 999	 1.507191e+03	 700.00	 683.33	 41.00	 58	 3.67	 
BSOV_116	 2	 11	 BambaNugat.bmp	 1.509177e+03	 24	 999000	 240	 999000	 999	 1.510195e+03	 700.00	 683.33	 57.00	 54	 1.47	 
BSOV_116	 2	 11	 Tapuchips.bmp	 1.511179e+03	 24	 999000	 240	 999000	 999	 1.512197e+03	 700.00	 683.33	 42.00	 39	 3.64	 
BSOV_116	 2	 11	 DoritosNatural.bmp	 1.513181e+03	 22	 7.515876e+02	 220	 6.839435e+02	 98	 1.514199e+03	 700.00	 700.00	 51.00	 45	 2.60	 
BSOV_116	 2	 11	 GumiWine2.bmp	 1.515184e+03	 24	 999000	 240	 999000	 999	 1.516201e+03	 700.00	 700.00	 58.00	 60	 0.22	 
BSOV_116	 2	 11	 Kitkat.bmp	 1.518187e+03	 11	 7.780790e+02	 110	 7.006773e+02	 98	 1.519205e+03	 716.67	 700.00	 9.00	 23	 5.82	 
BSOV_116	 2	 11	 Cheetos.bmp	 1.520172e+03	 22	 1.024833e+03	 2200	 7.010660e+02	 98	 1.521190e+03	 716.67	 650.00	 43.00	 52	 3.60	 
BSOV_116	 2	 11	 Bamba.bmp	 1.522175e+03	 24	 999000	 240	 999000	 999	 1.523192e+03	 716.67	 650.00	 56.00	 44	 1.56	 
BSOV_116	 2	 11	 Mentos.bmp	 1.524177e+03	 24	 999000	 240	 999000	 999	 1.525195e+03	 716.67	 650.00	 45.00	 29	 2.76	 
BSOV_116	 2	 11	 ChocolateParaMarir2.bmp	 1.526179e+03	 12	 999000	 120	 999000	 999	 1.527197e+03	 716.67	 650.00	 20.00	 3	 4.76	 
BSOV_116	 2	 11	 BisliOnion.bmp	 1.532186e+03	 24	 999000	 240	 999000	 999	 1.533204e+03	 716.67	 650.00	 44.00	 56	 3.53	 
BSOV_116	 2	 11	 Taami.bmp	 1.535172e+03	 24	 999000	 240	 999000	 999	 1.536190e+03	 716.67	 650.00	 40.00	 13	 3.67	 
BSOV_116	 2	 11	 Mars.bmp	 1.539177e+03	 12	 999000	 120	 999000	 999	 1.540195e+03	 716.67	 650.00	 12.00	 10	 4.93	 
