subjectID	order	runNum	itemName	onsetTime	shuff_trialType	RT	respInTime	CueTime	response	fixationTime	ladder1	ladder2	bidIndex	BDMtrialIndex	bidValue
BSOV_113	 1	 9	 BambaSweet.bmp	 1.058385e+03	 22	 9.321631e+02	 220	 6.842895e+02	 98	 1.059403e+03	 683.33	 700.00	 44.00	 24	 0.53	 
BSOV_113	 1	 9	 Kitkat.bmp	 1.061389e+03	 24	 999000	 240	 999000	 999	 1.062406e+03	 683.33	 700.00	 46.00	 47	 0.51	 
BSOV_113	 1	 9	 DoritosGrill.bmp	 1.065393e+03	 11	 9.642266e+02	 110	 6.841128e+02	 98	 1.066411e+03	 700.00	 700.00	 13.00	 28	 4.87	 
BSOV_113	 1	 9	 ChocolateParaCookies5.bmp	 1.067378e+03	 12	 999000	 120	 999000	 999	 1.068396e+03	 700.00	 700.00	 19.00	 36	 4.80	 
BSOV_113	 1	 9	 KashitSour.bmp	 1.069381e+03	 24	 999000	 240	 999000	 999	 1.070399e+03	 700.00	 700.00	 42.00	 27	 1.62	 
BSOV_113	 1	 9	 Snickers.bmp	 1.073385e+03	 24	 999000	 240	 999000	 999	 1.074403e+03	 700.00	 700.00	 40.00	 34	 1.69	 
BSOV_113	 1	 9	 DoritosNatural.bmp	 1.075388e+03	 12	 999000	 120	 999000	 999	 1.076405e+03	 700.00	 700.00	 14.00	 10	 4.82	 
BSOV_113	 1	 9	 PesekZman.bmp	 1.080393e+03	 11	 1.076004e+03	 1100	 7.006840e+02	 98	 1.081411e+03	 650.00	 700.00	 10.00	 19	 4.91	 
BSOV_113	 1	 9	 SkittlesFruits2.bmp	 1.082379e+03	 22	 1.034601e+03	 2200	 7.008295e+02	 98	 1.083396e+03	 650.00	 650.00	 47.00	 35	 0.16	 
BSOV_113	 1	 9	 Smarties.bmp	 1.085382e+03	 24	 999000	 240	 999000	 999	 1.086400e+03	 650.00	 650.00	 48.00	 30	 0.13	 
BSOV_113	 1	 9	 Hit.bmp	 1.088385e+03	 22	 8.518199e+02	 220	 6.507605e+02	 98	 1.089403e+03	 650.00	 666.67	 45.00	 31	 0.53	 
BSOV_113	 1	 9	 BambaNugat.bmp	 1.092390e+03	 12	 999000	 120	 999000	 999	 1.093408e+03	 650.00	 666.67	 9.00	 59	 4.96	 
BSOV_113	 1	 9	 GumiWine2.bmp	 1.095393e+03	 24	 999000	 240	 999000	 999	 1.096411e+03	 650.00	 666.67	 58.00	 4	 0.07	 
BSOV_113	 1	 9	 DoritosSourSpicy.bmp	 1.097378e+03	 12	 999000	 120	 999000	 999	 1.098397e+03	 650.00	 666.67	 4.00	 16	 5.96	 
BSOV_113	 1	 9	 Mars.bmp	 1.100382e+03	 22	 1.022960e+03	 2200	 6.672933e+02	 98	 1.101400e+03	 650.00	 616.67	 50.00	 42	 0.13	 
BSOV_113	 1	 9	 KifkefMaklot2.bmp	 1.104387e+03	 24	 999000	 240	 999000	 999	 1.105404e+03	 650.00	 616.67	 57.00	 43	 0.09	 
BSOV_113	 1	 9	 Taami.bmp	 1.107390e+03	 12	 999000	 120	 999000	 999	 1.108408e+03	 650.00	 616.67	 16.00	 17	 4.82	 
BSOV_113	 1	 9	 CrunchShokoVanil.bmp	 1.109392e+03	 24	 999000	 240	 999000	 999	 1.110410e+03	 650.00	 616.67	 56.00	 26	 0.09	 
BSOV_113	 1	 9	 BisliPizza3.bmp	 1.111395e+03	 12	 999000	 120	 999000	 999	 1.112412e+03	 650.00	 616.67	 11.00	 44	 4.91	 
BSOV_113	 1	 9	 ClickXLwhite4.bmp	 1.116383e+03	 24	 999000	 240	 999000	 999	 1.117401e+03	 650.00	 616.67	 54.00	 49	 0.11	 
BSOV_113	 1	 9	 Popco.bmp	 1.120388e+03	 12	 999000	 120	 999000	 999	 1.121406e+03	 650.00	 616.67	 5.00	 11	 5.91	 
BSOV_113	 1	 9	 ChocolateParaMarir2.bmp	 1.124392e+03	 24	 999000	 240	 999000	 999	 1.125410e+03	 650.00	 616.67	 49.00	 40	 0.13	 
BSOV_113	 1	 9	 GumiSnakes3.bmp	 1.130383e+03	 24	 999000	 240	 999000	 999	 1.131400e+03	 650.00	 616.67	 43.00	 32	 1.51	 
BSOV_113	 1	 9	 BisliGrill.bmp	 1.132385e+03	 12	 999000	 120	 999000	 999	 1.133402e+03	 650.00	 616.67	 22.00	 39	 3.82	 
BSOV_113	 1	 9	 Twist.bmp	 1.134387e+03	 24	 999000	 240	 999000	 999	 1.135405e+03	 650.00	 616.67	 41.00	 41	 1.69	 
BSOV_113	 1	 9	 Bounty.bmp	 1.136389e+03	 22	 8.958717e+02	 220	 6.173551e+02	 98	 1.137407e+03	 650.00	 633.33	 53.00	 55	 0.13	 
BSOV_113	 1	 9	 WerthersOriginal.bmp	 1.138391e+03	 12	 999000	 120	 999000	 999	 1.139409e+03	 650.00	 633.33	 8.00	 5	 5.82	 
BSOV_113	 1	 9	 BisliOnion.bmp	 1.142381e+03	 11	 9.445437e+02	 110	 6.493018e+02	 98	 1.143414e+03	 666.67	 633.33	 12.00	 60	 4.91	 
BSOV_113	 1	 9	 Mentos.bmp	 1.144382e+03	 12	 999000	 120	 999000	 999	 1.145399e+03	 666.67	 633.33	 6.00	 14	 5.91	 
BSOV_113	 1	 9	 Shugi.bmp	 1.148386e+03	 24	 999000	 240	 999000	 999	 1.149404e+03	 666.67	 633.33	 55.00	 25	 0.09	 
BSOV_113	 1	 9	 KinderJoy.bmp	 1.150388e+03	 11	 9.208052e+02	 110	 6.672973e+02	 98	 1.151406e+03	 683.33	 633.33	 18.00	 12	 4.80	 
BSOV_113	 1	 9	 Cheetos.bmp	 1.152390e+03	 11	 9.346472e+02	 110	 6.840298e+02	 98	 1.153408e+03	 700.00	 633.33	 7.00	 15	 5.87	 
BSOV_113	 1	 9	 Twix.bmp	 1.154393e+03	 24	 999000	 240	 999000	 999	 1.155410e+03	 700.00	 633.33	 39.00	 9	 2.64	 
BSOV_113	 1	 9	 TapuchipsCrunch.bmp	 1.159382e+03	 12	 999000	 120	 999000	 999	 1.160399e+03	 700.00	 633.33	 20.00	 53	 3.87	 
BSOV_113	 1	 9	 KinderBuenoWhite2.bmp	 1.161384e+03	 12	 999000	 120	 999000	 999	 1.162402e+03	 700.00	 633.33	 3.00	 3	 5.98	 
BSOV_113	 1	 9	 Mekupelet.bmp	 1.163386e+03	 24	 999000	 240	 999000	 999	 1.164404e+03	 700.00	 633.33	 51.00	 48	 0.13	 
BSOV_113	 1	 9	 Bamba.bmp	 1.166390e+03	 12	 999000	 120	 999000	 999	 1.167407e+03	 700.00	 633.33	 21.00	 38	 3.84	 
BSOV_113	 1	 9	 BagaleShtuhim.bmp	 1.173381e+03	 11	 1.008351e+03	 1100	 7.005600e+02	 98	 1.174400e+03	 650.00	 633.33	 15.00	 13	 4.82	 
BSOV_113	 1	 9	 Tortit.bmp	 1.177385e+03	 22	 8.679315e+02	 220	 6.338841e+02	 98	 1.178403e+03	 650.00	 650.00	 52.00	 50	 0.13	 
BSOV_113	 1	 9	 Apropo.bmp	 1.184393e+03	 12	 999000	 120	 999000	 999	 1.185411e+03	 650.00	 650.00	 17.00	 46	 4.82	 
