subjectID	order	runNum	itemName	onsetTime	shuff_trialType	RT	respInTime	CueTime	response	fixationTime	ladder1	ladder2	bidIndex	BDMtrialIndex	bidValue
BSOV_106	 2	 17	 Smarties.bmp	 2.039855e+03	 12	 999000	 120	 999000	 999	 2.040873e+03	 683.33	 616.67	 7.00	 18	 4.82	 
BSOV_106	 2	 17	 ChocolateParaCookies5.bmp	 2.044844e+03	 24	 999000	 240	 999000	 999	 2.045862e+03	 683.33	 616.67	 41.00	 6	 0.09	 
BSOV_106	 2	 17	 BambaNugat.bmp	 2.046846e+03	 22	 8.883333e+02	 220	 6.174012e+02	 98	 2.047864e+03	 683.33	 633.33	 46.00	 13	 0.07	 
BSOV_106	 2	 17	 BisliGrill.bmp	 2.048848e+03	 11	 9.738793e+02	 110	 6.838948e+02	 98	 2.049866e+03	 700.00	 633.33	 16.00	 23	 3.78	 
BSOV_106	 2	 17	 BagaleShtuhim.bmp	 2.054855e+03	 11	 9.671909e+02	 110	 7.007104e+02	 98	 2.055873e+03	 716.67	 633.33	 17.00	 42	 3.78	 
BSOV_106	 2	 17	 SkittlesSour4.bmp	 2.056857e+03	 12	 999000	 120	 999000	 999	 2.057875e+03	 716.67	 633.33	 18.00	 34	 3.76	 
BSOV_106	 2	 17	 ChocolateParaSucariotKoftzot2.bmp	 2.059844e+03	 12	 999000	 120	 999000	 999	 2.060862e+03	 716.67	 633.33	 4.00	 38	 4.87	 
BSOV_106	 2	 17	 Dubonim.bmp	 2.061846e+03	 24	 999000	 240	 999000	 999	 2.062864e+03	 716.67	 633.33	 58.00	 20	 0.02	 
BSOV_106	 2	 17	 KinderBuenoWhite2.bmp	 2.065851e+03	 24	 999000	 240	 999000	 999	 2.066869e+03	 716.67	 633.33	 39.00	 19	 0.11	 
BSOV_106	 2	 17	 Shugi.bmp	 2.067853e+03	 24	 999000	 240	 999000	 999	 2.068871e+03	 716.67	 633.33	 44.00	 37	 0.09	 
BSOV_106	 2	 17	 Twix.bmp	 2.072842e+03	 12	 999000	 120	 999000	 999	 2.073860e+03	 716.67	 633.33	 13.00	 22	 3.84	 
BSOV_106	 2	 17	 DoritosSourSpicy.bmp	 2.079850e+03	 24	 999000	 240	 999000	 999	 2.080867e+03	 716.67	 633.33	 42.00	 12	 0.09	 
BSOV_106	 2	 17	 PesekZman.bmp	 2.081852e+03	 12	 999000	 120	 999000	 999	 2.082870e+03	 716.67	 633.33	 21.00	 27	 2.80	 
BSOV_106	 2	 17	 Halva2.bmp	 2.084855e+03	 22	 9.269137e+02	 220	 6.339273e+02	 98	 2.085873e+03	 716.67	 650.00	 48.00	 41	 0.07	 
BSOV_106	 2	 17	 Twist.bmp	 2.087842e+03	 24	 999000	 240	 999000	 999	 2.088860e+03	 716.67	 650.00	 40.00	 39	 0.11	 
BSOV_106	 2	 17	 CrunchBisquitWhite2.bmp	 2.091846e+03	 12	 999000	 120	 999000	 999	 2.092864e+03	 716.67	 650.00	 10.00	 26	 4.80	 
BSOV_106	 2	 17	 GumiSnakes3.bmp	 2.095851e+03	 12	 999000	 120	 999000	 999	 2.096869e+03	 716.67	 650.00	 3.00	 10	 4.89	 
BSOV_106	 2	 17	 Egozi.bmp	 2.099855e+03	 11	 1.030799e+03	 1100	 7.173654e+02	 98	 2.100873e+03	 666.67	 650.00	 11.00	 15	 4.78	 
BSOV_106	 2	 17	 ClickXLbrown4.bmp	 2.102842e+03	 12	 999000	 120	 999000	 999	 2.103860e+03	 666.67	 650.00	 5.00	 16	 4.84	 
BSOV_106	 2	 17	 ClickBlackWhite3.bmp	 2.108849e+03	 11	 9.413564e+02	 110	 6.672845e+02	 98	 2.109867e+03	 683.33	 650.00	 8.00	 2	 4.80	 
BSOV_106	 2	 17	 KashitSour.bmp	 2.110851e+03	 22	 9.152603e+02	 220	 6.506838e+02	 98	 2.111869e+03	 683.33	 666.67	 43.00	 35	 0.09	 
BSOV_106	 2	 17	 KinderJoy.bmp	 2.113855e+03	 24	 999000	 240	 999000	 999	 2.114872e+03	 683.33	 666.67	 57.00	 54	 0.04	 
BSOV_106	 2	 17	 HispusimShatiah.bmp	 2.115857e+03	 12	 999000	 120	 999000	 999	 2.116874e+03	 683.33	 666.67	 22.00	 25	 2.73	 
BSOV_106	 2	 17	 Snickers.bmp	 2.117842e+03	 12	 999000	 120	 999000	 999	 2.118860e+03	 683.33	 666.67	 15.00	 5	 3.78	 
BSOV_106	 2	 17	 Mars.bmp	 2.119844e+03	 12	 999000	 120	 999000	 999	 2.120862e+03	 683.33	 666.67	 12.00	 17	 4.73	 
BSOV_106	 2	 17	 Hit.bmp	 2.122848e+03	 24	 999000	 240	 999000	 999	 2.123866e+03	 683.33	 666.67	 53.00	 57	 0.07	 
BSOV_106	 2	 17	 DoritosGrill.bmp	 2.126852e+03	 24	 999000	 240	 999000	 999	 2.127870e+03	 683.33	 666.67	 56.00	 49	 0.04	 
BSOV_106	 2	 17	 BisliOnion.bmp	 2.128855e+03	 24	 999000	 240	 999000	 999	 2.129872e+03	 683.33	 666.67	 55.00	 11	 0.04	 
BSOV_106	 2	 17	 KifkefMaklot2.bmp	 2.130857e+03	 24	 999000	 240	 999000	 999	 2.131875e+03	 683.33	 666.67	 47.00	 29	 0.07	 
BSOV_106	 2	 17	 SkittlesFruits2.bmp	 2.132842e+03	 12	 999000	 120	 999000	 999	 2.133860e+03	 683.33	 666.67	 19.00	 36	 3.73	 
BSOV_106	 2	 17	 Bounty.bmp	 2.134845e+03	 24	 999000	 240	 999000	 999	 2.135862e+03	 683.33	 666.67	 52.00	 55	 0.07	 
BSOV_106	 2	 17	 DoritosNatural.bmp	 2.136847e+03	 24	 999000	 240	 999000	 999	 2.137865e+03	 683.33	 666.67	 50.00	 50	 0.07	 
BSOV_106	 2	 17	 Tortit.bmp	 2.140851e+03	 22	 9.547969e+02	 220	 6.672103e+02	 98	 2.141869e+03	 683.33	 683.33	 51.00	 51	 0.07	 
BSOV_106	 2	 17	 Mentos.bmp	 2.144856e+03	 11	 9.424298e+02	 110	 6.839868e+02	 98	 2.145874e+03	 700.00	 683.33	 14.00	 24	 3.82	 
BSOV_106	 2	 17	 Cheetos.bmp	 2.146841e+03	 22	 9.489635e+02	 220	 6.841377e+02	 98	 2.147859e+03	 700.00	 700.00	 49.00	 48	 0.07	 
BSOV_106	 2	 17	 TapuchipsCrunch.bmp	 2.148844e+03	 12	 999000	 120	 999000	 999	 2.149861e+03	 700.00	 700.00	 6.00	 30	 4.84	 
BSOV_106	 2	 17	 ClickXLwhite4.bmp	 2.150846e+03	 22	 9.523536e+02	 220	 7.006345e+02	 98	 2.151864e+03	 700.00	 716.67	 54.00	 8	 0.04	 
BSOV_106	 2	 17	 Taami.bmp	 2.152848e+03	 12	 999000	 120	 999000	 999	 2.153866e+03	 700.00	 716.67	 20.00	 1	 3.71	 
BSOV_106	 2	 17	 ChocolateParaMilk3.bmp	 2.158855e+03	 11	 1.159313e+03	 1100	 7.005826e+02	 98	 2.159873e+03	 650.00	 716.67	 9.00	 4	 4.80	 
BSOV_106	 2	 17	 BambaSweet.bmp	 2.160857e+03	 24	 999000	 240	 999000	 999	 2.161875e+03	 650.00	 716.67	 45.00	 45	 0.09	 
