1	 52	 6201.jpg	 0	 0	 0	 0	 
2	 11	 1204.jpg	 1	 1	 50	 1	 
3	 45	 6036.jpg	 0	 0	 0	 0	 
4	 46	 6042.jpg	 0	 0	 0	 0	 
5	 13	 2006.jpg	 1	 1	 52	 1	 
6	 37	 5152.jpg	 0	 0	 0	 0	 
7	 48	 6111.jpg	 0	 0	 0	 0	 
8	 39	 5207.jpg	 0	 0	 0	 0	 
9	 7	 1146.jpg	 1	 1	 51	 0	 
10	 42	 5254.jpg	 0	 0	 0	 0	 
11	 50	 6154.jpg	 0	 0	 0	 0	 
12	 35	 5129.jpg	 0	 0	 0	 0	 
13	 1	 1013.jpg	 1	 1	 54	 0	 
14	 9	 1191.jpg	 1	 1	 55	 0	 
15	 40	 5220.jpg	 0	 0	 0	 0	 
16	 34	 5115.jpg	 0	 0	 0	 0	 
17	 36	 5144.jpg	 0	 0	 0	 0	 
18	 6	 1130.jpg	 1	 1	 16	 0	 
19	 41	 5228.jpg	 0	 0	 0	 0	 
20	 23	 2164.jpg	 1	 1	 45	 1	 
21	 33	 5081.jpg	 0	 0	 0	 0	 
22	 25	 2209.jpg	 1	 1	 5	 0	 
23	 4	 1114.jpg	 1	 1	 14	 0	 
24	 51	 6190.jpg	 0	 0	 0	 0	 
25	 53	 6213.jpg	 0	 0	 0	 0	 
26	 10	 1192.jpg	 1	 1	 56	 0	 
27	 3	 1050.jpg	 1	 1	 48	 0	 
28	 28	 2248.jpg	 1	 1	 8	 0	 
29	 14	 2010.jpg	 1	 1	 6	 0	 
30	 29	 5009.jpg	 0	 0	 0	 0	 
31	 19	 2094.jpg	 1	 1	 53	 1	 
32	 21	 2112.jpg	 1	 1	 17	 0	 
33	 24	 2181.jpg	 1	 1	 13	 1	 
34	 55	 6221.jpg	 0	 0	 0	 0	 
35	 47	 6054.jpg	 0	 0	 0	 0	 
36	 12	 1262.jpg	 1	 1	 46	 0	 
37	 16	 2024.jpg	 1	 1	 11	 0	 
38	 43	 6008.jpg	 0	 0	 0	 0	 
39	 18	 2063.jpg	 1	 1	 18	 1	 
40	 15	 2015.jpg	 1	 1	 12	 1	 
41	 54	 6217.jpg	 0	 0	 0	 0	 
42	 2	 1019.jpg	 1	 1	 43	 0	 
43	 5	 1127.jpg	 1	 1	 44	 1	 
44	 27	 2229.jpg	 1	 1	 7	 1	 
45	 49	 6124.jpg	 0	 0	 0	 0	 
46	 20	 2110.jpg	 1	 1	 49	 0	 
47	 30	 5028.jpg	 0	 0	 0	 0	 
48	 38	 5182.jpg	 0	 0	 0	 0	 
49	 22	 2118.jpg	 1	 1	 9	 0	 
50	 31	 5049.jpg	 0	 0	 0	 0	 
51	 17	 2041.jpg	 1	 1	 10	 1	 
52	 56	 6249.jpg	 0	 0	 0	 0	 
53	 26	 2212.jpg	 1	 1	 15	 1	 
54	 32	 5057.jpg	 0	 0	 0	 0	 
55	 8	 1150.jpg	 1	 1	 47	 1	 
56	 44	 6016.jpg	 0	 0	 0	 0	 
