subjectID	 order	 runNum	 itemName	 onsetTime	 shuff_trialType	 RT	 respInTime	 AudioTime	 response	 fixationTime	 ladder1	 ladder2	 bidIndex	 itemNameIndex	 bidValue	 
BMI_bf_109	 1	 18	 2212.jpg	 2.215683e+03	 12	 999000	 120	 999000	 999	 2.216701e+03	 916.67	 916.67	 6.00	 56	 0.79	 
BMI_bf_109	 1	 18	 1210.jpg	 2.220672e+03	 11	 4.901092e+02	 11	 9.169851e+02	 98	 2.221706e+03	 916.67	 916.67	 12.00	 25	 0.73	 
BMI_bf_109	 1	 18	 2229.jpg	 2.222674e+03	 12	 999000	 120	 999000	 999	 2.223692e+03	 916.67	 916.67	 21.00	 58	 0.62	 
BMI_bf_109	 1	 18	 1255.jpg	 2.224676e+03	 12	 999000	 120	 999000	 999	 2.225694e+03	 916.67	 916.67	 19.00	 29	 0.65	 
BMI_bf_109	 1	 18	 1192.jpg	 2.230683e+03	 22	 5.594653e+02	 22	 9.170254e+02	 98	 2.231720e+03	 916.67	 916.67	 44.00	 22	 0.33	 
BMI_bf_109	 1	 18	 2039.jpg	 2.232669e+03	 12	 999000	 120	 999000	 999	 2.233687e+03	 916.67	 916.67	 20.00	 35	 0.64	 
BMI_bf_109	 1	 18	 1114.jpg	 2.235672e+03	 11	 4.531186e+02	 11	 9.169935e+02	 98	 2.236709e+03	 916.67	 916.67	 10.00	 13	 0.74	 
BMI_bf_109	 1	 18	 2043.jpg	 2.237674e+03	 12	 999000	 120	 999000	 999	 2.238692e+03	 916.67	 916.67	 17.00	 37	 0.65	 
BMI_bf_109	 1	 18	 2024.jpg	 2.241679e+03	 24	 999000	 240	 999000	 999	 2.242697e+03	 916.67	 916.67	 48.00	 34	 0.29	 
BMI_bf_109	 1	 18	 1191.jpg	 2.243681e+03	 24	 999000	 240	 999000	 999	 2.244699e+03	 916.67	 916.67	 56.00	 21	 0.19	 
BMI_bf_109	 1	 18	 2240.jpg	 2.248670e+03	 22	 4.607777e+02	 22	 9.170000e+02	 98	 2.249705e+03	 916.67	 916.67	 47.00	 59	 0.30	 
BMI_bf_109	 1	 18	 1080.jpg	 2.255678e+03	 24	 999000	 240	 999000	 999	 2.256696e+03	 916.67	 916.67	 58.00	 12	 0.15	 
BMI_bf_109	 1	 18	 2125.jpg	 2.257680e+03	 12	 999000	 120	 999000	 999	 2.258698e+03	 916.67	 916.67	 4.00	 47	 0.81	 
BMI_bf_109	 1	 18	 2053.jpg	 2.260684e+03	 12	 999000	 120	 999000	 999	 2.261701e+03	 916.67	 916.67	 8.00	 39	 0.79	 
BMI_bf_109	 1	 18	 2194.jpg	 2.263670e+03	 22	 4.576025e+02	 22	 9.169567e+02	 98	 2.264707e+03	 916.67	 916.67	 53.00	 54	 0.22	 
BMI_bf_109	 1	 18	 1216.jpg	 2.267675e+03	 24	 999000	 240	 999000	 999	 2.268692e+03	 916.67	 916.67	 41.00	 26	 0.34	 
BMI_bf_109	 1	 18	 1145.jpg	 2.271679e+03	 24	 999000	 240	 999000	 999	 2.272697e+03	 916.67	 916.67	 39.00	 16	 0.41	 
BMI_bf_109	 1	 18	 1127.jpg	 2.275684e+03	 24	 999000	 240	 999000	 999	 2.276702e+03	 916.67	 916.67	 40.00	 14	 0.36	 
BMI_bf_109	 1	 18	 2155.jpg	 2.278670e+03	 24	 999000	 240	 999000	 999	 2.279688e+03	 916.67	 916.67	 54.00	 51	 0.22	 
BMI_bf_109	 1	 18	 1060.jpg	 2.284677e+03	 24	 999000	 240	 999000	 999	 2.285695e+03	 916.67	 916.67	 43.00	 10	 0.34	 
BMI_bf_109	 1	 18	 2015.jpg	 2.286679e+03	 12	 999000	 120	 999000	 999	 2.287697e+03	 916.67	 916.67	 3.00	 33	 0.87	 
BMI_bf_109	 1	 18	 2063.jpg	 2.289683e+03	 11	 6.025694e+02	 11	 9.169319e+02	 98	 2.290718e+03	 916.67	 916.67	 7.00	 41	 0.79	 
BMI_bf_109	 1	 18	 2045.jpg	 2.291685e+03	 12	 999000	 120	 999000	 999	 2.292703e+03	 916.67	 916.67	 9.00	 38	 0.78	 
BMI_bf_109	 1	 18	 1262.jpg	 2.293671e+03	 24	 999000	 240	 999000	 999	 2.294688e+03	 916.67	 916.67	 49.00	 30	 0.27	 
BMI_bf_109	 1	 18	 2089.jpg	 2.295673e+03	 11	 5.303972e+02	 11	 9.169549e+02	 98	 2.296707e+03	 916.67	 916.67	 13.00	 42	 0.73	 
BMI_bf_109	 1	 18	 2248.jpg	 2.298676e+03	 12	 999000	 120	 999000	 999	 2.299694e+03	 916.67	 916.67	 16.00	 60	 0.66	 
BMI_bf_109	 1	 18	 1150.jpg	 2.302681e+03	 24	 999000	 240	 999000	 999	 2.303698e+03	 916.67	 916.67	 57.00	 18	 0.16	 
BMI_bf_109	 1	 18	 1031.jpg	 2.304683e+03	 24	 999000	 240	 999000	 999	 2.305700e+03	 916.67	 916.67	 46.00	 6	 0.32	 
BMI_bf_109	 1	 18	 1027.jpg	 2.306685e+03	 22	 5.210196e+02	 22	 9.169387e+02	 98	 2.307753e+03	 916.67	 916.67	 50.00	 5	 0.27	 
BMI_bf_109	 1	 18	 2112.jpg	 2.308671e+03	 12	 999000	 120	 999000	 999	 2.309688e+03	 916.67	 916.67	 22.00	 45	 0.61	 
BMI_bf_109	 1	 18	 1019.jpg	 2.310673e+03	 22	 5.946900e+02	 22	 9.170779e+02	 98	 2.311707e+03	 916.67	 916.67	 45.00	 4	 0.33	 
BMI_bf_109	 1	 18	 2153.jpg	 2.312675e+03	 12	 999000	 120	 999000	 999	 2.313693e+03	 916.67	 916.67	 5.00	 50	 0.81	 
BMI_bf_109	 1	 18	 2006.jpg	 2.316680e+03	 11	 4.719735e+02	 11	 9.169377e+02	 98	 2.317716e+03	 916.67	 916.67	 15.00	 31	 0.66	 
BMI_bf_109	 1	 18	 1007.jpg	 2.320684e+03	 22	 5.626881e+02	 22	 9.169369e+02	 98	 2.321719e+03	 916.67	 916.67	 52.00	 1	 0.24	 
BMI_bf_109	 1	 18	 2128.jpg	 2.322669e+03	 11	 5.124557e+02	 11	 9.169877e+02	 98	 2.323705e+03	 916.67	 916.67	 18.00	 48	 0.65	 
BMI_bf_109	 1	 18	 1226.jpg	 2.324672e+03	 24	 999000	 240	 999000	 999	 2.325689e+03	 916.67	 916.67	 55.00	 27	 0.19	 
BMI_bf_109	 1	 18	 2181.jpg	 2.326674e+03	 12	 999000	 120	 999000	 999	 2.327692e+03	 916.67	 916.67	 11.00	 53	 0.74	 
BMI_bf_109	 1	 18	 1246.jpg	 2.328676e+03	 24	 999000	 240	 999000	 999	 2.329694e+03	 916.67	 916.67	 51.00	 28	 0.24	 
BMI_bf_109	 1	 18	 1017.jpg	 2.334683e+03	 12	 999000	 120	 999000	 999	 2.335701e+03	 916.67	 916.67	 14.00	 3	 0.71	 
BMI_bf_109	 1	 18	 1146.jpg	 2.336668e+03	 24	 999000	 240	 999000	 999	 2.337686e+03	 916.67	 916.67	 42.00	 17	 0.34	 
