subjectID	 order	 runNum	 itemName	 onsetTime	 shuff_trialType	 RT	 respInTime	 AudioTime	 response	 fixationTime	 ladder1	 ladder2	 bidIndex	 itemNameIndex	 bidValue	 
BMI_bf_119	 1	 15	 1173.jpg	 1.850342e+03	 24	 999000	 240	 999000	 999	 1.851363e+03	 750.00	 750.00	 56.00	 19	 0.19	 
BMI_bf_119	 1	 15	 2094.jpg	 1.853345e+03	 12	 999000	 120	 999000	 999	 1.854363e+03	 750.00	 750.00	 8.00	 43	 0.82	 
BMI_bf_119	 1	 15	 2194.jpg	 1.857333e+03	 24	 999000	 240	 999000	 999	 1.858351e+03	 750.00	 750.00	 58.00	 54	 0.17	 
BMI_bf_119	 1	 15	 1031.jpg	 1.859335e+03	 12	 999000	 120	 999000	 999	 1.860353e+03	 750.00	 750.00	 21.00	 6	 0.63	 
BMI_bf_119	 1	 15	 1255.jpg	 1.861337e+03	 24	 999000	 240	 999000	 999	 1.862355e+03	 750.00	 750.00	 48.00	 29	 0.25	 
BMI_bf_119	 1	 15	 2112.jpg	 1.865342e+03	 12	 999000	 120	 999000	 999	 1.866360e+03	 750.00	 750.00	 5.00	 45	 0.83	 
BMI_bf_119	 1	 15	 2006.jpg	 1.867344e+03	 11	 999000	 1	 7.503462e+02	 999	 1.868429e+03	 700.00	 750.00	 10.00	 31	 0.79	 
BMI_bf_119	 1	 15	 2229.jpg	 1.872333e+03	 11	 9.521861e+02	 110	 7.003069e+02	 98	 1.873367e+03	 716.67	 750.00	 7.00	 58	 0.82	 
BMI_bf_119	 1	 15	 1060.jpg	 1.874335e+03	 12	 999000	 120	 999000	 999	 1.875353e+03	 716.67	 750.00	 16.00	 10	 0.68	 
BMI_bf_119	 1	 15	 2058.jpg	 1.877339e+03	 24	 999000	 240	 999000	 999	 1.878356e+03	 716.67	 750.00	 40.00	 40	 0.37	 
BMI_bf_119	 1	 15	 2218.jpg	 1.880342e+03	 11	 9.532408e+02	 110	 7.169768e+02	 98	 1.881379e+03	 733.33	 750.00	 18.00	 57	 0.67	 
BMI_bf_119	 1	 15	 2039.jpg	 1.884347e+03	 11	 9.876263e+02	 110	 7.336418e+02	 98	 1.885382e+03	 750.00	 750.00	 15.00	 35	 0.70	 
BMI_bf_119	 1	 15	 1019.jpg	 1.887333e+03	 22	 9.714614e+02	 220	 7.503291e+02	 98	 1.888369e+03	 750.00	 766.67	 45.00	 4	 0.31	 
BMI_bf_119	 1	 15	 2118.jpg	 1.889335e+03	 12	 999000	 120	 999000	 999	 1.890353e+03	 750.00	 766.67	 3.00	 46	 0.87	 
BMI_bf_119	 1	 15	 1127.jpg	 1.892339e+03	 22	 1.017314e+03	 2200	 7.669827e+02	 98	 1.893374e+03	 750.00	 716.67	 53.00	 14	 0.22	 
BMI_bf_119	 1	 15	 1246.jpg	 1.896343e+03	 24	 3.877441e+02	 24	 999000	 98	 1.897362e+03	 750.00	 716.67	 55.00	 28	 0.20	 
BMI_bf_119	 1	 15	 1017.jpg	 1.899347e+03	 22	 9.395394e+02	 220	 7.169715e+02	 98	 1.900383e+03	 750.00	 733.33	 47.00	 3	 0.26	 
BMI_bf_119	 1	 15	 1027.jpg	 1.901332e+03	 24	 999000	 240	 999000	 999	 1.902350e+03	 750.00	 733.33	 51.00	 5	 0.23	 
BMI_bf_119	 1	 15	 1114.jpg	 1.903335e+03	 12	 999000	 120	 999000	 999	 1.904352e+03	 750.00	 733.33	 17.00	 13	 0.68	 
BMI_bf_119	 1	 15	 2110.jpg	 1.908340e+03	 24	 999000	 240	 999000	 999	 1.909358e+03	 750.00	 733.33	 46.00	 44	 0.27	 
BMI_bf_119	 1	 15	 2248.jpg	 1.912345e+03	 12	 999000	 120	 999000	 999	 1.913363e+03	 750.00	 733.33	 4.00	 60	 0.86	 
BMI_bf_119	 1	 15	 1202.jpg	 1.916332e+03	 12	 999000	 120	 999000	 999	 1.917350e+03	 750.00	 733.33	 22.00	 23	 0.61	 
BMI_bf_119	 1	 15	 1210.jpg	 1.922339e+03	 22	 1.213147e+03	 2200	 7.336623e+02	 98	 1.923374e+03	 750.00	 683.33	 44.00	 25	 0.31	 
BMI_bf_119	 1	 15	 2149.jpg	 1.924342e+03	 12	 999000	 120	 999000	 999	 1.925362e+03	 750.00	 683.33	 19.00	 49	 0.67	 
BMI_bf_119	 1	 15	 2181.jpg	 1.926344e+03	 11	 8.201782e+02	 110	 7.503071e+02	 98	 1.927379e+03	 766.67	 683.33	 13.00	 53	 0.75	 
BMI_bf_119	 1	 15	 2043.jpg	 1.928346e+03	 22	 8.991954e+02	 220	 6.836513e+02	 98	 1.929381e+03	 766.67	 700.00	 52.00	 37	 0.23	 
BMI_bf_119	 1	 15	 1192.jpg	 1.930348e+03	 24	 999000	 240	 999000	 999	 1.931366e+03	 766.67	 700.00	 39.00	 22	 0.37	 
BMI_bf_119	 1	 15	 2164.jpg	 1.934336e+03	 12	 999000	 120	 999000	 999	 1.935354e+03	 766.67	 700.00	 14.00	 52	 0.74	 
BMI_bf_119	 1	 15	 1262.jpg	 1.936338e+03	 24	 999000	 240	 999000	 999	 1.937356e+03	 766.67	 700.00	 57.00	 30	 0.19	 
BMI_bf_119	 1	 15	 1145.jpg	 1.940343e+03	 24	 999000	 240	 999000	 999	 1.941361e+03	 766.67	 700.00	 42.00	 16	 0.36	 
BMI_bf_119	 1	 15	 2015.jpg	 1.942345e+03	 12	 999000	 120	 999000	 999	 1.943363e+03	 766.67	 700.00	 11.00	 33	 0.78	 
BMI_bf_119	 1	 15	 1013.jpg	 1.944347e+03	 24	 999000	 240	 999000	 999	 1.945365e+03	 766.67	 700.00	 43.00	 2	 0.33	 
BMI_bf_119	 1	 15	 1035.jpg	 1.946332e+03	 24	 999000	 240	 999000	 999	 1.947351e+03	 766.67	 700.00	 41.00	 7	 0.36	 
BMI_bf_119	 1	 15	 2041.jpg	 1.951338e+03	 12	 999000	 120	 999000	 999	 1.952356e+03	 766.67	 700.00	 9.00	 36	 0.79	 
BMI_bf_119	 1	 15	 1204.jpg	 1.953341e+03	 22	 9.368817e+02	 220	 7.003050e+02	 98	 1.954376e+03	 766.67	 716.67	 50.00	 24	 0.25	 
BMI_bf_119	 1	 15	 1191.jpg	 1.955343e+03	 24	 999000	 240	 999000	 999	 1.956361e+03	 766.67	 716.67	 54.00	 21	 0.21	 
BMI_bf_119	 1	 15	 2089.jpg	 1.958346e+03	 11	 1.005373e+03	 1100	 7.669804e+02	 98	 1.959382e+03	 716.67	 716.67	 12.00	 42	 0.76	 
BMI_bf_119	 1	 15	 2010.jpg	 1.965337e+03	 12	 999000	 120	 999000	 999	 1.966355e+03	 716.67	 716.67	 6.00	 32	 0.83	 
BMI_bf_119	 1	 15	 1183.jpg	 1.969342e+03	 24	 999000	 240	 999000	 999	 1.970360e+03	 716.67	 716.67	 49.00	 20	 0.25	 
BMI_bf_119	 1	 15	 1146.jpg	 1.976333e+03	 12	 999000	 120	 999000	 999	 1.977351e+03	 716.67	 716.67	 20.00	 17	 0.64	 
