subjectID	 order	 runNum	 itemName	 onsetTime	 shuff_trialType	 RT	 respInTime	 AudioTime	 response	 fixationTime	 ladder1	 ladder2	 bidIndex	 itemNameIndex	 bidValue	 
BMI_bf_109	 1	 7	 2155.jpg	 8.075710e+02	 24	 999000	 240	 999000	 999	 8.085905e+02	 816.67	 683.33	 54.00	 51	 0.22	 
BMI_bf_109	 1	 7	 1246.jpg	 8.105744e+02	 24	 999000	 240	 999000	 999	 8.115922e+02	 816.67	 683.33	 51.00	 28	 0.24	 
BMI_bf_109	 1	 7	 2212.jpg	 8.145788e+02	 12	 999000	 120	 999000	 999	 8.155970e+02	 816.67	 683.33	 6.00	 56	 0.79	 
BMI_bf_109	 1	 7	 2006.jpg	 8.165812e+02	 11	 6.737110e+02	 11	 8.169980e+02	 98	 8.177325e+02	 833.33	 683.33	 15.00	 31	 0.66	 
BMI_bf_109	 1	 7	 2063.jpg	 8.185667e+02	 11	 1.152035e+03	 1100	 8.336408e+02	 98	 8.196038e+02	 783.33	 683.33	 7.00	 41	 0.79	 
BMI_bf_109	 1	 7	 1019.jpg	 8.225711e+02	 22	 9.614958e+02	 220	 6.836690e+02	 98	 8.236077e+02	 783.33	 700.00	 45.00	 4	 0.33	 
BMI_bf_109	 1	 7	 2248.jpg	 8.245734e+02	 12	 999000	 120	 999000	 999	 8.255911e+02	 783.33	 700.00	 16.00	 60	 0.66	 
BMI_bf_109	 1	 7	 1216.jpg	 8.295790e+02	 24	 999000	 240	 999000	 999	 8.305967e+02	 783.33	 700.00	 41.00	 26	 0.34	 
BMI_bf_109	 1	 7	 1210.jpg	 8.315814e+02	 11	 9.292308e+02	 110	 7.836479e+02	 98	 8.326164e+02	 800.00	 700.00	 12.00	 25	 0.73	 
BMI_bf_109	 1	 7	 2053.jpg	 8.345680e+02	 12	 999000	 120	 999000	 999	 8.355870e+02	 800.00	 700.00	 8.00	 39	 0.79	 
BMI_bf_109	 1	 7	 1150.jpg	 8.375713e+02	 24	 999000	 240	 999000	 999	 8.385891e+02	 800.00	 700.00	 57.00	 18	 0.16	 
BMI_bf_109	 1	 7	 1192.jpg	 8.415758e+02	 22	 6.440113e+02	 22	 7.002707e+02	 98	 8.426103e+02	 800.00	 716.67	 44.00	 22	 0.33	 
BMI_bf_109	 1	 7	 1191.jpg	 8.445792e+02	 24	 999000	 240	 999000	 999	 8.455971e+02	 800.00	 716.67	 56.00	 21	 0.19	 
BMI_bf_109	 1	 7	 2015.jpg	 8.465644e+02	 12	 999000	 120	 999000	 999	 8.475825e+02	 800.00	 716.67	 3.00	 33	 0.87	 
BMI_bf_109	 1	 7	 1017.jpg	 8.495680e+02	 12	 999000	 120	 999000	 999	 8.505858e+02	 800.00	 716.67	 14.00	 3	 0.71	 
BMI_bf_109	 1	 7	 1060.jpg	 8.535726e+02	 24	 999000	 240	 999000	 999	 8.545906e+02	 800.00	 716.67	 43.00	 10	 0.34	 
BMI_bf_109	 1	 7	 1114.jpg	 8.565760e+02	 11	 6.632537e+02	 11	 8.002642e+02	 98	 8.576107e+02	 816.67	 716.67	 10.00	 13	 0.74	 
BMI_bf_109	 1	 7	 1255.jpg	 8.585781e+02	 12	 999000	 120	 999000	 999	 8.595960e+02	 816.67	 716.67	 19.00	 29	 0.65	 
BMI_bf_109	 1	 7	 1226.jpg	 8.605805e+02	 24	 999000	 240	 999000	 999	 8.615987e+02	 816.67	 716.67	 55.00	 27	 0.19	 
BMI_bf_109	 1	 7	 2153.jpg	 8.655694e+02	 12	 999000	 120	 999000	 999	 8.665872e+02	 816.67	 716.67	 5.00	 50	 0.81	 
BMI_bf_109	 1	 7	 1145.jpg	 8.695739e+02	 24	 999000	 240	 999000	 999	 8.705919e+02	 816.67	 716.67	 39.00	 16	 0.41	 
BMI_bf_109	 1	 7	 1127.jpg	 8.735784e+02	 24	 999000	 240	 999000	 999	 8.745963e+02	 816.67	 716.67	 40.00	 14	 0.36	 
BMI_bf_109	 1	 7	 1146.jpg	 8.795685e+02	 24	 999000	 240	 999000	 999	 8.805864e+02	 816.67	 716.67	 42.00	 17	 0.34	 
BMI_bf_109	 1	 7	 1031.jpg	 8.815706e+02	 24	 999000	 240	 999000	 999	 8.825883e+02	 816.67	 716.67	 46.00	 6	 0.32	 
BMI_bf_109	 1	 7	 2181.jpg	 8.835729e+02	 12	 999000	 120	 999000	 999	 8.845906e+02	 816.67	 716.67	 11.00	 53	 0.74	 
BMI_bf_109	 1	 7	 2043.jpg	 8.855751e+02	 12	 999000	 120	 999000	 999	 8.865928e+02	 816.67	 716.67	 17.00	 37	 0.65	 
BMI_bf_109	 1	 7	 2125.jpg	 8.875774e+02	 12	 999000	 120	 999000	 999	 8.885953e+02	 816.67	 716.67	 4.00	 47	 0.81	 
BMI_bf_109	 1	 7	 2039.jpg	 8.915649e+02	 12	 999000	 120	 999000	 999	 8.925831e+02	 816.67	 716.67	 20.00	 35	 0.64	 
BMI_bf_109	 1	 7	 2112.jpg	 8.935676e+02	 12	 999000	 120	 999000	 999	 8.945856e+02	 816.67	 716.67	 22.00	 45	 0.61	 
BMI_bf_109	 1	 7	 2089.jpg	 8.975719e+02	 11	 6.979930e+02	 11	 8.169558e+02	 98	 8.987400e+02	 833.33	 716.67	 13.00	 42	 0.73	 
BMI_bf_109	 1	 7	 1027.jpg	 8.995742e+02	 22	 999000	 2	 7.169761e+02	 999	 9.006090e+02	 833.33	 666.67	 50.00	 5	 0.27	 
BMI_bf_109	 1	 7	 2194.jpg	 9.015764e+02	 22	 8.224408e+02	 220	 6.670001e+02	 98	 9.026131e+02	 833.33	 683.33	 53.00	 54	 0.22	 
BMI_bf_109	 1	 7	 1007.jpg	 9.035786e+02	 22	 9.353320e+02	 220	 6.836475e+02	 98	 9.046152e+02	 833.33	 700.00	 52.00	 1	 0.24	 
BMI_bf_109	 1	 7	 2045.jpg	 9.085677e+02	 12	 999000	 120	 999000	 999	 9.095856e+02	 833.33	 700.00	 9.00	 38	 0.78	 
BMI_bf_109	 1	 7	 2229.jpg	 9.105699e+02	 12	 999000	 120	 999000	 999	 9.115878e+02	 833.33	 700.00	 21.00	 58	 0.62	 
BMI_bf_109	 1	 7	 1262.jpg	 9.125721e+02	 24	 999000	 240	 999000	 999	 9.135899e+02	 833.33	 700.00	 49.00	 30	 0.27	 
BMI_bf_109	 1	 7	 1080.jpg	 9.155755e+02	 24	 999000	 240	 999000	 999	 9.165935e+02	 833.33	 700.00	 58.00	 12	 0.15	 
BMI_bf_109	 1	 7	 2128.jpg	 9.225666e+02	 11	 8.256440e+02	 11	 8.335943e+02	 98	 9.236023e+02	 850.00	 700.00	 18.00	 48	 0.65	 
BMI_bf_109	 1	 7	 2240.jpg	 9.265711e+02	 22	 8.038707e+02	 220	 7.003260e+02	 98	 9.276078e+02	 850.00	 716.67	 47.00	 59	 0.30	 
BMI_bf_109	 1	 7	 2024.jpg	 9.335791e+02	 24	 999000	 240	 999000	 999	 9.345969e+02	 850.00	 716.67	 48.00	 34	 0.29	 
