subjectID	 order	 runNum	 itemName	 onsetTime	 shuff_trialType	 RT	 respInTime	 AudioTime	 response	 fixationTime	 ladder1	 ladder2	 bidIndex	 itemNameIndex	 bidValue	 
BMI_bf_109	 1	 12	 2015.jpg	 1.451810e+03	 12	 999000	 120	 999000	 999	 1.452828e+03	 866.67	 916.67	 3.00	 33	 0.87	 
BMI_bf_109	 1	 12	 1191.jpg	 1.456816e+03	 24	 999000	 240	 999000	 999	 1.457833e+03	 866.67	 916.67	 56.00	 21	 0.19	 
BMI_bf_109	 1	 12	 1080.jpg	 1.458818e+03	 24	 999000	 240	 999000	 999	 1.459836e+03	 866.67	 916.67	 58.00	 12	 0.15	 
BMI_bf_109	 1	 12	 1146.jpg	 1.460820e+03	 24	 999000	 240	 999000	 999	 1.461838e+03	 866.67	 916.67	 42.00	 17	 0.34	 
BMI_bf_109	 1	 12	 1246.jpg	 1.466810e+03	 24	 999000	 240	 999000	 999	 1.467828e+03	 866.67	 916.67	 51.00	 28	 0.24	 
BMI_bf_109	 1	 12	 1226.jpg	 1.468812e+03	 24	 999000	 240	 999000	 999	 1.469830e+03	 866.67	 916.67	 55.00	 27	 0.19	 
BMI_bf_109	 1	 12	 1060.jpg	 1.471816e+03	 24	 999000	 240	 999000	 999	 1.472834e+03	 866.67	 916.67	 43.00	 10	 0.34	 
BMI_bf_109	 1	 12	 1114.jpg	 1.473818e+03	 11	 5.346752e+02	 11	 8.669670e+02	 98	 1.475036e+03	 883.33	 916.67	 10.00	 13	 0.74	 
BMI_bf_109	 1	 12	 1145.jpg	 1.477806e+03	 24	 999000	 240	 999000	 999	 1.478824e+03	 883.33	 916.67	 39.00	 16	 0.41	 
BMI_bf_109	 1	 12	 2248.jpg	 1.479808e+03	 12	 999000	 120	 999000	 999	 1.480826e+03	 883.33	 916.67	 16.00	 60	 0.66	 
BMI_bf_109	 1	 12	 2194.jpg	 1.484814e+03	 22	 5.082760e+02	 22	 9.169522e+02	 98	 1.485848e+03	 883.33	 916.67	 53.00	 54	 0.22	 
BMI_bf_109	 1	 12	 2155.jpg	 1.491805e+03	 24	 3.127026e+02	 24	 999000	 98	 1.492823e+03	 883.33	 916.67	 54.00	 51	 0.22	 
BMI_bf_109	 1	 12	 1262.jpg	 1.493807e+03	 24	 999000	 240	 999000	 999	 1.494825e+03	 883.33	 916.67	 49.00	 30	 0.27	 
BMI_bf_109	 1	 12	 1192.jpg	 1.496810e+03	 22	 8.871673e+02	 22	 9.168864e+02	 98	 1.497847e+03	 883.33	 916.67	 44.00	 22	 0.33	 
BMI_bf_109	 1	 12	 1027.jpg	 1.499814e+03	 22	 8.763432e+02	 22	 9.169184e+02	 98	 1.500848e+03	 883.33	 916.67	 50.00	 5	 0.27	 
BMI_bf_109	 1	 12	 2240.jpg	 1.503818e+03	 22	 6.521271e+02	 22	 9.169236e+02	 98	 1.504855e+03	 883.33	 916.67	 47.00	 59	 0.30	 
BMI_bf_109	 1	 12	 2181.jpg	 1.507806e+03	 12	 999000	 120	 999000	 999	 1.508824e+03	 883.33	 916.67	 11.00	 53	 0.74	 
BMI_bf_109	 1	 12	 2043.jpg	 1.511811e+03	 12	 999000	 120	 999000	 999	 1.512828e+03	 883.33	 916.67	 17.00	 37	 0.65	 
BMI_bf_109	 1	 12	 1017.jpg	 1.514814e+03	 12	 999000	 120	 999000	 999	 1.515832e+03	 883.33	 916.67	 14.00	 3	 0.71	 
BMI_bf_109	 1	 12	 2089.jpg	 1.520804e+03	 11	 6.212676e+02	 11	 8.835954e+02	 98	 1.521841e+03	 900.00	 916.67	 13.00	 42	 0.73	 
BMI_bf_109	 1	 12	 1150.jpg	 1.522806e+03	 24	 999000	 240	 999000	 999	 1.523824e+03	 900.00	 916.67	 57.00	 18	 0.16	 
BMI_bf_109	 1	 12	 2024.jpg	 1.525810e+03	 24	 999000	 240	 999000	 999	 1.526827e+03	 900.00	 916.67	 48.00	 34	 0.29	 
BMI_bf_109	 1	 12	 1007.jpg	 1.527812e+03	 22	 7.233161e+02	 22	 9.169755e+02	 98	 1.528847e+03	 900.00	 916.67	 52.00	 1	 0.24	 
BMI_bf_109	 1	 12	 1216.jpg	 1.529814e+03	 24	 999000	 240	 999000	 999	 1.530832e+03	 900.00	 916.67	 41.00	 26	 0.34	 
BMI_bf_109	 1	 12	 1019.jpg	 1.531816e+03	 22	 6.451811e+02	 22	 9.169742e+02	 98	 1.532851e+03	 900.00	 916.67	 45.00	 4	 0.33	 
BMI_bf_109	 1	 12	 2229.jpg	 1.534820e+03	 12	 999000	 120	 999000	 999	 1.535838e+03	 900.00	 916.67	 21.00	 58	 0.62	 
BMI_bf_109	 1	 12	 2053.jpg	 1.538808e+03	 12	 999000	 120	 999000	 999	 1.539825e+03	 900.00	 916.67	 8.00	 39	 0.79	 
BMI_bf_109	 1	 12	 2006.jpg	 1.540810e+03	 11	 6.072431e+02	 11	 9.003093e+02	 98	 1.541845e+03	 916.67	 916.67	 15.00	 31	 0.66	 
BMI_bf_109	 1	 12	 1031.jpg	 1.542812e+03	 24	 999000	 240	 999000	 999	 1.543830e+03	 916.67	 916.67	 46.00	 6	 0.32	 
BMI_bf_109	 1	 12	 2128.jpg	 1.544814e+03	 11	 5.968049e+02	 11	 9.169655e+02	 98	 1.545849e+03	 916.67	 916.67	 18.00	 48	 0.65	 
BMI_bf_109	 1	 12	 2153.jpg	 1.546817e+03	 12	 999000	 120	 999000	 999	 1.547834e+03	 916.67	 916.67	 5.00	 50	 0.81	 
BMI_bf_109	 1	 12	 1255.jpg	 1.548819e+03	 12	 999000	 120	 999000	 999	 1.549837e+03	 916.67	 916.67	 19.00	 29	 0.65	 
BMI_bf_109	 1	 12	 2212.jpg	 1.552807e+03	 12	 999000	 120	 999000	 999	 1.553824e+03	 916.67	 916.67	 6.00	 56	 0.79	 
BMI_bf_109	 1	 12	 2045.jpg	 1.556811e+03	 12	 999000	 120	 999000	 999	 1.557829e+03	 916.67	 916.67	 9.00	 38	 0.78	 
BMI_bf_109	 1	 12	 2063.jpg	 1.558813e+03	 11	 7.959731e+02	 11	 9.170519e+02	 98	 1.559848e+03	 916.67	 916.67	 7.00	 41	 0.79	 
BMI_bf_109	 1	 12	 2112.jpg	 1.560816e+03	 12	 999000	 120	 999000	 999	 1.561833e+03	 916.67	 916.67	 22.00	 45	 0.61	 
BMI_bf_109	 1	 12	 2039.jpg	 1.562818e+03	 12	 999000	 120	 999000	 999	 1.563835e+03	 916.67	 916.67	 20.00	 35	 0.64	 
BMI_bf_109	 1	 12	 1127.jpg	 1.564820e+03	 24	 999000	 240	 999000	 999	 1.565838e+03	 916.67	 916.67	 40.00	 14	 0.36	 
BMI_bf_109	 1	 12	 1210.jpg	 1.570810e+03	 11	 6.008676e+02	 11	 9.169640e+02	 98	 1.571844e+03	 916.67	 916.67	 12.00	 25	 0.73	 
BMI_bf_109	 1	 12	 2125.jpg	 1.572812e+03	 12	 999000	 120	 999000	 999	 1.573830e+03	 916.67	 916.67	 4.00	 47	 0.81	 
