subjectID	 order	 runNum	 itemName	 onsetTime	 shuff_trialType	 RT	 respInTime	 AudioTime	 response	 fixationTime	 ladder1	 ladder2	 bidIndex	 itemNameIndex	 bidValue	 
BMI_bf_105	 1	 17	 1204.jpg	 2.085351e+03	 22	 1.423539e+03	 2200	 6.169203e+02	 98	 2.086387e+03	 683.33	 566.67	 50.00	 24	 0.22	 
BMI_bf_105	 1	 17	 2181.jpg	 2.087354e+03	 12	 999000	 120	 999000	 999	 2.088373e+03	 683.33	 566.67	 11.00	 53	 0.74	 
BMI_bf_105	 1	 17	 2006.jpg	 2.091341e+03	 11	 1.227803e+03	 1100	 6.836673e+02	 98	 2.092378e+03	 633.33	 566.67	 12.00	 31	 0.74	 
BMI_bf_105	 1	 17	 1027.jpg	 2.094345e+03	 24	 999000	 240	 999000	 999	 2.095366e+03	 633.33	 566.67	 56.00	 5	 0.16	 
BMI_bf_105	 1	 17	 1150.jpg	 2.096347e+03	 22	 9.358651e+02	 220	 5.669468e+02	 98	 2.097382e+03	 633.33	 583.33	 53.00	 18	 0.19	 
BMI_bf_105	 1	 17	 2149.jpg	 2.099350e+03	 11	 1.048981e+03	 1100	 6.337214e+02	 98	 2.100386e+03	 583.33	 583.33	 18.00	 49	 0.67	 
BMI_bf_105	 1	 17	 2125.jpg	 2.103355e+03	 12	 999000	 120	 999000	 999	 2.104375e+03	 583.33	 583.33	 4.00	 47	 0.90	 
BMI_bf_105	 1	 17	 1017.jpg	 2.107343e+03	 22	 9.769277e+02	 220	 5.836181e+02	 98	 2.108379e+03	 583.33	 600.00	 45.00	 3	 0.30	 
BMI_bf_105	 1	 17	 1130.jpg	 2.109345e+03	 24	 999000	 240	 999000	 999	 2.110363e+03	 583.33	 600.00	 40.00	 15	 0.37	 
BMI_bf_105	 1	 17	 1013.jpg	 2.114351e+03	 24	 999000	 240	 999000	 999	 2.115368e+03	 583.33	 600.00	 49.00	 2	 0.28	 
BMI_bf_105	 1	 17	 1192.jpg	 2.116353e+03	 24	 999000	 240	 999000	 999	 2.117371e+03	 583.33	 600.00	 54.00	 22	 0.17	 
BMI_bf_105	 1	 17	 1210.jpg	 2.118355e+03	 22	 9.226167e+02	 220	 6.002840e+02	 98	 2.119407e+03	 583.33	 616.67	 44.00	 25	 0.30	 
BMI_bf_105	 1	 17	 2229.jpg	 2.124345e+03	 12	 999000	 120	 999000	 999	 2.125363e+03	 583.33	 616.67	 16.00	 58	 0.69	 
BMI_bf_105	 1	 17	 1019.jpg	 2.126347e+03	 24	 999000	 240	 999000	 999	 2.127365e+03	 583.33	 616.67	 41.00	 4	 0.32	 
BMI_bf_105	 1	 17	 1173.jpg	 2.128349e+03	 24	 999000	 240	 999000	 999	 2.129368e+03	 583.33	 616.67	 51.00	 19	 0.21	 
BMI_bf_105	 1	 17	 2112.jpg	 2.130352e+03	 12	 999000	 120	 999000	 999	 2.131370e+03	 583.33	 616.67	 17.00	 45	 0.67	 
BMI_bf_105	 1	 17	 1191.jpg	 2.134356e+03	 24	 999000	 240	 999000	 999	 2.135374e+03	 583.33	 616.67	 58.00	 21	 0.13	 
BMI_bf_105	 1	 17	 1114.jpg	 2.138344e+03	 24	 999000	 240	 999000	 999	 2.139362e+03	 583.33	 616.67	 46.00	 13	 0.29	 
BMI_bf_105	 1	 17	 2240.jpg	 2.141348e+03	 11	 9.486557e+02	 110	 5.835681e+02	 98	 2.142384e+03	 600.00	 616.67	 10.00	 59	 0.78	 
BMI_bf_105	 1	 17	 1052.jpg	 2.145352e+03	 24	 999000	 240	 999000	 999	 2.146370e+03	 600.00	 616.67	 43.00	 9	 0.31	 
BMI_bf_105	 1	 17	 2164.jpg	 2.148355e+03	 11	 9.498781e+02	 110	 6.002806e+02	 98	 2.149391e+03	 616.67	 616.67	 7.00	 52	 0.86	 
BMI_bf_105	 1	 17	 2212.jpg	 2.150358e+03	 12	 999000	 120	 999000	 999	 2.151375e+03	 616.67	 616.67	 9.00	 56	 0.78	 
BMI_bf_105	 1	 17	 2045.jpg	 2.154345e+03	 11	 9.001249e+02	 110	 6.169378e+02	 98	 2.155381e+03	 633.33	 616.67	 15.00	 38	 0.71	 
BMI_bf_105	 1	 17	 2063.jpg	 2.156348e+03	 12	 999000	 120	 999000	 999	 2.157366e+03	 633.33	 616.67	 6.00	 41	 0.86	 
BMI_bf_105	 1	 17	 2053.jpg	 2.158350e+03	 12	 999000	 120	 999000	 999	 2.159368e+03	 633.33	 616.67	 19.00	 39	 0.66	 
BMI_bf_105	 1	 17	 1262.jpg	 2.162354e+03	 22	 9.578590e+02	 220	 6.169078e+02	 98	 2.163391e+03	 633.33	 633.33	 52.00	 30	 0.20	 
BMI_bf_105	 1	 17	 2209.jpg	 2.164357e+03	 12	 999000	 120	 999000	 999	 2.165374e+03	 633.33	 633.33	 14.00	 55	 0.71	 
BMI_bf_105	 1	 17	 1246.jpg	 2.168344e+03	 24	 999000	 240	 999000	 999	 2.169362e+03	 633.33	 633.33	 42.00	 28	 0.31	 
BMI_bf_105	 1	 17	 2010.jpg	 2.172349e+03	 12	 999000	 120	 999000	 999	 2.173367e+03	 633.33	 633.33	 8.00	 32	 0.82	 
BMI_bf_105	 1	 17	 2128.jpg	 2.175352e+03	 12	 999000	 120	 999000	 999	 2.176370e+03	 633.33	 633.33	 20.00	 48	 0.63	 
BMI_bf_105	 1	 17	 2041.jpg	 2.181342e+03	 12	 999000	 120	 999000	 999	 2.182360e+03	 633.33	 633.33	 21.00	 36	 0.62	 
BMI_bf_105	 1	 17	 2015.jpg	 2.183344e+03	 12	 999000	 120	 999000	 999	 2.184363e+03	 633.33	 633.33	 22.00	 33	 0.62	 
BMI_bf_105	 1	 17	 1073.jpg	 2.187349e+03	 24	 999000	 240	 999000	 999	 2.188367e+03	 633.33	 633.33	 57.00	 11	 0.13	 
BMI_bf_105	 1	 17	 1183.jpg	 2.189351e+03	 24	 999000	 240	 999000	 999	 2.190369e+03	 633.33	 633.33	 39.00	 20	 0.40	 
BMI_bf_105	 1	 17	 2043.jpg	 2.191353e+03	 11	 1.063855e+03	 1100	 6.336310e+02	 98	 2.192390e+03	 583.33	 633.33	 13.00	 37	 0.73	 
BMI_bf_105	 1	 17	 2218.jpg	 2.193356e+03	 12	 999000	 120	 999000	 999	 2.194377e+03	 583.33	 633.33	 3.00	 57	 0.91	 
BMI_bf_105	 1	 17	 2248.jpg	 2.198345e+03	 12	 999000	 120	 999000	 999	 2.199363e+03	 583.33	 633.33	 5.00	 60	 0.86	 
BMI_bf_105	 1	 17	 1202.jpg	 2.200347e+03	 22	 1.014581e+03	 2200	 6.336088e+02	 98	 2.201383e+03	 583.33	 583.33	 47.00	 23	 0.29	 
BMI_bf_105	 1	 17	 2110.jpg	 2.202349e+03	 24	 999000	 240	 999000	 999	 2.203367e+03	 583.33	 583.33	 55.00	 44	 0.16	 
BMI_bf_105	 1	 17	 2194.jpg	 2.205353e+03	 24	 999000	 240	 999000	 999	 2.206371e+03	 583.33	 583.33	 48.00	 54	 0.28	 
