subjectID	 order	 runNum	 itemName	 onsetTime	 shuff_trialType	 RT	 respInTime	 AudioTime	 response	 fixationTime	 ladder1	 ladder2	 bidIndex	 itemNameIndex	 bidValue	 
BMI_bf_123	 1	 16	 1013.jpg	 1.950341e+03	 11	 7.185285e+02	 11	 9.169092e+02	 98	 1.951377e+03	 916.67	 783.33	 13.00	 2	 0.71	 
BMI_bf_123	 1	 16	 1114.jpg	 1.953345e+03	 12	 999000	 120	 999000	 999	 1.954363e+03	 916.67	 783.33	 5.00	 13	 0.79	 
BMI_bf_123	 1	 16	 1183.jpg	 1.955330e+03	 24	 999000	 240	 999000	 999	 1.956348e+03	 916.67	 783.33	 46.00	 20	 0.34	 
BMI_bf_123	 1	 16	 1255.jpg	 1.957333e+03	 12	 999000	 120	 999000	 999	 1.958351e+03	 916.67	 783.33	 8.00	 29	 0.73	 
BMI_bf_123	 1	 16	 2058.jpg	 1.959335e+03	 22	 6.693150e+02	 22	 7.865666e+02	 98	 1.960370e+03	 916.67	 800.00	 50.00	 40	 0.29	 
BMI_bf_123	 1	 16	 2125.jpg	 1.962338e+03	 24	 999000	 240	 999000	 999	 1.963356e+03	 916.67	 800.00	 43.00	 47	 0.38	 
BMI_bf_123	 1	 16	 2041.jpg	 1.964341e+03	 24	 999000	 240	 999000	 999	 1.965358e+03	 916.67	 800.00	 48.00	 36	 0.32	 
BMI_bf_123	 1	 16	 2063.jpg	 1.968345e+03	 12	 999000	 120	 999000	 999	 1.969364e+03	 916.67	 800.00	 20.00	 41	 0.63	 
BMI_bf_123	 1	 16	 1019.jpg	 1.970330e+03	 12	 999000	 120	 999000	 999	 1.971348e+03	 916.67	 800.00	 19.00	 4	 0.64	 
BMI_bf_123	 1	 16	 2039.jpg	 1.975336e+03	 12	 999000	 120	 999000	 999	 1.976354e+03	 916.67	 800.00	 22.00	 35	 0.60	 
BMI_bf_123	 1	 16	 2053.jpg	 1.977338e+03	 24	 999000	 240	 999000	 999	 1.978356e+03	 916.67	 800.00	 51.00	 39	 0.29	 
BMI_bf_123	 1	 16	 1216.jpg	 1.981343e+03	 12	 999000	 120	 999000	 999	 1.982361e+03	 916.67	 800.00	 16.00	 26	 0.68	 
BMI_bf_123	 1	 16	 1246.jpg	 1.983345e+03	 24	 999000	 240	 999000	 999	 1.984363e+03	 916.67	 800.00	 49.00	 28	 0.30	 
BMI_bf_123	 1	 16	 1262.jpg	 1.986332e+03	 24	 999000	 240	 999000	 999	 1.987350e+03	 916.67	 800.00	 57.00	 30	 0.16	 
BMI_bf_123	 1	 16	 2218.jpg	 1.991337e+03	 24	 999000	 240	 999000	 999	 1.992355e+03	 916.67	 800.00	 42.00	 57	 0.40	 
BMI_bf_123	 1	 16	 1192.jpg	 1.993340e+03	 22	 6.297953e+02	 22	 8.002632e+02	 98	 1.994491e+03	 916.67	 816.67	 52.00	 22	 0.28	 
BMI_bf_123	 1	 16	 1050.jpg	 1.995342e+03	 11	 5.288729e+02	 11	 9.169094e+02	 98	 1.996378e+03	 916.67	 816.67	 12.00	 8	 0.71	 
BMI_bf_123	 1	 16	 1204.jpg	 1.999346e+03	 22	 8.445214e+02	 220	 8.169684e+02	 98	 2.000382e+03	 916.67	 833.33	 45.00	 24	 0.36	 
BMI_bf_123	 1	 16	 1052.jpg	 2.003334e+03	 24	 999000	 240	 999000	 999	 2.004352e+03	 916.67	 833.33	 40.00	 9	 0.40	 
BMI_bf_123	 1	 16	 1173.jpg	 2.007339e+03	 24	 999000	 240	 999000	 999	 2.008357e+03	 916.67	 833.33	 58.00	 19	 0.14	 
BMI_bf_123	 1	 16	 2128.jpg	 2.009341e+03	 22	 7.617702e+02	 22	 8.335438e+02	 98	 2.010377e+03	 916.67	 850.00	 53.00	 48	 0.26	 
BMI_bf_123	 1	 16	 2149.jpg	 2.011343e+03	 24	 999000	 240	 999000	 999	 2.012361e+03	 916.67	 850.00	 56.00	 49	 0.18	 
BMI_bf_123	 1	 16	 2240.jpg	 2.013345e+03	 24	 999000	 240	 999000	 999	 2.014363e+03	 916.67	 850.00	 55.00	 59	 0.24	 
BMI_bf_123	 1	 16	 1031.jpg	 2.015331e+03	 12	 999000	 120	 999000	 999	 2.016349e+03	 916.67	 850.00	 3.00	 6	 0.83	 
BMI_bf_123	 1	 16	 2181.jpg	 2.021338e+03	 12	 999000	 120	 999000	 999	 2.022355e+03	 916.67	 850.00	 6.00	 53	 0.74	 
BMI_bf_123	 1	 16	 2212.jpg	 2.024341e+03	 12	 999000	 120	 999000	 999	 2.025359e+03	 916.67	 850.00	 14.00	 56	 0.70	 
BMI_bf_123	 1	 16	 2010.jpg	 2.026343e+03	 11	 8.714294e+02	 11	 9.168588e+02	 98	 2.027378e+03	 916.67	 850.00	 10.00	 32	 0.72	 
BMI_bf_123	 1	 16	 1060.jpg	 2.028346e+03	 24	 999000	 240	 999000	 999	 2.029363e+03	 916.67	 850.00	 41.00	 10	 0.40	 
BMI_bf_123	 1	 16	 1035.jpg	 2.031332e+03	 12	 999000	 120	 999000	 999	 2.032350e+03	 916.67	 850.00	 9.00	 7	 0.73	 
BMI_bf_123	 1	 16	 2229.jpg	 2.033334e+03	 11	 6.980618e+02	 11	 9.169226e+02	 98	 2.034369e+03	 916.67	 850.00	 7.00	 58	 0.74	 
BMI_bf_123	 1	 16	 1007.jpg	 2.035337e+03	 12	 999000	 120	 999000	 999	 2.036355e+03	 916.67	 850.00	 21.00	 1	 0.61	 
BMI_bf_123	 1	 16	 2043.jpg	 2.037339e+03	 11	 5.861841e+02	 11	 9.169723e+02	 98	 2.038374e+03	 916.67	 850.00	 18.00	 37	 0.65	 
BMI_bf_123	 1	 16	 2112.jpg	 2.040342e+03	 12	 999000	 120	 999000	 999	 2.041361e+03	 916.67	 850.00	 17.00	 45	 0.66	 
BMI_bf_123	 1	 16	 1210.jpg	 2.042345e+03	 24	 999000	 240	 999000	 999	 2.043363e+03	 916.67	 850.00	 54.00	 25	 0.26	 
BMI_bf_123	 1	 16	 1130.jpg	 2.044330e+03	 12	 999000	 120	 999000	 999	 2.045348e+03	 916.67	 850.00	 11.00	 15	 0.71	 
BMI_bf_123	 1	 16	 1080.jpg	 2.046332e+03	 22	 5.818525e+02	 22	 8.502654e+02	 98	 2.047368e+03	 916.67	 866.67	 44.00	 12	 0.36	 
BMI_bf_123	 1	 16	 1073.jpg	 2.048335e+03	 12	 999000	 120	 999000	 999	 2.049352e+03	 916.67	 866.67	 4.00	 11	 0.81	 
BMI_bf_123	 1	 16	 1017.jpg	 2.054341e+03	 22	 7.632936e+02	 22	 8.668630e+02	 98	 2.055376e+03	 916.67	 883.33	 47.00	 3	 0.34	 
BMI_bf_123	 1	 16	 1191.jpg	 2.057345e+03	 24	 999000	 240	 999000	 999	 2.058362e+03	 916.67	 883.33	 39.00	 21	 0.41	 
BMI_bf_123	 1	 16	 1202.jpg	 2.061333e+03	 11	 7.137616e+02	 11	 9.170365e+02	 98	 2.062368e+03	 916.67	 883.33	 15.00	 23	 0.69	 
