subjectID	 order	 runNum	 itemName	 onsetTime	 shuff_trialType	 RT	 respInTime	 AudioTime	 response	 fixationTime	 ladder1	 ladder2	 bidIndex	 itemNameIndex	 bidValue	 
BMI_bf_117	 1	 11	 2181.jpg	 1.450347e+03	 12	 999000	 120	 999000	 999	 1.451366e+03	 683.33	 750.00	 6.00	 53	 0.79	 
BMI_bf_117	 1	 11	 2112.jpg	 1.453350e+03	 12	 999000	 120	 999000	 999	 1.454368e+03	 683.33	 750.00	 5.00	 45	 0.83	 
BMI_bf_117	 1	 11	 1145.jpg	 1.457338e+03	 24	 999000	 240	 999000	 999	 1.458356e+03	 683.33	 750.00	 39.00	 16	 0.40	 
BMI_bf_117	 1	 11	 2015.jpg	 1.459340e+03	 11	 9.271382e+02	 110	 6.836072e+02	 98	 1.460375e+03	 700.00	 750.00	 15.00	 33	 0.64	 
BMI_bf_117	 1	 11	 1019.jpg	 1.461343e+03	 24	 999000	 240	 999000	 999	 1.462360e+03	 700.00	 750.00	 43.00	 4	 0.39	 
BMI_bf_117	 1	 11	 2248.jpg	 1.465347e+03	 12	 999000	 120	 999000	 999	 1.466365e+03	 700.00	 750.00	 4.00	 60	 0.84	 
BMI_bf_117	 1	 11	 2039.jpg	 1.467349e+03	 11	 1.007470e+03	 1100	 7.002378e+02	 98	 1.468385e+03	 650.00	 750.00	 13.00	 35	 0.65	 
BMI_bf_117	 1	 11	 2212.jpg	 1.472355e+03	 12	 999000	 120	 999000	 999	 1.473373e+03	 650.00	 750.00	 3.00	 56	 0.84	 
BMI_bf_117	 1	 11	 1246.jpg	 1.474341e+03	 24	 999000	 240	 999000	 999	 1.475358e+03	 650.00	 750.00	 46.00	 28	 0.34	 
BMI_bf_117	 1	 11	 1191.jpg	 1.477344e+03	 24	 999000	 240	 999000	 999	 1.478362e+03	 650.00	 750.00	 42.00	 21	 0.39	 
BMI_bf_117	 1	 11	 2240.jpg	 1.480347e+03	 12	 999000	 120	 999000	 999	 1.481365e+03	 650.00	 750.00	 9.00	 59	 0.72	 
BMI_bf_117	 1	 11	 2006.jpg	 1.484352e+03	 11	 8.919049e+02	 110	 6.502274e+02	 98	 1.485387e+03	 666.67	 750.00	 12.00	 31	 0.66	 
BMI_bf_117	 1	 11	 1216.jpg	 1.487355e+03	 24	 999000	 240	 999000	 999	 1.488373e+03	 666.67	 750.00	 49.00	 26	 0.29	 
BMI_bf_117	 1	 11	 2218.jpg	 1.489341e+03	 12	 999000	 120	 999000	 999	 1.490358e+03	 666.67	 750.00	 16.00	 57	 0.64	 
BMI_bf_117	 1	 11	 2164.jpg	 1.492344e+03	 24	 999000	 240	 999000	 999	 1.493362e+03	 666.67	 750.00	 41.00	 52	 0.40	 
BMI_bf_117	 1	 11	 2110.jpg	 1.496349e+03	 22	 1.012234e+03	 2200	 7.502540e+02	 98	 1.497383e+03	 666.67	 700.00	 44.00	 44	 0.36	 
BMI_bf_117	 1	 11	 2229.jpg	 1.499352e+03	 12	 999000	 120	 999000	 999	 1.500371e+03	 666.67	 700.00	 8.00	 58	 0.74	 
BMI_bf_117	 1	 11	 1204.jpg	 1.501354e+03	 12	 999000	 120	 999000	 999	 1.502372e+03	 666.67	 700.00	 21.00	 24	 0.61	 
BMI_bf_117	 1	 11	 1031.jpg	 1.503340e+03	 12	 999000	 120	 999000	 999	 1.504357e+03	 666.67	 700.00	 11.00	 6	 0.70	 
BMI_bf_117	 1	 11	 1050.jpg	 1.508346e+03	 12	 999000	 120	 999000	 999	 1.509363e+03	 666.67	 700.00	 19.00	 8	 0.61	 
BMI_bf_117	 1	 11	 2041.jpg	 1.512350e+03	 12	 999000	 120	 999000	 999	 1.513368e+03	 666.67	 700.00	 14.00	 36	 0.65	 
BMI_bf_117	 1	 11	 1017.jpg	 1.516354e+03	 24	 999000	 240	 999000	 999	 1.517372e+03	 666.67	 700.00	 51.00	 3	 0.27	 
BMI_bf_117	 1	 11	 1150.jpg	 1.522344e+03	 24	 999000	 240	 999000	 999	 1.523362e+03	 666.67	 700.00	 48.00	 18	 0.31	 
BMI_bf_117	 1	 11	 1013.jpg	 1.524347e+03	 22	 9.827106e+02	 220	 7.002275e+02	 98	 1.525383e+03	 666.67	 716.67	 52.00	 2	 0.27	 
BMI_bf_117	 1	 11	 1073.jpg	 1.526349e+03	 24	 999000	 240	 999000	 999	 1.527367e+03	 666.67	 716.67	 56.00	 11	 0.23	 
BMI_bf_117	 1	 11	 2128.jpg	 1.528351e+03	 24	 999000	 240	 999000	 999	 1.529369e+03	 666.67	 716.67	 40.00	 48	 0.40	 
BMI_bf_117	 1	 11	 2010.jpg	 1.530354e+03	 11	 8.936050e+02	 110	 6.668914e+02	 98	 1.531389e+03	 683.33	 716.67	 7.00	 32	 0.79	 
BMI_bf_117	 1	 11	 1173.jpg	 1.534341e+03	 24	 999000	 240	 999000	 999	 1.535359e+03	 683.33	 716.67	 55.00	 19	 0.25	 
BMI_bf_117	 1	 11	 2118.jpg	 1.536344e+03	 22	 1.035118e+03	 2200	 7.168958e+02	 98	 1.537379e+03	 683.33	 666.67	 47.00	 46	 0.31	 
BMI_bf_117	 1	 11	 1052.jpg	 1.540348e+03	 24	 999000	 240	 999000	 999	 1.541367e+03	 683.33	 666.67	 58.00	 9	 0.18	 
BMI_bf_117	 1	 11	 1130.jpg	 1.542350e+03	 24	 999000	 240	 999000	 999	 1.543368e+03	 683.33	 666.67	 57.00	 15	 0.23	 
BMI_bf_117	 1	 11	 1210.jpg	 1.544352e+03	 22	 9.466060e+02	 220	 6.669101e+02	 98	 1.545387e+03	 683.33	 683.33	 45.00	 25	 0.35	 
BMI_bf_117	 1	 11	 1262.jpg	 1.546355e+03	 12	 999000	 120	 999000	 999	 1.547372e+03	 683.33	 683.33	 22.00	 30	 0.60	 
BMI_bf_117	 1	 11	 1127.jpg	 1.551344e+03	 22	 9.081475e+02	 220	 6.835777e+02	 98	 1.552378e+03	 683.33	 700.00	 53.00	 14	 0.26	 
BMI_bf_117	 1	 11	 1114.jpg	 1.553346e+03	 12	 999000	 120	 999000	 999	 1.554364e+03	 683.33	 700.00	 17.00	 13	 0.62	 
BMI_bf_117	 1	 11	 2045.jpg	 1.555348e+03	 11	 9.314583e+02	 110	 6.835634e+02	 98	 1.556383e+03	 700.00	 700.00	 18.00	 38	 0.62	 
BMI_bf_117	 1	 11	 1080.jpg	 1.558351e+03	 22	 9.095180e+02	 220	 7.002523e+02	 98	 1.559387e+03	 700.00	 716.67	 50.00	 12	 0.29	 
BMI_bf_117	 1	 11	 1146.jpg	 1.565343e+03	 24	 999000	 240	 999000	 999	 1.566361e+03	 700.00	 716.67	 54.00	 17	 0.25	 
BMI_bf_117	 1	 11	 2209.jpg	 1.569347e+03	 11	 9.842580e+02	 110	 7.002547e+02	 98	 1.570382e+03	 716.67	 716.67	 10.00	 55	 0.70	 
BMI_bf_117	 1	 11	 2125.jpg	 1.576338e+03	 12	 999000	 120	 999000	 999	 1.577356e+03	 716.67	 716.67	 20.00	 47	 0.61	 
