subjectID	 order	 runNum	 itemName	 onsetTime	 shuff_trialType	 RT	 respInTime	 AudioTime	 response	 fixationTime	 ladder1	 ladder2	 bidIndex	 itemNameIndex	 bidValue	 
BMI_bf_116	 2	 15	 2045.jpg	 1.926774e+03	 24	 999000	 240	 999000	 999	 1.927795e+03	 483.33	 616.67	 40.00	 38	 0.40	 
BMI_bf_116	 2	 15	 2209.jpg	 1.929760e+03	 12	 999000	 120	 999000	 999	 1.930780e+03	 483.33	 616.67	 15.00	 55	 0.67	 
BMI_bf_116	 2	 15	 2024.jpg	 1.933765e+03	 22	 999000	 2	 6.170094e+02	 999	 1.934933e+03	 483.33	 566.67	 46.00	 34	 0.32	 
BMI_bf_116	 2	 15	 2058.jpg	 1.935767e+03	 24	 999000	 240	 999000	 999	 1.936785e+03	 483.33	 566.67	 39.00	 40	 0.40	 
BMI_bf_116	 2	 15	 1027.jpg	 1.937769e+03	 12	 999000	 120	 999000	 999	 1.938787e+03	 483.33	 566.67	 21.00	 5	 0.60	 
BMI_bf_116	 2	 15	 1073.jpg	 1.941774e+03	 24	 999000	 240	 999000	 999	 1.942792e+03	 483.33	 566.67	 47.00	 11	 0.31	 
BMI_bf_116	 2	 15	 1150.jpg	 1.943759e+03	 24	 999000	 240	 999000	 999	 1.944777e+03	 483.33	 566.67	 55.00	 18	 0.21	 
BMI_bf_116	 2	 15	 2063.jpg	 1.948765e+03	 12	 999000	 120	 999000	 999	 1.949783e+03	 483.33	 566.67	 18.00	 41	 0.67	 
BMI_bf_116	 2	 15	 1146.jpg	 1.950767e+03	 12	 999000	 120	 999000	 999	 1.951785e+03	 483.33	 566.67	 22.00	 17	 0.58	 
BMI_bf_116	 2	 15	 2128.jpg	 1.953771e+03	 24	 999000	 240	 999000	 999	 1.954788e+03	 483.33	 566.67	 41.00	 48	 0.38	 
BMI_bf_116	 2	 15	 1114.jpg	 1.956774e+03	 12	 999000	 120	 999000	 999	 1.957792e+03	 483.33	 566.67	 12.00	 13	 0.73	 
BMI_bf_116	 2	 15	 1127.jpg	 1.960762e+03	 12	 999000	 120	 999000	 999	 1.961780e+03	 483.33	 566.67	 20.00	 14	 0.63	 
BMI_bf_116	 2	 15	 2155.jpg	 1.963765e+03	 11	 7.620140e+02	 110	 4.836040e+02	 98	 1.964800e+03	 500.00	 566.67	 9.00	 51	 0.76	 
BMI_bf_116	 2	 15	 1246.jpg	 1.965767e+03	 24	 999000	 240	 999000	 999	 1.966785e+03	 500.00	 566.67	 50.00	 28	 0.29	 
BMI_bf_116	 2	 15	 1173.jpg	 1.968771e+03	 24	 999000	 240	 999000	 999	 1.969789e+03	 500.00	 566.67	 58.00	 19	 0.17	 
BMI_bf_116	 2	 15	 1210.jpg	 1.972775e+03	 24	 999000	 240	 999000	 999	 1.973793e+03	 500.00	 566.67	 53.00	 25	 0.23	 
BMI_bf_116	 2	 15	 2212.jpg	 1.975762e+03	 11	 7.244434e+02	 110	 5.002616e+02	 98	 1.976797e+03	 516.67	 566.67	 8.00	 56	 0.80	 
BMI_bf_116	 2	 15	 1080.jpg	 1.977764e+03	 22	 8.035512e+02	 220	 5.669267e+02	 98	 1.978799e+03	 516.67	 583.33	 54.00	 12	 0.23	 
BMI_bf_116	 2	 15	 1145.jpg	 1.979766e+03	 24	 999000	 240	 999000	 999	 1.980784e+03	 516.67	 583.33	 44.00	 16	 0.33	 
BMI_bf_116	 2	 15	 1192.jpg	 1.984772e+03	 24	 999000	 240	 999000	 999	 1.985790e+03	 516.67	 583.33	 56.00	 22	 0.21	 
BMI_bf_116	 2	 15	 2153.jpg	 1.988760e+03	 12	 999000	 120	 999000	 999	 1.989778e+03	 516.67	 583.33	 7.00	 50	 0.81	 
BMI_bf_116	 2	 15	 2181.jpg	 1.992764e+03	 12	 999000	 120	 999000	 999	 1.993782e+03	 516.67	 583.33	 6.00	 53	 0.82	 
BMI_bf_116	 2	 15	 1226.jpg	 1.998771e+03	 12	 999000	 120	 999000	 999	 1.999789e+03	 516.67	 583.33	 13.00	 27	 0.71	 
BMI_bf_116	 2	 15	 1052.jpg	 2.000773e+03	 24	 999000	 240	 999000	 999	 2.001791e+03	 516.67	 583.33	 45.00	 9	 0.32	 
BMI_bf_116	 2	 15	 1007.jpg	 2.002759e+03	 24	 999000	 240	 999000	 999	 2.003777e+03	 516.67	 583.33	 42.00	 1	 0.36	 
BMI_bf_116	 2	 15	 2053.jpg	 2.004761e+03	 11	 7.741035e+02	 110	 5.169082e+02	 98	 2.005797e+03	 533.33	 583.33	 11.00	 39	 0.74	 
BMI_bf_116	 2	 15	 1050.jpg	 2.006763e+03	 12	 999000	 120	 999000	 999	 2.007781e+03	 533.33	 583.33	 19.00	 8	 0.64	 
BMI_bf_116	 2	 15	 1262.jpg	 2.010768e+03	 24	 999000	 240	 999000	 999	 2.011786e+03	 533.33	 583.33	 57.00	 30	 0.19	 
BMI_bf_116	 2	 15	 2010.jpg	 2.012770e+03	 11	 8.092551e+02	 110	 5.336023e+02	 98	 2.013806e+03	 550.00	 583.33	 17.00	 32	 0.67	 
BMI_bf_116	 2	 15	 2094.jpg	 2.016775e+03	 12	 999000	 120	 999000	 999	 2.017793e+03	 550.00	 583.33	 5.00	 43	 0.84	 
BMI_bf_116	 2	 15	 2248.jpg	 2.018760e+03	 12	 999000	 120	 999000	 999	 2.019778e+03	 550.00	 583.33	 3.00	 60	 0.86	 
BMI_bf_116	 2	 15	 2118.jpg	 2.020762e+03	 11	 7.487923e+02	 110	 5.502703e+02	 98	 2.021797e+03	 566.67	 583.33	 14.00	 46	 0.70	 
BMI_bf_116	 2	 15	 1035.jpg	 2.022765e+03	 12	 999000	 120	 999000	 999	 2.023782e+03	 566.67	 583.33	 4.00	 7	 0.86	 
BMI_bf_116	 2	 15	 2043.jpg	 2.027770e+03	 22	 1.132431e+03	 2200	 5.835892e+02	 98	 2.028806e+03	 566.67	 533.33	 43.00	 37	 0.33	 
BMI_bf_116	 2	 15	 2015.jpg	 2.029773e+03	 11	 8.289019e+02	 110	 5.669258e+02	 98	 2.030807e+03	 583.33	 533.33	 16.00	 33	 0.67	 
BMI_bf_116	 2	 15	 1202.jpg	 2.031775e+03	 12	 999000	 120	 999000	 999	 2.032793e+03	 583.33	 533.33	 10.00	 23	 0.76	 
BMI_bf_116	 2	 15	 1191.jpg	 2.034761e+03	 22	 7.902300e+02	 220	 5.335884e+02	 98	 2.035797e+03	 583.33	 550.00	 49.00	 21	 0.30	 
BMI_bf_116	 2	 15	 1060.jpg	 2.041769e+03	 24	 999000	 240	 999000	 999	 2.042787e+03	 583.33	 550.00	 52.00	 10	 0.28	 
BMI_bf_116	 2	 15	 2149.jpg	 2.045774e+03	 22	 8.484350e+02	 220	 5.503567e+02	 98	 2.046810e+03	 583.33	 566.67	 51.00	 49	 0.29	 
BMI_bf_116	 2	 15	 2164.jpg	 2.052765e+03	 22	 7.874488e+02	 220	 5.669284e+02	 98	 2.053799e+03	 583.33	 583.33	 48.00	 52	 0.31	 
