subjectID	 order	 itemIndABC	 runtrial	 isOld?	 subjectAnswer	 onsettime	 Name	 resp_choice	 RT	 bidInd	 isBeep?
BMI_bf_106	 2	 34	 1	 0	 0	 1.375629e-02	 5115.jpg	 u	 2.237775e+00	 0	 0	 
BMI_bf_106	 2	 19	 2	 1	 1	 3.300770e+00	 2110.jpg	 i	 2.145926e+00	 13	 0	 
BMI_bf_106	 2	 48	 3	 0	 0	 6.504368e+00	 6111.jpg	 u	 1.293683e+00	 0	 0	 
BMI_bf_106	 2	 17	 4	 1	 1	 8.856962e+00	 2045.jpg	 i	 8.874163e-01	 16	 1	 
BMI_bf_106	 2	 20	 5	 1	 1	 1.079243e+01	 2118.jpg	 i	 7.295562e-01	 17	 1	 
BMI_bf_106	 2	 6	 6	 1	 1	 1.257783e+01	 1114.jpg	 i	 6.654449e-01	 10	 0	 
BMI_bf_106	 2	 3	 7	 1	 1	 1.429641e+01	 1050.jpg	 i	 6.232194e-01	 11	 1	 
BMI_bf_106	 2	 33	 8	 0	 0	 1.596495e+01	 5081.jpg	 u	 1.114788e+00	 0	 0	 
BMI_bf_106	 2	 22	 9	 1	 1	 1.813409e+01	 2155.jpg	 i	 8.469671e-01	 47	 0	 
BMI_bf_106	 2	 51	 10	 0	 0	 2.003630e+01	 6190.jpg	 u	 8.461037e-01	 0	 0	 
BMI_bf_106	 2	 31	 11	 0	 0	 2.193837e+01	 5049.jpg	 u	 9.241025e-01	 0	 0	 
BMI_bf_106	 2	 2	 12	 1	 1	 2.390726e+01	 1035.jpg	 i	 7.327974e-01	 14	 1	 
BMI_bf_106	 2	 49	 13	 0	 0	 2.569251e+01	 6124.jpg	 u	 2.018968e+00	 0	 0	 
BMI_bf_106	 2	 35	 14	 0	 0	 2.876268e+01	 5129.jpg	 u	 6.926323e-01	 0	 0	 
BMI_bf_106	 2	 15	 15	 1	 1	 3.049806e+01	 2024.jpg	 i	 9.148612e-01	 43	 1	 
BMI_bf_106	 2	 54	 16	 0	 0	 3.246677e+01	 6217.jpg	 u	 9.037028e-01	 0	 0	 
BMI_bf_106	 2	 27	 17	 1	 1	 3.441899e+01	 2229.jpg	 i	 8.640989e-01	 15	 0	 
BMI_bf_106	 2	 26	 18	 1	 1	 3.633772e+01	 2218.jpg	 i	 8.241738e-01	 45	 0	 
BMI_bf_106	 2	 52	 19	 0	 0	 3.820659e+01	 6201.jpg	 u	 1.385473e+00	 0	 0	 
BMI_bf_106	 2	 40	 20	 0	 0	 4.064260e+01	 5220.jpg	 u	 8.057394e-01	 0	 0	 
BMI_bf_106	 2	 36	 21	 0	 0	 4.249470e+01	 5144.jpg	 u	 1.271256e+00	 0	 0	 
BMI_bf_106	 2	 10	 22	 1	 1	 4.481407e+01	 1204.jpg	 i	 7.519924e-01	 48	 1	 
BMI_bf_106	 2	 23	 23	 1	 1	 4.661598e+01	 2164.jpg	 i	 1.110140e+00	 12	 0	 
BMI_bf_106	 2	 4	 24	 1	 1	 4.876841e+01	 1060.jpg	 i	 9.828072e-01	 55	 0	 
BMI_bf_106	 2	 43	 25	 0	 0	 5.080400e+01	 6008.jpg	 u	 8.035702e-01	 0	 0	 
BMI_bf_106	 2	 41	 26	 0	 0	 5.265604e+01	 5228.jpg	 u	 7.403259e-01	 0	 0	 
BMI_bf_106	 2	 13	 27	 1	 1	 5.444136e+01	 1262.jpg	 i	 1.385169e+00	 53	 0	 
BMI_bf_106	 2	 12	 28	 1	 1	 5.687753e+01	 1246.jpg	 i	 7.828168e-01	 50	 0	 
BMI_bf_106	 2	 56	 29	 0	 0	 5.871290e+01	 6249.jpg	 u	 7.588043e-01	 0	 0	 
BMI_bf_106	 2	 29	 30	 0	 0	 6.051489e+01	 5009.jpg	 u	 7.118808e-01	 0	 0	 
BMI_bf_106	 2	 39	 31	 0	 0	 6.228364e+01	 5207.jpg	 u	 6.194439e-01	 0	 0	 
BMI_bf_106	 2	 9	 32	 1	 1	 6.395212e+01	 1202.jpg	 i	 1.527321e+00	 8	 1	 
BMI_bf_106	 2	 18	 33	 1	 1	 6.652159e+01	 2094.jpg	 i	 7.804637e-01	 6	 0	 
BMI_bf_106	 2	 42	 34	 0	 0	 6.835707e+01	 5254.jpg	 u	 8.013000e-01	 0	 0	 
BMI_bf_106	 2	 8	 35	 1	 1	 7.020904e+01	 1150.jpg	 i	 9.856536e-01	 56	 0	 
BMI_bf_106	 2	 53	 36	 0	 0	 7.224468e+01	 6213.jpg	 u	 7.951175e-01	 0	 0	 
BMI_bf_106	 2	 14	 37	 1	 1	 7.409683e+01	 2010.jpg	 i	 1.384359e+00	 9	 1	 
BMI_bf_106	 2	 45	 38	 0	 0	 7.653282e+01	 6036.jpg	 u	 9.172360e-01	 0	 0	 
BMI_bf_106	 2	 21	 39	 1	 1	 7.850177e+01	 2153.jpg	 i	 1.547097e+00	 18	 0	 
BMI_bf_106	 2	 38	 40	 0	 0	 8.110473e+01	 5182.jpg	 u	 9.129734e-01	 0	 0	 
BMI_bf_106	 2	 1	 41	 1	 1	 8.307351e+01	 1027.jpg	 i	 1.228052e+00	 54	 1	 
BMI_bf_106	 2	 24	 42	 1	 1	 8.534272e+01	 2181.jpg	 i	 8.039622e-01	 49	 1	 
BMI_bf_106	 2	 7	 43	 1	 1	 8.719474e+01	 1145.jpg	 i	 9.094729e-01	 44	 0	 
BMI_bf_106	 2	 32	 44	 0	 0	 8.914694e+01	 5057.jpg	 u	 8.361237e-01	 0	 0	 
BMI_bf_106	 2	 44	 45	 0	 0	 9.103251e+01	 6016.jpg	 u	 8.406564e-01	 0	 0	 
BMI_bf_106	 2	 5	 46	 1	 1	 9.291793e+01	 1073.jpg	 i	 9.015743e-01	 5	 0	 
BMI_bf_106	 2	 16	 47	 1	 1	 9.487024e+01	 2039.jpg	 i	 7.268535e-01	 7	 0	 
BMI_bf_106	 2	 25	 48	 1	 1	 9.663883e+01	 2194.jpg	 i	 7.583153e-01	 52	 0	 
BMI_bf_106	 2	 50	 49	 0	 0	 9.844078e+01	 6154.jpg	 u	 1.026472e+00	 0	 0	 
BMI_bf_106	 2	 30	 50	 0	 0	 1.005098e+02	 5028.jpg	 u	 7.013185e-01	 0	 0	 
BMI_bf_106	 2	 55	 51	 0	 0	 1.022618e+02	 6221.jpg	 u	 1.469444e+00	 0	 0	 
BMI_bf_106	 2	 28	 52	 1	 1	 1.047812e+02	 2240.jpg	 i	 9.750727e-01	 51	 1	 
BMI_bf_106	 2	 11	 53	 1	 1	 1.068001e+02	 1226.jpg	 i	 6.887495e-01	 46	 1	 
BMI_bf_106	 2	 46	 54	 0	 0	 1.085355e+02	 6042.jpg	 u	 7.535094e-01	 0	 0	 
BMI_bf_106	 2	 47	 55	 0	 0	 1.103375e+02	 6054.jpg	 u	 6.390728e-01	 0	 0	 
BMI_bf_106	 2	 37	 56	 0	 0	 1.120227e+02	 5152.jpg	 u	 5.851383e-01	 0	 0	 
