subjectID	 order	 runNum	 itemName	 onsetTime	 shuff_trialType	 RT	 respInTime	 AudioTime	 response	 fixationTime	 ladder1	 ladder2	 bidIndex	 itemNameIndex	 bidValue	 
BMI_bf_110	 2	 6	 2015.jpg	 7.511135e+02	 12	 999000	 120	 999000	 999	 7.521314e+02	 650.00	 650.00	 15.00	 33	 0.72	 
BMI_bf_110	 2	 6	 1017.jpg	 7.541169e+02	 12	 999000	 120	 999000	 999	 7.551360e+02	 650.00	 650.00	 6.00	 3	 0.78	 
BMI_bf_110	 2	 6	 1204.jpg	 7.561026e+02	 22	 9.051487e+02	 220	 6.504050e+02	 98	 7.571372e+02	 650.00	 666.67	 54.00	 24	 0.25	 
BMI_bf_110	 2	 6	 2125.jpg	 7.581047e+02	 24	 999000	 240	 999000	 999	 7.591229e+02	 650.00	 666.67	 58.00	 47	 0.18	 
BMI_bf_110	 2	 6	 2209.jpg	 7.601069e+02	 11	 8.947559e+02	 110	 6.502969e+02	 98	 7.611430e+02	 666.67	 666.67	 8.00	 55	 0.78	 
BMI_bf_110	 2	 6	 2058.jpg	 7.631103e+02	 24	 999000	 240	 999000	 999	 7.641284e+02	 666.67	 666.67	 39.00	 40	 0.38	 
BMI_bf_110	 2	 6	 2024.jpg	 7.651125e+02	 24	 999000	 240	 999000	 999	 7.661306e+02	 666.67	 666.67	 47.00	 34	 0.32	 
BMI_bf_110	 2	 6	 2039.jpg	 7.691170e+02	 24	 999000	 240	 999000	 999	 7.701351e+02	 666.67	 666.67	 50.00	 35	 0.29	 
BMI_bf_110	 2	 6	 1202.jpg	 7.711026e+02	 24	 999000	 240	 999000	 999	 7.721204e+02	 666.67	 666.67	 41.00	 23	 0.36	 
BMI_bf_110	 2	 6	 1050.jpg	 7.761083e+02	 12	 999000	 120	 999000	 999	 7.771272e+02	 666.67	 666.67	 13.00	 8	 0.73	 
BMI_bf_110	 2	 6	 1080.jpg	 7.781105e+02	 22	 9.483182e+02	 220	 6.669513e+02	 98	 7.791459e+02	 666.67	 683.33	 49.00	 12	 0.29	 
BMI_bf_110	 2	 6	 2128.jpg	 7.821150e+02	 24	 999000	 240	 999000	 999	 7.831331e+02	 666.67	 683.33	 45.00	 48	 0.34	 
BMI_bf_110	 2	 6	 1130.jpg	 7.841172e+02	 11	 9.381127e+02	 110	 6.669479e+02	 98	 7.851521e+02	 683.33	 683.33	 17.00	 15	 0.66	 
BMI_bf_110	 2	 6	 1146.jpg	 7.871039e+02	 12	 999000	 120	 999000	 999	 7.881217e+02	 683.33	 683.33	 18.00	 17	 0.65	 
BMI_bf_110	 2	 6	 2043.jpg	 7.921096e+02	 24	 999000	 240	 999000	 999	 7.931272e+02	 683.33	 683.33	 57.00	 37	 0.23	 
BMI_bf_110	 2	 6	 2229.jpg	 7.941117e+02	 12	 999000	 120	 999000	 999	 7.951299e+02	 683.33	 683.33	 20.00	 58	 0.64	 
BMI_bf_110	 2	 6	 1262.jpg	 7.961140e+02	 24	 999000	 240	 999000	 999	 7.971327e+02	 683.33	 683.33	 44.00	 30	 0.34	 
BMI_bf_110	 2	 6	 1210.jpg	 8.001014e+02	 12	 999000	 120	 999000	 999	 8.011195e+02	 683.33	 683.33	 22.00	 25	 0.59	 
BMI_bf_110	 2	 6	 2181.jpg	 8.041063e+02	 11	 5.924618e+02	 11	 6.835349e+02	 98	 8.051429e+02	 700.00	 683.33	 9.00	 53	 0.77	 
BMI_bf_110	 2	 6	 2194.jpg	 8.081107e+02	 22	 1.043270e+03	 2200	 6.836089e+02	 98	 8.091460e+02	 700.00	 633.33	 48.00	 54	 0.29	 
BMI_bf_110	 2	 6	 2089.jpg	 8.101130e+02	 11	 1.133573e+03	 1100	 7.003023e+02	 98	 8.111485e+02	 650.00	 633.33	 16.00	 42	 0.68	 
BMI_bf_110	 2	 6	 2248.jpg	 8.121152e+02	 11	 9.763811e+02	 110	 6.502967e+02	 98	 8.131497e+02	 666.67	 633.33	 14.00	 60	 0.73	 
BMI_bf_110	 2	 6	 2118.jpg	 8.141174e+02	 12	 999000	 120	 999000	 999	 8.151356e+02	 666.67	 633.33	 3.00	 46	 0.80	 
BMI_bf_110	 2	 6	 2155.jpg	 8.161029e+02	 24	 999000	 240	 999000	 999	 8.171207e+02	 666.67	 633.33	 56.00	 51	 0.24	 
BMI_bf_110	 2	 6	 1255.jpg	 8.221096e+02	 24	 999000	 240	 999000	 999	 8.231279e+02	 666.67	 633.33	 40.00	 29	 0.36	 
BMI_bf_110	 2	 6	 1246.jpg	 8.251132e+02	 24	 999000	 240	 999000	 999	 8.261321e+02	 666.67	 633.33	 55.00	 28	 0.25	 
BMI_bf_110	 2	 6	 2094.jpg	 8.271154e+02	 22	 1.018221e+03	 2200	 6.336184e+02	 98	 8.281524e+02	 666.67	 583.33	 51.00	 43	 0.28	 
BMI_bf_110	 2	 6	 1191.jpg	 8.291176e+02	 22	 9.397743e+02	 220	 5.836269e+02	 98	 8.301534e+02	 666.67	 600.00	 43.00	 21	 0.34	 
BMI_bf_110	 2	 6	 1173.jpg	 8.321043e+02	 24	 999000	 240	 999000	 999	 8.331220e+02	 666.67	 600.00	 42.00	 19	 0.36	 
BMI_bf_110	 2	 6	 1060.jpg	 8.341066e+02	 22	 9.572397e+02	 220	 6.002703e+02	 98	 8.351427e+02	 666.67	 616.67	 46.00	 10	 0.33	 
BMI_bf_110	 2	 6	 2218.jpg	 8.361087e+02	 12	 999000	 120	 999000	 999	 8.371274e+02	 666.67	 616.67	 5.00	 57	 0.79	 
BMI_bf_110	 2	 6	 1226.jpg	 8.381110e+02	 24	 999000	 240	 999000	 999	 8.391287e+02	 666.67	 616.67	 53.00	 27	 0.27	 
BMI_bf_110	 2	 6	 2006.jpg	 8.411143e+02	 12	 999000	 120	 999000	 999	 8.421321e+02	 666.67	 616.67	 4.00	 31	 0.79	 
BMI_bf_110	 2	 6	 1216.jpg	 8.431166e+02	 12	 999000	 120	 999000	 999	 8.441344e+02	 666.67	 616.67	 21.00	 26	 0.60	 
BMI_bf_110	 2	 6	 2149.jpg	 8.451023e+02	 24	 999000	 240	 999000	 999	 8.461207e+02	 666.67	 616.67	 52.00	 49	 0.27	 
BMI_bf_110	 2	 6	 1114.jpg	 8.471044e+02	 12	 999000	 120	 999000	 999	 8.481225e+02	 666.67	 616.67	 19.00	 13	 0.64	 
BMI_bf_110	 2	 6	 2010.jpg	 8.491066e+02	 12	 999000	 120	 999000	 999	 8.501244e+02	 666.67	 616.67	 10.00	 32	 0.77	 
BMI_bf_110	 2	 6	 2164.jpg	 8.551133e+02	 11	 9.889764e+02	 110	 6.669456e+02	 98	 8.561494e+02	 683.33	 616.67	 11.00	 52	 0.76	 
BMI_bf_110	 2	 6	 2153.jpg	 8.581168e+02	 12	 999000	 120	 999000	 999	 8.591348e+02	 683.33	 616.67	 12.00	 50	 0.74	 
BMI_bf_110	 2	 6	 2112.jpg	 8.621045e+02	 12	 999000	 120	 999000	 999	 8.631223e+02	 683.33	 616.67	 7.00	 45	 0.78	 
