subjectID	 order	 runNum	 itemName	 onsetTime	 shuff_trialType	 RT	 respInTime	 AudioTime	 response	 fixationTime	 ladder1	 ladder2	 bidIndex	 itemNameIndex	 bidValue	 
BMI_bf_112	 2	 19	 2155.jpg	 2.306795e+03	 22	 9.518700e+02	 220	 7.503233e+02	 98	 2.307832e+03	 883.33	 766.67	 46.00	 51	 0.28	 
BMI_bf_112	 2	 19	 1017.jpg	 2.311800e+03	 12	 999000	 120	 999000	 999	 2.312818e+03	 883.33	 766.67	 18.00	 3	 0.64	 
BMI_bf_112	 2	 19	 1255.jpg	 2.313803e+03	 24	 999000	 240	 999000	 999	 2.314820e+03	 883.33	 766.67	 40.00	 29	 0.39	 
BMI_bf_112	 2	 19	 2128.jpg	 2.315805e+03	 24	 999000	 240	 999000	 999	 2.316823e+03	 883.33	 766.67	 57.00	 48	 0.13	 
BMI_bf_112	 2	 19	 1130.jpg	 2.321795e+03	 11	 7.685733e+02	 11	 8.835586e+02	 98	 2.322829e+03	 900.00	 766.67	 17.00	 15	 0.65	 
BMI_bf_112	 2	 19	 1262.jpg	 2.323797e+03	 24	 999000	 240	 999000	 999	 2.324815e+03	 900.00	 766.67	 50.00	 30	 0.25	 
BMI_bf_112	 2	 19	 2212.jpg	 2.326801e+03	 12	 999000	 120	 999000	 999	 2.327818e+03	 900.00	 766.67	 12.00	 56	 0.78	 
BMI_bf_112	 2	 19	 2024.jpg	 2.328803e+03	 12	 999000	 120	 999000	 999	 2.329821e+03	 900.00	 766.67	 19.00	 34	 0.64	 
BMI_bf_112	 2	 19	 1080.jpg	 2.332790e+03	 24	 999000	 240	 999000	 999	 2.333808e+03	 900.00	 766.67	 58.00	 12	 0.13	 
BMI_bf_112	 2	 19	 1246.jpg	 2.334793e+03	 24	 999000	 240	 999000	 999	 2.335811e+03	 900.00	 766.67	 52.00	 28	 0.21	 
BMI_bf_112	 2	 19	 2229.jpg	 2.339798e+03	 22	 8.446311e+02	 220	 7.669729e+02	 98	 2.340834e+03	 900.00	 783.33	 54.00	 58	 0.19	 
BMI_bf_112	 2	 19	 1007.jpg	 2.346806e+03	 12	 999000	 120	 999000	 999	 2.347824e+03	 900.00	 783.33	 5.00	 1	 0.80	 
BMI_bf_112	 2	 19	 1192.jpg	 2.348792e+03	 22	 7.841182e+02	 220	 7.835845e+02	 98	 2.349827e+03	 900.00	 800.00	 49.00	 22	 0.25	 
BMI_bf_112	 2	 19	 2006.jpg	 2.351795e+03	 11	 7.171211e+02	 11	 9.002351e+02	 98	 2.352831e+03	 916.67	 800.00	 16.00	 31	 0.66	 
BMI_bf_112	 2	 19	 2248.jpg	 2.354799e+03	 22	 7.063775e+02	 22	 8.002088e+02	 98	 2.355833e+03	 916.67	 816.67	 51.00	 60	 0.24	 
BMI_bf_112	 2	 19	 2041.jpg	 2.358803e+03	 11	 5.834415e+02	 11	 9.169521e+02	 98	 2.359838e+03	 916.67	 816.67	 9.00	 36	 0.79	 
BMI_bf_112	 2	 19	 1145.jpg	 2.362791e+03	 24	 999000	 240	 999000	 999	 2.363809e+03	 916.67	 816.67	 41.00	 16	 0.35	 
BMI_bf_112	 2	 19	 2149.jpg	 2.366795e+03	 24	 999000	 240	 999000	 999	 2.367813e+03	 916.67	 816.67	 53.00	 49	 0.21	 
BMI_bf_112	 2	 19	 2118.jpg	 2.369799e+03	 12	 999000	 120	 999000	 999	 2.370817e+03	 916.67	 816.67	 15.00	 46	 0.67	 
BMI_bf_112	 2	 19	 2194.jpg	 2.375806e+03	 24	 999000	 240	 999000	 999	 2.376824e+03	 916.67	 816.67	 45.00	 54	 0.28	 
BMI_bf_112	 2	 19	 2181.jpg	 2.377791e+03	 24	 999000	 240	 999000	 999	 2.378809e+03	 916.67	 816.67	 42.00	 53	 0.34	 
BMI_bf_112	 2	 19	 1019.jpg	 2.380795e+03	 24	 999000	 240	 999000	 999	 2.381812e+03	 916.67	 816.67	 39.00	 4	 0.42	 
BMI_bf_112	 2	 19	 2045.jpg	 2.382797e+03	 24	 999000	 240	 999000	 999	 2.383815e+03	 916.67	 816.67	 56.00	 38	 0.15	 
BMI_bf_112	 2	 19	 1060.jpg	 2.384799e+03	 12	 999000	 120	 999000	 999	 2.385817e+03	 916.67	 816.67	 22.00	 10	 0.59	 
BMI_bf_112	 2	 19	 2164.jpg	 2.386801e+03	 12	 999000	 120	 999000	 999	 2.387821e+03	 916.67	 816.67	 6.00	 52	 0.80	 
BMI_bf_112	 2	 19	 1183.jpg	 2.389805e+03	 12	 999000	 120	 999000	 999	 2.390822e+03	 916.67	 816.67	 10.00	 20	 0.79	 
BMI_bf_112	 2	 19	 2240.jpg	 2.393792e+03	 24	 999000	 240	 999000	 999	 2.394810e+03	 916.67	 816.67	 44.00	 59	 0.28	 
BMI_bf_112	 2	 19	 1073.jpg	 2.395795e+03	 12	 999000	 120	 999000	 999	 2.396812e+03	 916.67	 816.67	 21.00	 11	 0.59	 
BMI_bf_112	 2	 19	 2094.jpg	 2.397797e+03	 11	 8.990087e+02	 11	 9.168851e+02	 98	 2.399066e+03	 916.67	 816.67	 14.00	 43	 0.75	 
BMI_bf_112	 2	 19	 1127.jpg	 2.399799e+03	 22	 1.056741e+03	 2200	 8.169813e+02	 98	 2.400836e+03	 916.67	 766.67	 48.00	 14	 0.25	 
BMI_bf_112	 2	 19	 2089.jpg	 2.401801e+03	 11	 1.135946e+03	 1100	 9.169765e+02	 98	 2.402836e+03	 866.67	 766.67	 11.00	 42	 0.79	 
BMI_bf_112	 2	 19	 2039.jpg	 2.403804e+03	 12	 999000	 120	 999000	 999	 2.404824e+03	 866.67	 766.67	 7.00	 35	 0.80	 
BMI_bf_112	 2	 19	 2010.jpg	 2.407792e+03	 12	 999000	 120	 999000	 999	 2.408809e+03	 866.67	 766.67	 13.00	 32	 0.78	 
BMI_bf_112	 2	 19	 1052.jpg	 2.411796e+03	 24	 999000	 240	 999000	 999	 2.412814e+03	 866.67	 766.67	 55.00	 9	 0.19	 
BMI_bf_112	 2	 19	 2058.jpg	 2.413798e+03	 24	 999000	 240	 999000	 999	 2.414816e+03	 866.67	 766.67	 47.00	 40	 0.28	 
BMI_bf_112	 2	 19	 2053.jpg	 2.415800e+03	 12	 999000	 120	 999000	 999	 2.416818e+03	 866.67	 766.67	 4.00	 39	 0.85	 
BMI_bf_112	 2	 19	 2209.jpg	 2.417803e+03	 12	 999000	 120	 999000	 999	 2.418821e+03	 866.67	 766.67	 20.00	 55	 0.64	 
BMI_bf_112	 2	 19	 2043.jpg	 2.419805e+03	 12	 999000	 120	 999000	 999	 2.420822e+03	 866.67	 766.67	 3.00	 37	 0.86	 
BMI_bf_112	 2	 19	 1031.jpg	 2.425795e+03	 11	 1.094770e+03	 1100	 8.670514e+02	 98	 2.426830e+03	 816.67	 766.67	 8.00	 6	 0.80	 
BMI_bf_112	 2	 19	 1226.jpg	 2.427797e+03	 22	 1.027537e+03	 2200	 7.670289e+02	 98	 2.428850e+03	 816.67	 716.67	 43.00	 27	 0.29	 
