subjectID	 order	 runNum	 itemName	 onsetTime	 shuff_trialType	 RT	 respInTime	 AudioTime	 response	 fixationTime	 ladder1	 ladder2	 bidIndex	 itemNameIndex	 bidValue	 
BMI_bf_126	 2	 17	 1145.jpg	 2.016496e+03	 24	 999000	 240	 999000	 999	 2.017514e+03	 683.33	 683.33	 45.00	 16	 0.29	 
BMI_bf_126	 2	 17	 1052.jpg	 2.021501e+03	 12	 999000	 120	 999000	 999	 2.022519e+03	 683.33	 683.33	 20.00	 9	 0.59	 
BMI_bf_126	 2	 17	 2125.jpg	 2.023504e+03	 12	 999000	 120	 999000	 999	 2.024522e+03	 683.33	 683.33	 7.00	 47	 0.83	 
BMI_bf_126	 2	 17	 2128.jpg	 2.025489e+03	 24	 999000	 240	 999000	 999	 2.026507e+03	 683.33	 683.33	 40.00	 48	 0.40	 
BMI_bf_126	 2	 17	 1173.jpg	 2.031496e+03	 12	 999000	 120	 999000	 999	 2.032514e+03	 683.33	 683.33	 22.00	 19	 0.56	 
BMI_bf_126	 2	 17	 1007.jpg	 2.033498e+03	 24	 999000	 240	 999000	 999	 2.034516e+03	 683.33	 683.33	 41.00	 1	 0.39	 
BMI_bf_126	 2	 17	 2094.jpg	 2.036501e+03	 12	 999000	 120	 999000	 999	 2.037520e+03	 683.33	 683.33	 3.00	 43	 0.89	 
BMI_bf_126	 2	 17	 2212.jpg	 2.038504e+03	 12	 999000	 120	 999000	 999	 2.039523e+03	 683.33	 683.33	 10.00	 56	 0.76	 
BMI_bf_126	 2	 17	 2006.jpg	 2.042492e+03	 11	 999000	 1	 6.836103e+02	 999	 2.043527e+03	 633.33	 683.33	 16.00	 31	 0.64	 
BMI_bf_126	 2	 17	 2248.jpg	 2.044494e+03	 24	 999000	 240	 999000	 999	 2.045513e+03	 633.33	 683.33	 50.00	 60	 0.26	 
BMI_bf_126	 2	 17	 1183.jpg	 2.049499e+03	 12	 999000	 120	 999000	 999	 2.050519e+03	 633.33	 683.33	 15.00	 20	 0.66	 
BMI_bf_126	 2	 17	 2194.jpg	 2.056491e+03	 24	 999000	 240	 999000	 999	 2.057510e+03	 633.33	 683.33	 58.00	 54	 0.15	 
BMI_bf_126	 2	 17	 2041.jpg	 2.058493e+03	 11	 8.648746e+02	 110	 6.336304e+02	 98	 2.059529e+03	 650.00	 683.33	 11.00	 36	 0.72	 
BMI_bf_126	 2	 17	 2153.jpg	 2.061496e+03	 12	 999000	 120	 999000	 999	 2.062514e+03	 650.00	 683.33	 6.00	 50	 0.85	 
BMI_bf_126	 2	 17	 2110.jpg	 2.064500e+03	 22	 1.034564e+03	 2200	 6.837362e+02	 98	 2.065535e+03	 650.00	 633.33	 48.00	 44	 0.28	 
BMI_bf_126	 2	 17	 1060.jpg	 2.068504e+03	 24	 999000	 240	 999000	 999	 2.069524e+03	 650.00	 633.33	 56.00	 10	 0.19	 
BMI_bf_126	 2	 17	 1035.jpg	 2.072492e+03	 11	 8.837826e+02	 110	 6.503145e+02	 98	 2.073528e+03	 666.67	 633.33	 14.00	 7	 0.69	 
BMI_bf_126	 2	 17	 2229.jpg	 2.076496e+03	 11	 9.295102e+02	 110	 6.669270e+02	 98	 2.077532e+03	 683.33	 633.33	 17.00	 58	 0.61	 
BMI_bf_126	 2	 17	 1202.jpg	 2.079500e+03	 12	 999000	 120	 999000	 999	 2.080518e+03	 683.33	 633.33	 21.00	 23	 0.57	 
BMI_bf_126	 2	 17	 2015.jpg	 2.085489e+03	 24	 999000	 240	 999000	 999	 2.086508e+03	 683.33	 633.33	 39.00	 33	 0.41	 
BMI_bf_126	 2	 17	 1204.jpg	 2.087492e+03	 22	 9.143708e+02	 220	 6.335759e+02	 98	 2.088528e+03	 683.33	 650.00	 51.00	 24	 0.25	 
BMI_bf_126	 2	 17	 1246.jpg	 2.090495e+03	 24	 999000	 240	 999000	 999	 2.091513e+03	 683.33	 650.00	 55.00	 28	 0.19	 
BMI_bf_126	 2	 17	 1150.jpg	 2.092498e+03	 24	 999000	 240	 999000	 999	 2.093515e+03	 683.33	 650.00	 44.00	 18	 0.30	 
BMI_bf_126	 2	 17	 1262.jpg	 2.094500e+03	 24	 999000	 240	 999000	 999	 2.095518e+03	 683.33	 650.00	 47.00	 30	 0.28	 
BMI_bf_126	 2	 17	 2181.jpg	 2.096502e+03	 12	 999000	 120	 999000	 999	 2.097520e+03	 683.33	 650.00	 13.00	 53	 0.70	 
BMI_bf_126	 2	 17	 1019.jpg	 2.099489e+03	 22	 9.333110e+02	 220	 6.502487e+02	 98	 2.100524e+03	 683.33	 666.67	 49.00	 4	 0.26	 
BMI_bf_126	 2	 17	 2024.jpg	 2.103493e+03	 24	 999000	 240	 999000	 999	 2.104511e+03	 683.33	 666.67	 42.00	 34	 0.36	 
BMI_bf_126	 2	 17	 2053.jpg	 2.105496e+03	 12	 999000	 120	 999000	 999	 2.106514e+03	 683.33	 666.67	 5.00	 39	 0.87	 
BMI_bf_126	 2	 17	 2089.jpg	 2.107498e+03	 12	 999000	 120	 999000	 999	 2.108516e+03	 683.33	 666.67	 4.00	 42	 0.89	 
BMI_bf_126	 2	 17	 1255.jpg	 2.109500e+03	 12	 999000	 120	 999000	 999	 2.110518e+03	 683.33	 666.67	 18.00	 29	 0.60	 
BMI_bf_126	 2	 17	 2240.jpg	 2.111502e+03	 12	 999000	 120	 999000	 999	 2.112520e+03	 683.33	 666.67	 12.00	 59	 0.70	 
BMI_bf_126	 2	 17	 2058.jpg	 2.113505e+03	 24	 999000	 240	 999000	 999	 2.114523e+03	 683.33	 666.67	 57.00	 40	 0.17	 
BMI_bf_126	 2	 17	 1192.jpg	 2.117492e+03	 22	 9.530257e+02	 220	 6.669167e+02	 98	 2.118527e+03	 683.33	 683.33	 54.00	 22	 0.22	 
BMI_bf_126	 2	 17	 1027.jpg	 2.121497e+03	 24	 999000	 240	 999000	 999	 2.122515e+03	 683.33	 683.33	 53.00	 5	 0.23	 
BMI_bf_126	 2	 17	 1114.jpg	 2.123499e+03	 12	 999000	 120	 999000	 999	 2.124517e+03	 683.33	 683.33	 19.00	 13	 0.60	 
BMI_bf_126	 2	 17	 2164.jpg	 2.125501e+03	 24	 999000	 240	 999000	 999	 2.126519e+03	 683.33	 683.33	 52.00	 52	 0.23	 
BMI_bf_126	 2	 17	 2010.jpg	 2.127504e+03	 11	 9.660156e+02	 110	 6.838186e+02	 98	 2.128538e+03	 700.00	 683.33	 9.00	 32	 0.82	 
BMI_bf_126	 2	 17	 1073.jpg	 2.129489e+03	 22	 9.496176e+02	 220	 6.836156e+02	 98	 2.130524e+03	 700.00	 700.00	 43.00	 11	 0.33	 
BMI_bf_126	 2	 17	 1017.jpg	 2.135496e+03	 11	 1.018096e+03	 1100	 7.002603e+02	 98	 2.136531e+03	 650.00	 700.00	 8.00	 3	 0.82	 
BMI_bf_126	 2	 17	 1127.jpg	 2.137498e+03	 22	 9.282554e+02	 220	 7.002109e+02	 98	 2.138533e+03	 650.00	 716.67	 46.00	 14	 0.28	 
