subjectID	 order	 runNum	 itemName	 onsetTime	 shuff_trialType	 RT	 respInTime	 AudioTime	 response	 fixationTime	 ladder1	 ladder2	 bidIndex	 itemNameIndex	 bidValue	 
BMI_bf_105	 1	 8	 1013.jpg	 9.205790e+02	 24	 999000	 240	 999000	 999	 9.215969e+02	 650.00	 650.00	 49.00	 2	 0.28	 
BMI_bf_105	 1	 8	 1114.jpg	 9.225813e+02	 24	 999000	 240	 999000	 999	 9.235994e+02	 650.00	 650.00	 46.00	 13	 0.29	 
BMI_bf_105	 1	 8	 2240.jpg	 9.265858e+02	 11	 9.694147e+02	 110	 6.503177e+02	 98	 9.276221e+02	 666.67	 650.00	 10.00	 59	 0.78	 
BMI_bf_105	 1	 8	 1192.jpg	 9.295725e+02	 24	 999000	 240	 999000	 999	 9.305903e+02	 666.67	 650.00	 54.00	 22	 0.17	 
BMI_bf_105	 1	 8	 2125.jpg	 9.315748e+02	 12	 999000	 120	 999000	 999	 9.325938e+02	 666.67	 650.00	 4.00	 47	 0.90	 
BMI_bf_105	 1	 8	 2212.jpg	 9.345781e+02	 12	 999000	 120	 999000	 999	 9.355972e+02	 666.67	 650.00	 9.00	 56	 0.78	 
BMI_bf_105	 1	 8	 1073.jpg	 9.385827e+02	 24	 999000	 240	 999000	 999	 9.396004e+02	 666.67	 650.00	 57.00	 11	 0.13	 
BMI_bf_105	 1	 8	 2209.jpg	 9.425702e+02	 12	 999000	 120	 999000	 999	 9.435893e+02	 666.67	 650.00	 14.00	 55	 0.71	 
BMI_bf_105	 1	 8	 2063.jpg	 9.445726e+02	 12	 999000	 120	 999000	 999	 9.455912e+02	 666.67	 650.00	 6.00	 41	 0.86	 
BMI_bf_105	 1	 8	 2053.jpg	 9.495782e+02	 12	 999000	 120	 999000	 999	 9.505973e+02	 666.67	 650.00	 19.00	 39	 0.66	 
BMI_bf_105	 1	 8	 2229.jpg	 9.515805e+02	 12	 999000	 120	 999000	 999	 9.525996e+02	 666.67	 650.00	 16.00	 58	 0.69	 
BMI_bf_105	 1	 8	 2149.jpg	 9.535828e+02	 11	 1.029897e+03	 1100	 6.669526e+02	 98	 9.546175e+02	 616.67	 650.00	 18.00	 49	 0.67	 
BMI_bf_105	 1	 8	 1183.jpg	 9.595727e+02	 24	 999000	 240	 999000	 999	 9.605905e+02	 616.67	 650.00	 39.00	 20	 0.40	 
BMI_bf_105	 1	 8	 2164.jpg	 9.615749e+02	 11	 9.693442e+02	 110	 6.169399e+02	 98	 9.626112e+02	 633.33	 650.00	 7.00	 52	 0.86	 
BMI_bf_105	 1	 8	 1246.jpg	 9.635773e+02	 24	 1.082129e+03	 24	 999000	 98	 9.645954e+02	 633.33	 650.00	 42.00	 28	 0.31	 
BMI_bf_105	 1	 8	 1019.jpg	 9.655795e+02	 24	 999000	 240	 999000	 999	 9.665990e+02	 633.33	 650.00	 41.00	 4	 0.32	 
BMI_bf_105	 1	 8	 1150.jpg	 9.695839e+02	 22	 9.707233e+02	 220	 6.502939e+02	 98	 9.706194e+02	 633.33	 666.67	 53.00	 18	 0.19	 
BMI_bf_105	 1	 8	 2128.jpg	 9.735718e+02	 12	 999000	 120	 999000	 999	 9.745905e+02	 633.33	 666.67	 20.00	 48	 0.63	 
BMI_bf_105	 1	 8	 1262.jpg	 9.765752e+02	 22	 1.044833e+03	 2200	 6.669352e+02	 98	 9.776104e+02	 633.33	 616.67	 52.00	 30	 0.20	 
BMI_bf_105	 1	 8	 2218.jpg	 9.805797e+02	 12	 999000	 120	 999000	 999	 9.815973e+02	 633.33	 616.67	 3.00	 57	 0.91	 
BMI_bf_105	 1	 8	 2043.jpg	 9.835830e+02	 11	 9.785043e+02	 110	 6.336174e+02	 98	 9.846194e+02	 650.00	 616.67	 13.00	 37	 0.73	 
BMI_bf_105	 1	 8	 1027.jpg	 9.855853e+02	 24	 999000	 240	 999000	 999	 9.866047e+02	 650.00	 616.67	 56.00	 5	 0.16	 
BMI_bf_105	 1	 8	 2248.jpg	 9.895731e+02	 12	 999000	 120	 999000	 999	 9.905920e+02	 650.00	 616.67	 5.00	 60	 0.86	 
BMI_bf_105	 1	 8	 2015.jpg	 9.915752e+02	 12	 999000	 120	 999000	 999	 9.925931e+02	 650.00	 616.67	 22.00	 33	 0.62	 
BMI_bf_105	 1	 8	 1191.jpg	 9.935775e+02	 24	 999000	 240	 999000	 999	 9.945954e+02	 650.00	 616.67	 58.00	 21	 0.13	 
BMI_bf_105	 1	 8	 2181.jpg	 9.975820e+02	 12	 999000	 120	 999000	 999	 9.986017e+02	 650.00	 616.67	 11.00	 53	 0.74	 
BMI_bf_105	 1	 8	 2006.jpg	 9.995842e+02	 11	 1.121875e+03	 1100	 6.502705e+02	 98	 1.000619e+03	 600.00	 616.67	 12.00	 31	 0.74	 
BMI_bf_105	 1	 8	 1173.jpg	 1.003572e+03	 24	 999000	 240	 999000	 999	 1.004592e+03	 600.00	 616.67	 51.00	 19	 0.21	 
BMI_bf_105	 1	 8	 1202.jpg	 1.007577e+03	 22	 9.486674e+02	 220	 6.170578e+02	 98	 1.008613e+03	 600.00	 633.33	 47.00	 23	 0.29	 
BMI_bf_105	 1	 8	 1204.jpg	 1.010580e+03	 22	 9.603646e+02	 220	 6.336118e+02	 98	 1.011616e+03	 600.00	 650.00	 50.00	 24	 0.22	 
BMI_bf_105	 1	 8	 1017.jpg	 1.016570e+03	 22	 1.000972e+03	 2200	 6.502731e+02	 98	 1.017606e+03	 600.00	 600.00	 45.00	 3	 0.30	 
BMI_bf_105	 1	 8	 2010.jpg	 1.018572e+03	 12	 999000	 120	 999000	 999	 1.019592e+03	 600.00	 600.00	 8.00	 32	 0.82	 
BMI_bf_105	 1	 8	 2194.jpg	 1.022577e+03	 24	 999000	 240	 999000	 999	 1.023595e+03	 600.00	 600.00	 48.00	 54	 0.28	 
BMI_bf_105	 1	 8	 2112.jpg	 1.024579e+03	 12	 999000	 120	 999000	 999	 1.025597e+03	 600.00	 600.00	 17.00	 45	 0.67	 
BMI_bf_105	 1	 8	 1210.jpg	 1.026581e+03	 22	 9.799021e+02	 220	 6.002786e+02	 98	 1.027617e+03	 600.00	 616.67	 44.00	 25	 0.30	 
BMI_bf_105	 1	 8	 1130.jpg	 1.028583e+03	 24	 999000	 240	 999000	 999	 1.029601e+03	 600.00	 616.67	 40.00	 15	 0.37	 
BMI_bf_105	 1	 8	 2045.jpg	 1.033572e+03	 11	 9.639294e+02	 110	 6.002838e+02	 98	 1.034609e+03	 616.67	 616.67	 15.00	 38	 0.71	 
BMI_bf_105	 1	 8	 2041.jpg	 1.035575e+03	 12	 999000	 120	 999000	 999	 1.036592e+03	 616.67	 616.67	 21.00	 36	 0.62	 
BMI_bf_105	 1	 8	 2110.jpg	 1.037577e+03	 24	 999000	 240	 999000	 999	 1.038595e+03	 616.67	 616.67	 55.00	 44	 0.16	 
BMI_bf_105	 1	 8	 1052.jpg	 1.040580e+03	 24	 999000	 240	 999000	 999	 1.041599e+03	 616.67	 616.67	 43.00	 9	 0.31	 
