subjectID	 order	 runNum	 itemName	 onsetTime	 shuff_trialType	 RT	 respInTime	 AudioTime	 response	 fixationTime	 ladder1	 ladder2	 bidIndex	 itemNameIndex	 bidValue	 
BMI_bf_104	 2	 19	 1052.jpg	 2.534673e+03	 11	 999000	 1	 6.836827e+02	 999	 2.535708e+03	 633.33	 550.00	 14.00	 9	 0.64	 
BMI_bf_104	 2	 19	 2153.jpg	 2.539678e+03	 12	 999000	 120	 999000	 999	 2.540697e+03	 633.33	 550.00	 12.00	 50	 0.67	 
BMI_bf_104	 2	 19	 1060.jpg	 2.541681e+03	 12	 999000	 120	 999000	 999	 2.542698e+03	 633.33	 550.00	 18.00	 10	 0.64	 
BMI_bf_104	 2	 19	 1019.jpg	 2.543666e+03	 12	 999000	 120	 999000	 999	 2.544685e+03	 633.33	 550.00	 13.00	 4	 0.66	 
BMI_bf_104	 2	 19	 2045.jpg	 2.549673e+03	 24	 999000	 240	 999000	 999	 2.550691e+03	 633.33	 550.00	 42.00	 38	 0.37	 
BMI_bf_104	 2	 19	 2149.jpg	 2.551675e+03	 24	 999000	 240	 999000	 999	 2.552693e+03	 633.33	 550.00	 39.00	 49	 0.38	 
BMI_bf_104	 2	 19	 1145.jpg	 2.554679e+03	 12	 999000	 120	 999000	 999	 2.555696e+03	 633.33	 550.00	 22.00	 16	 0.61	 
BMI_bf_104	 2	 19	 1226.jpg	 2.556681e+03	 24	 999000	 240	 999000	 999	 2.557699e+03	 633.33	 550.00	 40.00	 27	 0.37	 
BMI_bf_104	 2	 19	 1255.jpg	 2.560669e+03	 12	 999000	 120	 999000	 999	 2.561686e+03	 633.33	 550.00	 19.00	 29	 0.63	 
BMI_bf_104	 2	 19	 1031.jpg	 2.562671e+03	 12	 999000	 120	 999000	 999	 2.563689e+03	 633.33	 550.00	 3.00	 6	 0.91	 
BMI_bf_104	 2	 19	 1202.jpg	 2.567676e+03	 24	 999000	 240	 999000	 999	 2.568694e+03	 633.33	 550.00	 45.00	 23	 0.36	 
BMI_bf_104	 2	 19	 2058.jpg	 2.574668e+03	 24	 999000	 240	 999000	 999	 2.575685e+03	 633.33	 550.00	 52.00	 40	 0.26	 
BMI_bf_104	 2	 19	 1130.jpg	 2.576670e+03	 12	 999000	 120	 999000	 999	 2.577688e+03	 633.33	 550.00	 4.00	 15	 0.91	 
BMI_bf_104	 2	 19	 2015.jpg	 2.579673e+03	 24	 999000	 240	 999000	 999	 2.580691e+03	 633.33	 550.00	 55.00	 33	 0.24	 
BMI_bf_104	 2	 19	 2155.jpg	 2.582677e+03	 24	 999000	 240	 999000	 999	 2.583694e+03	 633.33	 550.00	 57.00	 51	 0.18	 
BMI_bf_104	 2	 19	 2024.jpg	 2.586681e+03	 24	 999000	 240	 999000	 999	 2.587699e+03	 633.33	 550.00	 58.00	 34	 0.17	 
BMI_bf_104	 2	 19	 2063.jpg	 2.590669e+03	 11	 1.276134e+03	 1100	 6.336369e+02	 98	 2.591705e+03	 583.33	 550.00	 16.00	 41	 0.64	 
BMI_bf_104	 2	 19	 2125.jpg	 2.594673e+03	 12	 999000	 120	 999000	 999	 2.595693e+03	 583.33	 550.00	 21.00	 47	 0.62	 
BMI_bf_104	 2	 19	 2212.jpg	 2.597677e+03	 11	 8.385742e+02	 110	 5.836268e+02	 98	 2.598711e+03	 600.00	 550.00	 9.00	 56	 0.76	 
BMI_bf_104	 2	 19	 1173.jpg	 2.603667e+03	 24	 999000	 240	 999000	 999	 2.604685e+03	 600.00	 550.00	 41.00	 19	 0.37	 
BMI_bf_104	 2	 19	 2118.jpg	 2.605669e+03	 24	 999000	 240	 999000	 999	 2.606687e+03	 600.00	 550.00	 47.00	 46	 0.34	 
BMI_bf_104	 2	 19	 2218.jpg	 2.608672e+03	 22	 9.021826e+02	 220	 5.503281e+02	 98	 2.609708e+03	 600.00	 566.67	 54.00	 57	 0.25	 
BMI_bf_104	 2	 19	 1183.jpg	 2.610675e+03	 22	 8.685396e+02	 220	 5.669796e+02	 98	 2.611710e+03	 600.00	 583.33	 43.00	 20	 0.37	 
BMI_bf_104	 2	 19	 1080.jpg	 2.612677e+03	 22	 8.353223e+02	 220	 5.836209e+02	 98	 2.613712e+03	 600.00	 600.00	 46.00	 12	 0.35	 
BMI_bf_104	 2	 19	 2039.jpg	 2.614679e+03	 22	 3.406013e+02	 22	 6.002999e+02	 98	 2.615715e+03	 600.00	 616.67	 51.00	 35	 0.26	 
BMI_bf_104	 2	 19	 2112.jpg	 2.617666e+03	 24	 999000	 240	 999000	 999	 2.618684e+03	 600.00	 616.67	 44.00	 45	 0.36	 
BMI_bf_104	 2	 19	 1246.jpg	 2.621670e+03	 22	 8.872710e+02	 220	 6.169681e+02	 98	 2.622706e+03	 600.00	 633.33	 49.00	 28	 0.27	 
BMI_bf_104	 2	 19	 2006.jpg	 2.623673e+03	 12	 999000	 120	 999000	 999	 2.624690e+03	 600.00	 633.33	 6.00	 31	 0.84	 
BMI_bf_104	 2	 19	 2110.jpg	 2.625675e+03	 24	 999000	 240	 999000	 999	 2.626693e+03	 600.00	 633.33	 50.00	 44	 0.26	 
BMI_bf_104	 2	 19	 1216.jpg	 2.627677e+03	 11	 9.558451e+02	 110	 6.003497e+02	 98	 2.628712e+03	 616.67	 633.33	 8.00	 26	 0.76	 
BMI_bf_104	 2	 19	 2248.jpg	 2.629679e+03	 12	 999000	 120	 999000	 999	 2.630697e+03	 616.67	 633.33	 15.00	 60	 0.64	 
BMI_bf_104	 2	 19	 1192.jpg	 2.631665e+03	 11	 9.171897e+02	 110	 6.169786e+02	 98	 2.632716e+03	 633.33	 633.33	 11.00	 22	 0.69	 
BMI_bf_104	 2	 19	 1013.jpg	 2.635669e+03	 12	 999000	 120	 999000	 999	 2.636687e+03	 633.33	 633.33	 20.00	 2	 0.62	 
BMI_bf_104	 2	 19	 1204.jpg	 2.639674e+03	 24	 999000	 240	 999000	 999	 2.640692e+03	 633.33	 633.33	 53.00	 24	 0.25	 
BMI_bf_104	 2	 19	 2010.jpg	 2.641676e+03	 12	 999000	 120	 999000	 999	 2.642694e+03	 633.33	 633.33	 10.00	 32	 0.75	 
BMI_bf_104	 2	 19	 1007.jpg	 2.643678e+03	 11	 1.042809e+03	 1100	 6.336409e+02	 98	 2.644714e+03	 583.33	 633.33	 17.00	 1	 0.64	 
BMI_bf_104	 2	 19	 1114.jpg	 2.645681e+03	 12	 999000	 120	 999000	 999	 2.646700e+03	 583.33	 633.33	 7.00	 13	 0.83	 
BMI_bf_104	 2	 19	 1017.jpg	 2.647666e+03	 22	 9.930760e+02	 220	 6.336901e+02	 98	 2.648702e+03	 583.33	 650.00	 48.00	 3	 0.32	 
BMI_bf_104	 2	 19	 1035.jpg	 2.653673e+03	 12	 999000	 120	 999000	 999	 2.654691e+03	 583.33	 650.00	 5.00	 7	 0.85	 
BMI_bf_104	 2	 19	 2128.jpg	 2.655675e+03	 24	 999000	 240	 999000	 999	 2.656693e+03	 583.33	 650.00	 56.00	 48	 0.21	 
