subjectID	 order	 runNum	 itemName	 onsetTime	 shuff_trialType	 RT	 respInTime	 AudioTime	 response	 fixationTime	 ladder1	 ladder2	 bidIndex	 itemNameIndex	 bidValue	 
BMI_bf_101	1	9	 1017.jpg	1.11E+03	24	999000	240	999000	999	1.11E+03	816.67	683.33	40	3	0.36	 
BMI_bf_101	1	9	 1035.jpg	1.11E+03	12	999000	120	999000	999	1.11E+03	816.67	683.33	20	7	0.59	 
BMI_bf_101	1	9	 2015.jpg	1.12E+03	24	999000	240	999000	999	1.12E+03	816.67	683.33	43	33	0.34	 
BMI_bf_101	1	9	 1216.jpg	1.12E+03	24	999000	240	999000	999	1.12E+03	816.67	683.33	42	26	0.35	 
BMI_bf_101	1	9	 1080.jpg	1.12E+03	22	4.90E+02	22	6.84E+02	98	1.12E+03	816.67	700	47	12	0.31	 
BMI_bf_101	1	9	 1031.jpg	1.13E+03	12	999000	120	999000	999	1.13E+03	816.67	700	21	6	0.58	 
BMI_bf_101	1	9	 1114.jpg	1.13E+03	11	1.17E+03	1100	8.17E+02	98	1.13E+03	766.67	700	18	13	0.6	 
BMI_bf_101	1	9	 1204.jpg	1.13E+03	12	999000	120	999000	999	1.13E+03	766.67	700	3	24	0.86	 
BMI_bf_101	1	9	 2149.jpg	1.14E+03	11	9.25E+02	110	7.67E+02	98	1.14E+03	783.33	700	12	49	0.67	 
BMI_bf_101	1	9	 2041.jpg	1.14E+03	12	999000	120	999000	999	1.14E+03	783.33	700	5	36	0.84	 
BMI_bf_101	1	9	 2212.jpg	1.14E+03	24	999000	240	999000	999	1.14E+03	783.33	700	41	56	0.36	 
BMI_bf_101	1	9	 2112.jpg	1.14E+03	24	999000	240	999000	999	1.15E+03	783.33	700	49	45	0.3	 
BMI_bf_101	1	9	 2218.jpg	1.15E+03	12	999000	120	999000	999	1.15E+03	783.33	700	19	57	0.59	 
BMI_bf_101	1	9	 1060.jpg	1.15E+03	24	999000	240	999000	999	1.15E+03	783.33	700	58	10	0.2	 
BMI_bf_101	1	9	 2045.jpg	1.15E+03	12	999000	120	999000	999	1.16E+03	783.33	700	16	38	0.65	 
BMI_bf_101	1	9	 1145.jpg	1.16E+03	24	999000	240	999000	999	1.16E+03	783.33	700	48	16	0.3	 
BMI_bf_101	1	9	 2229.jpg	1.16E+03	24	999000	240	999000	999	1.16E+03	783.33	700	54	58	0.26	 
BMI_bf_101	1	9	 2024.jpg	1.16E+03	24	999000	240	999000	999	1.17E+03	783.33	700	55	34	0.24	 
BMI_bf_101	1	9	 2110.jpg	1.17E+03	11	1.29E+03	1100	7.84E+02	98	1.17E+03	733.33	700	15	44	0.66	 
BMI_bf_101	1	9	 2155.jpg	1.17E+03	24	999000	240	999000	999	1.17E+03	733.33	700	46	51	0.33	 
BMI_bf_101	1	9	 2118.jpg	1.17E+03	12	999000	120	999000	999	1.18E+03	733.33	700	8	46	0.82	 
BMI_bf_101	1	9	 1191.jpg	1.18E+03	24	999000	240	999000	999	1.18E+03	733.33	700	39	21	0.39	 
BMI_bf_101	1	9	 2248.jpg	1.18E+03	22	1.04E+03	2200	7.00E+02	98	1.18E+03	733.33	650	52	60	0.28	 
BMI_bf_101	1	9	 1019.jpg	1.18E+03	11	1.01E+03	1100	7.34E+02	98	1.18E+03	683.33	650	13	4	0.67	 
BMI_bf_101	1	9	 1246.jpg	1.18E+03	24	999000	240	999000	999	1.19E+03	683.33	650	57	28	0.21	 
BMI_bf_101	1	9	 1007.jpg	1.19E+03	22	1.21E+03	2200	6.50E+02	98	1.19E+03	683.33	600	45	1	0.33	 
BMI_bf_101	1	9	 2164.jpg	1.19E+03	12	999000	120	999000	999	1.19E+03	683.33	600	22	52	0.57	 
BMI_bf_101	1	9	 1127.jpg	1.19E+03	12	999000	120	999000	999	1.20E+03	683.33	600	14	14	0.66	 
BMI_bf_101	1	9	 2089.jpg	1.20E+03	12	999000	120	999000	999	1.20E+03	683.33	600	6	42	0.83	 
BMI_bf_101	1	9	 1210.jpg	1.20E+03	22	6.10E+02	220	6.00E+02	98	1.20E+03	683.33	616.67	53	25	0.27	 
BMI_bf_101	1	9	 2006.jpg	1.21E+03	11	5.04E+02	11	6.84E+02	98	1.21E+03	700	616.67	7	31	0.82	 
BMI_bf_101	1	9	 2194.jpg	1.21E+03	12	999000	120	999000	999	1.21E+03	700	616.67	4	54	0.84	 
BMI_bf_101	1	9	 2181.jpg	1.21E+03	22	7.97E+02	220	6.17E+02	98	1.21E+03	700	633.33	50	53	0.3	 
BMI_bf_101	1	9	 2153.jpg	1.22E+03	11	5.28E+02	11	7.00E+02	98	1.22E+03	716.67	633.33	10	50	0.79	 
BMI_bf_101	1	9	 1262.jpg	1.22E+03	24	999000	240	999000	999	1.22E+03	716.67	633.33	56	30	0.22	 
BMI_bf_101	1	9	 1173.jpg	1.22E+03	24	999000	240	999000	999	1.22E+03	716.67	633.33	51	19	0.28	 
BMI_bf_101	1	9	 2053.jpg	1.22E+03	12	999000	120	999000	999	1.23E+03	716.67	633.33	9	39	0.8	 
BMI_bf_101	1	9	 1027.jpg	1.23E+03	12	999000	120	999000	999	1.23E+03	716.67	633.33	17	5	0.65	 
BMI_bf_101	1	9	 2039.jpg	1.23E+03	22	7.60E+02	220	6.34E+02	98	1.23E+03	716.67	650	44	35	0.33	 
BMI_bf_101	1	9	 2058.jpg	1.23E+03	12	999000	120	999000	999	1.23E+03	716.67	650	11	40	0.68	 
