subjectID	 order	 runNum	 itemName	 onsetTime	 shuff_trialType	 RT	 respInTime	 AudioTime	 response	 fixationTime	 ladder1	 ladder2	 bidIndex	 itemNameIndex	 bidValue	 
BMI_bf_113	 1	 16	 2153.jpg	 2.319527e+03	 12	 999000	 120	 999000	 999	 2.320545e+03	 783.33	 783.33	 4.00	 50	 0.86	 
BMI_bf_113	 1	 16	 1019.jpg	 2.322514e+03	 24	 999000	 240	 999000	 999	 2.323532e+03	 783.33	 783.33	 42.00	 4	 0.35	 
BMI_bf_113	 1	 16	 1031.jpg	 2.326519e+03	 11	 9.506922e+02	 110	 7.837523e+02	 98	 2.327556e+03	 800.00	 783.33	 13.00	 6	 0.75	 
BMI_bf_113	 1	 16	 1017.jpg	 2.328521e+03	 22	 9.508543e+02	 220	 7.836752e+02	 98	 2.329556e+03	 800.00	 800.00	 47.00	 3	 0.28	 
BMI_bf_113	 1	 16	 2248.jpg	 2.330523e+03	 11	 9.738745e+02	 110	 8.003367e+02	 98	 2.331558e+03	 816.67	 800.00	 7.00	 60	 0.83	 
BMI_bf_113	 1	 16	 2125.jpg	 2.334511e+03	 12	 999000	 120	 999000	 999	 2.335529e+03	 816.67	 800.00	 20.00	 47	 0.63	 
BMI_bf_113	 1	 16	 2118.jpg	 2.336513e+03	 12	 999000	 120	 999000	 999	 2.337531e+03	 816.67	 800.00	 14.00	 46	 0.70	 
BMI_bf_113	 1	 16	 2240.jpg	 2.341519e+03	 11	 9.923991e+02	 110	 8.170132e+02	 98	 2.342556e+03	 833.33	 800.00	 15.00	 59	 0.69	 
BMI_bf_113	 1	 16	 2164.jpg	 2.343521e+03	 12	 999000	 120	 999000	 999	 2.344539e+03	 833.33	 800.00	 19.00	 52	 0.64	 
BMI_bf_113	 1	 16	 1262.jpg	 2.346525e+03	 22	 9.707775e+02	 220	 8.003122e+02	 98	 2.347562e+03	 833.33	 816.67	 50.00	 30	 0.24	 
BMI_bf_113	 1	 16	 1150.jpg	 2.349511e+03	 24	 999000	 240	 999000	 999	 2.350529e+03	 833.33	 816.67	 49.00	 18	 0.24	 
BMI_bf_113	 1	 16	 2218.jpg	 2.353516e+03	 12	 999000	 120	 999000	 999	 2.354533e+03	 833.33	 816.67	 16.00	 57	 0.69	 
BMI_bf_113	 1	 16	 2058.jpg	 2.356519e+03	 24	 999000	 240	 999000	 999	 2.357537e+03	 833.33	 816.67	 55.00	 40	 0.19	 
BMI_bf_113	 1	 16	 1073.jpg	 2.358521e+03	 12	 999000	 120	 999000	 999	 2.359539e+03	 833.33	 816.67	 8.00	 11	 0.82	 
BMI_bf_113	 1	 16	 1255.jpg	 2.361508e+03	 12	 999000	 120	 999000	 999	 2.362526e+03	 833.33	 816.67	 22.00	 29	 0.61	 
BMI_bf_113	 1	 16	 2089.jpg	 2.365512e+03	 12	 999000	 120	 999000	 999	 2.366530e+03	 833.33	 816.67	 17.00	 42	 0.69	 
BMI_bf_113	 1	 16	 1246.jpg	 2.368516e+03	 24	 999000	 240	 999000	 999	 2.369534e+03	 833.33	 816.67	 43.00	 28	 0.35	 
BMI_bf_113	 1	 16	 1183.jpg	 2.370518e+03	 22	 9.969871e+02	 220	 8.170072e+02	 98	 2.371553e+03	 833.33	 833.33	 52.00	 20	 0.22	 
BMI_bf_113	 1	 16	 2194.jpg	 2.372520e+03	 24	 999000	 240	 999000	 999	 2.373538e+03	 833.33	 833.33	 58.00	 54	 0.12	 
BMI_bf_113	 1	 16	 1035.jpg	 2.377509e+03	 11	 9.813135e+02	 110	 8.336409e+02	 98	 2.378545e+03	 850.00	 833.33	 18.00	 7	 0.66	 
BMI_bf_113	 1	 16	 2043.jpg	 2.381514e+03	 22	 1.060755e+03	 2200	 8.336470e+02	 98	 2.382551e+03	 850.00	 783.33	 53.00	 37	 0.21	 
BMI_bf_113	 1	 16	 1204.jpg	 2.385518e+03	 24	 999000	 240	 999000	 999	 2.386539e+03	 850.00	 783.33	 40.00	 24	 0.37	 
BMI_bf_113	 1	 16	 2155.jpg	 2.391508e+03	 24	 999000	 240	 999000	 999	 2.392526e+03	 850.00	 783.33	 57.00	 51	 0.16	 
BMI_bf_113	 1	 16	 1173.jpg	 2.393510e+03	 24	 999000	 240	 999000	 999	 2.394528e+03	 850.00	 783.33	 39.00	 19	 0.37	 
BMI_bf_113	 1	 16	 2209.jpg	 2.395513e+03	 12	 999000	 120	 999000	 999	 2.396531e+03	 850.00	 783.33	 11.00	 55	 0.77	 
BMI_bf_113	 1	 16	 2229.jpg	 2.397515e+03	 12	 999000	 120	 999000	 999	 2.398533e+03	 850.00	 783.33	 9.00	 58	 0.82	 
BMI_bf_113	 1	 16	 1114.jpg	 2.399517e+03	 11	 1.035510e+03	 1100	 8.503179e+02	 98	 2.400552e+03	 800.00	 783.33	 12.00	 13	 0.76	 
BMI_bf_113	 1	 16	 1226.jpg	 2.403522e+03	 24	 999000	 240	 999000	 999	 2.404540e+03	 800.00	 783.33	 54.00	 27	 0.20	 
BMI_bf_113	 1	 16	 2094.jpg	 2.405524e+03	 24	 999000	 240	 999000	 999	 2.406542e+03	 800.00	 783.33	 51.00	 43	 0.23	 
BMI_bf_113	 1	 16	 2006.jpg	 2.409512e+03	 11	 9.639535e+02	 110	 8.003110e+02	 98	 2.410548e+03	 816.67	 783.33	 10.00	 31	 0.82	 
BMI_bf_113	 1	 16	 1192.jpg	 2.411514e+03	 22	 9.531396e+02	 220	 7.836493e+02	 98	 2.412549e+03	 816.67	 800.00	 45.00	 22	 0.34	 
BMI_bf_113	 1	 16	 1145.jpg	 2.413516e+03	 24	 999000	 240	 999000	 999	 2.414534e+03	 816.67	 800.00	 46.00	 16	 0.31	 
BMI_bf_113	 1	 16	 1202.jpg	 2.415518e+03	 12	 999000	 120	 999000	 999	 2.416536e+03	 816.67	 800.00	 21.00	 23	 0.62	 
BMI_bf_113	 1	 16	 2063.jpg	 2.420524e+03	 12	 999000	 120	 999000	 999	 2.421542e+03	 816.67	 800.00	 6.00	 41	 0.85	 
BMI_bf_113	 1	 16	 2212.jpg	 2.422510e+03	 12	 999000	 120	 999000	 999	 2.423528e+03	 816.67	 800.00	 5.00	 56	 0.86	 
BMI_bf_113	 1	 16	 2039.jpg	 2.424512e+03	 12	 999000	 120	 999000	 999	 2.425530e+03	 816.67	 800.00	 3.00	 35	 0.88	 
BMI_bf_113	 1	 16	 1027.jpg	 2.427515e+03	 22	 9.613701e+02	 220	 8.003224e+02	 98	 2.428551e+03	 816.67	 816.67	 44.00	 5	 0.34	 
BMI_bf_113	 1	 16	 2110.jpg	 2.434523e+03	 24	 999000	 240	 999000	 999	 2.435541e+03	 816.67	 816.67	 56.00	 44	 0.18	 
BMI_bf_113	 1	 16	 2053.jpg	 2.438511e+03	 24	 999000	 240	 999000	 999	 2.439529e+03	 816.67	 816.67	 48.00	 39	 0.26	 
BMI_bf_113	 1	 16	 1052.jpg	 2.445519e+03	 24	 999000	 240	 999000	 999	 2.446537e+03	 816.67	 816.67	 41.00	 9	 0.36	 
