subjectID	 order	 runNum	 itemName	 onsetTime	 shuff_trialType	 RT	 respInTime	 AudioTime	 response	 fixationTime	 ladder1	 ladder2	 bidIndex	 itemNameIndex	 bidValue	 
BMI_bf_114	 2	 11	 1145.jpg	 1.412826e+03	 22	 999000	 2	 6.836905e+02	 999	 1.413861e+03	 750.00	 633.33	 43.00	 16	 0.34	 
BMI_bf_114	 2	 11	 2209.jpg	 1.415829e+03	 12	 999000	 120	 999000	 999	 1.416847e+03	 750.00	 633.33	 19.00	 55	 0.65	 
BMI_bf_114	 2	 11	 2149.jpg	 1.417831e+03	 24	 999000	 240	 999000	 999	 1.418849e+03	 750.00	 633.33	 40.00	 49	 0.38	 
BMI_bf_114	 2	 11	 2194.jpg	 1.419816e+03	 24	 999000	 240	 999000	 999	 1.420835e+03	 750.00	 633.33	 57.00	 54	 0.13	 
BMI_bf_114	 2	 11	 1216.jpg	 1.421819e+03	 24	 999000	 240	 999000	 999	 1.422838e+03	 750.00	 633.33	 44.00	 26	 0.32	 
BMI_bf_114	 2	 11	 2155.jpg	 1.424822e+03	 12	 999000	 120	 999000	 999	 1.425841e+03	 750.00	 633.33	 22.00	 51	 0.58	 
BMI_bf_114	 2	 11	 1210.jpg	 1.426825e+03	 12	 999000	 120	 999000	 999	 1.427843e+03	 750.00	 633.33	 7.00	 25	 0.81	 
BMI_bf_114	 2	 11	 2045.jpg	 1.430829e+03	 12	 999000	 120	 999000	 999	 1.431848e+03	 750.00	 633.33	 3.00	 38	 0.91	 
BMI_bf_114	 2	 11	 2118.jpg	 1.432831e+03	 11	 1.053571e+03	 1100	 7.502676e+02	 98	 1.433867e+03	 700.00	 633.33	 9.00	 46	 0.73	 
BMI_bf_114	 2	 11	 2128.jpg	 1.437820e+03	 24	 999000	 240	 999000	 999	 1.438838e+03	 700.00	 633.33	 45.00	 48	 0.30	 
BMI_bf_114	 2	 11	 1173.jpg	 1.439822e+03	 24	 999000	 240	 999000	 999	 1.440841e+03	 700.00	 633.33	 52.00	 19	 0.23	 
BMI_bf_114	 2	 11	 1127.jpg	 1.443827e+03	 22	 8.810027e+02	 220	 6.335919e+02	 98	 1.444863e+03	 700.00	 650.00	 49.00	 14	 0.28	 
BMI_bf_114	 2	 11	 2164.jpg	 1.445829e+03	 12	 999000	 120	 999000	 999	 1.446847e+03	 700.00	 650.00	 10.00	 52	 0.73	 
BMI_bf_114	 2	 11	 1027.jpg	 1.448832e+03	 24	 999000	 240	 999000	 999	 1.449851e+03	 700.00	 650.00	 41.00	 5	 0.37	 
BMI_bf_114	 2	 11	 1031.jpg	 1.453821e+03	 12	 999000	 120	 999000	 999	 1.454840e+03	 700.00	 650.00	 15.00	 6	 0.70	 
BMI_bf_114	 2	 11	 1226.jpg	 1.455824e+03	 11	 9.671680e+02	 110	 7.002554e+02	 98	 1.456858e+03	 716.67	 650.00	 16.00	 27	 0.66	 
BMI_bf_114	 2	 11	 1246.jpg	 1.457826e+03	 24	 999000	 240	 999000	 999	 1.458844e+03	 716.67	 650.00	 56.00	 28	 0.16	 
BMI_bf_114	 2	 11	 1019.jpg	 1.461830e+03	 11	 9.456500e+02	 110	 7.169187e+02	 98	 1.462865e+03	 733.33	 650.00	 14.00	 4	 0.71	 
BMI_bf_114	 2	 11	 1073.jpg	 1.465818e+03	 12	 999000	 120	 999000	 999	 1.466836e+03	 733.33	 650.00	 12.00	 11	 0.71	 
BMI_bf_114	 2	 11	 2043.jpg	 1.469823e+03	 12	 999000	 120	 999000	 999	 1.470841e+03	 733.33	 650.00	 21.00	 37	 0.58	 
BMI_bf_114	 2	 11	 1035.jpg	 1.471825e+03	 11	 9.754453e+02	 110	 7.335750e+02	 98	 1.472861e+03	 750.00	 650.00	 11.00	 7	 0.71	 
BMI_bf_114	 2	 11	 1130.jpg	 1.473827e+03	 24	 999000	 240	 999000	 999	 1.474845e+03	 750.00	 650.00	 39.00	 15	 0.39	 
BMI_bf_114	 2	 11	 2010.jpg	 1.475829e+03	 24	 999000	 240	 999000	 999	 1.476847e+03	 750.00	 650.00	 42.00	 32	 0.34	 
BMI_bf_114	 2	 11	 1183.jpg	 1.477832e+03	 22	 9.313237e+02	 220	 6.502441e+02	 98	 1.478867e+03	 750.00	 666.67	 51.00	 20	 0.23	 
BMI_bf_114	 2	 11	 2153.jpg	 1.483822e+03	 11	 9.717360e+02	 110	 7.503216e+02	 98	 1.484856e+03	 766.67	 666.67	 8.00	 50	 0.80	 
BMI_bf_114	 2	 11	 2024.jpg	 1.486825e+03	 22	 9.271648e+02	 220	 6.669111e+02	 98	 1.487861e+03	 766.67	 683.33	 46.00	 34	 0.29	 
BMI_bf_114	 2	 11	 2212.jpg	 1.488827e+03	 12	 999000	 120	 999000	 999	 1.489845e+03	 766.67	 683.33	 5.00	 56	 0.84	 
BMI_bf_114	 2	 11	 2063.jpg	 1.490830e+03	 22	 1.062915e+03	 2200	 6.835907e+02	 98	 1.491865e+03	 766.67	 633.33	 54.00	 41	 0.20	 
BMI_bf_114	 2	 11	 1262.jpg	 1.493816e+03	 11	 9.450362e+02	 110	 7.669152e+02	 98	 1.494852e+03	 783.33	 633.33	 17.00	 30	 0.65	 
BMI_bf_114	 2	 11	 2181.jpg	 1.495819e+03	 12	 999000	 120	 999000	 999	 1.496836e+03	 783.33	 633.33	 13.00	 53	 0.71	 
BMI_bf_114	 2	 11	 1202.jpg	 1.497821e+03	 12	 999000	 120	 999000	 999	 1.498839e+03	 783.33	 633.33	 18.00	 23	 0.65	 
BMI_bf_114	 2	 11	 1080.jpg	 1.499823e+03	 12	 999000	 120	 999000	 999	 1.500841e+03	 783.33	 633.33	 20.00	 12	 0.64	 
BMI_bf_114	 2	 11	 2058.jpg	 1.502826e+03	 24	 999000	 240	 999000	 999	 1.503845e+03	 783.33	 633.33	 50.00	 40	 0.26	 
BMI_bf_114	 2	 11	 2039.jpg	 1.504828e+03	 12	 999000	 120	 999000	 999	 1.505846e+03	 783.33	 633.33	 4.00	 35	 0.88	 
BMI_bf_114	 2	 11	 2015.jpg	 1.506831e+03	 24	 999000	 240	 999000	 999	 1.507849e+03	 783.33	 633.33	 47.00	 33	 0.29	 
BMI_bf_114	 2	 11	 1204.jpg	 1.508816e+03	 24	 999000	 240	 999000	 999	 1.509834e+03	 783.33	 633.33	 53.00	 24	 0.23	 
BMI_bf_114	 2	 11	 2248.jpg	 1.510819e+03	 22	 1.009870e+03	 2200	 6.335880e+02	 98	 1.511855e+03	 783.33	 583.33	 48.00	 60	 0.29	 
BMI_bf_114	 2	 11	 1150.jpg	 1.516825e+03	 24	 999000	 240	 999000	 999	 1.517844e+03	 783.33	 583.33	 55.00	 18	 0.20	 
BMI_bf_114	 2	 11	 2110.jpg	 1.519829e+03	 24	 999000	 240	 999000	 999	 1.520846e+03	 783.33	 583.33	 58.00	 44	 0.13	 
BMI_bf_114	 2	 11	 1114.jpg	 1.523816e+03	 12	 999000	 120	 999000	 999	 1.524834e+03	 783.33	 583.33	 6.00	 13	 0.84	 
