subjectID	 order	 runNum	 itemName	 onsetTime	 shuff_trialType	 RT	 respInTime	 AudioTime	 response	 fixationTime	 ladder1	 ladder2	 bidIndex	 itemNameIndex	 bidValue	 
BMI_bf_103	 1	 13	 1031.jpg	 1.682760e+03	 11	 999000	 1	 6.836814e+02	 999	 1.683796e+03	 633.33	 683.33	 15.00	 6	 0.73	 
BMI_bf_103	 1	 13	 2181.jpg	 1.687765e+03	 12	 999000	 120	 999000	 999	 1.688784e+03	 633.33	 683.33	 6.00	 53	 0.83	 
BMI_bf_103	 1	 13	 2089.jpg	 1.689751e+03	 11	 8.933619e+02	 110	 6.336525e+02	 98	 1.690786e+03	 650.00	 683.33	 13.00	 42	 0.74	 
BMI_bf_103	 1	 13	 1210.jpg	 1.691753e+03	 12	 999000	 120	 999000	 999	 1.692771e+03	 650.00	 683.33	 16.00	 25	 0.66	 
BMI_bf_103	 1	 13	 1150.jpg	 1.697760e+03	 24	 999000	 240	 999000	 999	 1.698779e+03	 650.00	 683.33	 57.00	 18	 0.13	 
BMI_bf_103	 1	 13	 1192.jpg	 1.699762e+03	 24	 999000	 240	 999000	 999	 1.700780e+03	 650.00	 683.33	 56.00	 22	 0.15	 
BMI_bf_103	 1	 13	 2006.jpg	 1.702766e+03	 11	 9.065353e+02	 110	 6.503244e+02	 98	 1.703800e+03	 666.67	 683.33	 7.00	 31	 0.81	 
BMI_bf_103	 1	 13	 1204.jpg	 1.704751e+03	 24	 999000	 240	 999000	 999	 1.705769e+03	 666.67	 683.33	 51.00	 24	 0.23	 
BMI_bf_103	 1	 13	 2125.jpg	 1.708756e+03	 12	 999000	 120	 999000	 999	 1.709774e+03	 666.67	 683.33	 4.00	 47	 0.86	 
BMI_bf_103	 1	 13	 1017.jpg	 1.710758e+03	 24	 999000	 240	 999000	 999	 1.711776e+03	 666.67	 683.33	 41.00	 3	 0.39	 
BMI_bf_103	 1	 13	 1262.jpg	 1.715763e+03	 11	 8.804994e+02	 110	 6.670048e+02	 98	 1.716799e+03	 683.33	 683.33	 18.00	 30	 0.65	 
BMI_bf_103	 1	 13	 1246.jpg	 1.722755e+03	 24	 999000	 240	 999000	 999	 1.723773e+03	 683.33	 683.33	 48.00	 28	 0.27	 
BMI_bf_103	 1	 13	 2110.jpg	 1.724757e+03	 24	 999000	 240	 999000	 999	 1.725775e+03	 683.33	 683.33	 54.00	 44	 0.21	 
BMI_bf_103	 1	 13	 1130.jpg	 1.727760e+03	 24	 999000	 240	 999000	 999	 1.728779e+03	 683.33	 683.33	 49.00	 15	 0.26	 
BMI_bf_103	 1	 13	 1035.jpg	 1.730764e+03	 12	 999000	 120	 999000	 999	 1.731782e+03	 683.33	 683.33	 5.00	 7	 0.85	 
BMI_bf_103	 1	 13	 1146.jpg	 1.734752e+03	 24	 999000	 240	 999000	 999	 1.735769e+03	 683.33	 683.33	 42.00	 17	 0.36	 
BMI_bf_103	 1	 13	 2015.jpg	 1.738756e+03	 24	 999000	 240	 999000	 999	 1.739774e+03	 683.33	 683.33	 43.00	 33	 0.34	 
BMI_bf_103	 1	 13	 2041.jpg	 1.742760e+03	 24	 999000	 240	 999000	 999	 1.743778e+03	 683.33	 683.33	 39.00	 36	 0.41	 
BMI_bf_103	 1	 13	 1226.jpg	 1.745764e+03	 24	 999000	 240	 999000	 999	 1.746782e+03	 683.33	 683.33	 46.00	 27	 0.28	 
BMI_bf_103	 1	 13	 1019.jpg	 1.751754e+03	 12	 999000	 120	 999000	 999	 1.752772e+03	 683.33	 683.33	 21.00	 4	 0.64	 
BMI_bf_103	 1	 13	 2128.jpg	 1.753756e+03	 22	 999000	 2	 6.836766e+02	 999	 1.754792e+03	 683.33	 633.33	 52.00	 48	 0.22	 
BMI_bf_103	 1	 13	 1027.jpg	 1.756759e+03	 24	 999000	 240	 999000	 999	 1.757777e+03	 683.33	 633.33	 40.00	 5	 0.40	 
BMI_bf_103	 1	 13	 1052.jpg	 1.758762e+03	 24	 999000	 240	 999000	 999	 1.759779e+03	 683.33	 633.33	 58.00	 9	 0.12	 
BMI_bf_103	 1	 13	 1255.jpg	 1.760764e+03	 12	 999000	 120	 999000	 999	 1.761782e+03	 683.33	 633.33	 3.00	 29	 0.88	 
BMI_bf_103	 1	 13	 1202.jpg	 1.762766e+03	 12	 999000	 120	 999000	 999	 1.763786e+03	 683.33	 633.33	 17.00	 23	 0.65	 
BMI_bf_103	 1	 13	 2094.jpg	 1.765753e+03	 22	 9.897243e+02	 220	 6.336534e+02	 98	 1.766789e+03	 683.33	 650.00	 44.00	 43	 0.32	 
BMI_bf_103	 1	 13	 2010.jpg	 1.769757e+03	 12	 999000	 120	 999000	 999	 1.770775e+03	 683.33	 650.00	 11.00	 32	 0.78	 
BMI_bf_103	 1	 13	 1013.jpg	 1.771760e+03	 12	 999000	 120	 999000	 999	 1.772777e+03	 683.33	 650.00	 14.00	 2	 0.73	 
BMI_bf_103	 1	 13	 2112.jpg	 1.773762e+03	 12	 999000	 120	 999000	 999	 1.774780e+03	 683.33	 650.00	 9.00	 45	 0.78	 
BMI_bf_103	 1	 13	 1173.jpg	 1.775764e+03	 22	 9.013210e+02	 220	 6.503334e+02	 98	 1.776798e+03	 683.33	 666.67	 45.00	 19	 0.29	 
BMI_bf_103	 1	 13	 2194.jpg	 1.777766e+03	 22	 9.018569e+02	 220	 6.670583e+02	 98	 1.778802e+03	 683.33	 683.33	 47.00	 54	 0.28	 
BMI_bf_103	 1	 13	 1127.jpg	 1.779752e+03	 22	 9.188347e+02	 220	 6.836675e+02	 98	 1.780787e+03	 683.33	 700.00	 50.00	 14	 0.25	 
BMI_bf_103	 1	 13	 1216.jpg	 1.783756e+03	 12	 999000	 120	 999000	 999	 1.784774e+03	 683.33	 700.00	 20.00	 26	 0.64	 
BMI_bf_103	 1	 13	 2248.jpg	 1.787761e+03	 12	 999000	 120	 999000	 999	 1.788779e+03	 683.33	 700.00	 8.00	 60	 0.79	 
BMI_bf_103	 1	 13	 1050.jpg	 1.789763e+03	 12	 999000	 120	 999000	 999	 1.790781e+03	 683.33	 700.00	 19.00	 8	 0.65	 
BMI_bf_103	 1	 13	 2039.jpg	 1.791765e+03	 12	 999000	 120	 999000	 999	 1.792783e+03	 683.33	 700.00	 22.00	 35	 0.62	 
BMI_bf_103	 1	 13	 2058.jpg	 1.793751e+03	 22	 9.601905e+02	 220	 7.003793e+02	 98	 1.794787e+03	 683.33	 716.67	 53.00	 40	 0.21	 
BMI_bf_103	 1	 13	 2240.jpg	 1.795753e+03	 24	 999000	 240	 999000	 999	 1.796771e+03	 683.33	 716.67	 55.00	 59	 0.16	 
BMI_bf_103	 1	 13	 1114.jpg	 1.801760e+03	 11	 9.280284e+02	 110	 6.836619e+02	 98	 1.802795e+03	 700.00	 716.67	 10.00	 13	 0.78	 
BMI_bf_103	 1	 13	 2118.jpg	 1.803762e+03	 11	 9.283545e+02	 110	 7.004099e+02	 98	 1.804797e+03	 716.67	 716.67	 12.00	 46	 0.76	 
