subjectID	 order	 runNum	 itemName	 onsetTime	 shuff_trialType	 RT	 respInTime	 AudioTime	 response	 fixationTime	 ladder1	 ladder2	 bidIndex	 itemNameIndex	 bidValue	 
BMI_bf_119	 1	 14	 2039.jpg	 1.704795e+03	 11	 1.014850e+03	 1100	 7.837103e+02	 98	 1.705833e+03	 733.33	 716.67	 15.00	 35	 0.70	 
BMI_bf_119	 1	 14	 1262.jpg	 1.707799e+03	 24	 999000	 240	 999000	 999	 1.708817e+03	 733.33	 716.67	 57.00	 30	 0.19	 
BMI_bf_119	 1	 14	 1202.jpg	 1.711803e+03	 12	 999000	 120	 999000	 999	 1.712821e+03	 733.33	 716.67	 22.00	 23	 0.61	 
BMI_bf_119	 1	 14	 1192.jpg	 1.713805e+03	 24	 999000	 240	 999000	 999	 1.714825e+03	 733.33	 716.67	 39.00	 22	 0.37	 
BMI_bf_119	 1	 14	 2229.jpg	 1.715791e+03	 11	 9.771140e+02	 110	 7.336447e+02	 98	 1.716828e+03	 750.00	 716.67	 7.00	 58	 0.82	 
BMI_bf_119	 1	 14	 1191.jpg	 1.719795e+03	 24	 999000	 240	 999000	 999	 1.720813e+03	 750.00	 716.67	 54.00	 21	 0.21	 
BMI_bf_119	 1	 14	 1145.jpg	 1.721798e+03	 24	 999000	 240	 999000	 999	 1.722816e+03	 750.00	 716.67	 42.00	 16	 0.36	 
BMI_bf_119	 1	 14	 2015.jpg	 1.726803e+03	 12	 999000	 120	 999000	 999	 1.727821e+03	 750.00	 716.67	 11.00	 33	 0.78	 
BMI_bf_119	 1	 14	 1183.jpg	 1.728806e+03	 24	 999000	 240	 999000	 999	 1.729824e+03	 750.00	 716.67	 49.00	 20	 0.25	 
BMI_bf_119	 1	 14	 1127.jpg	 1.731792e+03	 22	 1.052545e+03	 2200	 7.171127e+02	 98	 1.732827e+03	 750.00	 666.67	 53.00	 14	 0.22	 
BMI_bf_119	 1	 14	 1060.jpg	 1.734796e+03	 12	 999000	 120	 999000	 999	 1.735816e+03	 750.00	 666.67	 16.00	 10	 0.68	 
BMI_bf_119	 1	 14	 1031.jpg	 1.738800e+03	 12	 999000	 120	 999000	 999	 1.739818e+03	 750.00	 666.67	 21.00	 6	 0.63	 
BMI_bf_119	 1	 14	 1246.jpg	 1.741803e+03	 24	 999000	 240	 999000	 999	 1.742821e+03	 750.00	 666.67	 55.00	 28	 0.20	 
BMI_bf_119	 1	 14	 2089.jpg	 1.743806e+03	 11	 7.396691e+02	 11	 7.502102e+02	 98	 1.744842e+03	 766.67	 666.67	 12.00	 42	 0.76	 
BMI_bf_119	 1	 14	 2181.jpg	 1.746792e+03	 11	 9.818098e+02	 110	 7.669686e+02	 98	 1.747829e+03	 783.33	 666.67	 13.00	 53	 0.75	 
BMI_bf_119	 1	 14	 1173.jpg	 1.750797e+03	 24	 999000	 240	 999000	 999	 1.751815e+03	 783.33	 666.67	 56.00	 19	 0.19	 
BMI_bf_119	 1	 14	 1146.jpg	 1.753800e+03	 12	 999000	 120	 999000	 999	 1.754818e+03	 783.33	 666.67	 20.00	 17	 0.64	 
BMI_bf_119	 1	 14	 2164.jpg	 1.755802e+03	 12	 999000	 120	 999000	 999	 1.756821e+03	 783.33	 666.67	 14.00	 52	 0.74	 
BMI_bf_119	 1	 14	 2218.jpg	 1.757805e+03	 11	 7.700328e+02	 11	 7.835365e+02	 98	 1.758840e+03	 800.00	 666.67	 18.00	 57	 0.67	 
BMI_bf_119	 1	 14	 2094.jpg	 1.762794e+03	 12	 999000	 120	 999000	 999	 1.763813e+03	 800.00	 666.67	 8.00	 43	 0.82	 
BMI_bf_119	 1	 14	 2010.jpg	 1.766798e+03	 12	 999000	 120	 999000	 999	 1.767816e+03	 800.00	 666.67	 6.00	 32	 0.83	 
BMI_bf_119	 1	 14	 2058.jpg	 1.770803e+03	 24	 999000	 240	 999000	 999	 1.771821e+03	 800.00	 666.67	 40.00	 40	 0.37	 
BMI_bf_119	 1	 14	 2006.jpg	 1.776793e+03	 11	 1.031596e+03	 1100	 8.003237e+02	 98	 1.777830e+03	 750.00	 666.67	 10.00	 31	 0.79	 
BMI_bf_119	 1	 14	 2118.jpg	 1.778795e+03	 12	 999000	 120	 999000	 999	 1.779816e+03	 750.00	 666.67	 3.00	 46	 0.87	 
BMI_bf_119	 1	 14	 1019.jpg	 1.780797e+03	 22	 9.199129e+02	 220	 6.669964e+02	 98	 1.781848e+03	 750.00	 683.33	 45.00	 4	 0.31	 
BMI_bf_119	 1	 14	 2112.jpg	 1.782799e+03	 12	 999000	 120	 999000	 999	 1.783818e+03	 750.00	 683.33	 5.00	 45	 0.83	 
BMI_bf_119	 1	 14	 1035.jpg	 1.784802e+03	 24	 999000	 240	 999000	 999	 1.785819e+03	 750.00	 683.33	 41.00	 7	 0.36	 
BMI_bf_119	 1	 14	 1255.jpg	 1.788806e+03	 24	 999000	 240	 999000	 999	 1.789824e+03	 750.00	 683.33	 48.00	 29	 0.25	 
BMI_bf_119	 1	 14	 2110.jpg	 1.790791e+03	 24	 999000	 240	 999000	 999	 1.791810e+03	 750.00	 683.33	 46.00	 44	 0.27	 
BMI_bf_119	 1	 14	 1204.jpg	 1.794796e+03	 22	 9.727667e+02	 220	 6.837034e+02	 98	 1.795831e+03	 750.00	 700.00	 50.00	 24	 0.25	 
BMI_bf_119	 1	 14	 1013.jpg	 1.796798e+03	 24	 999000	 240	 999000	 999	 1.797816e+03	 750.00	 700.00	 43.00	 2	 0.33	 
BMI_bf_119	 1	 14	 2041.jpg	 1.798801e+03	 12	 999000	 120	 999000	 999	 1.799818e+03	 750.00	 700.00	 9.00	 36	 0.79	 
BMI_bf_119	 1	 14	 1210.jpg	 1.800803e+03	 22	 8.161986e+02	 220	 7.003021e+02	 98	 1.801838e+03	 750.00	 716.67	 44.00	 25	 0.31	 
BMI_bf_119	 1	 14	 2043.jpg	 1.805792e+03	 22	 9.125532e+02	 220	 7.169705e+02	 98	 1.806827e+03	 750.00	 733.33	 52.00	 37	 0.23	 
BMI_bf_119	 1	 14	 2248.jpg	 1.807794e+03	 12	 999000	 120	 999000	 999	 1.808812e+03	 750.00	 733.33	 4.00	 60	 0.86	 
BMI_bf_119	 1	 14	 1017.jpg	 1.809796e+03	 22	 7.557388e+02	 220	 7.336380e+02	 98	 1.810832e+03	 750.00	 750.00	 47.00	 3	 0.26	 
BMI_bf_119	 1	 14	 1027.jpg	 1.812800e+03	 24	 999000	 240	 999000	 999	 1.813817e+03	 750.00	 750.00	 51.00	 5	 0.23	 
BMI_bf_119	 1	 14	 2149.jpg	 1.819808e+03	 12	 999000	 120	 999000	 999	 1.820825e+03	 750.00	 750.00	 19.00	 49	 0.67	 
BMI_bf_119	 1	 14	 2194.jpg	 1.823795e+03	 24	 999000	 240	 999000	 999	 1.824814e+03	 750.00	 750.00	 58.00	 54	 0.17	 
BMI_bf_119	 1	 14	 1114.jpg	 1.830803e+03	 12	 999000	 120	 999000	 999	 1.831821e+03	 750.00	 750.00	 17.00	 13	 0.68	 
