subjectID	 order	 runNum	 itemName	 onsetTime	 shuff_trialType	 RT	 respInTime	 AudioTime	 response	 fixationTime	 ladder1	 ladder2	 bidIndex	 itemNameIndex	 bidValue	 
BMI_bf_106	 2	 8	 1262.jpg	 9.883648e+02	 24	 999000	 240	 999000	 999	 9.893828e+02	 583.33	 583.33	 53.00	 30	 0.20	 
BMI_bf_106	 2	 8	 1073.jpg	 9.913682e+02	 12	 999000	 120	 999000	 999	 9.923861e+02	 583.33	 583.33	 5.00	 11	 0.82	 
BMI_bf_106	 2	 8	 1246.jpg	 9.933705e+02	 24	 999000	 240	 999000	 999	 9.943883e+02	 583.33	 583.33	 50.00	 28	 0.26	 
BMI_bf_106	 2	 8	 1027.jpg	 9.953727e+02	 22	 9.343733e+02	 220	 5.836811e+02	 98	 9.964088e+02	 583.33	 600.00	 54.00	 5	 0.19	 
BMI_bf_106	 2	 8	 2153.jpg	 9.973582e+02	 12	 999000	 120	 999000	 999	 9.983760e+02	 583.33	 600.00	 18.00	 50	 0.68	 
BMI_bf_106	 2	 8	 2112.jpg	 1.000362e+03	 12	 999000	 120	 999000	 999	 1.001379e+03	 583.33	 600.00	 4.00	 45	 0.82	 
BMI_bf_106	 2	 8	 1145.jpg	 1.002364e+03	 24	 999000	 240	 999000	 999	 1.003383e+03	 583.33	 600.00	 44.00	 16	 0.33	 
BMI_bf_106	 2	 8	 2010.jpg	 1.006368e+03	 11	 8.741591e+02	 110	 5.836864e+02	 98	 1.007403e+03	 600.00	 600.00	 9.00	 32	 0.79	 
BMI_bf_106	 2	 8	 1080.jpg	 1.008371e+03	 24	 999000	 240	 999000	 999	 1.009388e+03	 600.00	 600.00	 40.00	 12	 0.36	 
BMI_bf_106	 2	 8	 2164.jpg	 1.013360e+03	 12	 999000	 120	 999000	 999	 1.014377e+03	 600.00	 600.00	 12.00	 52	 0.75	 
BMI_bf_106	 2	 8	 1114.jpg	 1.015362e+03	 12	 999000	 120	 999000	 999	 1.016380e+03	 600.00	 600.00	 10.00	 13	 0.78	 
BMI_bf_106	 2	 8	 2240.jpg	 1.019366e+03	 22	 9.044020e+02	 220	 6.003298e+02	 98	 1.020403e+03	 600.00	 616.67	 51.00	 59	 0.23	 
BMI_bf_106	 2	 8	 2229.jpg	 1.021368e+03	 12	 999000	 120	 999000	 999	 1.022386e+03	 600.00	 616.67	 15.00	 58	 0.69	 
BMI_bf_106	 2	 8	 1183.jpg	 1.024372e+03	 24	 999000	 240	 999000	 999	 1.025390e+03	 600.00	 616.67	 42.00	 20	 0.35	 
BMI_bf_106	 2	 8	 1127.jpg	 1.029361e+03	 24	 999000	 240	 999000	 999	 1.030379e+03	 600.00	 616.67	 57.00	 14	 0.19	 
BMI_bf_106	 2	 8	 1204.jpg	 1.031363e+03	 22	 9.456451e+02	 220	 6.170886e+02	 98	 1.032400e+03	 600.00	 633.33	 48.00	 24	 0.27	 
BMI_bf_106	 2	 8	 1050.jpg	 1.033365e+03	 11	 9.459391e+02	 110	 6.003229e+02	 98	 1.034402e+03	 616.67	 633.33	 11.00	 8	 0.77	 
BMI_bf_106	 2	 8	 1150.jpg	 1.037370e+03	 24	 999000	 240	 999000	 999	 1.038388e+03	 616.67	 633.33	 56.00	 18	 0.19	 
BMI_bf_106	 2	 8	 1013.jpg	 1.041374e+03	 12	 999000	 120	 999000	 999	 1.042392e+03	 616.67	 633.33	 21.00	 2	 0.63	 
BMI_bf_106	 2	 8	 2218.jpg	 1.045362e+03	 24	 999000	 240	 999000	 999	 1.046381e+03	 616.67	 633.33	 45.00	 57	 0.32	 
BMI_bf_106	 2	 8	 2024.jpg	 1.047364e+03	 22	 1.077654e+03	 2200	 6.336654e+02	 98	 1.048400e+03	 616.67	 583.33	 43.00	 34	 0.34	 
BMI_bf_106	 2	 8	 1192.jpg	 1.049367e+03	 24	 999000	 240	 999000	 999	 1.050387e+03	 616.67	 583.33	 58.00	 22	 0.17	 
BMI_bf_106	 2	 8	 1060.jpg	 1.051369e+03	 24	 999000	 240	 999000	 999	 1.052388e+03	 616.67	 583.33	 55.00	 10	 0.19	 
BMI_bf_106	 2	 8	 1216.jpg	 1.053371e+03	 12	 999000	 120	 999000	 999	 1.054389e+03	 616.67	 583.33	 22.00	 26	 0.62	 
BMI_bf_106	 2	 8	 2125.jpg	 1.059361e+03	 12	 999000	 120	 999000	 999	 1.060379e+03	 616.67	 583.33	 3.00	 47	 0.86	 
BMI_bf_106	 2	 8	 1202.jpg	 1.062364e+03	 11	 9.395812e+02	 110	 6.170003e+02	 98	 1.063399e+03	 633.33	 583.33	 8.00	 23	 0.80	 
BMI_bf_106	 2	 8	 1035.jpg	 1.064367e+03	 11	 9.961071e+02	 110	 6.336645e+02	 98	 1.065402e+03	 650.00	 583.33	 14.00	 7	 0.69	 
BMI_bf_106	 2	 8	 2181.jpg	 1.066369e+03	 22	 9.063602e+02	 220	 5.836662e+02	 98	 1.067405e+03	 650.00	 600.00	 49.00	 53	 0.27	 
BMI_bf_106	 2	 8	 1007.jpg	 1.069372e+03	 12	 999000	 120	 999000	 999	 1.070390e+03	 650.00	 600.00	 20.00	 1	 0.67	 
BMI_bf_106	 2	 8	 2045.jpg	 1.071375e+03	 11	 9.973757e+02	 110	 6.503317e+02	 98	 1.072410e+03	 666.67	 600.00	 16.00	 38	 0.69	 
BMI_bf_106	 2	 8	 1226.jpg	 1.073360e+03	 22	 8.905120e+02	 220	 6.003358e+02	 98	 1.074396e+03	 666.67	 616.67	 46.00	 27	 0.29	 
BMI_bf_106	 2	 8	 2110.jpg	 1.075362e+03	 12	 999000	 120	 999000	 999	 1.076382e+03	 666.67	 616.67	 13.00	 44	 0.73	 
BMI_bf_106	 2	 8	 2118.jpg	 1.078366e+03	 11	 1.026406e+03	 1100	 6.669961e+02	 98	 1.079400e+03	 616.67	 616.67	 17.00	 46	 0.68	 
BMI_bf_106	 2	 8	 2155.jpg	 1.080368e+03	 24	 999000	 240	 999000	 999	 1.081386e+03	 616.67	 616.67	 47.00	 51	 0.28	 
BMI_bf_106	 2	 8	 2043.jpg	 1.082370e+03	 24	 999000	 240	 999000	 999	 1.083388e+03	 616.67	 616.67	 39.00	 37	 0.38	 
BMI_bf_106	 2	 8	 2094.jpg	 1.084373e+03	 12	 999000	 120	 999000	 999	 1.085390e+03	 616.67	 616.67	 6.00	 43	 0.81	 
BMI_bf_106	 2	 8	 2039.jpg	 1.086375e+03	 12	 999000	 120	 999000	 999	 1.087393e+03	 616.67	 616.67	 7.00	 35	 0.81	 
BMI_bf_106	 2	 8	 2194.jpg	 1.092365e+03	 24	 999000	 240	 999000	 999	 1.093383e+03	 616.67	 616.67	 52.00	 54	 0.21	 
BMI_bf_106	 2	 8	 2128.jpg	 1.095368e+03	 24	 999000	 240	 999000	 999	 1.096386e+03	 616.67	 616.67	 41.00	 48	 0.36	 
BMI_bf_106	 2	 8	 2063.jpg	 1.099373e+03	 12	 999000	 120	 999000	 999	 1.100391e+03	 616.67	 616.67	 19.00	 41	 0.67	 
