subjid runnum itemname onsettime trialtype RT respInTime Ausdiotime response fixationtime ladder1 ladder2 bidindex itemnameIndex
BM2_163 9 MrGoodbar.bmp 1.572335e+03 22 1.193434e+03 2200 7.834304e+02 98 1573.34 7.833333e+02 7.333333e+02 48 38
BM2_163 9 Fritos.bmp 1.577333e+03 12 999000 120 999000 999 1578.35 7.833333e+02 7.333333e+02 30 18
BM2_163 9 Toberlorone.bmp 1.579339e+03 11 1.029174e+03 1100 7.834289e+02 98 1580.36 7.333333e+02 7.333333e+02 9 57
BM2_163 9 Streusel.bmp 1.581328e+03 24 999000 240 999000 999 1582.35 7.333333e+02 7.333333e+02 33 55
BM2_163 9 3Musketeers.bmp 1.587330e+03 11 9.700490e+02 110 7.334200e+02 98 1588.35 7.500000e+02 7.333333e+02 13 2
BM2_163 9 Jollyrancherred.bmp 1.589336e+03 24 999000 240 999000 999 1590.36 7.500000e+02 7.333333e+02 56 29
BM2_163 9 Cupcakes.bmp 1.592328e+03 24 999000 240 999000 999 1593.35 7.500000e+02 7.333333e+02 41 12
BM2_163 9 Goldfish.bmp 1.594335e+03 11 9.733941e+02 110 7.500936e+02 98 1595.35 7.666667e+02 7.333333e+02 10 23
BM2_163 9 Cheezits.bmp 1.598329e+03 12 999000 120 999000 999 1599.35 7.666667e+02 7.333333e+02 11 9
BM2_163 9 FrootLoops.bmp 1.600335e+03 12 999000 120 999000 999 1601.36 7.666667e+02 7.333333e+02 25 19
BM2_163 9 Lollipopred.bmp 1.605334e+03 22 9.214837e+02 220 7.334038e+02 98 1606.35 7.666667e+02 7.500000e+02 51 34
BM2_163 9 PayDay.bmp 1.612338e+03 22 9.261509e+02 220 7.500830e+02 98 1613.36 7.666667e+02 7.666667e+02 52 41
BM2_163 9 Nutterbutter.bmp 1.614328e+03 24 999000 240 999000 999 1615.35 7.666667e+02 7.666667e+02 55 39
BM2_163 9 PopTartsCinnamon.bmp 1.617337e+03 24 999000 240 999000 999 1618.36 7.666667e+02 7.666667e+02 32 43
BM2_163 9 MilkyWay.bmp 1.620329e+03 12 999000 120 999000 999 1621.35 7.666667e+02 7.666667e+02 6 37
BM2_163 9 Butterfinger.bmp 1.624341e+03 11 9.613975e+02 110 7.667393e+02 98 1625.36 7.833333e+02 7.666667e+02 17 6
BM2_163 9 HoHo.bmp 1.628336e+03 22 1.072483e+03 2200 7.667410e+02 98 1629.36 7.833333e+02 7.166667e+02 43 27
BM2_163 9 Almondjoy.bmp 1.632332e+03 24 999000 240 999000 999 1633.35 7.833333e+02 7.166667e+02 59 3
BM2_163 9 Laysclassic.bmp 1.635341e+03 24 999000 240 999000 999 1636.36 7.833333e+02 7.166667e+02 38 33
BM2_163 9 Milkduds.bmp 1.641342e+03 24 999000 240 999000 999 1642.36 7.833333e+02 7.166667e+02 53 36
BM2_163 9 FamousAmos_small.bmp 1.643331e+03 11 1.006610e+03 1100 7.834166e+02 98 1644.35 7.333333e+02 7.166667e+02 14 15
BM2_163 9 Skittles.bmp 1.646340e+03 12 999000 120 999000 999 1647.36 7.333333e+02 7.166667e+02 7 49
BM2_163 9 Hersheymilk_several.bmp 1.648330e+03 24 999000 240 999000 999 1649.35 7.333333e+02 7.166667e+02 37 26
BM2_163 9 Milano.bmp 1.650336e+03 12 999000 120 999000 999 1651.36 7.333333e+02 7.166667e+02 3 35
BM2_163 9 PringlesRed.bmp 1.652342e+03 11 9.065339e+02 110 7.334357e+02 98 1653.36 7.500000e+02 7.166667e+02 18 45
BM2_163 9 SourSkittles.bmp 1.655335e+03 24 999000 240 999000 999 1656.35 7.500000e+02 7.166667e+02 49 53
BM2_163 9 FigNewton_small.bmp 1.659329e+03 12 999000 120 999000 999 1660.35 7.500000e+02 7.166667e+02 5 16
BM2_163 9 Funyuns_small.bmp 1.661335e+03 24 999000 240 999000 999 1662.35 7.500000e+02 7.166667e+02 60 20
BM2_163 9 Oreos.bmp 1.663341e+03 12 999000 120 999000 999 1664.36 7.500000e+02 7.166667e+02 26 40
BM2_163 9 FlamingCheetos.bmp 1.665331e+03 24 999000 240 999000 999 1666.35 7.500000e+02 7.166667e+02 34 17
BM2_163 9 Laffytaffyred_one.bmp 1.667337e+03 24 999000 240 999000 999 1668.36 7.500000e+02 7.166667e+02 36 32
BM2_163 9 Ghiradelli_milk_Almonds.bmp 1.669343e+03 12 999000 120 999000 999 1670.36 7.500000e+02 7.166667e+02 8 22
BM2_163 9 Sourpatch.bmp 1.673338e+03 24 999000 240 999000 999 1674.36 7.500000e+02 7.166667e+02 46 54
BM2_163 9 SnoBall.bmp 1.677334e+03 24 999000 240 999000 999 1678.35 7.500000e+02 7.166667e+02 58 52
BM2_163 9 AnimalCrackers.bmp 1.679339e+03 12 999000 120 999000 999 1680.36 7.500000e+02 7.166667e+02 1 4
BM2_163 9 Jollyranchergreen.bmp 1.681329e+03 24 999000 240 999000 999 1682.35 7.500000e+02 7.166667e+02 54 28
BM2_163 9 Cheetos.bmp 1.683336e+03 24 999000 240 999000 999 1684.35 7.500000e+02 7.166667e+02 35 8
BM2_163 9 BabyRuth.bmp 1.685341e+03 12 999000 120 999000 999 1686.36 7.500000e+02 7.166667e+02 20 5
BM2_163 9 Snickers.bmp 1.691342e+03 12 999000 120 999000 999 1692.36 7.500000e+02 7.166667e+02 16 51
BM2_163 9 PopTartsStrawberry.bmp 1.693331e+03 12 999000 120 999000 999 1694.35 7.500000e+02 7.166667e+02 29 44
BM2_163 9 PeanutMMs.bmp 1.695337e+03 11 9.433909e+02 110 7.500796e+02 98 1696.36 7.666667e+02 7.166667e+02 21 42
BM2_163 9 Riprolls.bmp 1.697327e+03 22 7.878416e+02 220 7.167344e+02 98 1698.35 7.666667e+02 7.333333e+02 47 47
BM2_163 9 100grand_small.bmp 1.700336e+03 12 999000 120 999000 999 1701.36 7.666667e+02 7.333333e+02 28 1
BM2_163 9 RitzBitz2.bmp 1.702342e+03 24 999000 240 999000 999 1703.36 7.666667e+02 7.333333e+02 45 48
BM2_163 9 CheesyDoritos.bmp 1.709329e+03 11 1.014273e+03 1100 7.667473e+02 98 1710.35 7.166667e+02 7.333333e+02 22 7
BM2_163 9 Dots_one.bmp 1.711335e+03 24 999000 240 999000 999 1712.36 7.166667e+02 7.333333e+02 57 14
BM2_163 9 Granolabar.bmp 1.715331e+03 12 999000 120 999000 999 1716.35 7.166667e+02 7.333333e+02 12 24
BM2_163 9 Keeblerfudgestripes.bmp 1.719343e+03 22 9.124024e+02 220 7.334096e+02 98 1720.36 7.166667e+02 7.500000e+02 40 30
BM2_163 9 Chocolate_mm.bmp 1.722335e+03 24 999000 240 999000 999 1723.35 7.166667e+02 7.500000e+02 31 11
BM2_163 9 KitKat_small.bmp 1.724341e+03 12 999000 120 999000 999 1725.36 7.166667e+02 7.500000e+02 19 31
BM2_163 9 Doritosranch.bmp 1.728336e+03 12 999000 120 999000 999 1729.36 7.166667e+02 7.500000e+02 4 13
BM2_163 9 TeddyGrahamschocolate.bmp 1.730342e+03 12 999000 120 999000 999 1731.36 7.166667e+02 7.500000e+02 15 56
BM2_163 9 Slimjim.bmp 1.733336e+03 22 9.373489e+02 220 7.500811e+02 98 1734.35 7.166667e+02 7.666667e+02 39 50
BM2_163 9 Whatchamacallit.bmp 1.737330e+03 12 999000 120 999000 999 1738.35 7.166667e+02 7.666667e+02 23 60
BM2_163 9 Ghiradelli_milk.bmp 1.739336e+03 12 999000 120 999000 999 1740.36 7.166667e+02 7.666667e+02 2 21
BM2_163 9 ChipsAhoy_small.bmp 1.744335e+03 12 999000 120 999000 999 1745.35 7.166667e+02 7.666667e+02 24 10
BM2_163 9 Twix.bmp 1.746340e+03 12 999000 120 999000 999 1747.36 7.166667e+02 7.666667e+02 27 59
BM2_163 9 Reeses.bmp 1.750336e+03 22 9.703619e+02 220 7.667658e+02 98 1751.36 7.166667e+02 7.833333e+02 44 46
BM2_163 9 Hersheykisses.bmp 1.753328e+03 24 999000 240 999000 999 1754.35 7.166667e+02 7.833333e+02 42 25
BM2_163 9 Twinkie.bmp 1.756337e+03 24 999000 240 999000 999 1757.36 7.166667e+02 7.833333e+02 50 58
