subjid runnum itemname onsettime trialtype RT respInTime Ausdiotime response fixationtime ladder1 ladder2 bidindex itemnameIndex
BM2_184 8 Snickers.bmp 1.357371e+03 24 999000 240 999000 999 1358.37 5.833333e+02 5.833333e+02 41 51
BM2_184 8 Toberlorone.bmp 1.360380e+03 11 1.011909e+03 1100 5.834191e+02 98 1361.40 5.333333e+02 5.833333e+02 13 57
BM2_184 8 Ghiradelli_milk.bmp 1.364375e+03 11 8.867406e+02 110 5.334258e+02 98 1365.39 5.500000e+02 5.833333e+02 17 21
BM2_184 8 Butterfinger.bmp 1.366364e+03 24 999000 240 999000 999 1367.38 5.500000e+02 5.833333e+02 45 6
BM2_184 8 Granolabar.bmp 1.368371e+03 11 9.974716e+02 110 5.500853e+02 98 1369.39 5.666667e+02 5.833333e+02 18 24
BM2_184 8 Streusel.bmp 1.372366e+03 24 999000 240 999000 999 1373.39 5.666667e+02 5.833333e+02 54 55
BM2_184 8 Fritos.bmp 1.374372e+03 12 999000 120 999000 999 1375.39 5.666667e+02 5.833333e+02 30 18
BM2_184 8 Jollyrancherred.bmp 1.379371e+03 24 999000 240 999000 999 1380.39 5.666667e+02 5.833333e+02 59 29
BM2_184 8 Lollipopred.bmp 1.381376e+03 22 9.186420e+02 220 5.834504e+02 98 1382.40 5.666667e+02 6.000000e+02 48 34
BM2_184 8 AnimalCrackers.bmp 1.384368e+03 12 999000 120 999000 999 1385.39 5.666667e+02 6.000000e+02 2 4
BM2_184 8 PringlesRed.bmp 1.387377e+03 11 8.912359e+02 110 5.667380e+02 98 1388.40 5.833333e+02 6.000000e+02 10 45
BM2_184 8 Cupcakes.bmp 1.391373e+03 24 999000 240 999000 999 1392.39 5.833333e+02 6.000000e+02 34 12
BM2_184 8 PopTartsStrawberry.bmp 1.394365e+03 24 999000 240 999000 999 1395.38 5.833333e+02 6.000000e+02 35 44
BM2_184 8 Laysclassic.bmp 1.396371e+03 22 9.428908e+02 220 6.000677e+02 98 1397.39 5.833333e+02 6.166667e+02 44 33
BM2_184 8 Ghiradelli_milk_Almonds.bmp 1.399363e+03 11 9.881538e+02 110 5.834248e+02 98 1400.38 6.000000e+02 6.166667e+02 9 22
BM2_184 8 TeddyGrahamschocolate.bmp 1.403375e+03 12 999000 120 999000 999 1404.40 6.000000e+02 6.166667e+02 20 56
BM2_184 8 3Musketeers.bmp 1.406368e+03 24 999000 240 999000 999 1407.39 6.000000e+02 6.166667e+02 36 2
BM2_184 8 Sourpatch.bmp 1.408374e+03 12 999000 120 999000 999 1409.39 6.000000e+02 6.166667e+02 1 54
BM2_184 8 SnoBall.bmp 1.410363e+03 12 999000 120 999000 999 1411.38 6.000000e+02 6.166667e+02 16 52
BM2_184 8 CheesyDoritos.bmp 1.415378e+03 24 999000 240 999000 999 1416.40 6.000000e+02 6.166667e+02 33 7
BM2_184 8 PayDay.bmp 1.419373e+03 12 999000 120 999000 999 1420.39 6.000000e+02 6.166667e+02 26 41
BM2_184 8 Cheetos.bmp 1.423369e+03 12 999000 120 999000 999 1424.39 6.000000e+02 6.166667e+02 15 8
BM2_184 8 Almondjoy.bmp 1.429370e+03 11 1.030792e+03 1100 6.001119e+02 98 1430.39 5.500000e+02 6.166667e+02 21 3
BM2_184 8 100grand_small.bmp 1.431376e+03 22 1.072670e+03 2200 6.167502e+02 98 1432.40 5.500000e+02 5.666667e+02 43 1
BM2_184 8 Reeses.bmp 1.433366e+03 24 999000 240 999000 999 1434.39 5.500000e+02 5.666667e+02 53 46
BM2_184 8 MilkyWay.bmp 1.435371e+03 22 9.249411e+02 220 5.667433e+02 98 1436.39 5.500000e+02 5.833333e+02 39 37
BM2_184 8 ChipsAhoy_small.bmp 1.437377e+03 12 999000 120 999000 999 1438.40 5.500000e+02 5.833333e+02 5 10
BM2_184 8 Milano.bmp 1.441373e+03 12 999000 120 999000 999 1442.39 5.500000e+02 5.833333e+02 3 35
BM2_184 8 BabyRuth.bmp 1.443379e+03 24 999000 240 999000 999 1444.40 5.500000e+02 5.833333e+02 57 5
BM2_184 8 Goldfish.bmp 1.447374e+03 22 9.601273e+02 220 5.834213e+02 98 1448.39 5.500000e+02 6.000000e+02 40 23
BM2_184 8 Skittles.bmp 1.449364e+03 24 999000 240 999000 999 1450.38 5.500000e+02 6.000000e+02 46 49
BM2_184 8 Twinkie.bmp 1.451371e+03 12 999000 120 999000 999 1452.39 5.500000e+02 6.000000e+02 19 58
BM2_184 8 MrGoodbar.bmp 1.453375e+03 11 9.553382e+02 110 5.500863e+02 98 1454.40 5.666667e+02 6.000000e+02 14 38
BM2_184 8 Hersheykisses.bmp 1.458374e+03 24 999000 240 999000 999 1459.39 5.666667e+02 6.000000e+02 55 25
BM2_184 8 Slimjim.bmp 1.460363e+03 24 999000 240 999000 999 1461.38 5.666667e+02 6.000000e+02 42 50
BM2_184 8 Oreos.bmp 1.462371e+03 12 999000 120 999000 999 1463.39 5.666667e+02 6.000000e+02 29 40
BM2_184 8 FigNewton_small.bmp 1.465378e+03 12 999000 120 999000 999 1466.40 5.666667e+02 6.000000e+02 12 16
BM2_184 8 Chocolate_mm.bmp 1.472366e+03 12 999000 120 999000 999 1473.39 5.666667e+02 6.000000e+02 25 11
BM2_184 8 Riprolls.bmp 1.476378e+03 24 999000 240 999000 999 1477.40 5.666667e+02 6.000000e+02 49 47
BM2_184 8 FlamingCheetos.bmp 1.483366e+03 24 999000 240 999000 999 1484.39 5.666667e+02 6.000000e+02 32 17
BM2_184 8 PeanutMMs.bmp 1.485372e+03 24 999000 240 999000 999 1486.39 5.666667e+02 6.000000e+02 50 42
BM2_184 8 Whatchamacallit.bmp 1.489367e+03 12 999000 120 999000 999 1490.39 5.666667e+02 6.000000e+02 23 60
BM2_184 8 RitzBitz2.bmp 1.493379e+03 24 999000 240 999000 999 1494.40 5.666667e+02 6.000000e+02 31 48
BM2_184 8 HoHo.bmp 1.495368e+03 22 1.027404e+03 2200 6.000677e+02 98 1496.39 5.666667e+02 5.500000e+02 52 27
BM2_184 8 Twix.bmp 1.499364e+03 12 999000 120 999000 999 1500.38 5.666667e+02 5.500000e+02 24 59
BM2_184 8 Laffytaffyred_one.bmp 1.501371e+03 22 8.638300e+02 220 5.500867e+02 98 1502.39 5.666667e+02 5.666667e+02 51 32
BM2_184 8 PopTartsCinnamon.bmp 1.503376e+03 24 999000 240 999000 999 1504.40 5.666667e+02 5.666667e+02 56 43
BM2_184 8 Doritosranch.bmp 1.509377e+03 12 999000 120 999000 999 1510.40 5.666667e+02 5.666667e+02 27 13
BM2_184 8 Hersheymilk_several.bmp 1.511366e+03 24 999000 240 999000 999 1512.39 5.666667e+02 5.666667e+02 58 26
BM2_184 8 Keeblerfudgestripes.bmp 1.514375e+03 12 999000 120 999000 999 1515.40 5.666667e+02 5.666667e+02 11 30
BM2_184 8 FrootLoops.bmp 1.517368e+03 12 999000 120 999000 999 1518.39 5.666667e+02 5.666667e+02 4 19
BM2_184 8 Jollyranchergreen.bmp 1.519374e+03 24 999000 240 999000 999 1520.39 5.666667e+02 5.666667e+02 60 28
BM2_184 8 Dots_one.bmp 1.521363e+03 24 999000 240 999000 999 1522.38 5.666667e+02 5.666667e+02 37 14
BM2_184 8 Milkduds.bmp 1.523370e+03 24 999000 240 999000 999 1524.39 5.666667e+02 5.666667e+02 38 36
BM2_184 8 Cheezits.bmp 1.529372e+03 12 999000 120 999000 999 1530.39 5.666667e+02 5.666667e+02 6 9
BM2_184 8 KitKat_small.bmp 1.531376e+03 12 999000 120 999000 999 1532.40 5.666667e+02 5.666667e+02 7 31
BM2_184 8 Funyuns_small.bmp 1.533366e+03 11 9.549450e+02 110 5.667527e+02 98 1534.39 5.833333e+02 5.666667e+02 22 20
BM2_184 8 SourSkittles.bmp 1.535372e+03 22 9.066099e+02 220 5.667489e+02 98 1536.39 5.833333e+02 5.833333e+02 47 53
BM2_184 8 Nutterbutter.bmp 1.538364e+03 12 999000 120 999000 999 1539.38 5.833333e+02 5.833333e+02 8 39
BM2_184 8 FamousAmos_small.bmp 1.541373e+03 12 999000 120 999000 999 1542.39 5.833333e+02 5.833333e+02 28 15
