subjid runnum itemname onsettime trialtype RT respInTime Ausdiotime response fixationtime ladder1 ladder2 bidindex itemnameIndex
BM2_250 10 AnimalCrackers.bmp 1.803131e+03 24 999000 240 999000 999 1804.15 9.833333e+02 9.833333e+02 46 4
BM2_250 10 Cupcakes.bmp 1.805117e+03 24 999000 240 999000 999 1806.13 9.833333e+02 9.833333e+02 56 12
BM2_250 10 Laffytaffyred_one.bmp 1.809126e+03 24 999000 240 999000 999 1810.14 9.833333e+02 9.833333e+02 55 32
BM2_250 10 Laysclassic.bmp 1.812126e+03 11 6.613843e+02 11 9.834935e+02 98 1813.14 1.000000e+03 9.833333e+02 17 33
BM2_250 10 Ghiradelli_milk.bmp 1.814127e+03 12 999000 120 999000 999 1815.14 1.000000e+03 9.833333e+02 3 21
BM2_250 10 PeanutMMs.bmp 1.817130e+03 12 999000 120 999000 999 1818.15 1.000000e+03 9.833333e+02 19 42
BM2_250 10 RitzBitz2.bmp 1.821118e+03 24 999000 240 999000 999 1822.14 1.000000e+03 9.833333e+02 59 48
BM2_250 10 FrootLoops.bmp 1.825127e+03 22 5.811466e+02 22 9.834806e+02 98 1826.14 1.000000e+03 1.000000e+03 47 19
BM2_250 10 PopTartsStrawberry.bmp 1.827127e+03 24 999000 240 999000 999 1828.14 1.000000e+03 1.000000e+03 53 44
BM2_250 10 Dots_one.bmp 1.832129e+03 24 999000 240 999000 999 1833.15 1.000000e+03 1.000000e+03 42 14
BM2_250 10 Riprolls.bmp 1.834132e+03 24 999000 240 999000 999 1835.15 1.000000e+03 1.000000e+03 34 47
BM2_250 10 Sourpatch.bmp 1.836117e+03 11 5.025418e+02 110 999000 98 1837.13 1.000000e+03 1.000000e+03 14 54
BM2_250 10 MilkyWay.bmp 1.842126e+03 22 8.535864e+02 220 999000 98 1843.14 1.000000e+03 1.000000e+03 40 37
BM2_250 10 SnoBall.bmp 1.844126e+03 22 999000 2 1.000100e+03 999 1845.14 1.000000e+03 9.500000e+02 51 52
BM2_250 10 Reeses.bmp 1.846128e+03 24 999000 240 999000 999 1847.15 1.000000e+03 9.500000e+02 60 46
BM2_250 10 Milano.bmp 1.848130e+03 12 999000 120 999000 999 1849.15 1.000000e+03 9.500000e+02 1 35
BM2_250 10 Lollipopred.bmp 1.852118e+03 24 999000 240 999000 999 1853.14 1.000000e+03 9.500000e+02 58 34
BM2_250 10 Butterfinger.bmp 1.856127e+03 11 999000 1 999000 999 1857.14 9.500000e+02 9.500000e+02 21 6
BM2_250 10 Toberlorone.bmp 1.859126e+03 12 999000 120 999000 999 1860.14 9.500000e+02 9.500000e+02 2 57
BM2_250 10 MrGoodbar.bmp 1.863130e+03 12 999000 120 999000 999 1864.15 9.500000e+02 9.500000e+02 26 38
BM2_250 10 CheesyDoritos.bmp 1.866116e+03 11 1.183583e+03 1100 9.501288e+02 98 1867.13 9.000000e+02 9.500000e+02 9 7
BM2_250 10 HoHo.bmp 1.868118e+03 24 999000 240 999000 999 1869.14 9.000000e+02 9.500000e+02 54 27
BM2_250 10 Hersheymilk_several.bmp 1.872126e+03 12 999000 120 999000 999 1873.14 9.000000e+02 9.500000e+02 15 26
BM2_250 10 Keeblerfudgestripes.bmp 1.874127e+03 24 999000 240 999000 999 1875.14 9.000000e+02 9.500000e+02 36 30
BM2_250 10 Snickers.bmp 1.876127e+03 24 999000 240 999000 999 1877.14 9.000000e+02 9.500000e+02 57 51
BM2_250 10 Granolabar.bmp 1.880131e+03 24 999000 240 999000 999 1881.15 9.000000e+02 9.500000e+02 50 24
BM2_250 10 SourSkittles.bmp 1.882117e+03 11 8.709585e+02 11 9.001059e+02 98 1883.13 9.166667e+02 9.500000e+02 13 53
BM2_250 10 FlamingCheetos.bmp 1.886121e+03 12 999000 120 999000 999 1887.14 9.166667e+02 9.500000e+02 11 17
BM2_250 10 Whatchamacallit.bmp 1.890126e+03 12 999000 120 999000 999 1891.14 9.166667e+02 9.500000e+02 20 60
BM2_250 10 100grand_small.bmp 1.893128e+03 11 4.592543e+02 11 9.167880e+02 98 1894.15 9.333333e+02 9.500000e+02 22 1
BM2_250 10 3Musketeers.bmp 1.899118e+03 24 999000 240 999000 999 1900.14 9.333333e+02 9.500000e+02 35 2
BM2_250 10 Cheetos.bmp 1.901120e+03 12 999000 120 999000 999 1902.14 9.333333e+02 9.500000e+02 16 8
BM2_250 10 Slimjim.bmp 1.905126e+03 12 999000 120 999000 999 1906.14 9.333333e+02 9.500000e+02 8 50
BM2_250 10 Hersheykisses.bmp 1.907127e+03 22 6.368791e+02 22 9.501079e+02 98 1908.14 9.333333e+02 9.666667e+02 44 25
BM2_250 10 Oreos.bmp 1.909129e+03 24 999000 240 999000 999 1910.15 9.333333e+02 9.666667e+02 49 40
BM2_250 10 Twinkie.bmp 1.911131e+03 24 999000 240 999000 999 1912.15 9.333333e+02 9.666667e+02 41 58
BM2_250 10 PopTartsCinnamon.bmp 1.916120e+03 22 7.238222e+02 22 9.667884e+02 98 1917.14 9.333333e+02 9.833333e+02 52 43
BM2_250 10 PringlesRed.bmp 1.918127e+03 12 999000 120 999000 999 1919.14 9.333333e+02 9.833333e+02 5 45
BM2_250 10 Jollyrancherred.bmp 1.920126e+03 22 1.213591e+03 2200 9.834296e+02 98 1921.14 9.333333e+02 9.333333e+02 43 29
BM2_250 10 Streusel.bmp 1.923128e+03 24 999000 240 999000 999 1924.15 9.333333e+02 9.333333e+02 38 55
BM2_250 10 Cheezits.bmp 1.926131e+03 12 999000 120 999000 999 1927.15 9.333333e+02 9.333333e+02 7 9
BM2_250 10 Ghiradelli_milk_Almonds.bmp 1.930119e+03 12 999000 120 999000 999 1931.14 9.333333e+02 9.333333e+02 4 22
BM2_250 10 Chocolate_mm.bmp 1.932120e+03 12 999000 120 999000 999 1933.14 9.333333e+02 9.333333e+02 28 11
BM2_250 10 Jollyranchergreen.bmp 1.934127e+03 22 4.851805e+02 22 9.334434e+02 98 1935.14 9.333333e+02 9.500000e+02 39 28
BM2_250 10 ChipsAhoy_small.bmp 1.937127e+03 24 999000 240 999000 999 1938.14 9.333333e+02 9.500000e+02 37 10
BM2_250 10 FamousAmos_small.bmp 1.940129e+03 24 999000 240 999000 999 1941.15 9.333333e+02 9.500000e+02 33 15
BM2_250 10 FigNewton_small.bmp 1.942131e+03 12 999000 120 999000 999 1943.15 9.333333e+02 9.500000e+02 29 16
BM2_250 10 Skittles.bmp 1.944117e+03 12 999000 120 999000 999 1945.13 9.333333e+02 9.500000e+02 25 49
BM2_250 10 Goldfish.bmp 1.946119e+03 12 999000 120 999000 999 1947.14 9.333333e+02 9.500000e+02 6 23
BM2_250 10 Fritos.bmp 1.951126e+03 24 999000 240 999000 999 1952.14 9.333333e+02 9.500000e+02 32 18
BM2_250 10 PayDay.bmp 1.953126e+03 12 999000 120 999000 999 1954.14 9.333333e+02 9.500000e+02 27 41
BM2_250 10 Nutterbutter.bmp 1.955129e+03 12 999000 120 999000 999 1956.15 9.333333e+02 9.500000e+02 30 39
BM2_250 10 BabyRuth.bmp 1.957131e+03 24 999000 240 999000 999 1958.15 9.333333e+02 9.500000e+02 31 5
BM2_250 10 KitKat_small.bmp 1.964122e+03 12 999000 120 999000 999 1965.14 9.333333e+02 9.500000e+02 23 31
BM2_250 10 TeddyGrahamschocolate.bmp 1.966127e+03 22 8.450294e+02 22 9.500984e+02 98 1967.14 9.333333e+02 9.666667e+02 48 56
BM2_250 10 Almondjoy.bmp 1.973131e+03 11 5.923369e+02 11 9.334618e+02 98 1974.15 9.500000e+02 9.666667e+02 18 3
BM2_250 10 Doritosranch.bmp 1.976118e+03 11 1.149641e+03 1100 9.501204e+02 98 1977.14 9.000000e+02 9.666667e+02 10 13
BM2_250 10 Milkduds.bmp 1.979121e+03 24 999000 240 999000 999 1980.14 9.000000e+02 9.666667e+02 45 36
BM2_250 10 Twix.bmp 1.985128e+03 12 999000 120 999000 999 1986.15 9.000000e+02 9.666667e+02 24 59
BM2_250 10 Funyuns_small.bmp 1.987130e+03 12 999000 120 999000 999 1988.15 9.000000e+02 9.666667e+02 12 20
