subjid runnum itemname onsettime trialtype RT respInTime Ausdiotime response fixationtime ladder1 ladder2 bidindex itemnameIndex
BM2_177 5 FamousAmos_small.bmp 8.396981e+02 12 999000 120 999000 999 840.72 7.166667e+02 6.500000e+02 10 15
BM2_177 5 MilkyWay.bmp 8.427015e+02 24 999000 240 999000 999 843.72 7.166667e+02 6.500000e+02 54 37
BM2_177 5 Dots_one.bmp 8.466892e+02 24 999000 240 999000 999 847.71 7.166667e+02 6.500000e+02 31 14
BM2_177 5 Twix.bmp 8.486961e+02 12 999000 120 999000 999 849.71 7.166667e+02 6.500000e+02 22 59
BM2_177 5 Keeblerfudgestripes.bmp 8.506963e+02 11 1.027324e+03 1100 7.168207e+02 98 851.71 6.666667e+02 6.500000e+02 19 30
BM2_177 5 Reeses.bmp 8.546977e+02 12 999000 120 999000 999 855.72 6.666667e+02 6.500000e+02 4 46
BM2_177 5 RitzBitz2.bmp 8.566998e+02 11 9.917467e+02 110 6.667852e+02 98 857.72 6.833333e+02 6.500000e+02 8 48
BM2_177 5 Snickers.bmp 8.616886e+02 24 999000 240 999000 999 862.71 6.833333e+02 6.500000e+02 52 51
BM2_177 5 Laffytaffyred_one.bmp 8.636908e+02 12 999000 120 999000 999 864.71 6.833333e+02 6.500000e+02 26 32
BM2_177 5 MrGoodbar.bmp 8.666958e+02 24 999000 240 999000 999 867.71 6.833333e+02 6.500000e+02 32 38
BM2_177 5 Laysclassic.bmp 8.696972e+02 24 999000 240 999000 999 870.71 6.833333e+02 6.500000e+02 60 33
BM2_177 5 Jollyrancherred.bmp 8.737016e+02 24 999000 240 999000 999 874.72 6.833333e+02 6.500000e+02 43 29
BM2_177 5 TeddyGrahamschocolate.bmp 8.766881e+02 12 999000 120 999000 999 877.71 6.833333e+02 6.500000e+02 27 56
BM2_177 5 PopTartsStrawberry.bmp 8.786902e+02 24 999000 240 999000 999 879.71 6.833333e+02 6.500000e+02 36 44
BM2_177 5 BabyRuth.bmp 8.816964e+02 24 999000 240 999000 999 882.71 6.833333e+02 6.500000e+02 51 5
BM2_177 5 Chocolate_mm.bmp 8.856979e+02 12 999000 120 999000 999 886.72 6.833333e+02 6.500000e+02 14 11
BM2_177 5 Goldfish.bmp 8.887011e+02 12 999000 120 999000 999 889.72 6.833333e+02 6.500000e+02 21 23
BM2_177 5 Oreos.bmp 8.906867e+02 12 999000 120 999000 999 891.70 6.833333e+02 6.500000e+02 9 40
BM2_177 5 FigNewton_small.bmp 8.926888e+02 12 999000 120 999000 999 893.71 6.833333e+02 6.500000e+02 6 16
BM2_177 5 Almondjoy.bmp 8.976970e+02 24 999000 240 999000 999 898.71 6.833333e+02 6.500000e+02 58 3
BM2_177 5 Ghiradelli_milk_Almonds.bmp 9.016984e+02 12 999000 120 999000 999 902.72 6.833333e+02 6.500000e+02 1 22
BM2_177 5 PringlesRed.bmp 9.056862e+02 12 999000 120 999000 999 906.70 6.833333e+02 6.500000e+02 18 45
BM2_177 5 PeanutMMs.bmp 9.116961e+02 12 999000 120 999000 999 912.71 6.833333e+02 6.500000e+02 3 42
BM2_177 5 Milkduds.bmp 9.136967e+02 22 9.949355e+02 220 6.501164e+02 98 914.71 6.833333e+02 6.666667e+02 53 36
BM2_177 5 Lollipopred.bmp 9.156968e+02 22 9.787683e+02 220 6.667711e+02 98 916.71 6.833333e+02 6.833333e+02 45 34
BM2_177 5 Jollyranchergreen.bmp 9.176990e+02 22 9.445608e+02 220 6.834439e+02 98 918.72 6.833333e+02 7.000000e+02 42 28
BM2_177 5 SnoBall.bmp 9.197012e+02 22 9.504062e+02 220 7.001271e+02 98 920.72 6.833333e+02 7.166667e+02 46 52
BM2_177 5 Twinkie.bmp 9.236890e+02 24 999000 240 999000 999 924.71 6.833333e+02 7.166667e+02 57 58
BM2_177 5 Streusel.bmp 9.256958e+02 24 999000 240 999000 999 926.71 6.833333e+02 7.166667e+02 33 55
BM2_177 5 100grand_small.bmp 9.296960e+02 22 9.875198e+02 220 7.167675e+02 98 930.71 6.833333e+02 7.333333e+02 49 1
BM2_177 5 Milano.bmp 9.316974e+02 12 999000 120 999000 999 932.72 6.833333e+02 7.333333e+02 2 35
BM2_177 5 HoHo.bmp 9.336996e+02 24 999000 240 999000 999 934.72 6.833333e+02 7.333333e+02 55 27
BM2_177 5 Skittles.bmp 9.357018e+02 12 999000 120 999000 999 936.72 6.833333e+02 7.333333e+02 28 49
BM2_177 5 Sourpatch.bmp 9.406905e+02 11 9.291256e+02 110 6.834493e+02 98 941.71 7.000000e+02 7.333333e+02 12 54
BM2_177 5 ChipsAhoy_small.bmp 9.426965e+02 12 999000 120 999000 999 943.71 7.000000e+02 7.333333e+02 7 10
BM2_177 5 Slimjim.bmp 9.446967e+02 24 999000 240 999000 999 945.71 7.000000e+02 7.333333e+02 47 50
BM2_177 5 KitKat_small.bmp 9.476980e+02 12 999000 120 999000 999 948.72 7.000000e+02 7.333333e+02 25 31
BM2_177 5 Toberlorone.bmp 9.546889e+02 22 9.866834e+02 220 7.334361e+02 98 955.71 7.000000e+02 7.500000e+02 38 57
BM2_177 5 Fritos.bmp 9.586961e+02 11 1.027444e+03 1100 7.001016e+02 98 959.71 6.500000e+02 7.500000e+02 23 18
BM2_177 5 Granolabar.bmp 9.657007e+02 11 9.028648e+02 110 6.501171e+02 98 966.72 6.666667e+02 7.500000e+02 11 24
BM2_177 5 Butterfinger.bmp 9.676862e+02 11 9.013380e+02 110 6.667651e+02 98 968.70 6.833333e+02 7.500000e+02 15 6
BM2_177 5 Cheezits.bmp 9.716907e+02 12 999000 120 999000 999 972.71 6.833333e+02 7.500000e+02 13 9
BM2_177 5 Doritosranch.bmp 9.756968e+02 11 9.467820e+02 110 6.834453e+02 98 976.71 7.000000e+02 7.500000e+02 16 13
BM2_177 5 Cheetos.bmp 9.776970e+02 24 999000 240 999000 999 978.71 7.000000e+02 7.500000e+02 34 8
BM2_177 5 PayDay.bmp 9.817014e+02 24 999000 240 999000 999 982.72 7.000000e+02 7.500000e+02 56 41
BM2_177 5 Cupcakes.bmp 9.836869e+02 24 999000 240 999000 999 984.70 7.000000e+02 7.500000e+02 39 12
BM2_177 5 FlamingCheetos.bmp 9.856891e+02 24 999000 240 999000 999 986.71 7.000000e+02 7.500000e+02 59 17
BM2_177 5 FrootLoops.bmp 9.916961e+02 12 999000 120 999000 999 992.71 7.000000e+02 7.500000e+02 24 19
BM2_177 5 CheesyDoritos.bmp 9.936977e+02 11 9.538697e+02 110 7.000961e+02 98 994.72 7.166667e+02 7.500000e+02 20 7
BM2_177 5 Funyuns_small.bmp 9.967008e+02 22 1.022733e+03 2200 7.501125e+02 98 997.72 7.166667e+02 7.000000e+02 41 20
BM2_177 5 Nutterbutter.bmp 9.996875e+02 12 999000 120 999000 999 1000.71 7.166667e+02 7.000000e+02 5 39
BM2_177 5 AnimalCrackers.bmp 1.001689e+03 12 999000 120 999000 999 1002.71 7.166667e+02 7.000000e+02 30 4
BM2_177 5 Ghiradelli_milk.bmp 1.003697e+03 12 999000 120 999000 999 1004.71 7.166667e+02 7.000000e+02 17 21
BM2_177 5 Hersheykisses.bmp 1.005697e+03 24 999000 240 999000 999 1006.71 7.166667e+02 7.000000e+02 48 25
BM2_177 5 3Musketeers.bmp 1.011700e+03 22 9.992867e+02 220 7.001254e+02 98 1012.72 7.166667e+02 7.166667e+02 50 2
BM2_177 5 Whatchamacallit.bmp 1.013686e+03 24 999000 240 999000 999 1014.70 7.166667e+02 7.166667e+02 44 60
BM2_177 5 PopTartsCinnamon.bmp 1.015688e+03 24 999000 240 999000 999 1016.71 7.166667e+02 7.166667e+02 40 43
BM2_177 5 Riprolls.bmp 1.017690e+03 24 999000 240 999000 999 1018.71 7.166667e+02 7.166667e+02 35 47
BM2_177 5 Hersheymilk_several.bmp 1.020696e+03 24 999000 240 999000 999 1021.71 7.166667e+02 7.166667e+02 37 26
BM2_177 5 SourSkittles.bmp 1.023697e+03 12 999000 120 999000 999 1024.71 7.166667e+02 7.166667e+02 29 53
