subjid runnum itemname onsettime trialtype RT respInTime Ausdiotime response fixationtime ladder1 ladder2 bidindex itemnameIndex
BM2_149 8 Hersheykisses.bmp 1.481607e+03 22 9.010862e+02 220 7.168095e+02 98 1482.63 7.166667e+02 7.333333e+02 51 25
BM2_149 8 Keeblerfudgestripes.bmp 1.484594e+03 12 999000 120 999000 999 1485.61 7.166667e+02 7.333333e+02 30 30
BM2_149 8 Hersheymilk_several.bmp 1.488602e+03 12 999000 120 999000 999 1489.62 7.166667e+02 7.333333e+02 19 26
BM2_149 8 RitzBitz2.bmp 1.490601e+03 24 999000 240 999000 999 1491.62 7.166667e+02 7.333333e+02 50 48
BM2_149 8 Jollyranchergreen.bmp 1.492603e+03 12 999000 120 999000 999 1493.62 7.166667e+02 7.333333e+02 20 28
BM2_149 8 Laysclassic.bmp 1.496607e+03 24 999000 240 999000 999 1497.62 7.166667e+02 7.333333e+02 55 33
BM2_149 8 PopTartsStrawberry.bmp 1.498593e+03 11 9.878472e+02 110 7.167975e+02 98 1499.61 7.333333e+02 7.333333e+02 9 44
BM2_149 8 Oreos.bmp 1.503601e+03 12 999000 120 999000 999 1504.62 7.333333e+02 7.333333e+02 16 40
BM2_149 8 PayDay.bmp 1.505602e+03 24 999000 240 999000 999 1506.62 7.333333e+02 7.333333e+02 31 41
BM2_149 8 ChipsAhoy_small.bmp 1.508603e+03 12 999000 120 999000 999 1509.62 7.333333e+02 7.333333e+02 27 10
BM2_149 8 Cupcakes.bmp 1.511606e+03 24 999000 240 999000 999 1512.62 7.333333e+02 7.333333e+02 54 12
BM2_149 8 Dots_one.bmp 1.515594e+03 24 999000 240 999000 999 1516.61 7.333333e+02 7.333333e+02 36 14
BM2_149 8 Whatchamacallit.bmp 1.518601e+03 24 999000 240 999000 999 1519.61 7.333333e+02 7.333333e+02 60 60
BM2_149 8 Streusel.bmp 1.520601e+03 11 9.950773e+02 110 7.334238e+02 98 1521.62 7.500000e+02 7.333333e+02 21 55
BM2_149 8 BabyRuth.bmp 1.523603e+03 12 999000 120 999000 999 1524.62 7.500000e+02 7.333333e+02 23 5
BM2_149 8 Almondjoy.bmp 1.527607e+03 24 999000 240 999000 999 1528.62 7.500000e+02 7.333333e+02 56 3
BM2_149 8 Riprolls.bmp 1.530594e+03 24 999000 240 999000 999 1531.61 7.500000e+02 7.333333e+02 32 47
BM2_149 8 Jollyrancherred.bmp 1.532596e+03 24 999000 240 999000 999 1533.61 7.500000e+02 7.333333e+02 49 29
BM2_149 8 Butterfinger.bmp 1.534602e+03 12 999000 120 999000 999 1535.62 7.500000e+02 7.333333e+02 25 6
BM2_149 8 MilkyWay.bmp 1.539603e+03 12 999000 120 999000 999 1540.62 7.500000e+02 7.333333e+02 26 37
BM2_149 8 Slimjim.bmp 1.543591e+03 11 1.069371e+03 1100 7.501072e+02 98 1544.61 7.000000e+02 7.333333e+02 17 50
BM2_149 8 Laffytaffyred_one.bmp 1.547595e+03 24 999000 240 999000 999 1548.61 7.000000e+02 7.333333e+02 38 32
BM2_149 8 Twinkie.bmp 1.553602e+03 24 999000 240 999000 999 1554.62 7.000000e+02 7.333333e+02 59 58
BM2_149 8 Cheezits.bmp 1.555604e+03 12 999000 120 999000 999 1556.62 7.000000e+02 7.333333e+02 24 9
BM2_149 8 Twix.bmp 1.557606e+03 22 9.742234e+02 220 7.334375e+02 98 1558.62 7.000000e+02 7.500000e+02 39 59
BM2_149 8 KitKat_small.bmp 1.559592e+03 24 999000 240 999000 999 1560.61 7.000000e+02 7.500000e+02 42 31
BM2_149 8 Ghiradelli_milk.bmp 1.561594e+03 12 999000 120 999000 999 1562.61 7.000000e+02 7.500000e+02 1 21
BM2_149 8 3Musketeers.bmp 1.565602e+03 11 1.002690e+03 1100 7.001301e+02 98 1566.62 6.500000e+02 7.500000e+02 22 2
BM2_149 8 Cheetos.bmp 1.567602e+03 24 999000 240 999000 999 1568.62 6.500000e+02 7.500000e+02 53 8
BM2_149 8 SnoBall.bmp 1.571604e+03 24 999000 240 999000 999 1572.62 6.500000e+02 7.500000e+02 33 52
BM2_149 8 Ghiradelli_milk_Almonds.bmp 1.573607e+03 12 999000 120 999000 999 1574.62 6.500000e+02 7.500000e+02 2 22
BM2_149 8 Nutterbutter.bmp 1.575592e+03 12 999000 120 999000 999 1576.61 6.500000e+02 7.500000e+02 28 39
BM2_149 8 TeddyGrahamschocolate.bmp 1.577594e+03 22 1.018004e+03 2200 7.501159e+02 98 1578.61 6.500000e+02 7.000000e+02 44 56
BM2_149 8 Granolabar.bmp 1.582601e+03 11 9.230390e+02 110 6.501261e+02 98 1583.62 6.666667e+02 7.000000e+02 13 24
BM2_149 8 Milano.bmp 1.584602e+03 12 999000 120 999000 999 1585.62 6.666667e+02 7.000000e+02 6 35
BM2_149 8 Chocolate_mm.bmp 1.586604e+03 22 9.364473e+02 220 7.001118e+02 98 1587.62 6.666667e+02 7.166667e+02 40 11
BM2_149 8 CheesyDoritos.bmp 1.589591e+03 22 9.413291e+02 220 7.167811e+02 98 1590.61 6.666667e+02 7.333333e+02 48 7
BM2_149 8 Toberlorone.bmp 1.596602e+03 12 999000 120 999000 999 1597.62 6.666667e+02 7.333333e+02 4 57
BM2_149 8 AnimalCrackers.bmp 1.600602e+03 12 999000 120 999000 999 1601.62 6.666667e+02 7.333333e+02 8 4
BM2_149 8 FrootLoops.bmp 1.607593e+03 24 999000 240 999000 999 1608.61 6.666667e+02 7.333333e+02 58 19
BM2_149 8 PopTartsCinnamon.bmp 1.609596e+03 12 999000 120 999000 999 1610.61 6.666667e+02 7.333333e+02 3 43
BM2_149 8 Milkduds.bmp 1.613601e+03 22 9.949182e+02 220 7.334526e+02 98 1614.62 6.666667e+02 7.500000e+02 47 36
BM2_149 8 Funyuns_small.bmp 1.617604e+03 24 999000 240 999000 999 1618.62 6.666667e+02 7.500000e+02 45 20
BM2_149 8 Sourpatch.bmp 1.619606e+03 11 9.421812e+02 110 6.667664e+02 98 1620.62 6.833333e+02 7.500000e+02 14 54
BM2_149 8 FlamingCheetos.bmp 1.623594e+03 12 999000 120 999000 999 1624.61 6.833333e+02 7.500000e+02 7 17
BM2_149 8 Doritosranch.bmp 1.625596e+03 11 8.804213e+02 110 6.834232e+02 98 1626.61 7.000000e+02 7.500000e+02 18 13
BM2_149 8 SourSkittles.bmp 1.627602e+03 12 999000 120 999000 999 1628.62 7.000000e+02 7.500000e+02 12 53
BM2_149 8 Lollipopred.bmp 1.633605e+03 24 999000 240 999000 999 1634.62 7.000000e+02 7.500000e+02 46 34
BM2_149 8 PeanutMMs.bmp 1.635607e+03 12 999000 120 999000 999 1636.62 7.000000e+02 7.500000e+02 15 42
BM2_149 8 100grand_small.bmp 1.638594e+03 22 9.788737e+02 220 7.501047e+02 98 1639.61 7.000000e+02 7.666667e+02 52 1
BM2_149 8 Goldfish.bmp 1.641602e+03 12 999000 120 999000 999 1642.61 7.000000e+02 7.666667e+02 11 23
BM2_149 8 MrGoodbar.bmp 1.643602e+03 24 999000 240 999000 999 1644.62 7.000000e+02 7.666667e+02 37 38
BM2_149 8 PringlesRed.bmp 1.645602e+03 24 999000 240 999000 999 1646.62 7.000000e+02 7.666667e+02 35 45
BM2_149 8 HoHo.bmp 1.647603e+03 24 999000 240 999000 999 1648.62 7.000000e+02 7.666667e+02 57 27
BM2_149 8 FamousAmos_small.bmp 1.653593e+03 24 999000 240 999000 999 1654.61 7.000000e+02 7.666667e+02 41 15
BM2_149 8 Reeses.bmp 1.655595e+03 22 1.001359e+03 2200 7.667931e+02 98 1656.61 7.000000e+02 7.166667e+02 43 46
BM2_149 8 FigNewton_small.bmp 1.657601e+03 11 9.231952e+02 110 7.001173e+02 98 1658.61 7.166667e+02 7.166667e+02 10 16
BM2_149 8 Skittles.bmp 1.659601e+03 12 999000 120 999000 999 1660.62 7.166667e+02 7.166667e+02 5 49
BM2_149 8 Fritos.bmp 1.662603e+03 24 999000 240 999000 999 1663.62 7.166667e+02 7.166667e+02 34 18
BM2_149 8 Snickers.bmp 1.665606e+03 12 999000 120 999000 999 1666.62 7.166667e+02 7.166667e+02 29 51
