subjid runnum itemname onsettime trialtype RT respInTime Ausdiotime response fixationtime ladder1 ladder2 bidindex itemnameIndex
BM2_153 12 Fritos.bmp 2.180696e+03 22 8.926596e+02 220 7.834582e+02 98 2181.71 8.500000e+02 8.000000e+02 52 18
BM2_153 12 MilkyWay.bmp 2.183682e+03 24 999000 240 999000 999 2184.70 8.500000e+02 8.000000e+02 36 37
BM2_153 12 Snickers.bmp 2.187690e+03 12 999000 120 999000 999 2188.70 8.500000e+02 8.000000e+02 2 51
BM2_153 12 Jollyrancherred.bmp 2.189691e+03 24 999000 240 999000 999 2190.71 8.500000e+02 8.000000e+02 49 29
BM2_153 12 Granolabar.bmp 2.191691e+03 24 999000 240 999000 999 2192.71 8.500000e+02 8.000000e+02 55 24
BM2_153 12 Laysclassic.bmp 2.195695e+03 12 999000 120 999000 999 2196.71 8.500000e+02 8.000000e+02 19 33
BM2_153 12 KitKat_small.bmp 2.197681e+03 12 999000 120 999000 999 2198.70 8.500000e+02 8.000000e+02 8 31
BM2_153 12 Oreos.bmp 2.202691e+03 12 999000 120 999000 999 2203.70 8.500000e+02 8.000000e+02 4 40
BM2_153 12 ChipsAhoy_small.bmp 2.204691e+03 11 1.081187e+03 1100 8.501331e+02 98 2205.71 8.000000e+02 8.000000e+02 21 10
BM2_153 12 SourSkittles.bmp 2.207692e+03 12 999000 120 999000 999 2208.71 8.000000e+02 8.000000e+02 20 53
BM2_153 12 Toberlorone.bmp 2.210695e+03 12 999000 120 999000 999 2211.71 8.000000e+02 8.000000e+02 1 57
BM2_153 12 Goldfish.bmp 2.214682e+03 24 999000 240 999000 999 2215.70 8.000000e+02 8.000000e+02 50 23
BM2_153 12 HoHo.bmp 2.217690e+03 24 999000 240 999000 999 2218.70 8.000000e+02 8.000000e+02 59 27
BM2_153 12 Hersheykisses.bmp 2.219691e+03 12 999000 120 999000 999 2220.71 8.000000e+02 8.000000e+02 7 25
BM2_153 12 3Musketeers.bmp 2.222691e+03 24 999000 240 999000 999 2223.71 8.000000e+02 8.000000e+02 58 2
BM2_153 12 Nutterbutter.bmp 2.226695e+03 24 999000 240 999000 999 2227.71 8.000000e+02 8.000000e+02 53 39
BM2_153 12 Cheezits.bmp 2.229682e+03 11 7.783129e+02 11 8.001331e+02 98 2230.70 8.166667e+02 8.000000e+02 9 9
BM2_153 12 Keeblerfudgestripes.bmp 2.231684e+03 24 999000 240 999000 999 2232.70 8.166667e+02 8.000000e+02 46 30
BM2_153 12 Jollyranchergreen.bmp 2.233691e+03 12 999000 120 999000 999 2234.70 8.166667e+02 8.000000e+02 24 28
BM2_153 12 Twinkie.bmp 2.238692e+03 22 9.287266e+02 220 8.001317e+02 98 2239.71 8.166667e+02 8.166667e+02 39 58
BM2_153 12 Reeses.bmp 2.242696e+03 24 999000 240 999000 999 2243.71 8.166667e+02 8.166667e+02 41 46
BM2_153 12 MrGoodbar.bmp 2.246684e+03 12 999000 120 999000 999 2247.70 8.166667e+02 8.166667e+02 26 38
BM2_153 12 Streusel.bmp 2.252691e+03 22 9.693794e+02 220 8.167802e+02 98 2253.71 8.166667e+02 8.333333e+02 43 55
BM2_153 12 FrootLoops.bmp 2.254692e+03 24 999000 240 999000 999 2255.71 8.166667e+02 8.333333e+02 57 19
BM2_153 12 Cheetos.bmp 2.256694e+03 24 999000 240 999000 999 2257.71 8.166667e+02 8.333333e+02 32 8
BM2_153 12 Doritosranch.bmp 2.258696e+03 22 1.019823e+03 2200 8.334469e+02 98 2259.71 8.166667e+02 7.833333e+02 40 13
BM2_153 12 Hersheymilk_several.bmp 2.260682e+03 12 999000 120 999000 999 2261.70 8.166667e+02 7.833333e+02 28 26
BM2_153 12 AnimalCrackers.bmp 2.264691e+03 24 999000 240 999000 999 2265.70 8.166667e+02 7.833333e+02 60 4
BM2_153 12 BabyRuth.bmp 2.266690e+03 11 9.939774e+02 110 8.167747e+02 98 2267.71 8.333333e+02 7.833333e+02 22 5
BM2_153 12 Cupcakes.bmp 2.270693e+03 24 999000 240 999000 999 2271.71 8.333333e+02 7.833333e+02 34 12
BM2_153 12 Almondjoy.bmp 2.272695e+03 12 999000 120 999000 999 2273.71 8.333333e+02 7.833333e+02 25 3
BM2_153 12 FigNewton_small.bmp 2.274681e+03 24 999000 240 999000 999 2275.70 8.333333e+02 7.833333e+02 37 16
BM2_153 12 RitzBitz2.bmp 2.276683e+03 12 999000 120 999000 999 2277.70 8.333333e+02 7.833333e+02 11 48
BM2_153 12 CheesyDoritos.bmp 2.281691e+03 12 999000 120 999000 999 2282.71 8.333333e+02 7.833333e+02 30 7
BM2_153 12 Ghiradelli_milk.bmp 2.283691e+03 11 7.292941e+02 11 8.334530e+02 98 2284.71 8.500000e+02 7.833333e+02 14 21
BM2_153 12 Chocolate_mm.bmp 2.285692e+03 24 9.919877e+02 240 999000 105 2286.71 8.500000e+02 7.833333e+02 33 11
BM2_153 12 SnoBall.bmp 2.288695e+03 24 999000 240 999000 999 2289.71 8.500000e+02 7.833333e+02 31 52
BM2_153 12 FamousAmos_small.bmp 2.295691e+03 12 999000 120 999000 999 2296.70 8.500000e+02 7.833333e+02 5 15
BM2_153 12 Milano.bmp 2.299691e+03 24 1.497309e+03 240 999000 105 2300.71 8.500000e+02 7.833333e+02 38 35
BM2_153 12 Laffytaffyred_one.bmp 2.306682e+03 12 999000 120 999000 999 2307.70 8.500000e+02 7.833333e+02 29 32
BM2_153 12 PeanutMMs.bmp 2.308684e+03 12 999000 120 999000 999 2309.70 8.500000e+02 7.833333e+02 3 42
BM2_153 12 Slimjim.bmp 2.312691e+03 11 5.612355e+02 11 8.501238e+02 98 2313.71 8.666667e+02 7.833333e+02 10 50
BM2_153 12 FlamingCheetos.bmp 2.316693e+03 12 999000 120 999000 999 2317.71 8.666667e+02 7.833333e+02 16 17
BM2_153 12 Lollipopred.bmp 2.318695e+03 22 8.456888e+02 220 7.834673e+02 98 2319.71 8.666667e+02 8.000000e+02 47 34
BM2_153 12 Milkduds.bmp 2.322682e+03 11 1.081907e+03 1100 8.667944e+02 98 2323.70 8.166667e+02 8.000000e+02 13 36
BM2_153 12 PopTartsStrawberry.bmp 2.324684e+03 11 1.023837e+03 1100 8.168037e+02 98 2325.70 7.666667e+02 8.000000e+02 17 44
BM2_153 12 Twix.bmp 2.326690e+03 12 999000 120 999000 999 2327.70 7.666667e+02 8.000000e+02 6 59
BM2_153 12 PringlesRed.bmp 2.332693e+03 12 999000 120 999000 999 2333.71 7.666667e+02 8.000000e+02 15 45
BM2_153 12 Riprolls.bmp 2.334695e+03 24 999000 240 999000 999 2335.71 7.666667e+02 8.000000e+02 42 47
BM2_153 12 Ghiradelli_milk_Almonds.bmp 2.337682e+03 11 9.305344e+02 110 7.667976e+02 98 2338.70 7.833333e+02 8.000000e+02 18 22
BM2_153 12 Butterfinger.bmp 2.340685e+03 24 999000 240 999000 999 2341.70 7.833333e+02 8.000000e+02 45 6
BM2_153 12 TeddyGrahamschocolate.bmp 2.342691e+03 24 999000 240 999000 999 2343.70 7.833333e+02 8.000000e+02 35 56
BM2_153 12 Dots_one.bmp 2.344691e+03 12 999000 120 999000 999 2345.71 7.833333e+02 8.000000e+02 23 14
BM2_153 12 PayDay.bmp 2.346691e+03 24 999000 240 999000 999 2347.71 7.833333e+02 8.000000e+02 54 41
BM2_153 12 Sourpatch.bmp 2.352681e+03 22 6.988884e+02 22 8.001355e+02 98 2353.70 7.833333e+02 8.166667e+02 48 54
BM2_153 12 Skittles.bmp 2.354683e+03 12 999000 120 999000 999 2355.70 7.833333e+02 8.166667e+02 12 49
BM2_153 12 Whatchamacallit.bmp 2.356690e+03 22 8.738555e+02 220 8.167904e+02 98 2357.70 7.833333e+02 8.333333e+02 44 60
BM2_153 12 PopTartsCinnamon.bmp 2.358691e+03 22 8.416203e+02 220 8.334463e+02 98 2359.71 7.833333e+02 8.500000e+02 51 43
BM2_153 12 Funyuns_small.bmp 2.361691e+03 12 999000 120 999000 999 2362.71 7.833333e+02 8.500000e+02 27 20
BM2_153 12 100grand_small.bmp 2.364694e+03 24 999000 240 999000 999 2365.71 7.833333e+02 8.500000e+02 56 1
