subjectID	 order	 runNum	 itemName	 onsetTime	 shuff_trialType	 RT	 respInTime	 AudioTime	 response	 fixationTime	 ladder1	 ladder2	 bidIndex	 itemNameIndex	 bidValue	 
bfer_148	 2	 13	 1218.jpg	 2.473129e+02	 12	 999000	 120	 999000	 999	 2.483306e+02	 683.33	 616.67	 13.00	 39	 0.59	 
bfer_148	 2	 13	 1204.jpg	 2.523018e+02	 12	 999000	 120	 999000	 999	 2.533196e+02	 683.33	 616.67	 3.00	 25	 0.77	 
bfer_148	 2	 13	 1214.jpg	 2.543040e+02	 12	 999000	 120	 999000	 999	 2.553218e+02	 683.33	 616.67	 10.00	 35	 0.63	 
bfer_148	 2	 13	 2112.jpg	 2.563063e+02	 24	 999000	 240	 999000	 999	 2.573240e+02	 683.33	 616.67	 53.00	 12	 0.56	 
bfer_148	 2	 13	 2216.jpg	 2.623130e+02	 24	 999000	 240	 999000	 999	 2.633307e+02	 683.33	 616.67	 61.00	 37	 0.47	 
bfer_148	 2	 13	 1208.jpg	 2.643153e+02	 11	 9.557446e+02	 110	 6.835039e+02	 98	 2.653330e+02	 700.00	 616.67	 11.00	 29	 0.62	 
bfer_148	 2	 13	 2208.jpg	 2.673020e+02	 24	 999000	 240	 999000	 999	 2.683197e+02	 700.00	 616.67	 62.00	 29	 0.47	 
bfer_148	 2	 13	 2108.jpg	 2.693042e+02	 22	 8.628544e+02	 220	 6.168414e+02	 98	 2.703220e+02	 700.00	 633.33	 57.00	 8	 0.54	 
bfer_148	 2	 13	 1206.jpg	 2.733087e+02	 12	 999000	 120	 999000	 999	 2.743265e+02	 700.00	 633.33	 15.00	 27	 0.57	 
bfer_148	 2	 13	 2206.jpg	 2.753109e+02	 24	 999000	 240	 999000	 999	 2.763287e+02	 700.00	 633.33	 43.00	 27	 0.76	 
bfer_148	 2	 13	 2106.jpg	 2.802996e+02	 22	 8.353960e+02	 220	 6.333934e+02	 98	 2.813179e+02	 700.00	 650.00	 51.00	 6	 0.62	 
bfer_148	 2	 13	 2109.jpg	 2.873078e+02	 24	 3.152670e+02	 24	 999000	 98	 2.883256e+02	 700.00	 650.00	 78.00	 9	 0.25	 
bfer_148	 2	 13	 2102.jpg	 2.893100e+02	 24	 999000	 240	 999000	 999	 2.903278e+02	 700.00	 650.00	 44.00	 2	 0.75	 
bfer_148	 2	 13	 2213.jpg	 2.923134e+02	 24	 999000	 240	 999000	 999	 2.933311e+02	 700.00	 650.00	 52.00	 34	 0.61	 
bfer_148	 2	 13	 2107.jpg	 2.952997e+02	 24	 999000	 240	 999000	 999	 2.963178e+02	 700.00	 650.00	 77.00	 7	 0.27	 
bfer_148	 2	 13	 1113.jpg	 2.993046e+02	 12	 999000	 120	 999000	 999	 3.003223e+02	 700.00	 650.00	 12.00	 13	 0.62	 
bfer_148	 2	 13	 2204.jpg	 3.033091e+02	 24	 999000	 240	 999000	 999	 3.043268e+02	 700.00	 650.00	 47.00	 25	 0.69	 
bfer_148	 2	 13	 1209.jpg	 3.073135e+02	 12	 999000	 120	 999000	 999	 3.083313e+02	 700.00	 650.00	 7.00	 30	 0.68	 
bfer_148	 2	 13	 1212.jpg	 3.102999e+02	 12	 999000	 120	 999000	 999	 3.113199e+02	 700.00	 650.00	 20.00	 33	 0.47	 
bfer_148	 2	 13	 2205.jpg	 3.163070e+02	 22	 9.560698e+02	 220	 6.500309e+02	 98	 3.173248e+02	 700.00	 666.67	 48.00	 26	 0.69	 
bfer_148	 2	 13	 1211.jpg	 3.183093e+02	 11	 1.025733e+03	 1100	 7.000431e+02	 98	 3.193270e+02	 650.00	 666.67	 16.00	 32	 0.52	 
bfer_148	 2	 13	 2111.jpg	 3.213126e+02	 22	 9.584000e+02	 220	 6.666854e+02	 98	 3.223304e+02	 650.00	 683.33	 49.00	 11	 0.65	 
bfer_148	 2	 13	 1117.jpg	 3.233149e+02	 12	 999000	 120	 999000	 999	 3.243327e+02	 650.00	 683.33	 22.00	 17	 0.44	 
bfer_148	 2	 13	 1205.jpg	 3.253003e+02	 12	 999000	 120	 999000	 999	 3.263182e+02	 650.00	 683.33	 18.00	 26	 0.48	 
bfer_148	 2	 13	 1215.jpg	 3.273027e+02	 12	 999000	 120	 999000	 999	 3.283205e+02	 650.00	 683.33	 4.00	 36	 0.77	 
bfer_148	 2	 13	 1107.jpg	 3.303061e+02	 12	 999000	 120	 999000	 999	 3.313239e+02	 650.00	 683.33	 37.00	 7	 0.30	 
bfer_148	 2	 13	 2202.jpg	 3.343106e+02	 24	 999000	 240	 999000	 999	 3.353283e+02	 650.00	 683.33	 60.00	 23	 0.50	 
bfer_148	 2	 13	 1219.jpg	 3.363128e+02	 11	 9.582687e+02	 110	 6.500218e+02	 98	 3.373306e+02	 666.67	 683.33	 17.00	 40	 0.51	 
bfer_148	 2	 13	 1217.jpg	 3.383151e+02	 12	 999000	 120	 999000	 999	 3.393329e+02	 666.67	 683.33	 19.00	 38	 0.47	 
bfer_148	 2	 13	 2119.jpg	 3.403004e+02	 24	 999000	 240	 999000	 999	 3.413184e+02	 666.67	 683.33	 58.00	 19	 0.53	 
bfer_148	 2	 13	 1203.jpg	 3.423029e+02	 12	 999000	 120	 999000	 999	 3.433207e+02	 666.67	 683.33	 38.00	 24	 0.30	 
bfer_148	 2	 13	 1108.jpg	 3.443051e+02	 11	 8.858950e+02	 110	 6.667008e+02	 98	 3.453229e+02	 683.33	 683.33	 9.00	 8	 0.64	 
bfer_148	 2	 13	 2203.jpg	 3.483097e+02	 22	 1.001445e+03	 2200	 6.833478e+02	 98	 3.493275e+02	 683.33	 633.33	 54.00	 24	 0.56	 
bfer_148	 2	 13	 1216.jpg	 3.523143e+02	 12	 999000	 120	 999000	 999	 3.533319e+02	 683.33	 633.33	 21.00	 37	 0.47	 
bfer_148	 2	 13	 2113.jpg	 3.543164e+02	 24	 999000	 240	 999000	 999	 3.553342e+02	 683.33	 633.33	 50.00	 13	 0.64	 
bfer_148	 2	 13	 2210.jpg	 3.563019e+02	 24	 999000	 240	 999000	 999	 3.573197e+02	 683.33	 633.33	 59.00	 31	 0.52	 
bfer_148	 2	 13	 2104.jpg	 3.583042e+02	 22	 9.188342e+02	 220	 6.333595e+02	 98	 3.593219e+02	 683.33	 650.00	 56.00	 4	 0.54	 
bfer_148	 2	 13	 2219.jpg	 3.603065e+02	 24	 999000	 240	 999000	 999	 3.613243e+02	 683.33	 650.00	 55.00	 40	 0.55	 
bfer_148	 2	 13	 1114.jpg	 3.663132e+02	 11	 8.858451e+02	 110	 6.833553e+02	 98	 3.673310e+02	 700.00	 650.00	 8.00	 14	 0.68	 
bfer_148	 2	 13	 1213.jpg	 3.683156e+02	 11	 9.794300e+02	 110	 7.000265e+02	 98	 3.693333e+02	 716.67	 650.00	 14.00	 34	 0.58	 
