subjectID	 order	 runNum	 itemName	 onsetTime	 shuff_trialType	 RT	 respInTime	 AudioTime	 response	 fixationTime	 ladder1	 ladder2	 bidIndex	 itemNameIndex	 bidValue	 
bfer_134	 2	 12	 1219.jpg	 1.162050e+02	 12	 999000	 120	 999000	 999	 1.172234e+02	 783.33	 783.33	 19.00	 40	 0.51	 
bfer_134	 2	 12	 1102.jpg	 1.212108e+02	 11	 9.719862e+02	 110	 7.833472e+02	 98	 1.222291e+02	 800.00	 783.33	 17.00	 2	 0.55	 
bfer_134	 2	 12	 2109.jpg	 1.231966e+02	 24	 999000	 240	 999000	 999	 1.242148e+02	 800.00	 783.33	 62.00	 9	 0.48	 
bfer_134	 2	 12	 1215.jpg	 1.251988e+02	 12	 999000	 120	 999000	 999	 1.262169e+02	 800.00	 783.33	 10.00	 36	 0.71	 
bfer_134	 2	 12	 1209.jpg	 1.312055e+02	 12	 999000	 120	 999000	 999	 1.322236e+02	 800.00	 783.33	 12.00	 30	 0.69	 
bfer_134	 2	 12	 2218.jpg	 1.332077e+02	 24	 999000	 240	 999000	 999	 1.342259e+02	 800.00	 783.33	 43.00	 39	 0.83	 
bfer_134	 2	 12	 2202.jpg	 1.362110e+02	 22	 8.198114e+02	 220	 7.833521e+02	 98	 1.372293e+02	 800.00	 800.00	 51.00	 23	 0.69	 
bfer_134	 2	 12	 1202.jpg	 1.381966e+02	 11	 9.861799e+02	 110	 8.000227e+02	 98	 1.392147e+02	 816.67	 800.00	 14.00	 23	 0.62	 
bfer_134	 2	 12	 2215.jpg	 1.422011e+02	 24	 999000	 240	 999000	 999	 1.432193e+02	 816.67	 800.00	 61.00	 36	 0.52	 
bfer_134	 2	 12	 2204.jpg	 1.442034e+02	 22	 1.051407e+03	 2200	 8.000187e+02	 98	 1.452214e+02	 816.67	 750.00	 49.00	 25	 0.74	 
bfer_134	 2	 12	 1106.jpg	 1.492090e+02	 12	 999000	 120	 999000	 999	 1.502272e+02	 816.67	 750.00	 13.00	 6	 0.67	 
bfer_134	 2	 12	 2214.jpg	 1.562001e+02	 24	 999000	 240	 999000	 999	 1.572183e+02	 816.67	 750.00	 58.00	 35	 0.59	 
bfer_134	 2	 12	 2211.jpg	 1.582025e+02	 24	 999000	 240	 999000	 999	 1.592205e+02	 816.67	 750.00	 50.00	 32	 0.69	 
bfer_134	 2	 12	 2106.jpg	 1.612058e+02	 24	 999000	 240	 999000	 999	 1.622239e+02	 816.67	 750.00	 53.00	 6	 0.68	 
bfer_134	 2	 12	 1211.jpg	 1.642092e+02	 12	 999000	 120	 999000	 999	 1.652273e+02	 816.67	 750.00	 3.00	 32	 0.82	 
bfer_134	 2	 12	 2107.jpg	 1.681970e+02	 22	 9.698703e+02	 220	 7.500383e+02	 98	 1.692151e+02	 816.67	 766.67	 56.00	 7	 0.64	 
bfer_134	 2	 12	 2217.jpg	 1.722014e+02	 22	 9.813880e+02	 220	 7.666907e+02	 98	 1.732196e+02	 816.67	 783.33	 48.00	 38	 0.75	 
bfer_134	 2	 12	 2119.jpg	 1.762060e+02	 24	 999000	 240	 999000	 999	 1.772241e+02	 816.67	 783.33	 77.00	 19	 0.24	 
bfer_134	 2	 12	 1210.jpg	 1.792093e+02	 12	 999000	 120	 999000	 999	 1.802274e+02	 816.67	 783.33	 15.00	 31	 0.59	 
bfer_134	 2	 12	 2206.jpg	 1.851994e+02	 24	 999000	 240	 999000	 999	 1.862176e+02	 816.67	 783.33	 44.00	 27	 0.82	 
bfer_134	 2	 12	 1218.jpg	 1.872016e+02	 12	 999000	 120	 999000	 999	 1.882197e+02	 816.67	 783.33	 7.00	 39	 0.77	 
bfer_134	 2	 12	 1207.jpg	 1.902050e+02	 11	 1.009794e+03	 1100	 8.166906e+02	 98	 1.912247e+02	 766.67	 783.33	 11.00	 28	 0.71	 
bfer_134	 2	 12	 2216.jpg	 1.922072e+02	 24	 999000	 240	 999000	 999	 1.932254e+02	 766.67	 783.33	 47.00	 37	 0.76	 
bfer_134	 2	 12	 1206.jpg	 1.942095e+02	 11	 9.733753e+02	 110	 7.666873e+02	 98	 1.952276e+02	 783.33	 783.33	 9.00	 27	 0.72	 
bfer_134	 2	 12	 1212.jpg	 1.961948e+02	 12	 999000	 120	 999000	 999	 1.972131e+02	 783.33	 783.33	 37.00	 33	 0.19	 
bfer_134	 2	 12	 1201.jpg	 1.991985e+02	 12	 999000	 120	 999000	 999	 2.002167e+02	 783.33	 783.33	 4.00	 22	 0.81	 
bfer_134	 2	 12	 2208.jpg	 2.032029e+02	 24	 999000	 240	 999000	 999	 2.042210e+02	 783.33	 783.33	 60.00	 29	 0.55	 
bfer_134	 2	 12	 1107.jpg	 2.052052e+02	 12	 999000	 120	 999000	 999	 2.062233e+02	 783.33	 783.33	 20.00	 7	 0.50	 
bfer_134	 2	 12	 2117.jpg	 2.072074e+02	 24	 999000	 240	 999000	 999	 2.082255e+02	 783.33	 783.33	 78.00	 17	 0.19	 
bfer_134	 2	 12	 1217.jpg	 2.092098e+02	 11	 9.810402e+02	 110	 7.833621e+02	 98	 2.102278e+02	 800.00	 783.33	 8.00	 38	 0.74	 
bfer_134	 2	 12	 1214.jpg	 2.111953e+02	 11	 1.043491e+03	 1100	 8.000319e+02	 98	 2.122134e+02	 750.00	 783.33	 16.00	 35	 0.58	 
bfer_134	 2	 12	 2102.jpg	 2.131975e+02	 24	 999000	 240	 999000	 999	 2.142156e+02	 750.00	 783.33	 52.00	 2	 0.69	 
bfer_134	 2	 12	 1110.jpg	 2.172019e+02	 12	 999000	 120	 999000	 999	 2.182200e+02	 750.00	 783.33	 18.00	 10	 0.54	 
bfer_134	 2	 12	 2209.jpg	 2.212064e+02	 24	 999000	 240	 999000	 999	 2.222245e+02	 750.00	 783.33	 55.00	 30	 0.67	 
bfer_134	 2	 12	 1204.jpg	 2.232087e+02	 12	 999000	 120	 999000	 999	 2.242268e+02	 750.00	 783.33	 21.00	 25	 0.48	 
bfer_134	 2	 12	 2201.jpg	 2.252111e+02	 22	 1.107737e+03	 2200	 7.833488e+02	 98	 2.262291e+02	 750.00	 733.33	 54.00	 22	 0.68	 
bfer_134	 2	 12	 1117.jpg	 2.271965e+02	 12	 999000	 120	 999000	 999	 2.282146e+02	 750.00	 733.33	 38.00	 17	 0.18	 
bfer_134	 2	 12	 2113.jpg	 2.291988e+02	 22	 9.440740e+02	 220	 7.333587e+02	 98	 2.302169e+02	 750.00	 750.00	 57.00	 13	 0.61	 
bfer_134	 2	 12	 2105.jpg	 2.352055e+02	 24	 999000	 240	 999000	 999	 2.362236e+02	 750.00	 750.00	 59.00	 5	 0.58	 
bfer_134	 2	 12	 1111.jpg	 2.372077e+02	 12	 999000	 120	 999000	 999	 2.382259e+02	 750.00	 750.00	 22.00	 11	 0.43	 
