subjectID	 order	 runNum	 itemName	 onsetTime	 shuff_trialType	 RT	 respInTime	 AudioTime	 response	 fixationTime	 ladder1	 ladder2	 bidIndex	 itemNameIndex	 bidValue	 
bfer_108	 2	 7	 1213.jpg	 7.507999e+02	 11	 8.948612e+02	 110	 6.166885e+02	 98	 7.518180e+02	 633.33	 683.33	 14.00	 34	 0.63	 
bfer_108	 2	 7	 2215.jpg	 7.538033e+02	 24	 999000	 240	 999000	 999	 7.548214e+02	 633.33	 683.33	 62.00	 36	 0.48	 
bfer_108	 2	 7	 1212.jpg	 7.577908e+02	 12	 999000	 120	 999000	 999	 7.588093e+02	 633.33	 683.33	 18.00	 33	 0.53	 
bfer_108	 2	 7	 1216.jpg	 7.597934e+02	 12	 999000	 120	 999000	 999	 7.608115e+02	 633.33	 683.33	 7.00	 37	 0.76	 
bfer_108	 2	 7	 2207.jpg	 7.617956e+02	 24	 999000	 240	 999000	 999	 7.628137e+02	 633.33	 683.33	 52.00	 28	 0.62	 
bfer_108	 2	 7	 1201.jpg	 7.658001e+02	 12	 999000	 120	 999000	 999	 7.668182e+02	 633.33	 683.33	 10.00	 22	 0.72	 
bfer_108	 2	 7	 1118.jpg	 7.678023e+02	 12	 999000	 120	 999000	 999	 7.688206e+02	 633.33	 683.33	 37.00	 18	 0.21	 
bfer_108	 2	 7	 1214.jpg	 7.727910e+02	 11	 9.517565e+02	 110	 6.333604e+02	 98	 7.738094e+02	 650.00	 683.33	 9.00	 35	 0.73	 
bfer_108	 2	 7	 2205.jpg	 7.747937e+02	 24	 999000	 240	 999000	 999	 7.758117e+02	 650.00	 683.33	 47.00	 26	 0.75	 
bfer_108	 2	 7	 2208.jpg	 7.777969e+02	 22	 9.378738e+02	 220	 6.833515e+02	 98	 7.788150e+02	 650.00	 700.00	 54.00	 29	 0.57	 
bfer_108	 2	 7	 2121.jpg	 7.808003e+02	 24	 999000	 240	 999000	 999	 7.818185e+02	 650.00	 700.00	 60.00	 21	 0.52	 
bfer_108	 2	 7	 1121.jpg	 7.848048e+02	 12	 999000	 120	 999000	 999	 7.858231e+02	 650.00	 700.00	 3.00	 21	 0.82	 
bfer_108	 2	 7	 2218.jpg	 7.877911e+02	 22	 9.916292e+02	 220	 7.000143e+02	 98	 7.888097e+02	 650.00	 716.67	 49.00	 39	 0.72	 
bfer_108	 2	 7	 2206.jpg	 7.897937e+02	 24	 999000	 240	 999000	 999	 7.908119e+02	 650.00	 716.67	 50.00	 27	 0.70	 
bfer_108	 2	 7	 1103.jpg	 7.927971e+02	 12	 999000	 120	 999000	 999	 7.938153e+02	 650.00	 716.67	 20.00	 3	 0.49	 
bfer_108	 2	 7	 2103.jpg	 7.968017e+02	 24	 999000	 240	 999000	 999	 7.978198e+02	 650.00	 716.67	 43.00	 3	 0.84	 
bfer_108	 2	 7	 2114.jpg	 7.998050e+02	 24	 999000	 240	 999000	 999	 8.008232e+02	 650.00	 716.67	 61.00	 14	 0.50	 
bfer_108	 2	 7	 1113.jpg	 8.018073e+02	 11	 9.914749e+02	 110	 6.500357e+02	 98	 8.028253e+02	 666.67	 716.67	 11.00	 13	 0.68	 
bfer_108	 2	 7	 1102.jpg	 8.037928e+02	 12	 999000	 120	 999000	 999	 8.048109e+02	 666.67	 716.67	 12.00	 2	 0.65	 
bfer_108	 2	 7	 2102.jpg	 8.087985e+02	 24	 999000	 240	 999000	 999	 8.098166e+02	 666.67	 716.67	 59.00	 2	 0.55	 
bfer_108	 2	 7	 1204.jpg	 8.128029e+02	 12	 999000	 120	 999000	 999	 8.138211e+02	 666.67	 716.67	 4.00	 25	 0.81	 
bfer_108	 2	 7	 1203.jpg	 8.168074e+02	 12	 999000	 120	 999000	 999	 8.178256e+02	 666.67	 716.67	 19.00	 24	 0.52	 
bfer_108	 2	 7	 2119.jpg	 8.227975e+02	 24	 5.292360e+02	 24	 999000	 98	 8.238158e+02	 666.67	 716.67	 78.00	 19	 0.20	 
bfer_108	 2	 7	 1218.jpg	 8.247997e+02	 11	 1.095042e+03	 1100	 6.666938e+02	 98	 8.258178e+02	 616.67	 716.67	 8.00	 39	 0.74	 
bfer_108	 2	 7	 1114.jpg	 8.268020e+02	 11	 9.088013e+02	 110	 6.166852e+02	 98	 8.278202e+02	 633.33	 716.67	 16.00	 14	 0.56	 
bfer_108	 2	 7	 2213.jpg	 8.288043e+02	 24	 999000	 240	 999000	 999	 8.298224e+02	 633.33	 716.67	 44.00	 34	 0.83	 
bfer_108	 2	 7	 2204.jpg	 8.308064e+02	 22	 1.080348e+03	 2200	 7.166971e+02	 98	 8.318245e+02	 633.33	 666.67	 57.00	 25	 0.56	 
bfer_108	 2	 7	 2212.jpg	 8.347943e+02	 24	 999000	 240	 999000	 999	 8.358125e+02	 633.33	 666.67	 58.00	 33	 0.55	 
bfer_108	 2	 7	 1109.jpg	 8.367967e+02	 12	 999000	 120	 999000	 999	 8.378147e+02	 633.33	 666.67	 21.00	 9	 0.48	 
bfer_108	 2	 7	 1207.jpg	 8.408010e+02	 12	 999000	 120	 999000	 999	 8.418192e+02	 633.33	 666.67	 22.00	 28	 0.47	 
bfer_108	 2	 7	 2211.jpg	 8.428032e+02	 24	 999000	 240	 999000	 999	 8.438214e+02	 633.33	 666.67	 53.00	 32	 0.61	 
bfer_108	 2	 7	 1219.jpg	 8.448056e+02	 12	 999000	 120	 999000	 999	 8.458238e+02	 633.33	 666.67	 13.00	 40	 0.63	 
bfer_108	 2	 7	 2219.jpg	 8.468078e+02	 22	 9.749570e+02	 220	 6.666798e+02	 98	 8.478260e+02	 633.33	 683.33	 48.00	 40	 0.74	 
bfer_108	 2	 7	 2203.jpg	 8.517967e+02	 24	 999000	 240	 999000	 999	 8.528148e+02	 633.33	 683.33	 77.00	 24	 0.23	 
bfer_108	 2	 7	 1119.jpg	 8.537989e+02	 12	 999000	 120	 999000	 999	 8.548172e+02	 633.33	 683.33	 38.00	 19	 0.20	 
bfer_108	 2	 7	 2217.jpg	 8.558014e+02	 22	 1.053316e+03	 2200	 6.833536e+02	 98	 8.568193e+02	 633.33	 633.33	 56.00	 38	 0.56	 
bfer_108	 2	 7	 1211.jpg	 8.588046e+02	 11	 1.074149e+03	 1100	 6.333625e+02	 98	 8.598227e+02	 583.33	 633.33	 17.00	 32	 0.54	 
bfer_108	 2	 7	 2214.jpg	 8.657958e+02	 24	 999000	 240	 999000	 999	 8.668140e+02	 583.33	 633.33	 55.00	 35	 0.56	 
bfer_108	 2	 7	 2109.jpg	 8.698003e+02	 22	 9.664291e+02	 220	 6.333911e+02	 98	 8.708184e+02	 583.33	 650.00	 51.00	 9	 0.64	 
bfer_108	 2	 7	 1105.jpg	 8.767912e+02	 12	 999000	 120	 999000	 999	 8.778096e+02	 583.33	 650.00	 15.00	 5	 0.59	 
