subjectID	 order	 runNum	 itemName	 onsetTime	 shuff_trialType	 RT	 respInTime	 AudioTime	 response	 fixationTime	 ladder1	 ladder2	 bidIndex	 itemNameIndex	 bidValue	 
bfer_101	 1	 1	 2121.jpg	 1.438975e+00	 24	 999000	 240	 999000	 999	 2.457392e+00	 750.00	 750.00	 48.00	 21	 0.74	 
bfer_101	 1	 1	 1206.jpg	 4.425886e+00	 12	 999000	 120	 999000	 999	 5.444130e+00	 750.00	 750.00	 9.00	 27	 0.68	 
bfer_101	 1	 1	 2202.jpg	 8.430288e+00	 24	 999000	 240	 999000	 999	 9.448633e+00	 750.00	 750.00	 59.00	 23	 0.51	 
bfer_101	 1	 1	 2103.jpg	 1.043246e+01	 24	 999000	 240	 999000	 999	 1.145096e+01	 750.00	 750.00	 43.00	 3	 0.87	 
bfer_101	 1	 1	 1104.jpg	 1.243489e+01	 12	 999000	 120	 999000	 999	 1.345348e+01	 750.00	 750.00	 21.00	 4	 0.49	 
bfer_101	 1	 1	 2105.jpg	 1.643917e+01	 24	 999000	 240	 999000	 999	 1.745740e+01	 750.00	 750.00	 78.00	 5	 0.21	 
bfer_101	 1	 1	 1211.jpg	 1.842460e+01	 11	 1.046323e+03	 1100	 7.502644e+02	 98	 1.944290e+01	 700.00	 750.00	 7.00	 32	 0.77	 
bfer_101	 1	 1	 1121.jpg	 2.343035e+01	 12	 999000	 120	 999000	 999	 2.444856e+01	 700.00	 750.00	 3.00	 21	 0.84	 
bfer_101	 1	 1	 1105.jpg	 2.543259e+01	 11	 9.743230e+02	 110	 7.000968e+02	 98	 2.645079e+01	 716.67	 750.00	 10.00	 5	 0.67	 
bfer_101	 1	 1	 1101.jpg	 2.843608e+01	 12	 999000	 120	 999000	 999	 2.945418e+01	 716.67	 750.00	 14.00	 1	 0.61	 
bfer_101	 1	 1	 2218.jpg	 3.143937e+01	 24	 999000	 240	 999000	 999	 3.245750e+01	 716.67	 750.00	 44.00	 39	 0.85	 
bfer_101	 1	 1	 2205.jpg	 3.542730e+01	 24	 999000	 240	 999000	 999	 3.644536e+01	 716.67	 750.00	 57.00	 26	 0.55	 
bfer_101	 1	 1	 2206.jpg	 3.843053e+01	 22	 9.843885e+02	 220	 7.502458e+02	 98	 3.944870e+01	 716.67	 766.67	 52.00	 27	 0.61	 
bfer_101	 1	 1	 1102.jpg	 4.043279e+01	 12	 999000	 120	 999000	 999	 4.145098e+01	 716.67	 766.67	 16.00	 2	 0.57	 
bfer_101	 1	 1	 1210.jpg	 4.343637e+01	 12	 999000	 120	 999000	 999	 4.445433e+01	 716.67	 766.67	 22.00	 31	 0.44	 
bfer_101	 1	 1	 1217.jpg	 4.744070e+01	 12	 999000	 120	 999000	 999	 4.845880e+01	 716.67	 766.67	 20.00	 38	 0.53	 
bfer_101	 1	 1	 2114.jpg	 5.042734e+01	 24	 999000	 240	 999000	 999	 5.144556e+01	 716.67	 766.67	 56.00	 14	 0.57	 
bfer_101	 1	 1	 1205.jpg	 5.242963e+01	 11	 1.033281e+03	 1100	 7.167465e+02	 98	 5.344769e+01	 666.67	 766.67	 15.00	 26	 0.59	 
bfer_101	 1	 1	 2209.jpg	 5.443194e+01	 22	 1.086970e+03	 2200	 7.667502e+02	 98	 5.544997e+01	 666.67	 716.67	 50.00	 30	 0.66	 
bfer_101	 1	 1	 1204.jpg	 5.943756e+01	 12	 999000	 120	 999000	 999	 6.045580e+01	 666.67	 716.67	 4.00	 25	 0.80	 
bfer_101	 1	 1	 1214.jpg	 6.342506e+01	 12	 999000	 120	 999000	 999	 6.444346e+01	 666.67	 716.67	 8.00	 35	 0.74	 
bfer_101	 1	 1	 2212.jpg	 6.742980e+01	 24	 999000	 240	 999000	 999	 6.844802e+01	 666.67	 716.67	 51.00	 33	 0.61	 
bfer_101	 1	 1	 1202.jpg	 7.343663e+01	 12	 999000	 120	 999000	 999	 7.445471e+01	 666.67	 716.67	 17.00	 23	 0.56	 
bfer_101	 1	 1	 1114.jpg	 7.543885e+01	 11	 9.200632e+02	 110	 6.667387e+02	 98	 7.645700e+01	 683.33	 716.67	 18.00	 14	 0.55	 
bfer_101	 1	 1	 2106.jpg	 7.744106e+01	 24	 999000	 240	 999000	 999	 7.845935e+01	 683.33	 716.67	 61.00	 6	 0.49	 
bfer_101	 1	 1	 2217.jpg	 7.942660e+01	 22	 9.723260e+02	 220	 7.167445e+02	 98	 8.044478e+01	 683.33	 733.33	 58.00	 38	 0.52	 
bfer_101	 1	 1	 1213.jpg	 8.142886e+01	 12	 999000	 120	 999000	 999	 8.244703e+01	 683.33	 733.33	 11.00	 34	 0.67	 
bfer_101	 1	 1	 1108.jpg	 8.543340e+01	 12	 999000	 120	 999000	 999	 8.645151e+01	 683.33	 733.33	 38.00	 8	 0.19	 
bfer_101	 1	 1	 2111.jpg	 8.743558e+01	 24	 999000	 240	 999000	 999	 8.845372e+01	 683.33	 733.33	 77.00	 11	 0.24	 
bfer_101	 1	 1	 2118.jpg	 9.144009e+01	 24	 999000	 240	 999000	 999	 9.245827e+01	 683.33	 733.33	 60.00	 18	 0.50	 
bfer_101	 1	 1	 2109.jpg	 9.342548e+01	 24	 999000	 240	 999000	 999	 9.444379e+01	 683.33	 733.33	 49.00	 9	 0.67	 
bfer_101	 1	 1	 1106.jpg	 9.542801e+01	 12	 999000	 120	 999000	 999	 9.644608e+01	 683.33	 733.33	 19.00	 6	 0.54	 
bfer_101	 1	 1	 1218.jpg	 9.743024e+01	 11	 8.806768e+02	 110	 6.836634e+02	 98	 9.844838e+01	 700.00	 733.33	 12.00	 39	 0.65	 
bfer_101	 1	 1	 2208.jpg	 1.024358e+02	 22	 1.027149e+03	 2200	 7.334087e+02	 98	 1.034540e+02	 700.00	 683.33	 55.00	 29	 0.59	 
bfer_101	 1	 1	 2207.jpg	 1.044381e+02	 24	 999000	 240	 999000	 999	 1.054562e+02	 700.00	 683.33	 62.00	 28	 0.48	 
bfer_101	 1	 1	 2215.jpg	 1.064404e+02	 22	 8.944653e+02	 220	 6.836274e+02	 98	 1.074586e+02	 700.00	 700.00	 53.00	 36	 0.60	 
bfer_101	 1	 1	 1118.jpg	 1.094271e+02	 11	 9.238442e+02	 110	 7.001559e+02	 98	 1.104452e+02	 716.67	 700.00	 13.00	 18	 0.63	 
bfer_101	 1	 1	 2201.jpg	 1.164350e+02	 22	 9.639400e+02	 220	 7.000332e+02	 98	 1.174530e+02	 716.67	 716.67	 47.00	 22	 0.78	 
bfer_101	 1	 1	 2117.jpg	 1.204394e+02	 24	 999000	 240	 999000	 999	 1.214576e+02	 716.67	 716.67	 54.00	 17	 0.59	 
bfer_101	 1	 1	 1112.jpg	 1.274306e+02	 12	 999000	 120	 999000	 999	 1.284487e+02	 716.67	 716.67	 37.00	 12	 0.19	 
