subjectID	 order	 runNum	 itemName	 onsetTime	 shuff_trialType	 RT	 respInTime	 AudioTime	 response	 fixationTime	 ladder1	 ladder2	 bidIndex	 itemNameIndex	 bidValue	 
bfer_137	 1	 6	 2201.jpg	 6.422241e+02	 24	 999000	 240	 999000	 999	 6.432426e+02	 650.00	 650.00	 59.00	 22	 0.51	 
bfer_137	 1	 6	 2215.jpg	 6.472132e+02	 24	 999000	 240	 999000	 999	 6.482316e+02	 650.00	 650.00	 51.00	 36	 0.67	 
bfer_137	 1	 6	 1116.jpg	 6.492157e+02	 12	 999000	 120	 999000	 999	 6.502338e+02	 650.00	 650.00	 37.00	 16	 0.20	 
bfer_137	 1	 6	 1104.jpg	 6.512180e+02	 11	 9.568368e+02	 110	 6.500339e+02	 98	 6.522360e+02	 666.67	 650.00	 15.00	 4	 0.58	 
bfer_137	 1	 6	 1113.jpg	 6.572247e+02	 12	 999000	 120	 999000	 999	 6.582427e+02	 666.67	 650.00	 14.00	 13	 0.60	 
bfer_137	 1	 6	 1208.jpg	 6.592269e+02	 12	 999000	 120	 999000	 999	 6.602452e+02	 666.67	 650.00	 21.00	 29	 0.49	 
bfer_137	 1	 6	 1212.jpg	 6.622133e+02	 12	 999000	 120	 999000	 999	 6.632334e+02	 666.67	 650.00	 38.00	 33	 0.18	 
bfer_137	 1	 6	 2101.jpg	 6.642159e+02	 22	 1.046945e+03	 2200	 6.500137e+02	 98	 6.652339e+02	 666.67	 600.00	 53.00	 1	 0.63	 
bfer_137	 1	 6	 1204.jpg	 6.682203e+02	 11	 9.305332e+02	 110	 6.666814e+02	 98	 6.692384e+02	 683.33	 600.00	 10.00	 25	 0.65	 
bfer_137	 1	 6	 2205.jpg	 6.702225e+02	 24	 999000	 240	 999000	 999	 6.712406e+02	 683.33	 600.00	 44.00	 26	 0.84	 
bfer_137	 1	 6	 2113.jpg	 6.752283e+02	 22	 8.265200e+02	 220	 6.000206e+02	 98	 6.762464e+02	 683.33	 616.67	 55.00	 13	 0.60	 
bfer_137	 1	 6	 1213.jpg	 6.822193e+02	 12	 999000	 120	 999000	 999	 6.832375e+02	 683.33	 616.67	 17.00	 34	 0.56	 
bfer_137	 1	 6	 1102.jpg	 6.842216e+02	 11	 8.892766e+02	 110	 6.833489e+02	 98	 6.852397e+02	 700.00	 616.67	 18.00	 2	 0.55	 
bfer_137	 1	 6	 1111.jpg	 6.872249e+02	 12	 999000	 120	 999000	 999	 6.882432e+02	 700.00	 616.67	 22.00	 11	 0.47	 
bfer_137	 1	 6	 1109.jpg	 6.902283e+02	 12	 999000	 120	 999000	 999	 6.912465e+02	 700.00	 616.67	 8.00	 9	 0.69	 
bfer_137	 1	 6	 2109.jpg	 6.942162e+02	 24	 999000	 240	 999000	 999	 6.952342e+02	 700.00	 616.67	 57.00	 9	 0.57	 
bfer_137	 1	 6	 1214.jpg	 6.982207e+02	 12	 999000	 120	 999000	 999	 6.992388e+02	 700.00	 616.67	 3.00	 35	 0.83	 
bfer_137	 1	 6	 2104.jpg	 7.022252e+02	 24	 999000	 240	 999000	 999	 7.032432e+02	 700.00	 616.67	 78.00	 4	 0.23	 
bfer_137	 1	 6	 2207.jpg	 7.052285e+02	 22	 8.743947e+02	 220	 6.166912e+02	 98	 7.062467e+02	 700.00	 633.33	 47.00	 28	 0.69	 
bfer_137	 1	 6	 2219.jpg	 7.112185e+02	 22	 9.563458e+02	 220	 6.333606e+02	 98	 7.122367e+02	 700.00	 650.00	 50.00	 40	 0.67	 
bfer_137	 1	 6	 2212.jpg	 7.132208e+02	 24	 999000	 240	 999000	 999	 7.142389e+02	 700.00	 650.00	 77.00	 33	 0.23	 
bfer_137	 1	 6	 2121.jpg	 7.162242e+02	 24	 999000	 240	 999000	 999	 7.172422e+02	 700.00	 650.00	 48.00	 21	 0.68	 
bfer_137	 1	 6	 2102.jpg	 7.182264e+02	 24	 999000	 240	 999000	 999	 7.192445e+02	 700.00	 650.00	 61.00	 2	 0.50	 
bfer_137	 1	 6	 2118.jpg	 7.202287e+02	 24	 999000	 240	 999000	 999	 7.212468e+02	 700.00	 650.00	 54.00	 18	 0.62	 
bfer_137	 1	 6	 1207.jpg	 7.222139e+02	 12	 999000	 120	 999000	 999	 7.232325e+02	 700.00	 650.00	 4.00	 28	 0.82	 
bfer_137	 1	 6	 1121.jpg	 7.252175e+02	 11	 1.109292e+03	 1100	 7.000138e+02	 98	 7.262358e+02	 650.00	 650.00	 13.00	 21	 0.61	 
bfer_137	 1	 6	 1216.jpg	 7.292220e+02	 12	 999000	 120	 999000	 999	 7.302402e+02	 650.00	 650.00	 9.00	 37	 0.67	 
bfer_137	 1	 6	 2216.jpg	 7.312243e+02	 24	 999000	 240	 999000	 999	 7.322424e+02	 650.00	 650.00	 49.00	 37	 0.68	 
bfer_137	 1	 6	 1103.jpg	 7.332266e+02	 12	 999000	 120	 999000	 999	 7.342448e+02	 650.00	 650.00	 19.00	 3	 0.54	 
bfer_137	 1	 6	 2209.jpg	 7.352289e+02	 22	 8.579865e+02	 220	 6.500184e+02	 98	 7.362470e+02	 650.00	 666.67	 52.00	 30	 0.66	 
bfer_137	 1	 6	 1205.jpg	 7.372141e+02	 12	 999000	 120	 999000	 999	 7.382326e+02	 650.00	 666.67	 20.00	 26	 0.51	 
bfer_137	 1	 6	 2110.jpg	 7.392166e+02	 24	 999000	 240	 999000	 999	 7.402348e+02	 650.00	 666.67	 62.00	 10	 0.48	 
bfer_137	 1	 6	 1209.jpg	 7.432212e+02	 11	 1.025610e+03	 1100	 6.500156e+02	 98	 7.442393e+02	 600.00	 666.67	 7.00	 30	 0.76	 
bfer_137	 1	 6	 2213.jpg	 7.472256e+02	 24	 999000	 240	 999000	 999	 7.482437e+02	 600.00	 666.67	 43.00	 34	 0.85	 
bfer_137	 1	 6	 2206.jpg	 7.492279e+02	 22	 1.082981e+03	 2200	 6.666909e+02	 98	 7.502460e+02	 600.00	 616.67	 58.00	 27	 0.53	 
bfer_137	 1	 6	 1119.jpg	 7.512132e+02	 11	 9.296653e+02	 110	 6.000262e+02	 98	 7.522316e+02	 616.67	 616.67	 12.00	 19	 0.65	 
bfer_137	 1	 6	 1105.jpg	 7.532157e+02	 12	 999000	 120	 999000	 999	 7.542338e+02	 616.67	 616.67	 11.00	 5	 0.65	 
bfer_137	 1	 6	 2214.jpg	 7.552179e+02	 24	 999000	 240	 999000	 999	 7.562360e+02	 616.67	 616.67	 56.00	 35	 0.59	 
bfer_137	 1	 6	 1118.jpg	 7.612247e+02	 12	 999000	 120	 999000	 999	 7.622427e+02	 616.67	 616.67	 16.00	 18	 0.57	 
bfer_137	 1	 6	 2107.jpg	 7.632269e+02	 24	 999000	 240	 999000	 999	 7.642450e+02	 616.67	 616.67	 60.00	 7	 0.51	 
