subjectID	 order	 runNum	 itemName	 onsetTime	 shuff_trialType	 RT	 respInTime	 AudioTime	 response	 fixationTime	 ladder1	 ladder2	 bidIndex	 itemNameIndex	 bidValue	 
bfer_112	 2	 8	 1110.jpg	 9.191909e+02	 11	 9.200456e+02	 110	 5.833679e+02	 98	 9.202094e+02	 600.00	 583.33	 14.00	 10	 0.58	 
bfer_112	 2	 8	 1209.jpg	 9.221946e+02	 11	 9.243144e+02	 110	 6.000151e+02	 98	 9.232127e+02	 616.67	 583.33	 16.00	 30	 0.57	 
bfer_112	 2	 8	 2211.jpg	 9.261991e+02	 22	 9.518580e+02	 220	 5.833583e+02	 98	 9.272172e+02	 616.67	 600.00	 48.00	 32	 0.73	 
bfer_112	 2	 8	 2121.jpg	 9.281846e+02	 22	 9.502931e+02	 220	 6.000153e+02	 98	 9.292030e+02	 616.67	 616.67	 49.00	 21	 0.70	 
bfer_112	 2	 8	 2218.jpg	 9.301870e+02	 24	 999000	 240	 999000	 999	 9.312051e+02	 616.67	 616.67	 43.00	 39	 0.79	 
bfer_112	 2	 8	 1208.jpg	 9.341915e+02	 12	 999000	 120	 999000	 999	 9.352096e+02	 616.67	 616.67	 13.00	 29	 0.58	 
bfer_112	 2	 8	 1103.jpg	 9.361937e+02	 12	 999000	 120	 999000	 999	 9.372118e+02	 616.67	 616.67	 10.00	 3	 0.66	 
bfer_112	 2	 8	 2212.jpg	 9.411993e+02	 24	 999000	 240	 999000	 999	 9.422174e+02	 616.67	 616.67	 61.00	 33	 0.52	 
bfer_112	 2	 8	 1114.jpg	 9.431848e+02	 12	 999000	 120	 999000	 999	 9.442029e+02	 616.67	 616.67	 18.00	 14	 0.52	 
bfer_112	 2	 8	 1105.jpg	 9.461883e+02	 12	 999000	 120	 999000	 999	 9.472063e+02	 616.67	 616.67	 20.00	 5	 0.51	 
bfer_112	 2	 8	 2206.jpg	 9.491916e+02	 24	 999000	 240	 999000	 999	 9.502097e+02	 616.67	 616.67	 44.00	 27	 0.79	 
bfer_112	 2	 8	 2202.jpg	 9.531960e+02	 24	 999000	 240	 999000	 999	 9.542142e+02	 616.67	 616.67	 62.00	 23	 0.49	 
bfer_112	 2	 8	 1121.jpg	 9.561995e+02	 11	 1.151458e+03	 1100	 6.166807e+02	 98	 9.572175e+02	 566.67	 616.67	 17.00	 21	 0.56	 
bfer_112	 2	 8	 2208.jpg	 9.581850e+02	 22	 9.819117e+02	 220	 6.166798e+02	 98	 9.592031e+02	 566.67	 633.33	 56.00	 29	 0.59	 
bfer_112	 2	 8	 2113.jpg	 9.611884e+02	 24	 999000	 240	 999000	 999	 9.622065e+02	 566.67	 633.33	 77.00	 13	 0.22	 
bfer_112	 2	 8	 1115.jpg	 9.651929e+02	 12	 999000	 120	 999000	 999	 9.662110e+02	 566.67	 633.33	 22.00	 15	 0.49	 
bfer_112	 2	 8	 2213.jpg	 9.681963e+02	 22	 1.002672e+03	 2200	 6.333471e+02	 98	 9.692145e+02	 566.67	 583.33	 57.00	 34	 0.56	 
bfer_112	 2	 8	 1202.jpg	 9.701986e+02	 12	 999000	 120	 999000	 999	 9.712168e+02	 566.67	 583.33	 7.00	 23	 0.72	 
bfer_112	 2	 8	 1109.jpg	 9.721843e+02	 12	 999000	 120	 999000	 999	 9.732023e+02	 566.67	 583.33	 21.00	 9	 0.49	 
bfer_112	 2	 8	 2209.jpg	 9.771897e+02	 24	 999000	 240	 999000	 999	 9.782078e+02	 566.67	 583.33	 50.00	 30	 0.68	 
bfer_112	 2	 8	 1216.jpg	 9.811942e+02	 12	 999000	 120	 999000	 999	 9.822125e+02	 566.67	 583.33	 15.00	 37	 0.57	 
bfer_112	 2	 8	 2207.jpg	 9.851986e+02	 24	 999000	 240	 999000	 999	 9.862169e+02	 566.67	 583.33	 47.00	 28	 0.76	 
bfer_112	 2	 8	 1201.jpg	 9.911888e+02	 12	 999000	 120	 999000	 999	 9.922069e+02	 566.67	 583.33	 3.00	 22	 0.85	 
bfer_112	 2	 8	 1120.jpg	 9.931910e+02	 12	 999000	 120	 999000	 999	 9.942091e+02	 566.67	 583.33	 38.00	 20	 0.17	 
bfer_112	 2	 8	 2215.jpg	 9.951933e+02	 24	 999000	 240	 999000	 999	 9.962115e+02	 566.67	 583.33	 53.00	 36	 0.62	 
bfer_112	 2	 8	 1215.jpg	 9.971955e+02	 11	 9.394747e+02	 110	 5.666857e+02	 98	 9.982136e+02	 583.33	 583.33	 11.00	 36	 0.63	 
bfer_112	 2	 8	 2104.jpg	 9.991977e+02	 24	 999000	 240	 999000	 999	 1.000216e+03	 583.33	 583.33	 78.00	 4	 0.18	 
bfer_112	 2	 8	 1213.jpg	 1.003186e+03	 11	 1.213420e+03	 1100	 5.833474e+02	 98	 1.004204e+03	 533.33	 583.33	 9.00	 34	 0.68	 
bfer_112	 2	 8	 1214.jpg	 1.005188e+03	 12	 999000	 120	 999000	 999	 1.006206e+03	 533.33	 583.33	 12.00	 35	 0.58	 
bfer_112	 2	 8	 2203.jpg	 1.009192e+03	 24	 999000	 240	 999000	 999	 1.010210e+03	 533.33	 583.33	 59.00	 24	 0.53	 
bfer_112	 2	 8	 2204.jpg	 1.011194e+03	 22	 1.052446e+03	 2200	 5.833603e+02	 98	 1.012213e+03	 533.33	 533.33	 54.00	 25	 0.62	 
bfer_112	 2	 8	 1112.jpg	 1.013197e+03	 12	 999000	 120	 999000	 999	 1.014215e+03	 533.33	 533.33	 37.00	 12	 0.20	 
bfer_112	 2	 8	 2111.jpg	 1.015199e+03	 24	 999000	 240	 999000	 999	 1.016217e+03	 533.33	 533.33	 55.00	 11	 0.61	 
bfer_112	 2	 8	 1206.jpg	 1.020188e+03	 12	 999000	 120	 999000	 999	 1.021206e+03	 533.33	 533.33	 4.00	 27	 0.84	 
bfer_112	 2	 8	 2109.jpg	 1.022190e+03	 24	 999000	 240	 999000	 999	 1.023208e+03	 533.33	 533.33	 60.00	 9	 0.53	 
bfer_112	 2	 8	 1117.jpg	 1.024192e+03	 12	 999000	 120	 999000	 999	 1.025211e+03	 533.33	 533.33	 19.00	 17	 0.52	 
bfer_112	 2	 8	 2115.jpg	 1.027196e+03	 24	 999000	 240	 999000	 999	 1.028214e+03	 533.33	 533.33	 58.00	 15	 0.53	 
bfer_112	 2	 8	 1106.jpg	 1.034187e+03	 11	 9.558800e+02	 1	 5.333560e+02	 82	 1.035205e+03	 483.33	 533.33	 8.00	 6	 0.69	 
bfer_112	 2	 8	 2106.jpg	 1.038192e+03	 22	 8.074029e+02	 220	 5.334574e+02	 98	 1.039210e+03	 483.33	 550.00	 51.00	 6	 0.68	 
bfer_112	 2	 8	 2217.jpg	 1.045183e+03	 24	 999000	 240	 999000	 999	 1.046201e+03	 483.33	 550.00	 52.00	 38	 0.65	 
