subjectID	 order	 runNum	 itemName	 onsetTime	 shuff_trialType	 RT	 respInTime	 AudioTime	 response	 fixationTime	 ladder1	 ladder2	 bidIndex	 itemNameIndex	 bidValue	 
bfer_106	 2	 5	 2101.jpg	 5.335695e+02	 24	 999000	 240	 999000	 999	 5.345876e+02	 683.33	 616.67	 61.00	 1	 0.55	 
bfer_106	 2	 5	 1215.jpg	 5.365729e+02	 12	 999000	 120	 999000	 999	 5.375910e+02	 683.33	 616.67	 22.00	 36	 0.45	 
bfer_106	 2	 5	 2201.jpg	 5.385752e+02	 22	 1.039608e+03	 2200	 6.166846e+02	 98	 5.395932e+02	 683.33	 566.67	 49.00	 22	 0.70	 
bfer_106	 2	 5	 2210.jpg	 5.405773e+02	 24	 999000	 240	 999000	 999	 5.415955e+02	 683.33	 566.67	 58.00	 31	 0.55	 
bfer_106	 2	 5	 1117.jpg	 5.425627e+02	 12	 999000	 120	 999000	 999	 5.435810e+02	 683.33	 566.67	 38.00	 17	 0.30	 
bfer_106	 2	 5	 1101.jpg	 5.455664e+02	 11	 1.136475e+03	 1100	 6.833559e+02	 98	 5.465844e+02	 633.33	 566.67	 9.00	 1	 0.66	 
bfer_106	 2	 5	 1110.jpg	 5.475686e+02	 12	 999000	 120	 999000	 999	 5.485867e+02	 633.33	 566.67	 21.00	 10	 0.46	 
bfer_106	 2	 5	 2202.jpg	 5.515732e+02	 24	 999000	 240	 999000	 999	 5.525912e+02	 633.33	 566.67	 44.00	 23	 0.74	 
bfer_106	 2	 5	 2109.jpg	 5.535753e+02	 24	 999000	 240	 999000	 999	 5.545934e+02	 633.33	 566.67	 53.00	 9	 0.62	 
bfer_106	 2	 5	 2102.jpg	 5.585642e+02	 24	 999000	 240	 999000	 999	 5.595824e+02	 633.33	 566.67	 78.00	 2	 0.21	 
bfer_106	 2	 5	 1202.jpg	 5.605665e+02	 12	 999000	 120	 999000	 999	 5.615846e+02	 633.33	 566.67	 3.00	 23	 0.70	 
bfer_106	 2	 5	 1209.jpg	 5.645710e+02	 12	 999000	 120	 999000	 999	 5.655892e+02	 633.33	 566.67	 4.00	 30	 0.70	 
bfer_106	 2	 5	 1212.jpg	 5.665732e+02	 12	 999000	 120	 999000	 999	 5.675914e+02	 633.33	 566.67	 15.00	 33	 0.53	 
bfer_106	 2	 5	 2212.jpg	 5.695766e+02	 22	 8.942178e+02	 220	 5.666853e+02	 98	 5.705948e+02	 633.33	 583.33	 57.00	 33	 0.56	 
bfer_106	 2	 5	 2203.jpg	 5.745656e+02	 24	 999000	 240	 999000	 999	 5.755837e+02	 633.33	 583.33	 47.00	 24	 0.72	 
bfer_106	 2	 5	 2214.jpg	 5.765678e+02	 24	 999000	 240	 999000	 999	 5.775859e+02	 633.33	 583.33	 60.00	 35	 0.55	 
bfer_106	 2	 5	 1216.jpg	 5.785700e+02	 11	 9.407755e+02	 110	 6.333508e+02	 98	 5.795882e+02	 650.00	 583.33	 16.00	 37	 0.52	 
bfer_106	 2	 5	 2204.jpg	 5.825746e+02	 22	 1.064266e+03	 2200	 5.833588e+02	 98	 5.835927e+02	 650.00	 533.33	 51.00	 25	 0.66	 
bfer_106	 2	 5	 2119.jpg	 5.865790e+02	 24	 999000	 240	 999000	 999	 5.875972e+02	 650.00	 533.33	 77.00	 19	 0.27	 
bfer_106	 2	 5	 1211.jpg	 5.905669e+02	 11	 9.598907e+02	 110	 6.500443e+02	 98	 5.915850e+02	 666.67	 533.33	 17.00	 32	 0.49	 
bfer_106	 2	 5	 1121.jpg	 5.925691e+02	 11	 9.656852e+02	 110	 6.667011e+02	 98	 5.935873e+02	 683.33	 533.33	 14.00	 21	 0.58	 
bfer_106	 2	 5	 1103.jpg	 5.945714e+02	 12	 999000	 120	 999000	 999	 5.955895e+02	 683.33	 533.33	 12.00	 3	 0.61	 
bfer_106	 2	 5	 2213.jpg	 5.965737e+02	 24	 999000	 240	 999000	 999	 5.975917e+02	 683.33	 533.33	 59.00	 34	 0.55	 
bfer_106	 2	 5	 2116.jpg	 5.985759e+02	 24	 999000	 240	 999000	 999	 5.995940e+02	 683.33	 533.33	 55.00	 16	 0.59	 
bfer_106	 2	 5	 1104.jpg	 6.045659e+02	 12	 999000	 120	 999000	 999	 6.055840e+02	 683.33	 533.33	 13.00	 4	 0.58	 
bfer_106	 2	 5	 1208.jpg	 6.075693e+02	 11	 9.655697e+02	 110	 6.833582e+02	 98	 6.085874e+02	 700.00	 533.33	 8.00	 29	 0.66	 
bfer_106	 2	 5	 1111.jpg	 6.095716e+02	 12	 999000	 120	 999000	 999	 6.105896e+02	 700.00	 533.33	 19.00	 11	 0.48	 
bfer_106	 2	 5	 2115.jpg	 6.115738e+02	 24	 999000	 240	 999000	 999	 6.125920e+02	 700.00	 533.33	 62.00	 15	 0.53	 
bfer_106	 2	 5	 2218.jpg	 6.145771e+02	 24	 999000	 240	 999000	 999	 6.155954e+02	 700.00	 533.33	 43.00	 39	 0.78	 
bfer_106	 2	 5	 1113.jpg	 6.165625e+02	 12	 999000	 120	 999000	 999	 6.175809e+02	 700.00	 533.33	 10.00	 13	 0.66	 
bfer_106	 2	 5	 1108.jpg	 6.185650e+02	 12	 999000	 120	 999000	 999	 6.195832e+02	 700.00	 533.33	 37.00	 8	 0.31	 
bfer_106	 2	 5	 1105.jpg	 6.205672e+02	 11	 9.915717e+02	 110	 7.000274e+02	 98	 6.215854e+02	 716.67	 533.33	 11.00	 5	 0.63	 
bfer_106	 2	 5	 1218.jpg	 6.235707e+02	 12	 999000	 120	 999000	 999	 6.245888e+02	 716.67	 533.33	 7.00	 39	 0.66	 
bfer_106	 2	 5	 2205.jpg	 6.255729e+02	 24	 999000	 240	 999000	 999	 6.265910e+02	 716.67	 533.33	 52.00	 26	 0.63	 
bfer_106	 2	 5	 1205.jpg	 6.275752e+02	 12	 999000	 120	 999000	 999	 6.285932e+02	 716.67	 533.33	 20.00	 26	 0.46	 
bfer_106	 2	 5	 2215.jpg	 6.295773e+02	 22	 8.214975e+02	 220	 5.333484e+02	 98	 6.305955e+02	 716.67	 550.00	 56.00	 36	 0.58	 
bfer_106	 2	 5	 2219.jpg	 6.315628e+02	 22	 8.599770e+02	 220	 5.500222e+02	 98	 6.325811e+02	 716.67	 566.67	 54.00	 40	 0.59	 
bfer_106	 2	 5	 2207.jpg	 6.375696e+02	 24	 999000	 240	 999000	 999	 6.385878e+02	 716.67	 566.67	 50.00	 28	 0.67	 
bfer_106	 2	 5	 2216.jpg	 6.405730e+02	 22	 8.977946e+02	 220	 5.666933e+02	 98	 6.415911e+02	 716.67	 583.33	 48.00	 37	 0.70	 
bfer_106	 2	 5	 1115.jpg	 6.445775e+02	 12	 3.733022e+02	 12	 999000	 98	 6.455957e+02	 716.67	 583.33	 18.00	 15	 0.48	 
