subjectID	 order	 runNum	 itemName	 onsetTime	 shuff_trialType	 RT	 respInTime	 AudioTime	 response	 fixationTime	 ladder1	 ladder2	 bidIndex	 itemNameIndex	 bidValue	 
bfer_176	 2	 6	 1215.jpg	 6.063258e+02	 12	 999000	 120	 999000	 999	 6.073440e+02	 716.67	 716.67	 4.00	 36	 0.83	 
bfer_176	 2	 6	 2120.jpg	 6.113148e+02	 22	 9.396862e+02	 220	 7.166817e+02	 98	 6.123331e+02	 716.67	 733.33	 56.00	 20	 0.62	 
bfer_176	 2	 6	 1106.jpg	 6.133171e+02	 12	 999000	 120	 999000	 999	 6.143352e+02	 716.67	 733.33	 21.00	 6	 0.54	 
bfer_176	 2	 6	 1109.jpg	 6.153193e+02	 12	 999000	 120	 999000	 999	 6.163375e+02	 716.67	 733.33	 37.00	 9	 0.21	 
bfer_176	 2	 6	 1208.jpg	 6.213261e+02	 12	 999000	 120	 999000	 999	 6.223442e+02	 716.67	 733.33	 13.00	 29	 0.63	 
bfer_176	 2	 6	 2111.jpg	 6.233284e+02	 24	 999000	 240	 999000	 999	 6.243465e+02	 716.67	 733.33	 62.00	 11	 0.52	 
bfer_176	 2	 6	 1203.jpg	 6.263150e+02	 12	 999000	 120	 999000	 999	 6.273331e+02	 716.67	 733.33	 10.00	 24	 0.64	 
bfer_176	 2	 6	 2202.jpg	 6.283173e+02	 22	 9.211631e+02	 220	 7.333517e+02	 98	 6.293353e+02	 716.67	 750.00	 51.00	 23	 0.67	 
bfer_176	 2	 6	 2117.jpg	 6.323218e+02	 24	 999000	 240	 999000	 999	 6.333399e+02	 716.67	 750.00	 61.00	 17	 0.56	 
bfer_176	 2	 6	 1117.jpg	 6.343240e+02	 12	 999000	 120	 999000	 999	 6.353421e+02	 716.67	 750.00	 19.00	 17	 0.56	 
bfer_176	 2	 6	 1214.jpg	 6.393296e+02	 12	 8.608805e+02	 12	 999000	 98	 6.403477e+02	 716.67	 750.00	 15.00	 35	 0.60	 
bfer_176	 2	 6	 2219.jpg	 6.463208e+02	 22	 1.013702e+03	 2200	 7.500283e+02	 98	 6.473393e+02	 716.67	 700.00	 49.00	 40	 0.71	 
bfer_176	 2	 6	 2218.jpg	 6.483231e+02	 24	 999000	 240	 999000	 999	 6.493412e+02	 716.67	 700.00	 44.00	 39	 0.89	 
bfer_176	 2	 6	 1207.jpg	 6.513264e+02	 12	 999000	 120	 999000	 999	 6.523445e+02	 716.67	 700.00	 7.00	 28	 0.67	 
bfer_176	 2	 6	 1209.jpg	 6.543128e+02	 11	 1.005621e+03	 1100	 7.166888e+02	 98	 6.553314e+02	 666.67	 700.00	 14.00	 30	 0.62	 
bfer_176	 2	 6	 2104.jpg	 6.583177e+02	 24	 999000	 240	 999000	 999	 6.593358e+02	 666.67	 700.00	 78.00	 4	 0.24	 
bfer_176	 2	 6	 2212.jpg	 6.623221e+02	 22	 9.643512e+02	 220	 7.000239e+02	 98	 6.633403e+02	 666.67	 716.67	 48.00	 33	 0.77	 
bfer_176	 2	 6	 2210.jpg	 6.663266e+02	 22	 9.758542e+02	 220	 7.166910e+02	 98	 6.673448e+02	 666.67	 733.33	 57.00	 31	 0.61	 
bfer_176	 2	 6	 1216.jpg	 6.693131e+02	 12	 999000	 120	 999000	 999	 6.703315e+02	 666.67	 733.33	 20.00	 37	 0.55	 
bfer_176	 2	 6	 1103.jpg	 6.753201e+02	 11	 9.183295e+02	 110	 6.666874e+02	 98	 6.763381e+02	 683.33	 733.33	 9.00	 3	 0.65	 
bfer_176	 2	 6	 1205.jpg	 6.773222e+02	 12	 999000	 120	 999000	 999	 6.783405e+02	 683.33	 733.33	 18.00	 26	 0.58	 
bfer_176	 2	 6	 2107.jpg	 6.803257e+02	 24	 999000	 240	 999000	 999	 6.813438e+02	 683.33	 733.33	 77.00	 7	 0.25	 
bfer_176	 2	 6	 1213.jpg	 6.823281e+02	 11	 1.390366e+03	 1100	 6.833466e+02	 98	 6.833460e+02	 633.33	 733.33	 16.00	 34	 0.60	 
bfer_176	 2	 6	 2211.jpg	 6.843132e+02	 24	 999000	 240	 999000	 999	 6.853316e+02	 633.33	 733.33	 43.00	 32	 0.93	 
bfer_176	 2	 6	 1202.jpg	 6.863158e+02	 12	 999000	 120	 999000	 999	 6.873339e+02	 633.33	 733.33	 3.00	 23	 0.83	 
bfer_176	 2	 6	 1110.jpg	 6.893191e+02	 11	 9.113429e+02	 110	 6.333504e+02	 98	 6.903373e+02	 650.00	 733.33	 17.00	 10	 0.59	 
bfer_176	 2	 6	 2121.jpg	 6.933237e+02	 24	 999000	 240	 999000	 999	 6.943418e+02	 650.00	 733.33	 52.00	 21	 0.64	 
bfer_176	 2	 6	 1101.jpg	 6.953258e+02	 12	 999000	 120	 999000	 999	 6.963440e+02	 650.00	 733.33	 38.00	 1	 0.18	 
bfer_176	 2	 6	 2208.jpg	 6.973281e+02	 24	 999000	 240	 999000	 999	 6.983464e+02	 650.00	 733.33	 50.00	 29	 0.71	 
bfer_176	 2	 6	 2217.jpg	 6.993134e+02	 22	 9.170174e+02	 220	 7.333513e+02	 98	 7.003318e+02	 650.00	 750.00	 54.00	 38	 0.63	 
bfer_176	 2	 6	 1210.jpg	 7.013159e+02	 12	 999000	 120	 999000	 999	 7.023342e+02	 650.00	 750.00	 22.00	 31	 0.53	 
bfer_176	 2	 6	 2214.jpg	 7.033182e+02	 24	 7.682292e+02	 24	 999000	 98	 7.043363e+02	 650.00	 750.00	 55.00	 35	 0.63	 
bfer_176	 2	 6	 2108.jpg	 7.073227e+02	 24	 999000	 240	 999000	 999	 7.083408e+02	 650.00	 750.00	 53.00	 8	 0.63	 
bfer_176	 2	 6	 2109.jpg	 7.113272e+02	 24	 999000	 240	 999000	 999	 7.123453e+02	 650.00	 750.00	 60.00	 9	 0.58	 
bfer_176	 2	 6	 1217.jpg	 7.133125e+02	 11	 8.539544e+02	 110	 6.500181e+02	 98	 7.143309e+02	 666.67	 750.00	 11.00	 38	 0.64	 
bfer_176	 2	 6	 1212.jpg	 7.153150e+02	 12	 999000	 120	 999000	 999	 7.163331e+02	 666.67	 750.00	 12.00	 33	 0.64	 
bfer_176	 2	 6	 2215.jpg	 7.173172e+02	 24	 999000	 240	 999000	 999	 7.183354e+02	 666.67	 750.00	 47.00	 36	 0.85	 
bfer_176	 2	 6	 2201.jpg	 7.193195e+02	 24	 999000	 240	 999000	 999	 7.203376e+02	 666.67	 750.00	 59.00	 22	 0.59	 
bfer_176	 2	 6	 2204.jpg	 7.253263e+02	 24	 999000	 240	 999000	 999	 7.263444e+02	 666.67	 750.00	 58.00	 25	 0.61	 
bfer_176	 2	 6	 1204.jpg	 7.273285e+02	 11	 8.699638e+02	 110	 6.666826e+02	 98	 7.283467e+02	 683.33	 750.00	 8.00	 25	 0.65	 
