subjectID	 order	 runNum	 itemName	 onsetTime	 shuff_trialType	 RT	 respInTime	 AudioTime	 response	 fixationTime	 ladder1	 ladder2	 bidIndex	 itemNameIndex	 bidValue	 
bfer_135	 1	 4	 2205.jpg	 4.282158e+02	 24	 999000	 240	 999000	 999	 4.292343e+02	 716.67	 716.67	 48.00	 26	 0.71	 
bfer_135	 1	 4	 1219.jpg	 4.312196e+02	 12	 999000	 120	 999000	 999	 4.322377e+02	 716.67	 716.67	 16.00	 40	 0.63	 
bfer_135	 1	 4	 1206.jpg	 4.352241e+02	 12	 999000	 120	 999000	 999	 4.362422e+02	 716.67	 716.67	 17.00	 27	 0.61	 
bfer_135	 1	 4	 2117.jpg	 4.372096e+02	 24	 999000	 240	 999000	 999	 4.382277e+02	 716.67	 716.67	 62.00	 17	 0.50	 
bfer_135	 1	 4	 2102.jpg	 4.392118e+02	 24	 999000	 240	 999000	 999	 4.402300e+02	 716.67	 716.67	 78.00	 2	 0.19	 
bfer_135	 1	 4	 1202.jpg	 4.432164e+02	 11	 9.664173e+02	 110	 7.166932e+02	 98	 4.442344e+02	 733.33	 716.67	 18.00	 23	 0.54	 
bfer_135	 1	 4	 2219.jpg	 4.452186e+02	 24	 999000	 240	 999000	 999	 4.462367e+02	 733.33	 716.67	 44.00	 40	 0.81	 
bfer_135	 1	 4	 1211.jpg	 4.502242e+02	 11	 9.585955e+02	 110	 7.333499e+02	 98	 4.512423e+02	 750.00	 716.67	 13.00	 32	 0.66	 
bfer_135	 1	 4	 2217.jpg	 4.522098e+02	 22	 9.410168e+02	 220	 7.166799e+02	 98	 4.532279e+02	 750.00	 733.33	 52.00	 38	 0.64	 
bfer_135	 1	 4	 2104.jpg	 4.552132e+02	 24	 999000	 240	 999000	 999	 4.562313e+02	 750.00	 733.33	 77.00	 4	 0.22	 
bfer_135	 1	 4	 2121.jpg	 4.582165e+02	 22	 9.742963e+02	 220	 7.333511e+02	 98	 4.592346e+02	 750.00	 750.00	 58.00	 21	 0.60	 
bfer_135	 1	 4	 1209.jpg	 4.622211e+02	 12	 999000	 120	 999000	 999	 4.632392e+02	 750.00	 750.00	 11.00	 30	 0.71	 
bfer_135	 1	 4	 1109.jpg	 4.652244e+02	 12	 999000	 120	 999000	 999	 4.662425e+02	 750.00	 750.00	 3.00	 9	 0.82	 
bfer_135	 1	 4	 2203.jpg	 4.672099e+02	 24	 999000	 240	 999000	 999	 4.682281e+02	 750.00	 750.00	 61.00	 24	 0.50	 
bfer_135	 1	 4	 2209.jpg	 4.702134e+02	 24	 999000	 240	 999000	 999	 4.712315e+02	 750.00	 750.00	 54.00	 30	 0.62	 
bfer_135	 1	 4	 1205.jpg	 4.742179e+02	 11	 9.888820e+02	 110	 7.500276e+02	 98	 4.752360e+02	 766.67	 750.00	 10.00	 26	 0.73	 
bfer_135	 1	 4	 2206.jpg	 4.772212e+02	 24	 999000	 240	 999000	 999	 4.782394e+02	 766.67	 750.00	 49.00	 27	 0.70	 
bfer_135	 1	 4	 1113.jpg	 4.792235e+02	 12	 999000	 120	 999000	 999	 4.802417e+02	 766.67	 750.00	 20.00	 13	 0.48	 
bfer_135	 1	 4	 1111.jpg	 4.812088e+02	 12	 999000	 120	 999000	 999	 4.822272e+02	 766.67	 750.00	 38.00	 11	 0.16	 
bfer_135	 1	 4	 2212.jpg	 4.862147e+02	 24	 999000	 240	 999000	 999	 4.872328e+02	 766.67	 750.00	 59.00	 33	 0.53	 
bfer_135	 1	 4	 1107.jpg	 4.902191e+02	 12	 999000	 120	 999000	 999	 4.912373e+02	 766.67	 750.00	 21.00	 7	 0.48	 
bfer_135	 1	 4	 1106.jpg	 4.942237e+02	 12	 999000	 120	 999000	 999	 4.952418e+02	 766.67	 750.00	 19.00	 6	 0.49	 
bfer_135	 1	 4	 1110.jpg	 5.002138e+02	 11	 1.033028e+03	 1100	 7.666825e+02	 98	 5.012318e+02	 716.67	 750.00	 12.00	 10	 0.68	 
bfer_135	 1	 4	 1118.jpg	 5.022159e+02	 12	 999000	 120	 999000	 999	 5.032342e+02	 716.67	 750.00	 37.00	 18	 0.17	 
bfer_135	 1	 4	 1114.jpg	 5.042182e+02	 11	 9.965735e+02	 110	 7.166908e+02	 98	 5.052363e+02	 733.33	 750.00	 15.00	 14	 0.65	 
bfer_135	 1	 4	 2218.jpg	 5.062226e+02	 22	 1.032212e+03	 2200	 7.500125e+02	 98	 5.072386e+02	 733.33	 700.00	 53.00	 39	 0.64	 
bfer_135	 1	 4	 2207.jpg	 5.082227e+02	 24	 999000	 240	 999000	 999	 5.092408e+02	 733.33	 700.00	 51.00	 28	 0.65	 
bfer_135	 1	 4	 2113.jpg	 5.122105e+02	 24	 999000	 240	 999000	 999	 5.132286e+02	 733.33	 700.00	 60.00	 13	 0.51	 
bfer_135	 1	 4	 1203.jpg	 5.142128e+02	 12	 999000	 120	 999000	 999	 5.152309e+02	 733.33	 700.00	 4.00	 24	 0.80	 
bfer_135	 1	 4	 1213.jpg	 5.182172e+02	 12	 999000	 120	 999000	 999	 5.192355e+02	 733.33	 700.00	 9.00	 34	 0.73	 
bfer_135	 1	 4	 2106.jpg	 5.202196e+02	 24	 999000	 240	 999000	 999	 5.212376e+02	 733.33	 700.00	 57.00	 6	 0.60	 
bfer_135	 1	 4	 2213.jpg	 5.222218e+02	 24	 999000	 240	 999000	 999	 5.232399e+02	 733.33	 700.00	 43.00	 34	 0.83	 
bfer_135	 1	 4	 1115.jpg	 5.242071e+02	 12	 999000	 120	 999000	 999	 5.252255e+02	 733.33	 700.00	 8.00	 15	 0.75	 
bfer_135	 1	 4	 1218.jpg	 5.292130e+02	 11	 1.033829e+03	 1100	 7.333488e+02	 98	 5.302310e+02	 683.33	 700.00	 7.00	 39	 0.77	 
bfer_135	 1	 4	 2202.jpg	 5.312153e+02	 24	 999000	 240	 999000	 999	 5.322333e+02	 683.33	 700.00	 56.00	 23	 0.61	 
bfer_135	 1	 4	 1105.jpg	 5.332175e+02	 12	 999000	 120	 999000	 999	 5.342356e+02	 683.33	 700.00	 22.00	 5	 0.47	 
bfer_135	 1	 4	 2114.jpg	 5.362209e+02	 22	 9.538950e+02	 220	 7.000219e+02	 98	 5.372389e+02	 683.33	 716.67	 47.00	 14	 0.72	 
bfer_135	 1	 4	 2215.jpg	 5.432121e+02	 22	 9.547261e+02	 220	 7.166922e+02	 98	 5.442301e+02	 683.33	 733.33	 55.00	 36	 0.61	 
bfer_135	 1	 4	 1216.jpg	 5.472165e+02	 12	 999000	 120	 999000	 999	 5.482347e+02	 683.33	 733.33	 14.00	 37	 0.66	 
bfer_135	 1	 4	 2115.jpg	 5.542075e+02	 22	 9.833198e+02	 220	 7.333521e+02	 98	 5.552258e+02	 683.33	 750.00	 50.00	 15	 0.68	 
