subjectID	 order	 runNum	 itemName	 onsetTime	 shuff_trialType	 RT	 respInTime	 AudioTime	 response	 fixationTime	 ladder1	 ladder2	 bidIndex	 itemNameIndex	 bidValue	 
bfer_161	 1	 10	 2214.jpg	 1.267799e+03	 24	 999000	 240	 999000	 999	 1.268817e+03	 716.67	 716.67	 60.00	 35	 0.53	 
bfer_161	 1	 10	 2209.jpg	 1.270802e+03	 22	 9.406165e+02	 220	 7.166874e+02	 98	 1.271820e+03	 716.67	 733.33	 55.00	 30	 0.58	 
bfer_161	 1	 10	 1218.jpg	 1.274790e+03	 12	 999000	 120	 999000	 999	 1.275808e+03	 716.67	 733.33	 9.00	 39	 0.67	 
bfer_161	 1	 10	 1110.jpg	 1.276792e+03	 12	 999000	 120	 999000	 999	 1.277810e+03	 716.67	 733.33	 14.00	 10	 0.61	 
bfer_161	 1	 10	 2218.jpg	 1.278795e+03	 24	 999000	 240	 999000	 999	 1.279812e+03	 716.67	 733.33	 56.00	 39	 0.57	 
bfer_161	 1	 10	 1107.jpg	 1.282799e+03	 12	 999000	 120	 999000	 999	 1.283817e+03	 716.67	 733.33	 22.00	 7	 0.46	 
bfer_161	 1	 10	 2109.jpg	 1.284801e+03	 24	 999000	 240	 999000	 999	 1.285819e+03	 716.67	 733.33	 43.00	 9	 0.82	 
bfer_161	 1	 10	 1109.jpg	 1.289790e+03	 12	 999000	 120	 999000	 999	 1.290808e+03	 716.67	 733.33	 20.00	 9	 0.50	 
bfer_161	 1	 10	 1101.jpg	 1.291793e+03	 12	 999000	 120	 999000	 999	 1.292810e+03	 716.67	 733.33	 37.00	 1	 0.18	 
bfer_161	 1	 10	 1208.jpg	 1.294796e+03	 12	 999000	 120	 999000	 999	 1.295814e+03	 716.67	 733.33	 21.00	 29	 0.48	 
bfer_161	 1	 10	 1207.jpg	 1.297799e+03	 11	 9.517009e+02	 110	 7.167056e+02	 98	 1.298817e+03	 733.33	 733.33	 7.00	 28	 0.70	 
bfer_161	 1	 10	 2112.jpg	 1.301804e+03	 24	 999000	 240	 999000	 999	 1.302822e+03	 733.33	 733.33	 48.00	 12	 0.68	 
bfer_161	 1	 10	 1111.jpg	 1.304790e+03	 11	 9.605198e+02	 110	 7.333583e+02	 98	 1.305808e+03	 750.00	 733.33	 10.00	 11	 0.66	 
bfer_161	 1	 10	 2114.jpg	 1.306793e+03	 22	 9.022962e+02	 220	 7.333489e+02	 98	 1.307811e+03	 750.00	 750.00	 58.00	 14	 0.56	 
bfer_161	 1	 10	 2106.jpg	 1.309796e+03	 22	 9.469100e+02	 220	 7.500237e+02	 98	 1.310814e+03	 750.00	 766.67	 52.00	 6	 0.61	 
bfer_161	 1	 10	 2207.jpg	 1.313801e+03	 24	 999000	 240	 999000	 999	 1.314818e+03	 750.00	 766.67	 59.00	 28	 0.55	 
bfer_161	 1	 10	 2101.jpg	 1.316804e+03	 24	 999000	 240	 999000	 999	 1.317822e+03	 750.00	 766.67	 61.00	 1	 0.52	 
bfer_161	 1	 10	 1104.jpg	 1.318789e+03	 12	 999000	 120	 999000	 999	 1.319807e+03	 750.00	 766.67	 19.00	 4	 0.50	 
bfer_161	 1	 10	 2219.jpg	 1.320792e+03	 22	 9.672776e+02	 220	 7.666958e+02	 98	 1.321810e+03	 750.00	 783.33	 50.00	 40	 0.67	 
bfer_161	 1	 10	 2208.jpg	 1.325797e+03	 24	 999000	 240	 999000	 999	 1.326815e+03	 750.00	 783.33	 54.00	 29	 0.58	 
bfer_161	 1	 10	 1121.jpg	 1.329802e+03	 12	 999000	 120	 999000	 999	 1.330820e+03	 750.00	 783.33	 3.00	 21	 0.80	 
bfer_161	 1	 10	 1103.jpg	 1.333789e+03	 11	 9.536723e+02	 110	 7.500268e+02	 98	 1.334807e+03	 766.67	 783.33	 12.00	 3	 0.64	 
bfer_161	 1	 10	 1115.jpg	 1.339796e+03	 11	 9.545893e+02	 110	 7.666851e+02	 98	 1.340814e+03	 783.33	 783.33	 18.00	 15	 0.53	 
bfer_161	 1	 10	 2115.jpg	 1.341799e+03	 24	 999000	 240	 999000	 999	 1.342816e+03	 783.33	 783.33	 57.00	 15	 0.57	 
bfer_161	 1	 10	 1204.jpg	 1.343801e+03	 12	 999000	 120	 999000	 999	 1.344819e+03	 783.33	 783.33	 17.00	 25	 0.54	 
bfer_161	 1	 10	 2205.jpg	 1.345803e+03	 24	 999000	 240	 999000	 999	 1.346821e+03	 783.33	 783.33	 44.00	 26	 0.75	 
bfer_161	 1	 10	 2215.jpg	 1.347788e+03	 24	 999000	 240	 999000	 999	 1.348806e+03	 783.33	 783.33	 78.00	 36	 0.22	 
bfer_161	 1	 10	 2202.jpg	 1.351793e+03	 24	 999000	 240	 999000	 999	 1.352811e+03	 783.33	 783.33	 62.00	 23	 0.50	 
bfer_161	 1	 10	 1209.jpg	 1.353795e+03	 11	 9.795373e+02	 110	 7.833493e+02	 98	 1.354813e+03	 800.00	 783.33	 15.00	 30	 0.60	 
bfer_161	 1	 10	 2213.jpg	 1.357800e+03	 24	 999000	 240	 999000	 999	 1.358818e+03	 800.00	 783.33	 77.00	 34	 0.27	 
bfer_161	 1	 10	 1214.jpg	 1.359802e+03	 12	 999000	 120	 999000	 999	 1.360820e+03	 800.00	 783.33	 8.00	 35	 0.70	 
bfer_161	 1	 10	 1118.jpg	 1.361787e+03	 12	 999000	 120	 999000	 999	 1.362805e+03	 800.00	 783.33	 38.00	 18	 0.15	 
bfer_161	 1	 10	 1202.jpg	 1.363790e+03	 11	 1.073307e+03	 1100	 8.000252e+02	 98	 1.364808e+03	 750.00	 783.33	 13.00	 23	 0.64	 
bfer_161	 1	 10	 1201.jpg	 1.368796e+03	 12	 999000	 120	 999000	 999	 1.369813e+03	 750.00	 783.33	 4.00	 22	 0.79	 
bfer_161	 1	 10	 1102.jpg	 1.370798e+03	 12	 999000	 120	 999000	 999	 1.371816e+03	 750.00	 783.33	 11.00	 2	 0.66	 
bfer_161	 1	 10	 2121.jpg	 1.372800e+03	 22	 1.046918e+03	 2200	 7.833540e+02	 98	 1.373818e+03	 750.00	 733.33	 47.00	 21	 0.68	 
bfer_161	 1	 10	 1211.jpg	 1.375803e+03	 12	 999000	 120	 999000	 999	 1.376821e+03	 750.00	 733.33	 16.00	 32	 0.60	 
bfer_161	 1	 10	 2211.jpg	 1.382795e+03	 24	 999000	 240	 999000	 999	 1.383812e+03	 750.00	 733.33	 49.00	 32	 0.67	 
bfer_161	 1	 10	 2111.jpg	 1.386799e+03	 24	 999000	 240	 999000	 999	 1.387817e+03	 750.00	 733.33	 51.00	 11	 0.64	 
bfer_161	 1	 10	 2113.jpg	 1.393790e+03	 22	 9.686999e+02	 220	 7.333579e+02	 98	 1.394808e+03	 750.00	 750.00	 53.00	 13	 0.59	 
