subjectID	 order	 runNum	 itemName	 onsetTime	 shuff_trialType	 RT	 respInTime	 AudioTime	 response	 fixationTime	 ladder1	 ladder2	 bidIndex	 itemNameIndex	 bidValue	 
bfer_156	 2	 16	 1214.jpg	 6.936053e+02	 12	 999000	 120	 999000	 999	 6.946235e+02	 916.67	 916.67	 10.00	 35	 0.69	 
bfer_156	 2	 16	 1117.jpg	 6.986113e+02	 12	 999000	 120	 999000	 999	 6.996290e+02	 916.67	 916.67	 38.00	 17	 0.15	 
bfer_156	 2	 16	 1104.jpg	 7.005966e+02	 12	 999000	 120	 999000	 999	 7.016146e+02	 916.67	 916.67	 21.00	 4	 0.52	 
bfer_156	 2	 16	 2211.jpg	 7.025992e+02	 22	 6.960487e+02	 22	 9.166935e+02	 98	 7.037004e+02	 916.67	 916.67	 56.00	 32	 0.63	 
bfer_156	 2	 16	 2209.jpg	 7.086059e+02	 24	 999000	 240	 999000	 999	 7.096237e+02	 916.67	 916.67	 50.00	 30	 0.73	 
bfer_156	 2	 16	 1209.jpg	 7.106080e+02	 12	 999000	 120	 999000	 999	 7.116259e+02	 916.67	 916.67	 12.00	 30	 0.66	 
bfer_156	 2	 16	 1106.jpg	 7.136114e+02	 12	 999000	 120	 999000	 999	 7.146292e+02	 916.67	 916.67	 13.00	 6	 0.65	 
bfer_156	 2	 16	 2116.jpg	 7.156138e+02	 24	 999000	 240	 999000	 999	 7.166315e+02	 916.67	 916.67	 60.00	 16	 0.48	 
bfer_156	 2	 16	 2117.jpg	 7.196016e+02	 24	 999000	 240	 999000	 999	 7.206194e+02	 916.67	 916.67	 78.00	 17	 0.16	 
bfer_156	 2	 16	 1211.jpg	 7.216038e+02	 11	 1.259477e+03	 1100	 9.166831e+02	 98	 7.227050e+02	 866.67	 916.67	 14.00	 32	 0.64	 
bfer_156	 2	 16	 2207.jpg	 7.266095e+02	 24	 999000	 240	 999000	 999	 7.276272e+02	 866.67	 916.67	 61.00	 28	 0.45	 
bfer_156	 2	 16	 2101.jpg	 7.336006e+02	 24	 999000	 240	 999000	 999	 7.346185e+02	 866.67	 916.67	 77.00	 1	 0.16	 
bfer_156	 2	 16	 2213.jpg	 7.356029e+02	 24	 999000	 240	 999000	 999	 7.366207e+02	 866.67	 916.67	 53.00	 34	 0.66	 
bfer_156	 2	 16	 1109.jpg	 7.386063e+02	 12	 999000	 120	 999000	 999	 7.396240e+02	 866.67	 916.67	 18.00	 9	 0.57	 
bfer_156	 2	 16	 1219.jpg	 7.416096e+02	 12	 999000	 120	 999000	 999	 7.426274e+02	 866.67	 916.67	 15.00	 40	 0.62	 
bfer_156	 2	 16	 2114.jpg	 7.455973e+02	 24	 999000	 240	 999000	 999	 7.466153e+02	 866.67	 916.67	 62.00	 14	 0.44	 
bfer_156	 2	 16	 1114.jpg	 7.496020e+02	 12	 999000	 120	 999000	 999	 7.506197e+02	 866.67	 916.67	 22.00	 14	 0.51	 
bfer_156	 2	 16	 2103.jpg	 7.536064e+02	 24	 999000	 240	 999000	 999	 7.546242e+02	 866.67	 916.67	 55.00	 3	 0.65	 
bfer_156	 2	 16	 2217.jpg	 7.566098e+02	 22	 1.021485e+03	 2	 9.166828e+02	 115	 7.577107e+02	 866.67	 866.67	 51.00	 38	 0.69	 
bfer_156	 2	 16	 1102.jpg	 7.626001e+02	 11	 6.551391e+02	 11	 8.666802e+02	 98	 7.636510e+02	 883.33	 866.67	 11.00	 2	 0.67	 
bfer_156	 2	 16	 2208.jpg	 7.646021e+02	 22	 6.851148e+02	 22	 8.666870e+02	 98	 7.656532e+02	 883.33	 883.33	 48.00	 29	 0.74	 
bfer_156	 2	 16	 2205.jpg	 7.676055e+02	 24	 999000	 240	 999000	 999	 7.686233e+02	 883.33	 883.33	 43.00	 26	 0.82	 
bfer_156	 2	 16	 2214.jpg	 7.696078e+02	 24	 999000	 240	 999000	 999	 7.706255e+02	 883.33	 883.33	 47.00	 35	 0.74	 
bfer_156	 2	 16	 1202.jpg	 7.716100e+02	 12	 999000	 120	 999000	 999	 7.726278e+02	 883.33	 883.33	 20.00	 23	 0.55	 
bfer_156	 2	 16	 1110.jpg	 7.736123e+02	 11	 6.670181e+02	 11	 8.833682e+02	 98	 7.746802e+02	 900.00	 883.33	 17.00	 10	 0.57	 
bfer_156	 2	 16	 2216.jpg	 7.765989e+02	 24	 999000	 240	 999000	 999	 7.776167e+02	 900.00	 883.33	 44.00	 37	 0.80	 
bfer_156	 2	 16	 1208.jpg	 7.806034e+02	 11	 5.798799e+02	 11	 9.000141e+02	 98	 7.816900e+02	 916.67	 883.33	 9.00	 29	 0.70	 
bfer_156	 2	 16	 1204.jpg	 7.826057e+02	 11	 9.135590e+02	 11	 9.166838e+02	 98	 7.837070e+02	 916.67	 883.33	 16.00	 25	 0.60	 
bfer_156	 2	 16	 2218.jpg	 7.846080e+02	 22	 8.792925e+02	 22	 8.833544e+02	 98	 7.856758e+02	 916.67	 900.00	 49.00	 39	 0.73	 
bfer_156	 2	 16	 1218.jpg	 7.866102e+02	 12	 999000	 120	 999000	 999	 7.876280e+02	 916.67	 900.00	 4.00	 39	 0.78	 
bfer_156	 2	 16	 1103.jpg	 7.886125e+02	 11	 8.108178e+02	 11	 9.166927e+02	 98	 7.897137e+02	 916.67	 900.00	 8.00	 3	 0.73	 
bfer_156	 2	 16	 2113.jpg	 7.905977e+02	 24	 999000	 240	 999000	 999	 7.916158e+02	 916.67	 900.00	 58.00	 13	 0.54	 
bfer_156	 2	 16	 2210.jpg	 7.946024e+02	 22	 8.128332e+02	 22	 9.000177e+02	 98	 7.956870e+02	 916.67	 916.67	 57.00	 31	 0.57	 
bfer_156	 2	 16	 1217.jpg	 7.986071e+02	 12	 999000	 120	 999000	 999	 7.996248e+02	 916.67	 916.67	 19.00	 38	 0.56	 
bfer_156	 2	 16	 2219.jpg	 8.006092e+02	 24	 999000	 240	 999000	 999	 8.016270e+02	 916.67	 916.67	 52.00	 40	 0.68	 
bfer_156	 2	 16	 1205.jpg	 8.026115e+02	 12	 999000	 120	 999000	 999	 8.036293e+02	 916.67	 916.67	 3.00	 26	 0.79	 
bfer_156	 2	 16	 2106.jpg	 8.045968e+02	 22	 7.864766e+02	 22	 9.166852e+02	 98	 8.056983e+02	 916.67	 916.67	 54.00	 6	 0.65	 
bfer_156	 2	 16	 1112.jpg	 8.065993e+02	 12	 999000	 120	 999000	 999	 8.076171e+02	 916.67	 916.67	 37.00	 12	 0.21	 
bfer_156	 2	 16	 2202.jpg	 8.126060e+02	 24	 999000	 240	 999000	 999	 8.136238e+02	 916.67	 916.67	 59.00	 23	 0.51	 
bfer_156	 2	 16	 1121.jpg	 8.146084e+02	 12	 999000	 120	 999000	 999	 8.156261e+02	 916.67	 916.67	 7.00	 21	 0.74	 
