subjectID	 order	 runNum	 itemName	 onsetTime	 shuff_trialType	 RT	 respInTime	 AudioTime	 response	 fixationTime	 ladder1	 ladder2	 bidIndex	 itemNameIndex	 bidValue	 
bfer_150	 2	 16	 2218.jpg	 6.471491e+02	 24	 999000	 240	 999000	 999	 6.481670e+02	 650.00	 650.00	 43.00	 39	 0.86	 
bfer_150	 2	 16	 2101.jpg	 6.491515e+02	 24	 999000	 240	 999000	 999	 6.501692e+02	 650.00	 650.00	 78.00	 1	 0.20	 
bfer_150	 2	 16	 1114.jpg	 6.531392e+02	 12	 999000	 120	 999000	 999	 6.541571e+02	 650.00	 650.00	 15.00	 14	 0.58	 
bfer_150	 2	 16	 1119.jpg	 6.561427e+02	 11	 1.016538e+03	 1100	 6.500231e+02	 98	 6.571604e+02	 600.00	 650.00	 17.00	 19	 0.58	 
bfer_150	 2	 16	 2201.jpg	 6.581448e+02	 24	 999000	 240	 999000	 999	 6.591627e+02	 600.00	 650.00	 44.00	 22	 0.75	 
bfer_150	 2	 16	 2115.jpg	 6.611482e+02	 22	 9.390260e+02	 220	 6.500257e+02	 98	 6.621660e+02	 600.00	 666.67	 48.00	 15	 0.69	 
bfer_150	 2	 16	 2206.jpg	 6.651527e+02	 24	 999000	 240	 999000	 999	 6.661706e+02	 600.00	 666.67	 60.00	 27	 0.51	 
bfer_150	 2	 16	 2111.jpg	 6.691406e+02	 24	 999000	 240	 999000	 999	 6.701583e+02	 600.00	 666.67	 55.00	 11	 0.60	 
bfer_150	 2	 16	 1212.jpg	 6.711428e+02	 11	 8.724374e+02	 110	 6.000137e+02	 98	 6.721607e+02	 616.67	 666.67	 8.00	 33	 0.64	 
bfer_150	 2	 16	 2120.jpg	 6.761484e+02	 22	 9.068148e+02	 220	 6.666858e+02	 98	 6.771662e+02	 616.67	 683.33	 56.00	 20	 0.59	 
bfer_150	 2	 16	 2217.jpg	 6.781507e+02	 24	 999000	 240	 999000	 999	 6.791685e+02	 616.67	 683.33	 52.00	 38	 0.65	 
bfer_150	 2	 16	 1102.jpg	 6.801360e+02	 12	 999000	 120	 999000	 999	 6.811540e+02	 616.67	 683.33	 22.00	 2	 0.52	 
bfer_150	 2	 16	 1115.jpg	 6.861429e+02	 11	 8.643319e+02	 110	 6.166862e+02	 98	 6.871608e+02	 633.33	 683.33	 11.00	 15	 0.61	 
bfer_150	 2	 16	 1121.jpg	 6.881452e+02	 12	 999000	 120	 999000	 999	 6.891629e+02	 633.33	 683.33	 4.00	 21	 0.78	 
bfer_150	 2	 16	 1219.jpg	 6.901475e+02	 12	 999000	 120	 999000	 999	 6.911653e+02	 633.33	 683.33	 13.00	 40	 0.59	 
bfer_150	 2	 16	 1215.jpg	 6.921499e+02	 12	 999000	 120	 999000	 999	 6.931675e+02	 633.33	 683.33	 18.00	 36	 0.57	 
bfer_150	 2	 16	 2212.jpg	 6.961376e+02	 24	 999000	 240	 999000	 999	 6.971554e+02	 633.33	 683.33	 77.00	 33	 0.22	 
bfer_150	 2	 16	 2205.jpg	 7.001420e+02	 24	 999000	 240	 999000	 999	 7.011598e+02	 633.33	 683.33	 50.00	 26	 0.65	 
bfer_150	 2	 16	 1216.jpg	 7.031455e+02	 11	 9.337816e+02	 110	 6.333525e+02	 98	 7.041632e+02	 650.00	 683.33	 9.00	 37	 0.64	 
bfer_150	 2	 16	 1211.jpg	 7.071500e+02	 12	 999000	 120	 999000	 999	 7.081676e+02	 650.00	 683.33	 19.00	 32	 0.57	 
bfer_150	 2	 16	 1118.jpg	 7.101363e+02	 12	 999000	 120	 999000	 999	 7.111543e+02	 650.00	 683.33	 20.00	 18	 0.55	 
bfer_150	 2	 16	 2107.jpg	 7.121389e+02	 24	 999000	 240	 999000	 999	 7.131566e+02	 650.00	 683.33	 53.00	 7	 0.63	 
bfer_150	 2	 16	 1214.jpg	 7.161432e+02	 11	 9.120180e+02	 110	 6.500180e+02	 98	 7.171612e+02	 666.67	 683.33	 14.00	 35	 0.59	 
bfer_150	 2	 16	 2116.jpg	 7.181456e+02	 24	 999000	 240	 999000	 999	 7.191634e+02	 666.67	 683.33	 59.00	 16	 0.52	 
bfer_150	 2	 16	 1207.jpg	 7.201478e+02	 12	 999000	 120	 999000	 999	 7.211656e+02	 666.67	 683.33	 7.00	 28	 0.65	 
bfer_150	 2	 16	 1205.jpg	 7.241522e+02	 11	 9.510120e+02	 110	 6.666803e+02	 98	 7.251700e+02	 683.33	 683.33	 16.00	 26	 0.58	 
bfer_150	 2	 16	 1101.jpg	 7.261378e+02	 12	 999000	 120	 999000	 999	 7.271556e+02	 683.33	 683.33	 38.00	 1	 0.21	 
bfer_150	 2	 16	 2210.jpg	 7.301424e+02	 22	 9.608768e+02	 220	 6.833540e+02	 98	 7.311601e+02	 683.33	 700.00	 57.00	 31	 0.57	 
bfer_150	 2	 16	 1203.jpg	 7.341468e+02	 12	 999000	 120	 999000	 999	 7.351646e+02	 683.33	 700.00	 12.00	 24	 0.60	 
bfer_150	 2	 16	 2109.jpg	 7.371502e+02	 22	 8.970884e+02	 220	 7.000129e+02	 98	 7.381680e+02	 683.33	 716.67	 51.00	 9	 0.65	 
bfer_150	 2	 16	 2214.jpg	 7.431402e+02	 24	 999000	 240	 999000	 999	 7.441580e+02	 683.33	 716.67	 58.00	 35	 0.54	 
bfer_150	 2	 16	 1209.jpg	 7.451425e+02	 12	 999000	 120	 999000	 999	 7.461603e+02	 683.33	 716.67	 21.00	 30	 0.53	 
bfer_150	 2	 16	 2106.jpg	 7.491470e+02	 24	 999000	 240	 999000	 999	 7.501648e+02	 683.33	 716.67	 47.00	 6	 0.70	 
bfer_150	 2	 16	 1108.jpg	 7.511493e+02	 12	 999000	 120	 999000	 999	 7.521671e+02	 683.33	 716.67	 37.00	 8	 0.21	 
bfer_150	 2	 16	 1107.jpg	 7.531514e+02	 12	 999000	 120	 999000	 999	 7.541693e+02	 683.33	 716.67	 3.00	 7	 0.78	 
bfer_150	 2	 16	 2118.jpg	 7.551369e+02	 24	 999000	 240	 999000	 999	 7.561548e+02	 683.33	 716.67	 62.00	 18	 0.49	 
bfer_150	 2	 16	 2209.jpg	 7.601426e+02	 22	 1.040654e+03	 2200	 7.166913e+02	 98	 7.611605e+02	 683.33	 666.67	 54.00	 30	 0.61	 
bfer_150	 2	 16	 2211.jpg	 7.621449e+02	 22	 1.086321e+03	 2200	 6.666790e+02	 98	 7.631627e+02	 683.33	 616.67	 49.00	 32	 0.66	 
bfer_150	 2	 16	 1110.jpg	 7.641472e+02	 12	 999000	 120	 999000	 999	 7.651650e+02	 683.33	 616.67	 10.00	 10	 0.63	 
bfer_150	 2	 16	 2113.jpg	 7.671505e+02	 24	 999000	 240	 999000	 999	 7.681682e+02	 683.33	 616.67	 61.00	 13	 0.50	 
