subjectID	 order	 runNum	 itemName	 onsetTime	 shuff_trialType	 RT	 respInTime	 AudioTime	 response	 fixationTime	 ladder1	 ladder2	 bidIndex	 itemNameIndex	 bidValue	 
bfer_125	 1	 10	 1118.jpg	 1.152549e+03	 12	 999000	 120	 999000	 999	 1.153566e+03	 650.00	 583.33	 21.00	 18	 0.51	 
bfer_125	 1	 10	 1103.jpg	 1.154551e+03	 12	 999000	 120	 999000	 999	 1.155569e+03	 650.00	 583.33	 4.00	 3	 0.76	 
bfer_125	 1	 10	 2205.jpg	 1.158539e+03	 24	 999000	 240	 999000	 999	 1.159556e+03	 650.00	 583.33	 51.00	 26	 0.68	 
bfer_125	 1	 10	 1107.jpg	 1.161542e+03	 12	 999000	 120	 999000	 999	 1.162560e+03	 650.00	 583.33	 22.00	 7	 0.49	 
bfer_125	 1	 10	 1216.jpg	 1.163544e+03	 11	 9.825224e+02	 110	 6.500164e+02	 98	 1.164562e+03	 666.67	 583.33	 10.00	 37	 0.63	 
bfer_125	 1	 10	 2118.jpg	 1.166550e+03	 24	 999000	 240	 999000	 999	 1.167565e+03	 666.67	 583.33	 77.00	 18	 0.33	 
bfer_125	 1	 10	 2104.jpg	 1.170552e+03	 22	 9.347124e+02	 220	 5.833724e+02	 98	 1.171570e+03	 666.67	 600.00	 58.00	 4	 0.57	 
bfer_125	 1	 10	 1113.jpg	 1.174540e+03	 12	 999000	 120	 999000	 999	 1.175558e+03	 666.67	 600.00	 3.00	 13	 0.79	 
bfer_125	 1	 10	 2204.jpg	 1.176542e+03	 24	 999000	 240	 999000	 999	 1.177560e+03	 666.67	 600.00	 49.00	 25	 0.70	 
bfer_125	 1	 10	 1111.jpg	 1.181548e+03	 11	 1.010967e+03	 1100	 6.666843e+02	 98	 1.182567e+03	 616.67	 600.00	 12.00	 11	 0.60	 
bfer_125	 1	 10	 2207.jpg	 1.183550e+03	 24	 999000	 240	 999000	 999	 1.184568e+03	 616.67	 600.00	 59.00	 28	 0.56	 
bfer_125	 1	 10	 1106.jpg	 1.185552e+03	 12	 999000	 120	 999000	 999	 1.186570e+03	 616.67	 600.00	 17.00	 6	 0.57	 
bfer_125	 1	 10	 2103.jpg	 1.191542e+03	 22	 9.684448e+02	 220	 6.000188e+02	 98	 1.192560e+03	 616.67	 616.67	 47.00	 3	 0.77	 
bfer_125	 1	 10	 1120.jpg	 1.193545e+03	 12	 999000	 120	 999000	 999	 1.194562e+03	 616.67	 616.67	 9.00	 20	 0.66	 
bfer_125	 1	 10	 1214.jpg	 1.195547e+03	 12	 999000	 120	 999000	 999	 1.196565e+03	 616.67	 616.67	 16.00	 35	 0.57	 
bfer_125	 1	 10	 1108.jpg	 1.197549e+03	 12	 999000	 120	 999000	 999	 1.198567e+03	 616.67	 616.67	 11.00	 8	 0.61	 
bfer_125	 1	 10	 2215.jpg	 1.201554e+03	 24	 999000	 240	 999000	 999	 1.202571e+03	 616.67	 616.67	 44.00	 36	 0.83	 
bfer_125	 1	 10	 1202.jpg	 1.205541e+03	 11	 9.453757e+02	 110	 6.166798e+02	 98	 1.206559e+03	 633.33	 616.67	 13.00	 23	 0.60	 
bfer_125	 1	 10	 2116.jpg	 1.208545e+03	 22	 9.979936e+02	 220	 6.166814e+02	 98	 1.209563e+03	 633.33	 633.33	 55.00	 16	 0.61	 
bfer_125	 1	 10	 2111.jpg	 1.212549e+03	 22	 1.041468e+03	 2200	 6.333584e+02	 98	 1.213567e+03	 633.33	 583.33	 50.00	 11	 0.69	 
bfer_125	 1	 10	 2101.jpg	 1.215553e+03	 22	 7.659387e+02	 220	 5.833540e+02	 98	 1.216570e+03	 633.33	 600.00	 52.00	 1	 0.66	 
bfer_125	 1	 10	 1205.jpg	 1.217538e+03	 12	 999000	 120	 999000	 999	 1.218556e+03	 633.33	 600.00	 14.00	 26	 0.59	 
bfer_125	 1	 10	 1208.jpg	 1.221543e+03	 11	 9.360566e+02	 110	 6.333566e+02	 98	 1.222561e+03	 650.00	 600.00	 15.00	 29	 0.59	 
bfer_125	 1	 10	 2106.jpg	 1.223545e+03	 24	 999000	 240	 999000	 999	 1.224563e+03	 650.00	 600.00	 54.00	 6	 0.62	 
bfer_125	 1	 10	 1217.jpg	 1.225547e+03	 11	 9.075791e+02	 110	 6.500268e+02	 98	 1.226565e+03	 666.67	 600.00	 7.00	 38	 0.68	 
bfer_125	 1	 10	 2117.jpg	 1.229552e+03	 24	 999000	 240	 999000	 999	 1.230569e+03	 666.67	 600.00	 78.00	 17	 0.28	 
bfer_125	 1	 10	 2219.jpg	 1.231537e+03	 24	 999000	 240	 999000	 999	 1.232555e+03	 666.67	 600.00	 57.00	 40	 0.58	 
bfer_125	 1	 10	 2201.jpg	 1.235542e+03	 22	 8.409995e+02	 220	 6.000171e+02	 98	 1.236560e+03	 666.67	 616.67	 53.00	 22	 0.63	 
bfer_125	 1	 10	 1119.jpg	 1.239546e+03	 11	 1.084475e+03	 1100	 6.666893e+02	 98	 1.240564e+03	 616.67	 616.67	 18.00	 19	 0.56	 
bfer_125	 1	 10	 1112.jpg	 1.242550e+03	 12	 999000	 120	 999000	 999	 1.243567e+03	 616.67	 616.67	 37.00	 12	 0.24	 
bfer_125	 1	 10	 2110.jpg	 1.248540e+03	 24	 999000	 240	 999000	 999	 1.249558e+03	 616.67	 616.67	 43.00	 10	 0.86	 
bfer_125	 1	 10	 2208.jpg	 1.250542e+03	 24	 999000	 240	 999000	 999	 1.251560e+03	 616.67	 616.67	 61.00	 29	 0.53	 
bfer_125	 1	 10	 1109.jpg	 1.254546e+03	 12	 999000	 120	 999000	 999	 1.255564e+03	 616.67	 616.67	 8.00	 9	 0.67	 
bfer_125	 1	 10	 2109.jpg	 1.256549e+03	 24	 999000	 240	 999000	 999	 1.257566e+03	 616.67	 616.67	 48.00	 9	 0.75	 
bfer_125	 1	 10	 2206.jpg	 1.258551e+03	 24	 999000	 240	 999000	 999	 1.259569e+03	 616.67	 616.67	 60.00	 27	 0.55	 
bfer_125	 1	 10	 2202.jpg	 1.260536e+03	 24	 999000	 240	 999000	 999	 1.261554e+03	 616.67	 616.67	 56.00	 23	 0.60	 
bfer_125	 1	 10	 2209.jpg	 1.265542e+03	 24	 999000	 240	 999000	 999	 1.266560e+03	 616.67	 616.67	 62.00	 30	 0.53	 
bfer_125	 1	 10	 1211.jpg	 1.267544e+03	 12	 999000	 120	 999000	 999	 1.268562e+03	 616.67	 616.67	 19.00	 32	 0.55	 
bfer_125	 1	 10	 1201.jpg	 1.269547e+03	 12	 999000	 120	 999000	 999	 1.270564e+03	 616.67	 616.67	 20.00	 22	 0.52	 
bfer_125	 1	 10	 1114.jpg	 1.272550e+03	 12	 999000	 120	 999000	 999	 1.273568e+03	 616.67	 616.67	 38.00	 14	 0.24	 
