subjectID	 order	 runNum	 itemName	 onsetTime	 shuff_trialType	 RT	 respInTime	 AudioTime	 response	 fixationTime	 ladder1	 ladder2	 bidIndex	 itemNameIndex	 bidValue	 
bfer_139	 1	 16	 2114.jpg	 6.311952e+02	 22	 9.639947e+02	 220	 6.500229e+02	 98	 6.322137e+02	 583.33	 666.67	 58.00	 14	 0.55	 
bfer_139	 1	 16	 1114.jpg	 6.331977e+02	 12	 999000	 120	 999000	 999	 6.342160e+02	 583.33	 666.67	 22.00	 14	 0.49	 
bfer_139	 1	 16	 1211.jpg	 6.372022e+02	 11	 9.569503e+02	 110	 5.833575e+02	 98	 6.382203e+02	 600.00	 666.67	 13.00	 32	 0.62	 
bfer_139	 1	 16	 1207.jpg	 6.401889e+02	 12	 999000	 120	 999000	 999	 6.412073e+02	 600.00	 666.67	 17.00	 28	 0.56	 
bfer_139	 1	 16	 2212.jpg	 6.421912e+02	 24	 999000	 240	 999000	 999	 6.432093e+02	 600.00	 666.67	 61.00	 33	 0.52	 
bfer_139	 1	 16	 2203.jpg	 6.451945e+02	 24	 999000	 240	 999000	 999	 6.462127e+02	 600.00	 666.67	 78.00	 24	 0.20	 
bfer_139	 1	 16	 2201.jpg	 6.491991e+02	 24	 999000	 240	 999000	 999	 6.502174e+02	 600.00	 666.67	 43.00	 22	 0.83	 
bfer_139	 1	 16	 2102.jpg	 6.531866e+02	 24	 999000	 240	 999000	 999	 6.542050e+02	 600.00	 666.67	 60.00	 2	 0.53	 
bfer_139	 1	 16	 1101.jpg	 6.551891e+02	 12	 999000	 120	 999000	 999	 6.562072e+02	 600.00	 666.67	 37.00	 1	 0.18	 
bfer_139	 1	 16	 1119.jpg	 6.601947e+02	 12	 999000	 120	 999000	 999	 6.612129e+02	 600.00	 666.67	 19.00	 19	 0.54	 
bfer_139	 1	 16	 2218.jpg	 6.621970e+02	 22	 9.542444e+02	 220	 6.666832e+02	 98	 6.632151e+02	 600.00	 683.33	 53.00	 39	 0.63	 
bfer_139	 1	 16	 2116.jpg	 6.641994e+02	 24	 999000	 240	 999000	 999	 6.652173e+02	 600.00	 683.33	 77.00	 16	 0.22	 
bfer_139	 1	 16	 2120.jpg	 6.701893e+02	 24	 999000	 240	 999000	 999	 6.712075e+02	 600.00	 683.33	 62.00	 20	 0.51	 
bfer_139	 1	 16	 1219.jpg	 6.721916e+02	 12	 999000	 120	 999000	 999	 6.732097e+02	 600.00	 683.33	 9.00	 40	 0.67	 
bfer_139	 1	 16	 1208.jpg	 6.741938e+02	 12	 999000	 120	 999000	 999	 6.752120e+02	 600.00	 683.33	 14.00	 29	 0.61	 
bfer_139	 1	 16	 1113.jpg	 6.761961e+02	 12	 999000	 120	 999000	 999	 6.772143e+02	 600.00	 683.33	 4.00	 13	 0.83	 
bfer_139	 1	 16	 2106.jpg	 6.802006e+02	 24	 999000	 240	 999000	 999	 6.812186e+02	 600.00	 683.33	 44.00	 6	 0.82	 
bfer_139	 1	 16	 1107.jpg	 6.841884e+02	 12	 999000	 120	 999000	 999	 6.852065e+02	 600.00	 683.33	 21.00	 7	 0.52	 
bfer_139	 1	 16	 2119.jpg	 6.871918e+02	 22	 9.914096e+02	 220	 6.833464e+02	 98	 6.882098e+02	 600.00	 700.00	 55.00	 19	 0.61	 
bfer_139	 1	 16	 1218.jpg	 6.911962e+02	 12	 999000	 120	 999000	 999	 6.922143e+02	 600.00	 700.00	 20.00	 39	 0.54	 
bfer_139	 1	 16	 2204.jpg	 6.941997e+02	 22	 1.047521e+03	 2200	 7.000181e+02	 98	 6.952176e+02	 600.00	 650.00	 50.00	 25	 0.72	 
bfer_139	 1	 16	 1215.jpg	 6.962019e+02	 11	 9.732567e+02	 110	 6.000220e+02	 98	 6.972200e+02	 616.67	 650.00	 18.00	 36	 0.56	 
bfer_139	 1	 16	 2110.jpg	 7.001897e+02	 24	 999000	 240	 999000	 999	 7.012079e+02	 616.67	 650.00	 51.00	 10	 0.71	 
bfer_139	 1	 16	 1117.jpg	 7.021919e+02	 12	 999000	 120	 999000	 999	 7.032100e+02	 616.67	 650.00	 38.00	 17	 0.17	 
bfer_139	 1	 16	 2113.jpg	 7.041943e+02	 24	 999000	 240	 999000	 999	 7.052123e+02	 616.67	 650.00	 54.00	 13	 0.62	 
bfer_139	 1	 16	 1106.jpg	 7.081987e+02	 11	 9.284451e+02	 110	 6.166851e+02	 98	 7.092168e+02	 633.33	 650.00	 10.00	 6	 0.66	 
bfer_139	 1	 16	 1217.jpg	 7.102009e+02	 11	 1.030289e+03	 1100	 6.333590e+02	 98	 7.112190e+02	 583.33	 650.00	 7.00	 38	 0.74	 
bfer_139	 1	 16	 2205.jpg	 7.141888e+02	 24	 999000	 240	 999000	 999	 7.152069e+02	 583.33	 650.00	 56.00	 26	 0.60	 
bfer_139	 1	 16	 1205.jpg	 7.181932e+02	 12	 9.019685e+02	 12	 999000	 98	 7.192114e+02	 583.33	 650.00	 16.00	 26	 0.58	 
bfer_139	 1	 16	 2209.jpg	 7.211966e+02	 24	 999000	 240	 999000	 999	 7.222148e+02	 583.33	 650.00	 49.00	 30	 0.74	 
bfer_139	 1	 16	 2109.jpg	 7.271865e+02	 22	 1.028708e+03	 2200	 6.500219e+02	 98	 7.282048e+02	 583.33	 600.00	 52.00	 9	 0.67	 
bfer_139	 1	 16	 1121.jpg	 7.291890e+02	 12	 999000	 120	 999000	 999	 7.302070e+02	 583.33	 600.00	 8.00	 21	 0.70	 
bfer_139	 1	 16	 2219.jpg	 7.331934e+02	 22	 1.125767e+03	 2200	 6.000234e+02	 98	 7.342116e+02	 583.33	 550.00	 47.00	 40	 0.75	 
bfer_139	 1	 16	 1118.jpg	 7.351957e+02	 12	 999000	 120	 999000	 999	 7.362138e+02	 583.33	 550.00	 3.00	 18	 0.86	 
bfer_139	 1	 16	 1216.jpg	 7.371979e+02	 12	 999000	 120	 999000	 999	 7.382161e+02	 583.33	 550.00	 11.00	 37	 0.65	 
bfer_139	 1	 16	 1209.jpg	 7.392002e+02	 11	 9.350076e+02	 110	 5.833612e+02	 98	 7.402183e+02	 600.00	 550.00	 12.00	 30	 0.63	 
bfer_139	 1	 16	 2207.jpg	 7.441892e+02	 24	 999000	 240	 999000	 999	 7.452072e+02	 600.00	 550.00	 57.00	 28	 0.58	 
bfer_139	 1	 16	 2103.jpg	 7.461913e+02	 24	 999000	 240	 999000	 999	 7.472095e+02	 600.00	 550.00	 48.00	 3	 0.74	 
bfer_139	 1	 16	 1204.jpg	 7.481936e+02	 11	 9.175409e+02	 110	 6.000235e+02	 98	 7.492118e+02	 616.67	 550.00	 15.00	 25	 0.60	 
bfer_139	 1	 16	 2112.jpg	 7.511971e+02	 24	 999000	 240	 999000	 999	 7.522152e+02	 616.67	 550.00	 59.00	 12	 0.54	 
