subjectID	 order	 runNum	 itemName	 onsetTime	 shuff_trialType	 RT	 respInTime	 AudioTime	 response	 fixationTime	 ladder1	 ladder2	 bidIndex	 itemNameIndex	 bidValue	 
bfer_168	 2	 11	 1207.jpg	 1.379622e+00	 11	 1.179422e+03	 1100	 7.502122e+02	 98	 2.397771e+00	 700.00	 750.00	 9.00	 28	 0.68	 
bfer_168	 2	 11	 1109.jpg	 4.382932e+00	 12	 999000	 120	 999000	 999	 5.401239e+00	 700.00	 750.00	 18.00	 9	 0.56	 
bfer_168	 2	 11	 1212.jpg	 6.385114e+00	 12	 999000	 120	 999000	 999	 7.403362e+00	 700.00	 750.00	 13.00	 33	 0.62	 
bfer_168	 2	 11	 1117.jpg	 8.370823e+00	 12	 999000	 120	 999000	 999	 9.388833e+00	 700.00	 750.00	 22.00	 17	 0.48	 
bfer_168	 2	 11	 2209.jpg	 1.037296e+01	 24	 999000	 240	 999000	 999	 1.139104e+01	 700.00	 750.00	 61.00	 30	 0.53	 
bfer_168	 2	 11	 1205.jpg	 1.337627e+01	 11	 1.142770e+03	 1100	 7.001884e+02	 98	 1.439450e+01	 650.00	 750.00	 17.00	 26	 0.57	 
bfer_168	 2	 11	 2215.jpg	 1.537863e+01	 24	 999000	 240	 999000	 999	 1.639669e+01	 650.00	 750.00	 47.00	 36	 0.73	 
bfer_168	 2	 11	 1214.jpg	 1.938312e+01	 12	 999000	 120	 999000	 999	 2.040118e+01	 650.00	 750.00	 10.00	 35	 0.65	 
bfer_168	 2	 11	 2103.jpg	 2.138530e+01	 24	 999000	 240	 999000	 999	 2.240346e+01	 650.00	 750.00	 58.00	 3	 0.56	 
bfer_168	 2	 11	 2120.jpg	 2.637420e+01	 24	 999000	 240	 999000	 999	 2.739234e+01	 650.00	 750.00	 77.00	 20	 0.24	 
bfer_168	 2	 11	 1208.jpg	 2.837654e+01	 12	 999000	 120	 999000	 999	 2.939462e+01	 650.00	 750.00	 12.00	 29	 0.62	 
bfer_168	 2	 11	 2114.jpg	 3.238098e+01	 24	 999000	 240	 999000	 999	 3.339907e+01	 650.00	 750.00	 60.00	 14	 0.54	 
bfer_168	 2	 11	 1215.jpg	 3.438325e+01	 12	 999000	 120	 999000	 999	 3.540131e+01	 650.00	 750.00	 7.00	 36	 0.70	 
bfer_168	 2	 11	 2211.jpg	 3.736960e+01	 22	 1.285435e+03	 2200	 7.501267e+02	 98	 3.838811e+01	 650.00	 700.00	 56.00	 32	 0.59	 
bfer_168	 2	 11	 1121.jpg	 4.237554e+01	 11	 1.343528e+03	 1100	 6.500268e+02	 98	 4.339359e+01	 600.00	 700.00	 8.00	 21	 0.70	 
bfer_168	 2	 11	 1213.jpg	 4.437777e+01	 11	 1.029274e+03	 1100	 6.000126e+02	 98	 4.539585e+01	 550.00	 700.00	 14.00	 34	 0.62	 
bfer_168	 2	 11	 2213.jpg	 4.638003e+01	 24	 999000	 240	 999000	 999	 4.739815e+01	 550.00	 700.00	 43.00	 34	 0.79	 
bfer_168	 2	 11	 1202.jpg	 5.038447e+01	 12	 999000	 120	 999000	 999	 5.140268e+01	 550.00	 700.00	 3.00	 23	 0.79	 
bfer_168	 2	 11	 1103.jpg	 5.437234e+01	 12	 999000	 120	 999000	 999	 5.539042e+01	 550.00	 700.00	 15.00	 3	 0.61	 
bfer_168	 2	 11	 2110.jpg	 5.837688e+01	 22	 1.070157e+03	 2200	 7.000385e+02	 98	 5.939496e+01	 550.00	 650.00	 57.00	 10	 0.58	 
bfer_168	 2	 11	 1218.jpg	 6.037911e+01	 12	 999000	 120	 999000	 999	 6.139716e+01	 550.00	 650.00	 21.00	 39	 0.49	 
bfer_168	 2	 11	 2217.jpg	 6.238127e+01	 24	 999000	 240	 999000	 999	 6.339944e+01	 550.00	 650.00	 59.00	 38	 0.55	 
bfer_168	 2	 11	 1112.jpg	 6.438359e+01	 12	 999000	 120	 999000	 999	 6.540167e+01	 550.00	 650.00	 38.00	 12	 0.19	 
bfer_168	 2	 11	 2216.jpg	 6.638574e+01	 24	 999000	 240	 999000	 999	 6.740387e+01	 550.00	 650.00	 52.00	 37	 0.67	 
bfer_168	 2	 11	 1216.jpg	 7.237580e+01	 12	 999000	 120	 999000	 999	 7.339402e+01	 550.00	 650.00	 4.00	 37	 0.78	 
bfer_168	 2	 11	 2115.jpg	 7.537931e+01	 24	 999000	 240	 999000	 999	 7.639731e+01	 550.00	 650.00	 62.00	 15	 0.53	 
bfer_168	 2	 11	 2206.jpg	 7.738152e+01	 24	 999000	 240	 999000	 999	 7.839971e+01	 550.00	 650.00	 55.00	 27	 0.61	 
bfer_168	 2	 11	 2204.jpg	 7.938374e+01	 24	 999000	 240	 999000	 999	 8.040177e+01	 550.00	 650.00	 50.00	 25	 0.71	 
bfer_168	 2	 11	 2207.jpg	 8.237014e+01	 22	 1.020903e+03	 2200	 6.500241e+02	 98	 8.338849e+01	 550.00	 600.00	 54.00	 28	 0.62	 
bfer_168	 2	 11	 1209.jpg	 8.437265e+01	 11	 8.984137e+02	 110	 5.500250e+02	 98	 8.539081e+01	 566.67	 600.00	 16.00	 30	 0.59	 
bfer_168	 2	 11	 1116.jpg	 8.637490e+01	 12	 999000	 120	 999000	 999	 8.739315e+01	 566.67	 600.00	 20.00	 16	 0.53	 
bfer_168	 2	 11	 2208.jpg	 8.837709e+01	 22	 9.739544e+02	 220	 6.000216e+02	 98	 8.939527e+01	 566.67	 616.67	 51.00	 29	 0.69	 
bfer_168	 2	 11	 1211.jpg	 9.138050e+01	 11	 9.385329e+02	 110	 5.666900e+02	 98	 9.239859e+01	 583.33	 616.67	 11.00	 32	 0.63	 
bfer_168	 2	 11	 2113.jpg	 9.338281e+01	 24	 999000	 240	 999000	 999	 9.440086e+01	 583.33	 616.67	 78.00	 13	 0.21	 
bfer_168	 2	 11	 2121.jpg	 9.538497e+01	 24	 999000	 240	 999000	 999	 9.640308e+01	 583.33	 616.67	 53.00	 21	 0.66	 
bfer_168	 2	 11	 1217.jpg	 9.737026e+01	 12	 999000	 120	 999000	 999	 9.838862e+01	 583.33	 616.67	 19.00	 38	 0.56	 
bfer_168	 2	 11	 2214.jpg	 9.937279e+01	 22	 9.062528e+02	 220	 6.166826e+02	 98	 1.003909e+02	 583.33	 633.33	 48.00	 35	 0.72	 
bfer_168	 2	 11	 2219.jpg	 1.053795e+02	 22	 8.915605e+02	 220	 6.333465e+02	 98	 1.063976e+02	 583.33	 650.00	 49.00	 40	 0.72	 
bfer_168	 2	 11	 2205.jpg	 1.083829e+02	 24	 999000	 240	 999000	 999	 1.094011e+02	 583.33	 650.00	 44.00	 26	 0.78	 
bfer_168	 2	 11	 1107.jpg	 1.123707e+02	 12	 999000	 120	 999000	 999	 1.133888e+02	 583.33	 650.00	 37.00	 7	 0.24	 
