subjectID	 order	 runNum	 itemName	 onsetTime	 shuff_trialType	 RT	 respInTime	 AudioTime	 response	 fixationTime	 ladder1	 ladder2	 bidIndex	 itemNameIndex	 bidValue	 
bfer_150	 2	 15	 1207.jpg	 5.223427e+02	 12	 999000	 120	 999000	 999	 5.233604e+02	 683.33	 683.33	 7.00	 28	 0.65	 
bfer_150	 2	 15	 2205.jpg	 5.273315e+02	 24	 999000	 240	 999000	 999	 5.283493e+02	 683.33	 683.33	 50.00	 26	 0.65	 
bfer_150	 2	 15	 2212.jpg	 5.293337e+02	 24	 999000	 240	 999000	 999	 5.303515e+02	 683.33	 683.33	 77.00	 33	 0.22	 
bfer_150	 2	 15	 1119.jpg	 5.313359e+02	 11	 9.833693e+02	 110	 6.833476e+02	 98	 5.323537e+02	 700.00	 683.33	 17.00	 19	 0.58	 
bfer_150	 2	 15	 2211.jpg	 5.373257e+02	 22	 9.536194e+02	 220	 6.833593e+02	 98	 5.383438e+02	 700.00	 700.00	 49.00	 32	 0.66	 
bfer_150	 2	 15	 1216.jpg	 5.393283e+02	 11	 9.829800e+02	 110	 7.000131e+02	 98	 5.403460e+02	 716.67	 700.00	 9.00	 37	 0.64	 
bfer_150	 2	 15	 2209.jpg	 5.423317e+02	 22	 1.035580e+03	 2200	 7.000164e+02	 98	 5.433494e+02	 716.67	 650.00	 54.00	 30	 0.61	 
bfer_150	 2	 15	 2118.jpg	 5.443340e+02	 24	 999000	 240	 999000	 999	 5.453516e+02	 716.67	 650.00	 62.00	 18	 0.49	 
bfer_150	 2	 15	 1108.jpg	 5.483384e+02	 12	 999000	 120	 999000	 999	 5.493562e+02	 716.67	 650.00	 37.00	 8	 0.21	 
bfer_150	 2	 15	 1215.jpg	 5.503405e+02	 12	 999000	 120	 999000	 999	 5.513584e+02	 716.67	 650.00	 18.00	 36	 0.57	 
bfer_150	 2	 15	 1203.jpg	 5.553295e+02	 12	 999000	 120	 999000	 999	 5.563473e+02	 716.67	 650.00	 12.00	 24	 0.60	 
bfer_150	 2	 15	 1118.jpg	 5.623374e+02	 12	 999000	 120	 999000	 999	 5.633551e+02	 716.67	 650.00	 20.00	 18	 0.55	 
bfer_150	 2	 15	 1205.jpg	 5.643396e+02	 11	 9.476416e+02	 110	 7.167241e+02	 98	 5.653574e+02	 733.33	 650.00	 16.00	 26	 0.58	 
bfer_150	 2	 15	 2201.jpg	 5.673263e+02	 24	 999000	 240	 999000	 999	 5.683441e+02	 733.33	 650.00	 44.00	 22	 0.75	 
bfer_150	 2	 15	 2214.jpg	 5.703298e+02	 24	 999000	 240	 999000	 999	 5.713475e+02	 733.33	 650.00	 58.00	 35	 0.54	 
bfer_150	 2	 15	 2101.jpg	 5.743342e+02	 24	 999000	 240	 999000	 999	 5.753519e+02	 733.33	 650.00	 78.00	 1	 0.20	 
bfer_150	 2	 15	 2111.jpg	 5.783386e+02	 24	 999000	 240	 999000	 999	 5.793564e+02	 733.33	 650.00	 55.00	 11	 0.60	 
bfer_150	 2	 15	 1101.jpg	 5.823265e+02	 12	 999000	 120	 999000	 999	 5.833443e+02	 733.33	 650.00	 38.00	 1	 0.21	 
bfer_150	 2	 15	 1102.jpg	 5.853299e+02	 12	 999000	 120	 999000	 999	 5.863476e+02	 733.33	 650.00	 22.00	 2	 0.52	 
bfer_150	 2	 15	 2109.jpg	 5.913366e+02	 22	 9.506404e+02	 220	 6.500206e+02	 98	 5.923543e+02	 733.33	 666.67	 51.00	 9	 0.65	 
bfer_150	 2	 15	 1121.jpg	 5.933388e+02	 12	 999000	 120	 999000	 999	 5.943566e+02	 733.33	 666.67	 4.00	 21	 0.78	 
bfer_150	 2	 15	 1211.jpg	 5.963253e+02	 12	 999000	 120	 999000	 999	 5.973433e+02	 733.33	 666.67	 19.00	 32	 0.57	 
bfer_150	 2	 15	 1115.jpg	 5.983278e+02	 11	 1.007406e+03	 1100	 7.333543e+02	 98	 5.993455e+02	 683.33	 666.67	 11.00	 15	 0.61	 
bfer_150	 2	 15	 1107.jpg	 6.003300e+02	 12	 999000	 120	 999000	 999	 6.013478e+02	 683.33	 666.67	 3.00	 7	 0.78	 
bfer_150	 2	 15	 2218.jpg	 6.023322e+02	 24	 999000	 240	 999000	 999	 6.033500e+02	 683.33	 666.67	 43.00	 39	 0.86	 
bfer_150	 2	 15	 1214.jpg	 6.053356e+02	 11	 1.007652e+03	 1100	 6.833564e+02	 98	 6.063535e+02	 633.33	 666.67	 14.00	 35	 0.59	 
bfer_150	 2	 15	 2115.jpg	 6.093401e+02	 22	 9.391705e+02	 220	 6.666929e+02	 98	 6.103579e+02	 633.33	 683.33	 48.00	 15	 0.69	 
bfer_150	 2	 15	 2116.jpg	 6.113254e+02	 24	 999000	 240	 999000	 999	 6.123434e+02	 633.33	 683.33	 59.00	 16	 0.52	 
bfer_150	 2	 15	 2113.jpg	 6.133280e+02	 24	 999000	 240	 999000	 999	 6.143457e+02	 633.33	 683.33	 61.00	 13	 0.50	 
bfer_150	 2	 15	 1114.jpg	 6.153301e+02	 12	 999000	 120	 999000	 999	 6.163480e+02	 633.33	 683.33	 15.00	 14	 0.58	 
bfer_150	 2	 15	 1219.jpg	 6.173324e+02	 12	 999000	 120	 999000	 999	 6.183502e+02	 633.33	 683.33	 13.00	 40	 0.59	 
bfer_150	 2	 15	 2210.jpg	 6.193350e+02	 22	 1.000220e+03	 2200	 6.833534e+02	 98	 6.203526e+02	 633.33	 633.33	 57.00	 31	 0.57	 
bfer_150	 2	 15	 2106.jpg	 6.233392e+02	 24	 999000	 240	 999000	 999	 6.243570e+02	 633.33	 633.33	 47.00	 6	 0.70	 
bfer_150	 2	 15	 2107.jpg	 6.273269e+02	 24	 999000	 240	 999000	 999	 6.283447e+02	 633.33	 633.33	 53.00	 7	 0.63	 
bfer_150	 2	 15	 1212.jpg	 6.293292e+02	 11	 9.180359e+02	 110	 6.333467e+02	 98	 6.303470e+02	 650.00	 633.33	 8.00	 33	 0.64	 
bfer_150	 2	 15	 2217.jpg	 6.313315e+02	 24	 999000	 240	 999000	 999	 6.323492e+02	 650.00	 633.33	 52.00	 38	 0.65	 
bfer_150	 2	 15	 1209.jpg	 6.333337e+02	 12	 999000	 120	 999000	 999	 6.343517e+02	 650.00	 633.33	 21.00	 30	 0.53	 
bfer_150	 2	 15	 1110.jpg	 6.353360e+02	 12	 999000	 120	 999000	 999	 6.363538e+02	 650.00	 633.33	 10.00	 10	 0.63	 
bfer_150	 2	 15	 2206.jpg	 6.413257e+02	 24	 999000	 240	 999000	 999	 6.423438e+02	 650.00	 633.33	 60.00	 27	 0.51	 
bfer_150	 2	 15	 2120.jpg	 6.433283e+02	 22	 9.749666e+02	 220	 6.333462e+02	 98	 6.443461e+02	 650.00	 650.00	 56.00	 20	 0.59	 
