subjectID	 order	 runNum	 itemName	 onsetTime	 shuff_trialType	 RT	 respInTime	 AudioTime	 response	 fixationTime	 ladder1	 ladder2	 bidIndex	 itemNameIndex	 bidValue	 
bfer_166	 2	 18	 1112.jpg	 1.035034e+03	 12	 999000	 120	 999000	 999	 1.036052e+03	 650.00	 583.33	 19.00	 12	 0.55	 
bfer_166	 2	 18	 1111.jpg	 1.038037e+03	 12	 999000	 120	 999000	 999	 1.039055e+03	 650.00	 583.33	 38.00	 11	 0.23	 
bfer_166	 2	 18	 2113.jpg	 1.042025e+03	 24	 999000	 240	 999000	 999	 1.043043e+03	 650.00	 583.33	 55.00	 13	 0.58	 
bfer_166	 2	 18	 1104.jpg	 1.044027e+03	 11	 9.075064e+02	 110	 6.500253e+02	 98	 1.045045e+03	 666.67	 583.33	 14.00	 4	 0.61	 
bfer_166	 2	 18	 2216.jpg	 1.046029e+03	 24	 999000	 240	 999000	 999	 1.047047e+03	 666.67	 583.33	 53.00	 37	 0.60	 
bfer_166	 2	 18	 1219.jpg	 1.050034e+03	 12	 999000	 120	 999000	 999	 1.051052e+03	 666.67	 583.33	 15.00	 40	 0.58	 
bfer_166	 2	 18	 1212.jpg	 1.052036e+03	 11	 1.034549e+03	 1100	 6.666792e+02	 98	 1.053054e+03	 616.67	 583.33	 17.00	 33	 0.57	 
bfer_166	 2	 18	 2208.jpg	 1.057025e+03	 24	 999000	 240	 999000	 999	 1.058043e+03	 616.67	 583.33	 52.00	 29	 0.60	 
bfer_166	 2	 18	 1117.jpg	 1.059027e+03	 12	 999000	 120	 999000	 999	 1.060045e+03	 616.67	 583.33	 22.00	 17	 0.52	 
bfer_166	 2	 18	 2103.jpg	 1.062031e+03	 24	 999000	 240	 999000	 999	 1.063049e+03	 616.67	 583.33	 59.00	 3	 0.54	 
bfer_166	 2	 18	 2203.jpg	 1.065034e+03	 24	 999000	 240	 999000	 999	 1.066052e+03	 616.67	 583.33	 78.00	 24	 0.23	 
bfer_166	 2	 18	 1206.jpg	 1.069022e+03	 12	 999000	 120	 999000	 999	 1.070040e+03	 616.67	 583.33	 4.00	 27	 0.69	 
bfer_166	 2	 18	 1218.jpg	 1.072025e+03	 11	 8.934842e+02	 110	 6.166929e+02	 98	 1.073043e+03	 633.33	 583.33	 11.00	 39	 0.66	 
bfer_166	 2	 18	 1120.jpg	 1.074027e+03	 11	 1.259153e+03	 1100	 6.333530e+02	 98	 1.075045e+03	 583.33	 583.33	 16.00	 20	 0.57	 
bfer_166	 2	 18	 1215.jpg	 1.077031e+03	 12	 999000	 120	 999000	 999	 1.078049e+03	 583.33	 583.33	 21.00	 36	 0.52	 
bfer_166	 2	 18	 2107.jpg	 1.081035e+03	 24	 999000	 240	 999000	 999	 1.082053e+03	 583.33	 583.33	 58.00	 7	 0.55	 
bfer_166	 2	 18	 2210.jpg	 1.084022e+03	 24	 999000	 240	 999000	 999	 1.085040e+03	 583.33	 583.33	 47.00	 31	 0.63	 
bfer_166	 2	 18	 2119.jpg	 1.086024e+03	 22	 8.623417e+02	 220	 5.833592e+02	 98	 1.087042e+03	 583.33	 600.00	 57.00	 19	 0.55	 
bfer_166	 2	 18	 1110.jpg	 1.088026e+03	 12	 5.241386e+02	 12	 999000	 98	 1.089045e+03	 583.33	 600.00	 18.00	 10	 0.57	 
bfer_166	 2	 18	 2219.jpg	 1.093032e+03	 24	 999000	 240	 999000	 999	 1.094050e+03	 583.33	 600.00	 43.00	 40	 0.78	 
bfer_166	 2	 18	 1202.jpg	 1.097037e+03	 11	 1.017998e+03	 1100	 5.833709e+02	 98	 1.098055e+03	 533.33	 600.00	 9.00	 23	 0.67	 
bfer_166	 2	 18	 1210.jpg	 1.101024e+03	 12	 999000	 120	 999000	 999	 1.102042e+03	 533.33	 600.00	 37.00	 31	 0.24	 
bfer_166	 2	 18	 2117.jpg	 1.107031e+03	 24	 999000	 240	 999000	 999	 1.108049e+03	 533.33	 600.00	 77.00	 17	 0.28	 
bfer_166	 2	 18	 1214.jpg	 1.109033e+03	 12	 999000	 120	 999000	 999	 1.110051e+03	 533.33	 600.00	 7.00	 35	 0.67	 
bfer_166	 2	 18	 2215.jpg	 1.111036e+03	 22	 9.070086e+02	 220	 6.000260e+02	 98	 1.112054e+03	 533.33	 616.67	 49.00	 36	 0.62	 
bfer_166	 2	 18	 1208.jpg	 1.113038e+03	 12	 999000	 120	 999000	 999	 1.114056e+03	 533.33	 616.67	 20.00	 29	 0.53	 
bfer_166	 2	 18	 2106.jpg	 1.115023e+03	 24	 999000	 240	 999000	 999	 1.116041e+03	 533.33	 616.67	 50.00	 6	 0.62	 
bfer_166	 2	 18	 2121.jpg	 1.119028e+03	 22	 9.387114e+02	 220	 6.166830e+02	 98	 1.120046e+03	 533.33	 633.33	 54.00	 21	 0.59	 
bfer_166	 2	 18	 2115.jpg	 1.121030e+03	 24	 999000	 240	 999000	 999	 1.122048e+03	 533.33	 633.33	 62.00	 15	 0.47	 
bfer_166	 2	 18	 2211.jpg	 1.125035e+03	 22	 9.319983e+02	 220	 6.333572e+02	 98	 1.126053e+03	 533.33	 650.00	 48.00	 32	 0.62	 
bfer_166	 2	 18	 1113.jpg	 1.127037e+03	 12	 999000	 120	 999000	 999	 1.128055e+03	 533.33	 650.00	 3.00	 13	 0.69	 
bfer_166	 2	 18	 1103.jpg	 1.129022e+03	 11	 7.684555e+02	 110	 5.333566e+02	 98	 1.130041e+03	 550.00	 650.00	 8.00	 3	 0.67	 
bfer_166	 2	 18	 1116.jpg	 1.131025e+03	 12	 999000	 120	 999000	 999	 1.132043e+03	 550.00	 650.00	 10.00	 16	 0.66	 
bfer_166	 2	 18	 2206.jpg	 1.136030e+03	 24	 999000	 240	 999000	 999	 1.137048e+03	 550.00	 650.00	 44.00	 27	 0.75	 
bfer_166	 2	 18	 2109.jpg	 1.138033e+03	 24	 999000	 240	 999000	 999	 1.139051e+03	 550.00	 650.00	 60.00	 9	 0.53	 
bfer_166	 2	 18	 2112.jpg	 1.140035e+03	 22	 1.075877e+03	 2200	 6.500256e+02	 98	 1.141053e+03	 550.00	 600.00	 51.00	 12	 0.60	 
bfer_166	 2	 18	 2218.jpg	 1.143038e+03	 24	 999000	 240	 999000	 999	 1.144056e+03	 550.00	 600.00	 61.00	 39	 0.49	 
bfer_166	 2	 18	 1106.jpg	 1.150029e+03	 12	 999000	 120	 999000	 999	 1.151047e+03	 550.00	 600.00	 12.00	 6	 0.63	 
bfer_166	 2	 18	 2102.jpg	 1.154034e+03	 22	 1.188760e+03	 2200	 6.000266e+02	 98	 1.155052e+03	 550.00	 550.00	 56.00	 2	 0.56	 
bfer_166	 2	 18	 1102.jpg	 1.161025e+03	 12	 999000	 120	 999000	 999	 1.162043e+03	 550.00	 550.00	 13.00	 2	 0.61	 
