subjectID	 order	 runNum	 itemName	 onsetTime	 shuff_trialType	 RT	 respInTime	 AudioTime	 response	 fixationTime	 ladder1	 ladder2	 bidIndex	 itemNameIndex	 bidValue	 
bfer_145	 1	 18	 1108.jpg	 8.633438e+02	 12	 999000	 120	 999000	 999	 8.643618e+02	 650.00	 716.67	 22.00	 8	 0.48	 
bfer_145	 1	 18	 1202.jpg	 8.683330e+02	 11	 9.856653e+02	 110	 6.500246e+02	 98	 8.693508e+02	 666.67	 716.67	 10.00	 23	 0.59	 
bfer_145	 1	 18	 1101.jpg	 8.703352e+02	 12	 999000	 120	 999000	 999	 8.713532e+02	 666.67	 716.67	 19.00	 1	 0.51	 
bfer_145	 1	 18	 1104.jpg	 8.723375e+02	 12	 999000	 120	 999000	 999	 8.733554e+02	 666.67	 716.67	 38.00	 4	 0.25	 
bfer_145	 1	 18	 1208.jpg	 8.783272e+02	 11	 9.594488e+02	 110	 6.666844e+02	 98	 8.793452e+02	 683.33	 716.67	 18.00	 29	 0.52	 
bfer_145	 1	 18	 1117.jpg	 8.803298e+02	 11	 9.328546e+02	 110	 6.833456e+02	 98	 8.813476e+02	 700.00	 716.67	 13.00	 17	 0.56	 
bfer_145	 1	 18	 2203.jpg	 8.833331e+02	 24	 999000	 240	 999000	 999	 8.843510e+02	 700.00	 716.67	 44.00	 24	 0.73	 
bfer_145	 1	 18	 1116.jpg	 8.853354e+02	 12	 999000	 120	 999000	 999	 8.863532e+02	 700.00	 716.67	 21.00	 16	 0.49	 
bfer_145	 1	 18	 2217.jpg	 8.893399e+02	 24	 999000	 240	 999000	 999	 8.903577e+02	 700.00	 716.67	 56.00	 38	 0.55	 
bfer_145	 1	 18	 1205.jpg	 8.913422e+02	 12	 999000	 120	 999000	 999	 8.923600e+02	 700.00	 716.67	 16.00	 26	 0.52	 
bfer_145	 1	 18	 1105.jpg	 8.963311e+02	 11	 9.715780e+02	 110	 7.000147e+02	 98	 8.973489e+02	 716.67	 716.67	 15.00	 5	 0.53	 
bfer_145	 1	 18	 2211.jpg	 9.033390e+02	 24	 999000	 240	 999000	 999	 9.043568e+02	 716.67	 716.67	 61.00	 32	 0.53	 
bfer_145	 1	 18	 2214.jpg	 9.053412e+02	 24	 999000	 240	 999000	 999	 9.063601e+02	 716.67	 716.67	 62.00	 35	 0.52	 
bfer_145	 1	 18	 2204.jpg	 9.083276e+02	 22	 1.007094e+03	 2200	 7.166863e+02	 98	 9.093457e+02	 716.67	 666.67	 58.00	 25	 0.54	 
bfer_145	 1	 18	 1103.jpg	 9.113314e+02	 12	 999000	 120	 999000	 999	 9.123491e+02	 716.67	 666.67	 9.00	 3	 0.60	 
bfer_145	 1	 18	 2210.jpg	 9.153358e+02	 24	 999000	 240	 999000	 999	 9.163535e+02	 716.67	 666.67	 78.00	 31	 0.23	 
bfer_145	 1	 18	 1207.jpg	 9.193403e+02	 12	 999000	 120	 999000	 999	 9.203581e+02	 716.67	 666.67	 8.00	 28	 0.61	 
bfer_145	 1	 18	 2115.jpg	 9.233278e+02	 24	 999000	 240	 999000	 999	 9.243459e+02	 716.67	 666.67	 48.00	 15	 0.61	 
bfer_145	 1	 18	 1113.jpg	 9.263315e+02	 11	 9.392186e+02	 110	 7.166796e+02	 98	 9.273493e+02	 733.33	 666.67	 12.00	 13	 0.58	 
bfer_145	 1	 18	 2116.jpg	 9.323382e+02	 24	 999000	 240	 999000	 999	 9.333560e+02	 733.33	 666.67	 57.00	 16	 0.54	 
bfer_145	 1	 18	 1213.jpg	 9.343406e+02	 12	 999000	 120	 999000	 999	 9.353583e+02	 733.33	 666.67	 14.00	 34	 0.54	 
bfer_145	 1	 18	 1216.jpg	 9.373270e+02	 12	 999000	 120	 999000	 999	 9.383450e+02	 733.33	 666.67	 11.00	 37	 0.58	 
bfer_145	 1	 18	 1118.jpg	 9.393294e+02	 12	 999000	 120	 999000	 999	 9.403473e+02	 733.33	 666.67	 20.00	 18	 0.49	 
bfer_145	 1	 18	 1218.jpg	 9.413317e+02	 12	 999000	 120	 999000	 999	 9.423494e+02	 733.33	 666.67	 37.00	 39	 0.32	 
bfer_145	 1	 18	 2218.jpg	 9.433339e+02	 24	 999000	 240	 999000	 999	 9.443517e+02	 733.33	 666.67	 43.00	 39	 0.79	 
bfer_145	 1	 18	 2111.jpg	 9.463373e+02	 24	 999000	 240	 999000	 999	 9.473548e+02	 733.33	 666.67	 54.00	 11	 0.56	 
bfer_145	 1	 18	 1209.jpg	 9.503417e+02	 12	 999000	 120	 999000	 999	 9.513594e+02	 733.33	 666.67	 3.00	 30	 0.76	 
bfer_145	 1	 18	 2219.jpg	 9.523271e+02	 24	 999000	 240	 999000	 999	 9.533453e+02	 733.33	 666.67	 49.00	 40	 0.61	 
bfer_145	 1	 18	 1212.jpg	 9.543296e+02	 12	 999000	 120	 999000	 999	 9.553475e+02	 733.33	 666.67	 17.00	 33	 0.52	 
bfer_145	 1	 18	 2201.jpg	 9.563319e+02	 22	 9.468410e+02	 220	 6.666808e+02	 98	 9.573497e+02	 733.33	 683.33	 52.00	 22	 0.58	 
bfer_145	 1	 18	 2118.jpg	 9.583342e+02	 24	 999000	 240	 999000	 999	 9.593519e+02	 733.33	 683.33	 60.00	 18	 0.53	 
bfer_145	 1	 18	 2216.jpg	 9.603363e+02	 24	 999000	 240	 999000	 999	 9.613542e+02	 733.33	 683.33	 59.00	 37	 0.54	 
bfer_145	 1	 18	 2112.jpg	 9.643408e+02	 22	 1.017877e+03	 2200	 6.833565e+02	 98	 9.653586e+02	 733.33	 633.33	 47.00	 12	 0.62	 
bfer_145	 1	 18	 1110.jpg	 9.683288e+02	 11	 9.658604e+02	 110	 7.333583e+02	 98	 9.693464e+02	 750.00	 633.33	 7.00	 10	 0.71	 
bfer_145	 1	 18	 1203.jpg	 9.703309e+02	 12	 999000	 120	 999000	 999	 9.713487e+02	 750.00	 633.33	 4.00	 24	 0.74	 
bfer_145	 1	 18	 2119.jpg	 9.723332e+02	 24	 999000	 240	 999000	 999	 9.733510e+02	 750.00	 633.33	 77.00	 19	 0.29	 
bfer_145	 1	 18	 2117.jpg	 9.743354e+02	 22	 1.039303e+03	 2200	 6.333623e+02	 98	 9.753532e+02	 750.00	 583.33	 50.00	 17	 0.60	 
bfer_145	 1	 18	 2202.jpg	 9.763377e+02	 24	 999000	 240	 999000	 999	 9.773554e+02	 750.00	 583.33	 51.00	 23	 0.59	 
bfer_145	 1	 18	 2101.jpg	 9.823274e+02	 22	 8.553156e+02	 220	 5.833495e+02	 98	 9.833455e+02	 750.00	 600.00	 53.00	 1	 0.57	 
bfer_145	 1	 18	 2206.jpg	 9.843300e+02	 22	 8.527066e+02	 220	 6.000150e+02	 98	 9.853477e+02	 750.00	 616.67	 55.00	 27	 0.55	 
