subjectID	 order	 runNum	 itemName	 onsetTime	 shuff_trialType	 RT	 respInTime	 AudioTime	 response	 fixationTime	 ladder1	 ladder2	 bidIndex	 itemNameIndex	 bidValue	 
bfer_174	 2	 15	 2213.jpg	 4.808777e+02	 22	 8.414544e+02	 22	 8.833596e+02	 98	 4.819459e+02	 883.33	 900.00	 56.00	 34	 0.59	 
bfer_174	 2	 15	 1218.jpg	 4.838811e+02	 12	 999000	 120	 999000	 999	 4.848989e+02	 883.33	 900.00	 10.00	 39	 0.70	 
bfer_174	 2	 15	 2216.jpg	 4.858664e+02	 24	 999000	 240	 999000	 999	 4.868848e+02	 883.33	 900.00	 55.00	 37	 0.60	 
bfer_174	 2	 15	 1204.jpg	 4.878688e+02	 11	 8.822929e+02	 11	 8.833507e+02	 98	 4.889371e+02	 900.00	 900.00	 11.00	 25	 0.68	 
bfer_174	 2	 15	 2103.jpg	 4.898711e+02	 22	 1.056181e+03	 2200	 9.000295e+02	 98	 4.909561e+02	 900.00	 850.00	 57.00	 3	 0.57	 
bfer_174	 2	 15	 1214.jpg	 4.928744e+02	 11	 9.966857e+02	 110	 9.000233e+02	 98	 4.939594e+02	 916.67	 850.00	 9.00	 35	 0.70	 
bfer_174	 2	 15	 1121.jpg	 4.948768e+02	 12	 999000	 120	 999000	 999	 4.958949e+02	 916.67	 850.00	 12.00	 21	 0.67	 
bfer_174	 2	 15	 2121.jpg	 4.988812e+02	 24	 999000	 240	 999000	 999	 4.998994e+02	 916.67	 850.00	 58.00	 21	 0.56	 
bfer_174	 2	 15	 1113.jpg	 5.008665e+02	 12	 999000	 120	 999000	 999	 5.018849e+02	 916.67	 850.00	 19.00	 13	 0.52	 
bfer_174	 2	 15	 1208.jpg	 5.058724e+02	 12	 999000	 120	 999000	 999	 5.068905e+02	 916.67	 850.00	 4.00	 29	 0.77	 
bfer_174	 2	 15	 1216.jpg	 5.078747e+02	 11	 8.604017e+02	 11	 9.166830e+02	 98	 5.089764e+02	 916.67	 850.00	 16.00	 37	 0.55	 
bfer_174	 2	 15	 1101.jpg	 5.118792e+02	 12	 999000	 120	 999000	 999	 5.128974e+02	 916.67	 850.00	 38.00	 1	 0.16	 
bfer_174	 2	 15	 1215.jpg	 5.138814e+02	 12	 999000	 120	 999000	 999	 5.148997e+02	 916.67	 850.00	 13.00	 36	 0.67	 
bfer_174	 2	 15	 2109.jpg	 5.168678e+02	 22	 8.273235e+02	 22	 8.500277e+02	 98	 5.179028e+02	 916.67	 866.67	 49.00	 9	 0.68	 
bfer_174	 2	 15	 1104.jpg	 5.218738e+02	 12	 999000	 120	 999000	 999	 5.228919e+02	 916.67	 866.67	 21.00	 4	 0.51	 
bfer_174	 2	 15	 1217.jpg	 5.238760e+02	 12	 999000	 120	 999000	 999	 5.248941e+02	 916.67	 866.67	 15.00	 38	 0.63	 
bfer_174	 2	 15	 1201.jpg	 5.258782e+02	 12	 999000	 120	 999000	 999	 5.268965e+02	 916.67	 866.67	 7.00	 22	 0.74	 
bfer_174	 2	 15	 2209.jpg	 5.298828e+02	 24	 999000	 240	 999000	 999	 5.309009e+02	 916.67	 866.67	 50.00	 30	 0.67	 
bfer_174	 2	 15	 1111.jpg	 5.338706e+02	 12	 999000	 120	 999000	 999	 5.348887e+02	 916.67	 866.67	 37.00	 11	 0.19	 
bfer_174	 2	 15	 2205.jpg	 5.378750e+02	 22	 1.028202e+03	 2200	 8.666930e+02	 98	 5.389263e+02	 916.67	 816.67	 54.00	 26	 0.60	 
bfer_174	 2	 15	 2208.jpg	 5.398774e+02	 24	 999000	 240	 999000	 999	 5.408955e+02	 916.67	 816.67	 44.00	 29	 0.80	 
bfer_174	 2	 15	 2202.jpg	 5.418795e+02	 24	 999000	 240	 999000	 999	 5.428977e+02	 916.67	 816.67	 59.00	 23	 0.55	 
bfer_174	 2	 15	 2114.jpg	 5.438819e+02	 24	 999000	 240	 999000	 999	 5.449000e+02	 916.67	 816.67	 53.00	 14	 0.64	 
bfer_174	 2	 15	 1211.jpg	 5.458671e+02	 11	 1.052088e+03	 1100	 9.166802e+02	 98	 5.469690e+02	 866.67	 816.67	 14.00	 32	 0.66	 
bfer_174	 2	 15	 1206.jpg	 5.518741e+02	 12	 999000	 120	 999000	 999	 5.528923e+02	 866.67	 816.67	 3.00	 27	 0.79	 
bfer_174	 2	 15	 2218.jpg	 5.548775e+02	 24	 999000	 240	 999000	 999	 5.558956e+02	 866.67	 816.67	 47.00	 39	 0.78	 
bfer_174	 2	 15	 1106.jpg	 5.568797e+02	 12	 999000	 120	 999000	 999	 5.578979e+02	 866.67	 816.67	 22.00	 6	 0.50	 
bfer_174	 2	 15	 2211.jpg	 5.588821e+02	 22	 9.810176e+02	 220	 8.166840e+02	 98	 5.599001e+02	 866.67	 833.33	 48.00	 32	 0.74	 
bfer_174	 2	 15	 2204.jpg	 5.618688e+02	 24	 999000	 240	 999000	 999	 5.628869e+02	 866.67	 833.33	 60.00	 25	 0.48	 
bfer_174	 2	 15	 1212.jpg	 5.638709e+02	 12	 999000	 120	 999000	 999	 5.648890e+02	 866.67	 833.33	 20.00	 33	 0.52	 
bfer_174	 2	 15	 1213.jpg	 5.658732e+02	 12	 999000	 120	 999000	 999	 5.668915e+02	 866.67	 833.33	 18.00	 34	 0.53	 
bfer_174	 2	 15	 2102.jpg	 5.678754e+02	 24	 999000	 240	 999000	 999	 5.688936e+02	 866.67	 833.33	 78.00	 2	 0.15	 
bfer_174	 2	 15	 1219.jpg	 5.708789e+02	 11	 9.602466e+02	 110	 8.666846e+02	 98	 5.719304e+02	 883.33	 833.33	 8.00	 40	 0.71	 
bfer_174	 2	 15	 2113.jpg	 5.728811e+02	 24	 999000	 240	 999000	 999	 5.738993e+02	 883.33	 833.33	 61.00	 13	 0.46	 
bfer_174	 2	 15	 1116.jpg	 5.748834e+02	 11	 1.003840e+03	 1100	 8.833622e+02	 98	 5.759515e+02	 833.33	 833.33	 17.00	 16	 0.54	 
bfer_174	 2	 15	 2110.jpg	 5.768689e+02	 22	 9.782642e+02	 220	 8.333563e+02	 98	 5.778871e+02	 833.33	 850.00	 51.00	 10	 0.65	 
bfer_174	 2	 15	 2119.jpg	 5.788711e+02	 24	 999000	 240	 999000	 999	 5.798892e+02	 833.33	 850.00	 77.00	 19	 0.16	 
bfer_174	 2	 15	 2215.jpg	 5.848779e+02	 24	 999000	 240	 999000	 999	 5.858962e+02	 833.33	 850.00	 52.00	 36	 0.65	 
bfer_174	 2	 15	 2214.jpg	 5.878813e+02	 24	 999000	 240	 999000	 999	 5.888995e+02	 833.33	 850.00	 43.00	 35	 0.82	 
bfer_174	 2	 15	 2118.jpg	 5.918691e+02	 24	 999000	 240	 999000	 999	 5.928872e+02	 833.33	 850.00	 62.00	 18	 0.44	 
