subjectID	 order	 runNum	 itemName	 onsetTime	 shuff_trialType	 RT	 respInTime	 AudioTime	 response	 fixationTime	 ladder1	 ladder2	 bidIndex	 itemNameIndex	 bidValue	 
bfer_117	 1	 3	 2213.jpg	 3.028443e+02	 24	 999000	 240	 999000	 999	 3.038621e+02	 616.67	 616.67	 57.00	 34	 0.62	 
bfer_117	 1	 3	 1102.jpg	 3.048466e+02	 12	 999000	 120	 999000	 999	 3.058644e+02	 616.67	 616.67	 19.00	 2	 0.52	 
bfer_117	 1	 3	 2219.jpg	 3.088345e+02	 24	 999000	 240	 999000	 999	 3.098521e+02	 616.67	 616.67	 43.00	 40	 0.87	 
bfer_117	 1	 3	 2116.jpg	 3.118378e+02	 24	 999000	 240	 999000	 999	 3.128556e+02	 616.67	 616.67	 60.00	 16	 0.60	 
bfer_117	 1	 3	 2216.jpg	 3.138401e+02	 24	 999000	 240	 999000	 999	 3.148578e+02	 616.67	 616.67	 62.00	 37	 0.57	 
bfer_117	 1	 3	 1119.jpg	 3.168433e+02	 12	 999000	 120	 999000	 999	 3.178611e+02	 616.67	 616.67	 37.00	 19	 0.21	 
bfer_117	 1	 3	 1213.jpg	 3.208478e+02	 12	 999000	 120	 999000	 999	 3.218656e+02	 616.67	 616.67	 14.00	 34	 0.59	 
bfer_117	 1	 3	 2113.jpg	 3.248358e+02	 22	 1.058784e+03	 2200	 6.166818e+02	 98	 3.258535e+02	 616.67	 566.67	 55.00	 13	 0.67	 
bfer_117	 1	 3	 1118.jpg	 3.268380e+02	 12	 999000	 120	 999000	 999	 3.278557e+02	 616.67	 566.67	 21.00	 18	 0.50	 
bfer_117	 1	 3	 1218.jpg	 3.318436e+02	 12	 999000	 120	 999000	 999	 3.328614e+02	 616.67	 566.67	 9.00	 39	 0.68	 
bfer_117	 1	 3	 2207.jpg	 3.338457e+02	 24	 999000	 240	 999000	 999	 3.348636e+02	 616.67	 566.67	 51.00	 28	 0.74	 
bfer_117	 1	 3	 1216.jpg	 3.358482e+02	 12	 999000	 120	 999000	 999	 3.368658e+02	 616.67	 566.67	 11.00	 37	 0.64	 
bfer_117	 1	 3	 2109.jpg	 3.418382e+02	 24	 999000	 240	 999000	 999	 3.428560e+02	 616.67	 566.67	 59.00	 9	 0.60	 
bfer_117	 1	 3	 1103.jpg	 3.438404e+02	 11	 9.421650e+02	 110	 6.166915e+02	 98	 3.448581e+02	 633.33	 566.67	 15.00	 3	 0.58	 
bfer_117	 1	 3	 1205.jpg	 3.458426e+02	 12	 999000	 120	 999000	 999	 3.468603e+02	 633.33	 566.67	 4.00	 26	 0.74	 
bfer_117	 1	 3	 1211.jpg	 3.478448e+02	 11	 9.858195e+02	 110	 6.333581e+02	 98	 3.488627e+02	 650.00	 566.67	 7.00	 32	 0.69	 
bfer_117	 1	 3	 2208.jpg	 3.518494e+02	 22	 9.331794e+02	 220	 5.666923e+02	 98	 3.528670e+02	 650.00	 583.33	 53.00	 29	 0.69	 
bfer_117	 1	 3	 2114.jpg	 3.558372e+02	 24	 999000	 240	 999000	 999	 3.568549e+02	 650.00	 583.33	 54.00	 14	 0.67	 
bfer_117	 1	 3	 1215.jpg	 3.588406e+02	 12	 999000	 120	 999000	 999	 3.598583e+02	 650.00	 583.33	 16.00	 36	 0.56	 
bfer_117	 1	 3	 2112.jpg	 3.628451e+02	 22	 8.655172e+02	 220	 5.833490e+02	 98	 3.638628e+02	 650.00	 600.00	 50.00	 12	 0.75	 
bfer_117	 1	 3	 2115.jpg	 3.658484e+02	 22	 8.302143e+02	 220	 6.000257e+02	 98	 3.668661e+02	 650.00	 616.67	 58.00	 15	 0.62	 
bfer_117	 1	 3	 2204.jpg	 3.678506e+02	 22	 8.599912e+02	 220	 6.166891e+02	 98	 3.688684e+02	 650.00	 633.33	 47.00	 25	 0.79	 
bfer_117	 1	 3	 1112.jpg	 3.718383e+02	 11	 9.922463e+02	 110	 6.500147e+02	 98	 3.728562e+02	 666.67	 633.33	 10.00	 12	 0.68	 
bfer_117	 1	 3	 2218.jpg	 3.738418e+02	 22	 8.927609e+02	 220	 6.333592e+02	 98	 3.748584e+02	 666.67	 650.00	 52.00	 39	 0.70	 
bfer_117	 1	 3	 2108.jpg	 3.758429e+02	 24	 999000	 240	 999000	 999	 3.768607e+02	 666.67	 650.00	 78.00	 8	 0.29	 
bfer_117	 1	 3	 1202.jpg	 3.798474e+02	 12	 999000	 120	 999000	 999	 3.808651e+02	 666.67	 650.00	 8.00	 23	 0.68	 
bfer_117	 1	 3	 1107.jpg	 3.818496e+02	 11	 1.013019e+03	 1100	 6.666877e+02	 98	 3.828673e+02	 616.67	 650.00	 13.00	 7	 0.59	 
bfer_117	 1	 3	 1120.jpg	 3.858375e+02	 12	 999000	 120	 999000	 999	 3.868552e+02	 616.67	 650.00	 22.00	 20	 0.49	 
bfer_117	 1	 3	 2210.jpg	 3.898419e+02	 24	 999000	 240	 999000	 999	 3.908598e+02	 616.67	 650.00	 56.00	 31	 0.66	 
bfer_117	 1	 3	 1201.jpg	 3.928453e+02	 11	 9.852528e+02	 110	 6.166823e+02	 98	 3.938630e+02	 633.33	 650.00	 18.00	 22	 0.53	 
bfer_117	 1	 3	 1208.jpg	 3.988350e+02	 12	 999000	 120	 999000	 999	 3.998531e+02	 633.33	 650.00	 20.00	 29	 0.52	 
bfer_117	 1	 3	 2106.jpg	 4.008376e+02	 24	 999000	 240	 999000	 999	 4.018555e+02	 633.33	 650.00	 61.00	 6	 0.58	 
bfer_117	 1	 3	 1207.jpg	 4.048421e+02	 12	 999000	 120	 999000	 999	 4.058599e+02	 633.33	 650.00	 3.00	 28	 0.82	 
bfer_117	 1	 3	 2103.jpg	 4.068443e+02	 24	 999000	 240	 999000	 999	 4.078622e+02	 633.33	 650.00	 48.00	 3	 0.75	 
bfer_117	 1	 3	 1209.jpg	 4.088466e+02	 11	 9.759714e+02	 110	 6.333705e+02	 98	 4.098645e+02	 650.00	 650.00	 12.00	 30	 0.60	 
bfer_117	 1	 3	 2107.jpg	 4.108488e+02	 24	 999000	 240	 999000	 999	 4.118667e+02	 650.00	 650.00	 49.00	 7	 0.75	 
bfer_117	 1	 3	 1106.jpg	 4.158378e+02	 12	 999000	 120	 999000	 999	 4.168557e+02	 650.00	 650.00	 38.00	 6	 0.20	 
bfer_117	 1	 3	 2214.jpg	 4.178400e+02	 24	 999000	 240	 999000	 999	 4.188578e+02	 650.00	 650.00	 77.00	 35	 0.31	 
bfer_117	 1	 3	 1219.jpg	 4.198422e+02	 12	 999000	 120	 999000	 999	 4.208600e+02	 650.00	 650.00	 17.00	 40	 0.56	 
bfer_117	 1	 3	 2211.jpg	 4.228457e+02	 24	 999000	 240	 999000	 999	 4.238634e+02	 650.00	 650.00	 44.00	 32	 0.83	 
