subjectID	 order	 runNum	 itemName	 onsetTime	 shuff_trialType	 RT	 respInTime	 AudioTime	 response	 fixationTime	 ladder1	 ladder2	 bidIndex	 itemNameIndex	 bidValue	 
bfer_128	 2	 20	 1105.jpg	 1.189288e+03	 12	 999000	 120	 999000	 999	 1.190307e+03	 783.33	 783.33	 21.00	 5	 0.46	 
bfer_128	 2	 20	 2218.jpg	 1.192292e+03	 24	 999000	 240	 999000	 999	 1.193310e+03	 783.33	 783.33	 43.00	 39	 0.84	 
bfer_128	 2	 20	 2112.jpg	 1.194277e+03	 24	 999000	 240	 999000	 999	 1.195296e+03	 783.33	 783.33	 62.00	 12	 0.46	 
bfer_128	 2	 20	 2101.jpg	 1.196280e+03	 24	 999000	 240	 999000	 999	 1.197298e+03	 783.33	 783.33	 61.00	 1	 0.48	 
bfer_128	 2	 20	 1214.jpg	 1.198282e+03	 12	 999000	 120	 999000	 999	 1.199300e+03	 783.33	 783.33	 19.00	 35	 0.51	 
bfer_128	 2	 20	 2120.jpg	 1.201286e+03	 22	 9.697035e+02	 220	 7.833600e+02	 98	 1.202304e+03	 783.33	 800.00	 54.00	 20	 0.62	 
bfer_128	 2	 20	 1107.jpg	 1.203288e+03	 12	 999000	 120	 999000	 999	 1.204306e+03	 783.33	 800.00	 37.00	 7	 0.20	 
bfer_128	 2	 20	 1211.jpg	 1.207292e+03	 12	 999000	 120	 999000	 999	 1.208311e+03	 783.33	 800.00	 7.00	 32	 0.73	 
bfer_128	 2	 20	 2109.jpg	 1.209278e+03	 24	 999000	 240	 999000	 999	 1.210296e+03	 783.33	 800.00	 47.00	 9	 0.77	 
bfer_128	 2	 20	 1218.jpg	 1.214283e+03	 12	 999000	 120	 999000	 999	 1.215302e+03	 783.33	 800.00	 4.00	 39	 0.80	 
bfer_128	 2	 20	 1109.jpg	 1.216286e+03	 11	 1.025505e+03	 1100	 7.833593e+02	 98	 1.217304e+03	 733.33	 800.00	 14.00	 9	 0.63	 
bfer_128	 2	 20	 1103.jpg	 1.220290e+03	 12	 999000	 120	 999000	 999	 1.221308e+03	 733.33	 800.00	 15.00	 3	 0.60	 
bfer_128	 2	 20	 1217.jpg	 1.222292e+03	 12	 999000	 120	 999000	 999	 1.223311e+03	 733.33	 800.00	 20.00	 38	 0.48	 
bfer_128	 2	 20	 2213.jpg	 1.225279e+03	 22	 1.000129e+03	 2200	 8.000146e+02	 98	 1.226297e+03	 733.33	 750.00	 56.00	 34	 0.61	 
bfer_128	 2	 20	 2119.jpg	 1.230285e+03	 24	 999000	 240	 999000	 999	 1.231303e+03	 733.33	 750.00	 78.00	 19	 0.11	 
bfer_128	 2	 20	 2210.jpg	 1.232287e+03	 24	 999000	 240	 999000	 999	 1.233305e+03	 733.33	 750.00	 59.00	 31	 0.55	 
bfer_128	 2	 20	 1209.jpg	 1.234289e+03	 11	 9.660098e+02	 110	 7.333533e+02	 98	 1.235307e+03	 750.00	 750.00	 11.00	 30	 0.68	 
bfer_128	 2	 20	 2205.jpg	 1.238294e+03	 22	 9.535388e+02	 220	 7.500351e+02	 98	 1.239312e+03	 750.00	 766.67	 51.00	 26	 0.67	 
bfer_128	 2	 20	 1111.jpg	 1.242282e+03	 12	 999000	 120	 999000	 999	 1.243300e+03	 750.00	 766.67	 13.00	 11	 0.66	 
bfer_128	 2	 20	 2106.jpg	 1.246286e+03	 24	 999000	 240	 999000	 999	 1.247304e+03	 750.00	 766.67	 55.00	 6	 0.61	 
bfer_128	 2	 20	 2203.jpg	 1.248289e+03	 24	 999000	 240	 999000	 999	 1.249306e+03	 750.00	 766.67	 77.00	 24	 0.14	 
bfer_128	 2	 20	 2103.jpg	 1.250290e+03	 24	 999000	 240	 999000	 999	 1.251309e+03	 750.00	 766.67	 50.00	 3	 0.72	 
bfer_128	 2	 20	 2111.jpg	 1.252293e+03	 22	 1.010479e+03	 2200	 7.666826e+02	 98	 1.253311e+03	 750.00	 716.67	 49.00	 11	 0.75	 
bfer_128	 2	 20	 1106.jpg	 1.254278e+03	 11	 9.772777e+02	 110	 7.500267e+02	 98	 1.255296e+03	 766.67	 716.67	 17.00	 6	 0.55	 
bfer_128	 2	 20	 2206.jpg	 1.260285e+03	 24	 999000	 240	 999000	 999	 1.261303e+03	 766.67	 716.67	 60.00	 27	 0.54	 
bfer_128	 2	 20	 2115.jpg	 1.263288e+03	 22	 8.948827e+02	 220	 7.166875e+02	 98	 1.264306e+03	 766.67	 733.33	 48.00	 15	 0.76	 
bfer_128	 2	 20	 2201.jpg	 1.265291e+03	 24	 999000	 240	 999000	 999	 1.266309e+03	 766.67	 733.33	 44.00	 22	 0.82	 
bfer_128	 2	 20	 1121.jpg	 1.267293e+03	 11	 9.784398e+02	 110	 7.666880e+02	 98	 1.268311e+03	 783.33	 733.33	 16.00	 21	 0.59	 
bfer_128	 2	 20	 1206.jpg	 1.270280e+03	 11	 9.756900e+02	 110	 7.833469e+02	 98	 1.271298e+03	 800.00	 733.33	 9.00	 27	 0.71	 
bfer_128	 2	 20	 2121.jpg	 1.272282e+03	 24	 999000	 240	 999000	 999	 1.273300e+03	 800.00	 733.33	 53.00	 21	 0.63	 
bfer_128	 2	 20	 1204.jpg	 1.274284e+03	 12	 999000	 120	 999000	 999	 1.275302e+03	 800.00	 733.33	 18.00	 25	 0.55	 
bfer_128	 2	 20	 1207.jpg	 1.276286e+03	 12	 999000	 120	 999000	 999	 1.277304e+03	 800.00	 733.33	 38.00	 28	 0.18	 
bfer_128	 2	 20	 1205.jpg	 1.279290e+03	 12	 999000	 120	 999000	 999	 1.280308e+03	 800.00	 733.33	 10.00	 26	 0.71	 
bfer_128	 2	 20	 2214.jpg	 1.281292e+03	 22	 9.233547e+02	 220	 7.333559e+02	 98	 1.282310e+03	 800.00	 750.00	 57.00	 35	 0.59	 
bfer_128	 2	 20	 1203.jpg	 1.283294e+03	 12	 999000	 120	 999000	 999	 1.284312e+03	 800.00	 750.00	 22.00	 24	 0.46	 
bfer_128	 2	 20	 1201.jpg	 1.285280e+03	 12	 999000	 120	 999000	 999	 1.286298e+03	 800.00	 750.00	 3.00	 22	 0.80	 
bfer_128	 2	 20	 2114.jpg	 1.287282e+03	 24	 999000	 240	 999000	 999	 1.288300e+03	 800.00	 750.00	 58.00	 14	 0.56	 
bfer_128	 2	 20	 2209.jpg	 1.293290e+03	 24	 999000	 240	 999000	 999	 1.294307e+03	 800.00	 750.00	 52.00	 30	 0.65	 
bfer_128	 2	 20	 1213.jpg	 1.296292e+03	 12	 999000	 120	 999000	 999	 1.297310e+03	 800.00	 750.00	 12.00	 34	 0.67	 
bfer_128	 2	 20	 1115.jpg	 1.300280e+03	 11	 1.015420e+03	 1	 8.000202e+02	 104	 1.301299e+03	 750.00	 750.00	 8.00	 15	 0.72	 
