subjectID	 order	 runNum	 itemName	 onsetTime	 shuff_trialType	 RT	 respInTime	 AudioTime	 response	 fixationTime	 ladder1	 ladder2	 bidIndex	 itemNameIndex	 bidValue	 
bfer_181	 1	 2	 1116.jpg	 1.252569e+02	 11	 9.501488e+02	 110	 7.166888e+02	 98	 1.262750e+02	 733.33	 716.67	 15.00	 16	 0.57	 
bfer_181	 1	 2	 1103.jpg	 1.282602e+02	 12	 999000	 120	 999000	 999	 1.292784e+02	 733.33	 716.67	 4.00	 3	 0.78	 
bfer_181	 1	 2	 2114.jpg	 1.322480e+02	 24	 999000	 240	 999000	 999	 1.332662e+02	 733.33	 716.67	 54.00	 14	 0.59	 
bfer_181	 1	 2	 2108.jpg	 1.342503e+02	 24	 999000	 240	 999000	 999	 1.352684e+02	 733.33	 716.67	 78.00	 8	 0.22	 
bfer_181	 1	 2	 1219.jpg	 1.362526e+02	 11	 9.224466e+02	 110	 7.333808e+02	 98	 1.372707e+02	 750.00	 716.67	 7.00	 40	 0.71	 
bfer_181	 1	 2	 1210.jpg	 1.402571e+02	 12	 999000	 120	 999000	 999	 1.412751e+02	 750.00	 716.67	 20.00	 31	 0.54	 
bfer_181	 1	 2	 1202.jpg	 1.422593e+02	 12	 999000	 120	 999000	 999	 1.432775e+02	 750.00	 716.67	 21.00	 23	 0.50	 
bfer_181	 1	 2	 1209.jpg	 1.472483e+02	 12	 999000	 120	 999000	 999	 1.482664e+02	 750.00	 716.67	 3.00	 30	 0.81	 
bfer_181	 1	 2	 2213.jpg	 1.492504e+02	 24	 999000	 240	 999000	 999	 1.502687e+02	 750.00	 716.67	 44.00	 34	 0.77	 
bfer_181	 1	 2	 1110.jpg	 1.522538e+02	 12	 999000	 120	 999000	 999	 1.532718e+02	 750.00	 716.67	 17.00	 10	 0.55	 
bfer_181	 1	 2	 2201.jpg	 1.552573e+02	 24	 999000	 240	 999000	 999	 1.562753e+02	 750.00	 716.67	 48.00	 22	 0.72	 
bfer_181	 1	 2	 2211.jpg	 1.592617e+02	 24	 999000	 240	 999000	 999	 1.602798e+02	 750.00	 716.67	 43.00	 32	 0.79	 
bfer_181	 1	 2	 2215.jpg	 1.622484e+02	 22	 1.006584e+03	 2200	 7.166879e+02	 98	 1.632666e+02	 750.00	 666.67	 58.00	 36	 0.56	 
bfer_181	 1	 2	 1104.jpg	 1.642507e+02	 12	 999000	 120	 999000	 999	 1.652688e+02	 750.00	 666.67	 38.00	 4	 0.18	 
bfer_181	 1	 2	 2115.jpg	 1.672540e+02	 24	 999000	 240	 999000	 999	 1.682722e+02	 750.00	 666.67	 59.00	 15	 0.52	 
bfer_181	 1	 2	 1205.jpg	 1.712585e+02	 11	 1.084463e+03	 1100	 7.500146e+02	 98	 1.722766e+02	 700.00	 666.67	 13.00	 26	 0.59	 
bfer_181	 1	 2	 2113.jpg	 1.742451e+02	 24	 999000	 240	 999000	 999	 1.752634e+02	 700.00	 666.67	 62.00	 13	 0.45	 
bfer_181	 1	 2	 1208.jpg	 1.762475e+02	 12	 999000	 120	 999000	 999	 1.772656e+02	 700.00	 666.67	 14.00	 29	 0.58	 
bfer_181	 1	 2	 2212.jpg	 1.782497e+02	 22	 9.813069e+02	 220	 6.666900e+02	 98	 1.792678e+02	 700.00	 683.33	 55.00	 33	 0.59	 
bfer_181	 1	 2	 2209.jpg	 1.832553e+02	 24	 999000	 240	 999000	 999	 1.842734e+02	 700.00	 683.33	 56.00	 30	 0.58	 
bfer_181	 1	 2	 2219.jpg	 1.872598e+02	 24	 999000	 240	 999000	 999	 1.882780e+02	 700.00	 683.33	 51.00	 40	 0.68	 
bfer_181	 1	 2	 1106.jpg	 1.912477e+02	 12	 999000	 120	 999000	 999	 1.922659e+02	 700.00	 683.33	 9.00	 6	 0.68	 
bfer_181	 1	 2	 2218.jpg	 1.972544e+02	 24	 999000	 240	 999000	 999	 1.982726e+02	 700.00	 683.33	 60.00	 39	 0.51	 
bfer_181	 1	 2	 2216.jpg	 1.992567e+02	 22	 9.663243e+02	 220	 6.833485e+02	 98	 2.002748e+02	 700.00	 700.00	 47.00	 37	 0.73	 
bfer_181	 1	 2	 2106.jpg	 2.012590e+02	 22	 9.640449e+02	 220	 7.000219e+02	 98	 2.022770e+02	 700.00	 716.67	 50.00	 6	 0.69	 
bfer_181	 1	 2	 1216.jpg	 2.032611e+02	 11	 9.219205e+02	 110	 7.000194e+02	 98	 2.042793e+02	 716.67	 716.67	 10.00	 37	 0.67	 
bfer_181	 1	 2	 2204.jpg	 2.052467e+02	 24	 999000	 240	 999000	 999	 2.062649e+02	 716.67	 716.67	 57.00	 25	 0.57	 
bfer_181	 1	 2	 1120.jpg	 2.092512e+02	 12	 999000	 120	 999000	 999	 2.102694e+02	 716.67	 716.67	 37.00	 20	 0.20	 
bfer_181	 1	 2	 2202.jpg	 2.112535e+02	 22	 1.073561e+03	 2200	 7.166948e+02	 98	 2.122715e+02	 716.67	 666.67	 53.00	 23	 0.64	 
bfer_181	 1	 2	 1214.jpg	 2.152579e+02	 12	 999000	 120	 999000	 999	 2.162761e+02	 716.67	 666.67	 11.00	 35	 0.62	 
bfer_181	 1	 2	 2105.jpg	 2.172602e+02	 24	 999000	 240	 999000	 999	 2.182783e+02	 716.67	 666.67	 77.00	 5	 0.23	 
bfer_181	 1	 2	 2214.jpg	 2.192455e+02	 24	 999000	 240	 999000	 999	 2.202641e+02	 716.67	 666.67	 61.00	 35	 0.45	 
bfer_181	 1	 2	 1109.jpg	 2.212481e+02	 11	 1.118971e+03	 1100	 7.166863e+02	 98	 2.222661e+02	 666.67	 666.67	 12.00	 9	 0.60	 
bfer_181	 1	 2	 1207.jpg	 2.262537e+02	 12	 999000	 120	 999000	 999	 2.272717e+02	 666.67	 666.67	 22.00	 28	 0.50	 
bfer_181	 1	 2	 1203.jpg	 2.282559e+02	 11	 8.871262e+02	 110	 6.667077e+02	 98	 2.292741e+02	 683.33	 666.67	 18.00	 24	 0.54	 
bfer_181	 1	 2	 2207.jpg	 2.302582e+02	 24	 999000	 240	 999000	 999	 2.312763e+02	 683.33	 666.67	 49.00	 28	 0.69	 
bfer_181	 1	 2	 1218.jpg	 2.332446e+02	 12	 999000	 120	 999000	 999	 2.342630e+02	 683.33	 666.67	 8.00	 39	 0.69	 
bfer_181	 1	 2	 1118.jpg	 2.402526e+02	 12	 999000	 120	 999000	 999	 2.412708e+02	 683.33	 666.67	 16.00	 18	 0.55	 
bfer_181	 1	 2	 2121.jpg	 2.442572e+02	 22	 9.418530e+02	 220	 6.666862e+02	 98	 2.452753e+02	 683.33	 683.33	 52.00	 21	 0.65	 
bfer_181	 1	 2	 1211.jpg	 2.512484e+02	 12	 999000	 120	 999000	 999	 2.522665e+02	 683.33	 683.33	 19.00	 32	 0.54	 
