subjectID	 order	 runNum	 itemName	 onsetTime	 shuff_trialType	 RT	 respInTime	 AudioTime	 response	 fixationTime	 ladder1	 ladder2	 bidIndex	 itemNameIndex	 bidValue	 
bfer_172	 2	 19	 1103.jpg	 1.217041e+03	 11	 1.006025e+03	 1100	 8.166936e+02	 98	 1.218059e+03	 766.67	 816.67	 8.00	 3	 0.77	 
bfer_172	 2	 19	 1120.jpg	 1.220044e+03	 12	 999000	 120	 999000	 999	 1.221062e+03	 766.67	 816.67	 38.00	 20	 0.20	 
bfer_172	 2	 19	 2113.jpg	 1.224032e+03	 24	 999000	 240	 999000	 999	 1.225050e+03	 766.67	 816.67	 59.00	 13	 0.51	 
bfer_172	 2	 19	 2201.jpg	 1.226034e+03	 24	 999000	 240	 999000	 999	 1.227052e+03	 766.67	 816.67	 44.00	 22	 0.83	 
bfer_172	 2	 19	 2117.jpg	 1.228037e+03	 24	 999000	 240	 999000	 999	 1.229054e+03	 766.67	 816.67	 52.00	 17	 0.62	 
bfer_172	 2	 19	 2109.jpg	 1.232041e+03	 22	 7.497763e+02	 22	 8.166832e+02	 98	 1.233059e+03	 766.67	 833.33	 48.00	 9	 0.73	 
bfer_172	 2	 19	 2215.jpg	 1.234043e+03	 24	 999000	 240	 999000	 999	 1.235061e+03	 766.67	 833.33	 62.00	 36	 0.44	 
bfer_172	 2	 19	 2209.jpg	 1.239032e+03	 22	 9.825848e+02	 220	 8.333592e+02	 98	 1.240050e+03	 766.67	 850.00	 51.00	 30	 0.63	 
bfer_172	 2	 19	 2110.jpg	 1.241035e+03	 24	 999000	 240	 999000	 999	 1.242052e+03	 766.67	 850.00	 47.00	 10	 0.74	 
bfer_172	 2	 19	 2210.jpg	 1.244038e+03	 24	 999000	 240	 999000	 999	 1.245056e+03	 766.67	 850.00	 55.00	 31	 0.56	 
bfer_172	 2	 19	 2115.jpg	 1.247041e+03	 22	 1.005560e+03	 2200	 8.500216e+02	 98	 1.248076e+03	 766.67	 800.00	 57.00	 15	 0.51	 
bfer_172	 2	 19	 1216.jpg	 1.251046e+03	 12	 999000	 120	 999000	 999	 1.252064e+03	 766.67	 800.00	 18.00	 37	 0.51	 
bfer_172	 2	 19	 2103.jpg	 1.254033e+03	 24	 999000	 240	 999000	 999	 1.255050e+03	 766.67	 800.00	 43.00	 3	 0.85	 
bfer_172	 2	 19	 2217.jpg	 1.256035e+03	 22	 1.036162e+03	 2200	 8.000141e+02	 98	 1.257053e+03	 766.67	 750.00	 56.00	 38	 0.55	 
bfer_172	 2	 19	 1117.jpg	 1.259038e+03	 12	 999000	 120	 999000	 999	 1.260056e+03	 766.67	 750.00	 15.00	 17	 0.56	 
bfer_172	 2	 19	 1111.jpg	 1.263043e+03	 12	 999000	 120	 999000	 999	 1.264060e+03	 766.67	 750.00	 20.00	 11	 0.48	 
bfer_172	 2	 19	 1208.jpg	 1.266029e+03	 11	 9.137678e+02	 110	 7.666827e+02	 98	 1.267047e+03	 783.33	 750.00	 17.00	 29	 0.52	 
bfer_172	 2	 19	 1215.jpg	 1.268032e+03	 12	 999000	 120	 999000	 999	 1.269049e+03	 783.33	 750.00	 10.00	 36	 0.70	 
bfer_172	 2	 19	 1213.jpg	 1.270034e+03	 12	 999000	 120	 999000	 999	 1.271052e+03	 783.33	 750.00	 22.00	 34	 0.46	 
bfer_172	 2	 19	 2207.jpg	 1.275039e+03	 24	 999000	 240	 999000	 999	 1.276057e+03	 783.33	 750.00	 60.00	 28	 0.49	 
bfer_172	 2	 19	 2106.jpg	 1.279044e+03	 22	 8.909562e+02	 220	 7.500192e+02	 98	 1.280062e+03	 783.33	 766.67	 54.00	 6	 0.57	 
bfer_172	 2	 19	 1106.jpg	 1.283032e+03	 11	 7.350457e+02	 11	 7.833580e+02	 98	 1.284050e+03	 800.00	 766.67	 11.00	 6	 0.63	 
bfer_172	 2	 19	 1205.jpg	 1.289039e+03	 11	 8.963365e+02	 110	 8.000223e+02	 98	 1.290056e+03	 816.67	 766.67	 9.00	 26	 0.72	 
bfer_172	 2	 19	 2204.jpg	 1.291041e+03	 22	 9.581315e+02	 220	 7.666879e+02	 98	 1.292059e+03	 816.67	 783.33	 49.00	 25	 0.70	 
bfer_172	 2	 19	 1218.jpg	 1.293043e+03	 12	 999000	 120	 999000	 999	 1.294061e+03	 816.67	 783.33	 3.00	 39	 0.83	 
bfer_172	 2	 19	 2212.jpg	 1.295045e+03	 24	 999000	 240	 999000	 999	 1.296063e+03	 816.67	 783.33	 77.00	 33	 0.20	 
bfer_172	 2	 19	 1114.jpg	 1.297031e+03	 12	 999000	 120	 999000	 999	 1.298049e+03	 816.67	 783.33	 12.00	 14	 0.61	 
bfer_172	 2	 19	 2114.jpg	 1.301035e+03	 24	 999000	 240	 999000	 999	 1.302053e+03	 816.67	 783.33	 50.00	 14	 0.68	 
bfer_172	 2	 19	 1109.jpg	 1.303038e+03	 11	 1.065292e+03	 1100	 8.166816e+02	 98	 1.304055e+03	 766.67	 783.33	 14.00	 9	 0.59	 
bfer_172	 2	 19	 2218.jpg	 1.307042e+03	 24	 999000	 240	 999000	 999	 1.308060e+03	 766.67	 783.33	 53.00	 39	 0.62	 
bfer_172	 2	 19	 1219.jpg	 1.309044e+03	 12	 999000	 120	 999000	 999	 1.310062e+03	 766.67	 783.33	 7.00	 40	 0.78	 
bfer_172	 2	 19	 1118.jpg	 1.311030e+03	 12	 999000	 120	 999000	 999	 1.312048e+03	 766.67	 783.33	 21.00	 18	 0.47	 
bfer_172	 2	 19	 1113.jpg	 1.313032e+03	 12	 999000	 120	 999000	 999	 1.314050e+03	 766.67	 783.33	 13.00	 13	 0.59	 
bfer_172	 2	 19	 1101.jpg	 1.318038e+03	 12	 999000	 120	 999000	 999	 1.319056e+03	 766.67	 783.33	 19.00	 1	 0.51	 
bfer_172	 2	 19	 2108.jpg	 1.320040e+03	 24	 999000	 240	 999000	 999	 1.321058e+03	 766.67	 783.33	 78.00	 8	 0.17	 
bfer_172	 2	 19	 1217.jpg	 1.322042e+03	 11	 9.406301e+02	 110	 7.666850e+02	 98	 1.323060e+03	 783.33	 783.33	 16.00	 38	 0.53	 
bfer_172	 2	 19	 2112.jpg	 1.325029e+03	 24	 999000	 240	 999000	 999	 1.326047e+03	 783.33	 783.33	 58.00	 12	 0.51	 
bfer_172	 2	 19	 1201.jpg	 1.332037e+03	 12	 999000	 120	 999000	 999	 1.333055e+03	 783.33	 783.33	 4.00	 22	 0.81	 
bfer_172	 2	 19	 2102.jpg	 1.336041e+03	 24	 999000	 240	 999000	 999	 1.337059e+03	 783.33	 783.33	 61.00	 2	 0.48	 
bfer_172	 2	 19	 1107.jpg	 1.343033e+03	 12	 999000	 120	 999000	 999	 1.344050e+03	 783.33	 783.33	 37.00	 7	 0.21	 
