subjectID	 order	 runNum	 itemName	 onsetTime	 shuff_trialType	 RT	 respInTime	 AudioTime	 response	 fixationTime	 ladder1	 ladder2	 bidIndex	 itemNameIndex	 bidValue	 
bfer_146	 2	 17	 2206.jpg	 8.532293e+02	 24	 999000	 240	 999000	 999	 8.542475e+02	 683.33	 616.67	 53.00	 27	 0.64	 
bfer_146	 2	 17	 2214.jpg	 8.582183e+02	 24	 999000	 240	 999000	 999	 8.592365e+02	 683.33	 616.67	 59.00	 35	 0.52	 
bfer_146	 2	 17	 1214.jpg	 8.602206e+02	 12	 999000	 120	 999000	 999	 8.612389e+02	 683.33	 616.67	 10.00	 35	 0.72	 
bfer_146	 2	 17	 2209.jpg	 8.622228e+02	 22	 1.160014e+03	 2200	 6.166894e+02	 98	 8.632409e+02	 683.33	 566.67	 51.00	 30	 0.65	 
bfer_146	 2	 17	 1205.jpg	 8.682296e+02	 12	 999000	 120	 999000	 999	 8.692477e+02	 683.33	 566.67	 12.00	 26	 0.68	 
bfer_146	 2	 17	 2110.jpg	 8.702318e+02	 24	 999000	 240	 999000	 999	 8.712499e+02	 683.33	 566.67	 58.00	 10	 0.54	 
bfer_146	 2	 17	 1111.jpg	 8.732185e+02	 12	 999000	 120	 999000	 999	 8.742366e+02	 683.33	 566.67	 22.00	 11	 0.46	 
bfer_146	 2	 17	 2212.jpg	 8.752208e+02	 22	 8.180272e+02	 220	 5.666872e+02	 98	 8.762390e+02	 683.33	 583.33	 57.00	 33	 0.56	 
bfer_146	 2	 17	 2203.jpg	 8.792253e+02	 24	 999000	 240	 999000	 999	 8.802433e+02	 683.33	 583.33	 55.00	 24	 0.59	 
bfer_146	 2	 17	 1107.jpg	 8.812275e+02	 12	 999000	 120	 999000	 999	 8.822456e+02	 683.33	 583.33	 19.00	 7	 0.49	 
bfer_146	 2	 17	 1209.jpg	 8.862162e+02	 11	 9.426073e+02	 110	 6.833477e+02	 98	 8.872345e+02	 700.00	 583.33	 16.00	 30	 0.58	 
bfer_146	 2	 17	 1112.jpg	 8.932243e+02	 12	 999000	 120	 999000	 999	 8.942424e+02	 700.00	 583.33	 21.00	 12	 0.47	 
bfer_146	 2	 17	 1207.jpg	 8.952266e+02	 12	 999000	 120	 999000	 999	 8.962446e+02	 700.00	 583.33	 3.00	 28	 0.79	 
bfer_146	 2	 17	 1206.jpg	 8.982299e+02	 11	 9.849490e+02	 110	 7.000231e+02	 98	 8.992480e+02	 716.67	 583.33	 17.00	 27	 0.53	 
bfer_146	 2	 17	 1212.jpg	 9.012163e+02	 11	 9.664911e+02	 110	 7.166910e+02	 98	 9.022347e+02	 733.33	 583.33	 11.00	 33	 0.70	 
bfer_146	 2	 17	 1215.jpg	 9.052211e+02	 11	 9.857371e+02	 110	 7.333527e+02	 98	 9.062391e+02	 750.00	 583.33	 14.00	 36	 0.66	 
bfer_146	 2	 17	 2118.jpg	 9.092257e+02	 24	 999000	 240	 999000	 999	 9.102438e+02	 750.00	 583.33	 77.00	 18	 0.23	 
bfer_146	 2	 17	 1203.jpg	 9.132302e+02	 12	 999000	 120	 999000	 999	 9.142482e+02	 750.00	 583.33	 20.00	 24	 0.48	 
bfer_146	 2	 17	 1204.jpg	 9.162169e+02	 12	 999000	 120	 999000	 999	 9.172349e+02	 750.00	 583.33	 7.00	 25	 0.74	 
bfer_146	 2	 17	 2208.jpg	 9.222234e+02	 24	 999000	 240	 999000	 999	 9.232417e+02	 750.00	 583.33	 50.00	 29	 0.66	 
bfer_146	 2	 17	 2219.jpg	 9.242258e+02	 24	 999000	 240	 999000	 999	 9.252438e+02	 750.00	 583.33	 47.00	 40	 0.69	 
bfer_146	 2	 17	 1211.jpg	 9.272291e+02	 11	 1.017732e+03	 1100	 7.500204e+02	 98	 9.282471e+02	 700.00	 583.33	 9.00	 32	 0.74	 
bfer_146	 2	 17	 1216.jpg	 9.292314e+02	 12	 999000	 120	 999000	 999	 9.302495e+02	 700.00	 583.33	 15.00	 37	 0.59	 
bfer_146	 2	 17	 1210.jpg	 9.312167e+02	 11	 9.661028e+02	 110	 7.000204e+02	 98	 9.322351e+02	 716.67	 583.33	 8.00	 31	 0.74	 
bfer_146	 2	 17	 1202.jpg	 9.332192e+02	 12	 999000	 120	 999000	 999	 9.342374e+02	 716.67	 583.33	 13.00	 23	 0.66	 
bfer_146	 2	 17	 1113.jpg	 9.362226e+02	 12	 999000	 120	 999000	 999	 9.372407e+02	 716.67	 583.33	 37.00	 13	 0.22	 
bfer_146	 2	 17	 2119.jpg	 9.402273e+02	 24	 999000	 240	 999000	 999	 9.412451e+02	 716.67	 583.33	 61.00	 19	 0.48	 
bfer_146	 2	 17	 1117.jpg	 9.422293e+02	 12	 999000	 120	 999000	 999	 9.432476e+02	 716.67	 583.33	 38.00	 17	 0.20	 
bfer_146	 2	 17	 2216.jpg	 9.442315e+02	 22	 8.952845e+02	 220	 5.833501e+02	 98	 9.452498e+02	 716.67	 600.00	 54.00	 37	 0.62	 
bfer_146	 2	 17	 1201.jpg	 9.462171e+02	 12	 999000	 120	 999000	 999	 9.472353e+02	 716.67	 600.00	 4.00	 22	 0.77	 
bfer_146	 2	 17	 2210.jpg	 9.482194e+02	 22	 9.074671e+02	 220	 6.000178e+02	 98	 9.492375e+02	 716.67	 616.67	 56.00	 31	 0.58	 
bfer_146	 2	 17	 2213.jpg	 9.502216e+02	 24	 999000	 240	 999000	 999	 9.512397e+02	 716.67	 616.67	 52.00	 34	 0.64	 
bfer_146	 2	 17	 2218.jpg	 9.542261e+02	 22	 9.166683e+02	 220	 6.166821e+02	 98	 9.552442e+02	 716.67	 633.33	 48.00	 39	 0.69	 
bfer_146	 2	 17	 2112.jpg	 9.582305e+02	 24	 999000	 240	 999000	 999	 9.592487e+02	 716.67	 633.33	 62.00	 12	 0.47	 
bfer_146	 2	 17	 1217.jpg	 9.602159e+02	 12	 999000	 120	 999000	 999	 9.612342e+02	 716.67	 633.33	 18.00	 38	 0.50	 
bfer_146	 2	 17	 2202.jpg	 9.622184e+02	 22	 8.604319e+02	 220	 6.333489e+02	 98	 9.632365e+02	 716.67	 650.00	 49.00	 23	 0.67	 
bfer_146	 2	 17	 2204.jpg	 9.642207e+02	 24	 999000	 240	 999000	 999	 9.652388e+02	 716.67	 650.00	 44.00	 25	 0.81	 
bfer_146	 2	 17	 2104.jpg	 9.662229e+02	 24	 999000	 240	 999000	 999	 9.672410e+02	 716.67	 650.00	 60.00	 4	 0.52	 
bfer_146	 2	 17	 2201.jpg	 9.722296e+02	 24	 999000	 240	 999000	 999	 9.732477e+02	 716.67	 650.00	 43.00	 22	 0.81	 
bfer_146	 2	 17	 2117.jpg	 9.742319e+02	 24	 999000	 240	 999000	 999	 9.752500e+02	 716.67	 650.00	 78.00	 17	 0.22	 
