subjectID	 order	 runNum	 itemName	 onsetTime	 shuff_trialType	 RT	 respInTime	 AudioTime	 response	 fixationTime	 ladder1	 ladder2	 bidIndex	 itemNameIndex	 bidValue	 
bfer_160	 2	 19	 2114.jpg	 1.042854e+03	 24	 999000	 240	 999000	 999	 1.043873e+03	 750.00	 750.00	 50.00	 14	 0.71	 
bfer_160	 2	 19	 2206.jpg	 1.047860e+03	 22	 9.866712e+02	 220	 7.500258e+02	 98	 1.048878e+03	 750.00	 766.67	 51.00	 27	 0.63	 
bfer_160	 2	 19	 2109.jpg	 1.049846e+03	 24	 999000	 240	 999000	 999	 1.050864e+03	 750.00	 766.67	 55.00	 9	 0.59	 
bfer_160	 2	 19	 1205.jpg	 1.051848e+03	 12	 999000	 120	 999000	 999	 1.052866e+03	 750.00	 766.67	 15.00	 26	 0.57	 
bfer_160	 2	 19	 1113.jpg	 1.057855e+03	 11	 9.600707e+02	 110	 7.500252e+02	 98	 1.058873e+03	 766.67	 766.67	 11.00	 13	 0.63	 
bfer_160	 2	 19	 2209.jpg	 1.059857e+03	 22	 9.418489e+02	 220	 7.666803e+02	 98	 1.060875e+03	 766.67	 783.33	 48.00	 30	 0.73	 
bfer_160	 2	 19	 2102.jpg	 1.062843e+03	 24	 999000	 240	 999000	 999	 1.063862e+03	 766.67	 783.33	 77.00	 2	 0.19	 
bfer_160	 2	 19	 1121.jpg	 1.064846e+03	 11	 9.529032e+02	 110	 7.666886e+02	 98	 1.065864e+03	 783.33	 783.33	 16.00	 21	 0.56	 
bfer_160	 2	 19	 1204.jpg	 1.068850e+03	 11	 1.028428e+03	 1100	 7.833462e+02	 98	 1.069868e+03	 733.33	 783.33	 9.00	 25	 0.65	 
bfer_160	 2	 19	 2201.jpg	 1.070853e+03	 24	 999000	 240	 999000	 999	 1.071871e+03	 733.33	 783.33	 44.00	 22	 0.78	 
bfer_160	 2	 19	 1202.jpg	 1.075858e+03	 12	 999000	 120	 999000	 999	 1.076876e+03	 733.33	 783.33	 37.00	 23	 0.18	 
bfer_160	 2	 19	 1114.jpg	 1.082849e+03	 12	 999000	 120	 999000	 999	 1.083867e+03	 733.33	 783.33	 4.00	 14	 0.80	 
bfer_160	 2	 19	 2205.jpg	 1.084852e+03	 24	 999000	 240	 999000	 999	 1.085870e+03	 733.33	 783.33	 58.00	 26	 0.54	 
bfer_160	 2	 19	 2103.jpg	 1.087855e+03	 22	 1.167712e+03	 2200	 7.833579e+02	 98	 1.088873e+03	 733.33	 733.33	 54.00	 3	 0.61	 
bfer_160	 2	 19	 2213.jpg	 1.090858e+03	 24	 999000	 240	 999000	 999	 1.091876e+03	 733.33	 733.33	 53.00	 34	 0.62	 
bfer_160	 2	 19	 2211.jpg	 1.094846e+03	 24	 999000	 240	 999000	 999	 1.095864e+03	 733.33	 733.33	 43.00	 32	 0.81	 
bfer_160	 2	 19	 2121.jpg	 1.098851e+03	 22	 9.400967e+02	 220	 7.333909e+02	 98	 1.099869e+03	 733.33	 750.00	 56.00	 21	 0.59	 
bfer_160	 2	 19	 1105.jpg	 1.102855e+03	 12	 999000	 120	 999000	 999	 1.103873e+03	 733.33	 750.00	 18.00	 5	 0.54	 
bfer_160	 2	 19	 1217.jpg	 1.105858e+03	 12	 999000	 120	 999000	 999	 1.106877e+03	 733.33	 750.00	 10.00	 38	 0.63	 
bfer_160	 2	 19	 2105.jpg	 1.111849e+03	 24	 999000	 240	 999000	 999	 1.112867e+03	 733.33	 750.00	 52.00	 5	 0.62	 
bfer_160	 2	 19	 1216.jpg	 1.113851e+03	 12	 999000	 120	 999000	 999	 1.114869e+03	 733.33	 750.00	 3.00	 37	 0.80	 
bfer_160	 2	 19	 1112.jpg	 1.116854e+03	 12	 999000	 120	 999000	 999	 1.117872e+03	 733.33	 750.00	 38.00	 12	 0.18	 
bfer_160	 2	 19	 1211.jpg	 1.118856e+03	 12	 999000	 120	 999000	 999	 1.119875e+03	 733.33	 750.00	 19.00	 32	 0.52	 
bfer_160	 2	 19	 1209.jpg	 1.120859e+03	 12	 999000	 120	 999000	 999	 1.121877e+03	 733.33	 750.00	 7.00	 30	 0.75	 
bfer_160	 2	 19	 2208.jpg	 1.122844e+03	 24	 999000	 240	 999000	 999	 1.123862e+03	 733.33	 750.00	 61.00	 29	 0.47	 
bfer_160	 2	 19	 1206.jpg	 1.125848e+03	 11	 9.430915e+02	 110	 7.333625e+02	 98	 1.126866e+03	 750.00	 750.00	 8.00	 27	 0.72	 
bfer_160	 2	 19	 1213.jpg	 1.129852e+03	 12	 999000	 120	 999000	 999	 1.130870e+03	 750.00	 750.00	 12.00	 34	 0.62	 
bfer_160	 2	 19	 2219.jpg	 1.131854e+03	 24	 999000	 240	 999000	 999	 1.132872e+03	 750.00	 750.00	 60.00	 40	 0.53	 
bfer_160	 2	 19	 1115.jpg	 1.133857e+03	 12	 999000	 120	 999000	 999	 1.134875e+03	 750.00	 750.00	 22.00	 15	 0.49	 
bfer_160	 2	 19	 2108.jpg	 1.135859e+03	 24	 999000	 240	 999000	 999	 1.136877e+03	 750.00	 750.00	 78.00	 8	 0.12	 
bfer_160	 2	 19	 2113.jpg	 1.137844e+03	 22	 9.382471e+02	 220	 7.500282e+02	 98	 1.138863e+03	 750.00	 766.67	 57.00	 13	 0.54	 
bfer_160	 2	 19	 1102.jpg	 1.139847e+03	 12	 999000	 120	 999000	 999	 1.140865e+03	 750.00	 766.67	 21.00	 2	 0.50	 
bfer_160	 2	 19	 1109.jpg	 1.143851e+03	 11	 9.634373e+02	 110	 7.500224e+02	 98	 1.144869e+03	 766.67	 766.67	 17.00	 9	 0.56	 
bfer_160	 2	 19	 1201.jpg	 1.147856e+03	 11	 9.350564e+02	 110	 7.666889e+02	 98	 1.148874e+03	 783.33	 766.67	 14.00	 22	 0.57	 
bfer_160	 2	 19	 2118.jpg	 1.149858e+03	 22	 9.327752e+02	 220	 7.666831e+02	 98	 1.150876e+03	 783.33	 783.33	 49.00	 18	 0.72	 
bfer_160	 2	 19	 2106.jpg	 1.151843e+03	 24	 999000	 240	 999000	 999	 1.152862e+03	 783.33	 783.33	 59.00	 6	 0.53	 
bfer_160	 2	 19	 2218.jpg	 1.153846e+03	 24	 999000	 240	 999000	 999	 1.154864e+03	 783.33	 783.33	 47.00	 39	 0.76	 
bfer_160	 2	 19	 1104.jpg	 1.155848e+03	 12	 999000	 120	 999000	 999	 1.156866e+03	 783.33	 783.33	 20.00	 4	 0.52	 
bfer_160	 2	 19	 1207.jpg	 1.161855e+03	 12	 999000	 120	 999000	 999	 1.162873e+03	 783.33	 783.33	 13.00	 28	 0.59	 
bfer_160	 2	 19	 2117.jpg	 1.163857e+03	 24	 999000	 240	 999000	 999	 1.164875e+03	 783.33	 783.33	 62.00	 17	 0.47	 
