subjectID	 order	 runNum	 itemName	 onsetTime	 shuff_trialType	 RT	 respInTime	 AudioTime	 response	 fixationTime	 ladder1	 ladder2	 bidIndex	 itemNameIndex	 bidValue	 
bfer_106	 2	 8	 2207.jpg	 9.724459e+02	 24	 999000	 240	 999000	 999	 9.734640e+02	 650.00	 650.00	 50.00	 28	 0.67	 
bfer_106	 2	 8	 1117.jpg	 9.754493e+02	 12	 999000	 120	 999000	 999	 9.764674e+02	 650.00	 650.00	 38.00	 17	 0.30	 
bfer_106	 2	 8	 1104.jpg	 9.774349e+02	 12	 999000	 120	 999000	 999	 9.784530e+02	 650.00	 650.00	 13.00	 4	 0.58	 
bfer_106	 2	 8	 2202.jpg	 9.794371e+02	 24	 999000	 240	 999000	 999	 9.804552e+02	 650.00	 650.00	 44.00	 23	 0.74	 
bfer_106	 2	 8	 2119.jpg	 9.814393e+02	 24	 999000	 240	 999000	 999	 9.824576e+02	 650.00	 650.00	 77.00	 19	 0.27	 
bfer_106	 2	 8	 2214.jpg	 9.844428e+02	 24	 999000	 240	 999000	 999	 9.854609e+02	 650.00	 650.00	 60.00	 35	 0.55	 
bfer_106	 2	 8	 1212.jpg	 9.864449e+02	 12	 999000	 120	 999000	 999	 9.874631e+02	 650.00	 650.00	 15.00	 33	 0.53	 
bfer_106	 2	 8	 2115.jpg	 9.904495e+02	 24	 999000	 240	 999000	 999	 9.914675e+02	 650.00	 650.00	 62.00	 15	 0.53	 
bfer_106	 2	 8	 2213.jpg	 9.924348e+02	 24	 999000	 240	 999000	 999	 9.934532e+02	 650.00	 650.00	 59.00	 34	 0.55	 
bfer_106	 2	 8	 2216.jpg	 9.974407e+02	 22	 9.821575e+02	 220	 6.500185e+02	 98	 9.984588e+02	 650.00	 666.67	 48.00	 37	 0.70	 
bfer_106	 2	 8	 1208.jpg	 9.994429e+02	 11	 1.011945e+03	 1100	 6.500457e+02	 98	 1.000461e+03	 600.00	 666.67	 8.00	 29	 0.66	 
bfer_106	 2	 8	 2102.jpg	 1.003447e+03	 24	 999000	 240	 999000	 999	 1.004465e+03	 600.00	 666.67	 78.00	 2	 0.21	 
bfer_106	 2	 8	 1108.jpg	 1.005450e+03	 12	 999000	 120	 999000	 999	 1.006468e+03	 600.00	 666.67	 37.00	 8	 0.31	 
bfer_106	 2	 8	 1101.jpg	 1.008436e+03	 11	 9.464248e+02	 110	 6.000142e+02	 98	 1.009454e+03	 616.67	 666.67	 9.00	 1	 0.66	 
bfer_106	 2	 8	 1105.jpg	 1.013442e+03	 11	 9.006795e+02	 110	 6.166913e+02	 98	 1.014460e+03	 633.33	 666.67	 11.00	 5	 0.63	 
bfer_106	 2	 8	 1205.jpg	 1.015444e+03	 12	 999000	 120	 999000	 999	 1.016462e+03	 633.33	 666.67	 20.00	 26	 0.46	 
bfer_106	 2	 8	 1216.jpg	 1.017447e+03	 11	 9.043046e+02	 110	 6.333570e+02	 98	 1.018465e+03	 650.00	 666.67	 16.00	 37	 0.52	 
bfer_106	 2	 8	 1209.jpg	 1.021434e+03	 12	 999000	 120	 999000	 999	 1.022452e+03	 650.00	 666.67	 4.00	 30	 0.70	 
bfer_106	 2	 8	 1121.jpg	 1.025439e+03	 11	 9.920729e+02	 110	 6.500200e+02	 98	 1.026457e+03	 666.67	 666.67	 14.00	 21	 0.58	 
bfer_106	 2	 8	 2219.jpg	 1.029443e+03	 22	 9.315479e+02	 220	 6.666901e+02	 98	 1.030461e+03	 666.67	 683.33	 54.00	 40	 0.59	 
bfer_106	 2	 8	 2218.jpg	 1.031446e+03	 24	 999000	 240	 999000	 999	 1.032464e+03	 666.67	 683.33	 43.00	 39	 0.78	 
bfer_106	 2	 8	 2205.jpg	 1.033448e+03	 24	 999000	 240	 999000	 999	 1.034466e+03	 666.67	 683.33	 52.00	 26	 0.63	 
bfer_106	 2	 8	 2101.jpg	 1.035450e+03	 24	 999000	 240	 999000	 999	 1.036468e+03	 666.67	 683.33	 61.00	 1	 0.55	 
bfer_106	 2	 8	 2109.jpg	 1.037436e+03	 24	 999000	 240	 999000	 999	 1.038454e+03	 666.67	 683.33	 53.00	 9	 0.62	 
bfer_106	 2	 8	 2203.jpg	 1.043444e+03	 24	 999000	 240	 999000	 999	 1.044460e+03	 666.67	 683.33	 47.00	 24	 0.72	 
bfer_106	 2	 8	 1110.jpg	 1.046446e+03	 12	 999000	 120	 999000	 999	 1.047464e+03	 666.67	 683.33	 21.00	 10	 0.46	 
bfer_106	 2	 8	 1211.jpg	 1.048448e+03	 11	 8.709301e+02	 110	 6.667091e+02	 98	 1.049466e+03	 683.33	 683.33	 17.00	 32	 0.49	 
bfer_106	 2	 8	 2215.jpg	 1.050433e+03	 22	 9.575341e+02	 220	 6.833488e+02	 98	 1.051452e+03	 683.33	 700.00	 56.00	 36	 0.58	 
bfer_106	 2	 8	 1202.jpg	 1.053437e+03	 12	 999000	 120	 999000	 999	 1.054455e+03	 683.33	 700.00	 3.00	 23	 0.70	 
bfer_106	 2	 8	 1111.jpg	 1.055439e+03	 12	 999000	 120	 999000	 999	 1.056457e+03	 683.33	 700.00	 19.00	 11	 0.48	 
bfer_106	 2	 8	 1115.jpg	 1.057441e+03	 12	 999000	 120	 999000	 999	 1.058460e+03	 683.33	 700.00	 18.00	 15	 0.48	 
bfer_106	 2	 8	 2204.jpg	 1.059444e+03	 22	 9.711151e+02	 220	 7.000229e+02	 98	 1.060462e+03	 683.33	 716.67	 51.00	 25	 0.66	 
bfer_106	 2	 8	 2210.jpg	 1.062447e+03	 24	 999000	 240	 999000	 999	 1.063465e+03	 683.33	 716.67	 58.00	 31	 0.55	 
bfer_106	 2	 8	 2212.jpg	 1.064449e+03	 22	 1.077608e+03	 2200	 7.166795e+02	 98	 1.065468e+03	 683.33	 666.67	 57.00	 33	 0.56	 
bfer_106	 2	 8	 1215.jpg	 1.066434e+03	 12	 999000	 120	 999000	 999	 1.067453e+03	 683.33	 666.67	 22.00	 36	 0.45	 
bfer_106	 2	 8	 1218.jpg	 1.068437e+03	 12	 999000	 120	 999000	 999	 1.069455e+03	 683.33	 666.67	 7.00	 39	 0.66	 
bfer_106	 2	 8	 1113.jpg	 1.070439e+03	 12	 999000	 120	 999000	 999	 1.071457e+03	 683.33	 666.67	 10.00	 13	 0.66	 
bfer_106	 2	 8	 2201.jpg	 1.076446e+03	 22	 9.287376e+02	 220	 6.666890e+02	 98	 1.077464e+03	 683.33	 683.33	 49.00	 22	 0.70	 
bfer_106	 2	 8	 1103.jpg	 1.079449e+03	 12	 999000	 120	 999000	 999	 1.080468e+03	 683.33	 683.33	 12.00	 3	 0.61	 
bfer_106	 2	 8	 2116.jpg	 1.083437e+03	 24	 999000	 240	 999000	 999	 1.084455e+03	 683.33	 683.33	 55.00	 16	 0.59	 
