subjectID	 order	 runNum	 itemName	 onsetTime	 shuff_trialType	 RT	 respInTime	 AudioTime	 response	 fixationTime	 ladder1	 ladder2	 bidIndex	 itemNameIndex	 bidValue	 
bfer_102	 2	 3	 1105.jpg	 2.713642e+02	 12	 999000	 120	 999000	 999	 2.723824e+02	 550.00	 616.67	 37.00	 5	 0.22	 
bfer_102	 2	 3	 2204.jpg	 2.733666e+02	 22	 1.000100e+03	 2200	 6.166887e+02	 98	 2.743847e+02	 550.00	 566.67	 48.00	 25	 0.62	 
bfer_102	 2	 3	 1204.jpg	 2.773543e+02	 12	 999000	 120	 999000	 999	 2.783724e+02	 550.00	 566.67	 20.00	 25	 0.52	 
bfer_102	 2	 3	 1101.jpg	 2.803577e+02	 12	 999000	 120	 999000	 999	 2.813758e+02	 550.00	 566.67	 38.00	 1	 0.18	 
bfer_102	 2	 3	 1214.jpg	 2.823600e+02	 12	 999000	 120	 999000	 999	 2.833781e+02	 550.00	 566.67	 10.00	 35	 0.67	 
bfer_102	 2	 3	 2109.jpg	 2.853633e+02	 24	 999000	 240	 999000	 999	 2.863814e+02	 550.00	 566.67	 50.00	 9	 0.60	 
bfer_102	 2	 3	 2218.jpg	 2.893509e+02	 24	 999000	 240	 999000	 999	 2.903692e+02	 550.00	 566.67	 62.00	 39	 0.49	 
bfer_102	 2	 3	 2219.jpg	 2.933556e+02	 22	 9.630512e+02	 220	 5.666810e+02	 98	 2.943737e+02	 550.00	 583.33	 51.00	 40	 0.60	 
bfer_102	 2	 3	 2209.jpg	 2.953579e+02	 24	 999000	 240	 999000	 999	 2.963759e+02	 550.00	 583.33	 47.00	 30	 0.69	 
bfer_102	 2	 3	 2207.jpg	 3.003635e+02	 22	 1.059202e+03	 2200	 5.833592e+02	 98	 3.013816e+02	 550.00	 533.33	 54.00	 28	 0.56	 
bfer_102	 2	 3	 2103.jpg	 3.023657e+02	 24	 999000	 240	 999000	 999	 3.033839e+02	 550.00	 533.33	 43.00	 3	 0.74	 
bfer_102	 2	 3	 1217.jpg	 3.043510e+02	 12	 999000	 120	 999000	 999	 3.053695e+02	 550.00	 533.33	 7.00	 38	 0.75	 
bfer_102	 2	 3	 1210.jpg	 3.103580e+02	 11	 8.327001e+02	 110	 5.500164e+02	 98	 3.113762e+02	 566.67	 533.33	 9.00	 31	 0.72	 
bfer_102	 2	 3	 2210.jpg	 3.123603e+02	 24	 999000	 240	 999000	 999	 3.133784e+02	 566.67	 533.33	 52.00	 31	 0.59	 
bfer_102	 2	 3	 2107.jpg	 3.143626e+02	 22	 8.680363e+02	 220	 5.333610e+02	 98	 3.153807e+02	 566.67	 550.00	 56.00	 7	 0.56	 
bfer_102	 2	 3	 1113.jpg	 3.163647e+02	 12	 999000	 120	 999000	 999	 3.173830e+02	 566.67	 550.00	 19.00	 13	 0.56	 
bfer_102	 2	 3	 1104.jpg	 3.203526e+02	 11	 8.701318e+02	 110	 5.666805e+02	 98	 3.213706e+02	 583.33	 550.00	 16.00	 4	 0.58	 
bfer_102	 2	 3	 2217.jpg	 3.243570e+02	 24	 999000	 240	 999000	 999	 3.253752e+02	 583.33	 550.00	 44.00	 38	 0.71	 
bfer_102	 2	 3	 2105.jpg	 3.273604e+02	 24	 999000	 240	 999000	 999	 3.283785e+02	 583.33	 550.00	 78.00	 5	 0.26	 
bfer_102	 2	 3	 2101.jpg	 3.313650e+02	 24	 999000	 240	 999000	 999	 3.323831e+02	 583.33	 550.00	 55.00	 1	 0.56	 
bfer_102	 2	 3	 1201.jpg	 3.343517e+02	 12	 999000	 120	 999000	 999	 3.353697e+02	 583.33	 550.00	 12.00	 22	 0.63	 
bfer_102	 2	 3	 1216.jpg	 3.363539e+02	 11	 9.247324e+02	 110	 5.833577e+02	 98	 3.373720e+02	 600.00	 550.00	 11.00	 37	 0.65	 
bfer_102	 2	 3	 1107.jpg	 3.403584e+02	 12	 999000	 120	 999000	 999	 3.413765e+02	 600.00	 550.00	 4.00	 7	 0.83	 
bfer_102	 2	 3	 2111.jpg	 3.423606e+02	 24	 999000	 240	 999000	 999	 3.433786e+02	 600.00	 550.00	 77.00	 11	 0.26	 
bfer_102	 2	 3	 1205.jpg	 3.443628e+02	 11	 9.318343e+02	 110	 6.000251e+02	 98	 3.453810e+02	 616.67	 550.00	 17.00	 26	 0.58	 
bfer_102	 2	 3	 1218.jpg	 3.483504e+02	 12	 999000	 120	 999000	 999	 3.493688e+02	 616.67	 550.00	 3.00	 39	 0.84	 
bfer_102	 2	 3	 1208.jpg	 3.503529e+02	 12	 999000	 120	 999000	 999	 3.513711e+02	 616.67	 550.00	 21.00	 29	 0.52	 
bfer_102	 2	 3	 2205.jpg	 3.543574e+02	 24	 999000	 240	 999000	 999	 3.553755e+02	 616.67	 550.00	 60.00	 26	 0.51	 
bfer_102	 2	 3	 2110.jpg	 3.583619e+02	 24	 999000	 240	 999000	 999	 3.593800e+02	 616.67	 550.00	 58.00	 10	 0.52	 
bfer_102	 2	 3	 1203.jpg	 3.613653e+02	 11	 9.454230e+02	 110	 6.166823e+02	 98	 3.623833e+02	 633.33	 550.00	 14.00	 24	 0.62	 
bfer_102	 2	 3	 2214.jpg	 3.673553e+02	 22	 8.513704e+02	 220	 5.500152e+02	 98	 3.683734e+02	 633.33	 566.67	 57.00	 35	 0.53	 
bfer_102	 2	 3	 2213.jpg	 3.693576e+02	 22	 9.211032e+02	 220	 5.666878e+02	 98	 3.703756e+02	 633.33	 583.33	 49.00	 34	 0.61	 
bfer_102	 2	 3	 2215.jpg	 3.733620e+02	 24	 999000	 240	 999000	 999	 3.743801e+02	 633.33	 583.33	 53.00	 36	 0.58	 
bfer_102	 2	 3	 1209.jpg	 3.753643e+02	 12	 999000	 120	 999000	 999	 3.763826e+02	 633.33	 583.33	 15.00	 30	 0.62	 
bfer_102	 2	 3	 2106.jpg	 3.773666e+02	 24	 999000	 240	 999000	 999	 3.783846e+02	 633.33	 583.33	 61.00	 6	 0.51	 
bfer_102	 2	 3	 1215.jpg	 3.793522e+02	 12	 999000	 120	 999000	 999	 3.803702e+02	 633.33	 583.33	 18.00	 36	 0.57	 
bfer_102	 2	 3	 2208.jpg	 3.843578e+02	 24	 999000	 240	 999000	 999	 3.853758e+02	 633.33	 583.33	 59.00	 29	 0.51	 
bfer_102	 2	 3	 1106.jpg	 3.863600e+02	 12	 999000	 120	 999000	 999	 3.873780e+02	 633.33	 583.33	 22.00	 6	 0.51	 
bfer_102	 2	 3	 1212.jpg	 3.883623e+02	 12	 999000	 120	 999000	 999	 3.893803e+02	 633.33	 583.33	 13.00	 33	 0.63	 
bfer_102	 2	 3	 1207.jpg	 3.913656e+02	 11	 9.771022e+02	 110	 6.333473e+02	 98	 3.923838e+02	 650.00	 583.33	 8.00	 28	 0.74	 
