subjectID	 order	 runNum	 itemName	 onsetTime	 shuff_trialType	 RT	 respInTime	 AudioTime	 response	 fixationTime	 ladder1	 ladder2	 bidIndex	 itemNameIndex	 bidValue	 
bfer_156	 2	 5	 2208.jpg	 6.104929e+02	 22	 1.170047e+03	 2200	 6.833460e+02	 98	 6.115107e+02	 616.67	 633.33	 48.00	 29	 0.74	 
bfer_156	 2	 5	 1106.jpg	 6.134796e+02	 12	 999000	 120	 999000	 999	 6.144974e+02	 616.67	 633.33	 13.00	 6	 0.65	 
bfer_156	 2	 5	 2116.jpg	 6.174841e+02	 24	 999000	 240	 999000	 999	 6.185019e+02	 616.67	 633.33	 60.00	 16	 0.48	 
bfer_156	 2	 5	 2217.jpg	 6.194863e+02	 22	 9.366569e+02	 220	 6.333594e+02	 98	 6.205041e+02	 616.67	 650.00	 51.00	 38	 0.69	 
bfer_156	 2	 5	 1109.jpg	 6.214887e+02	 12	 999000	 120	 999000	 999	 6.225064e+02	 616.67	 650.00	 18.00	 9	 0.57	 
bfer_156	 2	 5	 1217.jpg	 6.254762e+02	 12	 999000	 120	 999000	 999	 6.264942e+02	 616.67	 650.00	 19.00	 38	 0.56	 
bfer_156	 2	 5	 1104.jpg	 6.274786e+02	 12	 999000	 120	 999000	 999	 6.284965e+02	 616.67	 650.00	 21.00	 4	 0.52	 
bfer_156	 2	 5	 2101.jpg	 6.324842e+02	 24	 999000	 240	 999000	 999	 6.335020e+02	 616.67	 650.00	 77.00	 1	 0.16	 
bfer_156	 2	 5	 2103.jpg	 6.344866e+02	 24	 999000	 240	 999000	 999	 6.355043e+02	 616.67	 650.00	 55.00	 3	 0.65	 
bfer_156	 2	 5	 1114.jpg	 6.374899e+02	 12	 999000	 120	 999000	 999	 6.385079e+02	 616.67	 650.00	 22.00	 14	 0.51	 
bfer_156	 2	 5	 2202.jpg	 6.404763e+02	 24	 999000	 240	 999000	 999	 6.414945e+02	 616.67	 650.00	 59.00	 23	 0.51	 
bfer_156	 2	 5	 1218.jpg	 6.444811e+02	 12	 999000	 120	 999000	 999	 6.454989e+02	 616.67	 650.00	 4.00	 39	 0.78	 
bfer_156	 2	 5	 2210.jpg	 6.474845e+02	 22	 9.224716e+02	 220	 6.500225e+02	 98	 6.485022e+02	 616.67	 666.67	 57.00	 31	 0.57	 
bfer_156	 2	 5	 1211.jpg	 6.494867e+02	 11	 3.842717e+02	 11	 6.167139e+02	 98	 6.505045e+02	 633.33	 666.67	 14.00	 32	 0.64	 
bfer_156	 2	 5	 1102.jpg	 6.524901e+02	 11	 8.929043e+02	 110	 6.333539e+02	 98	 6.535079e+02	 650.00	 666.67	 11.00	 2	 0.67	 
bfer_156	 2	 5	 2106.jpg	 6.564780e+02	 22	 8.329214e+02	 220	 6.666899e+02	 98	 6.574957e+02	 650.00	 683.33	 54.00	 6	 0.65	 
bfer_156	 2	 5	 2114.jpg	 6.594813e+02	 24	 999000	 240	 999000	 999	 6.604991e+02	 650.00	 683.33	 62.00	 14	 0.44	 
bfer_156	 2	 5	 1112.jpg	 6.614836e+02	 12	 999000	 120	 999000	 999	 6.625013e+02	 650.00	 683.33	 37.00	 12	 0.21	 
bfer_156	 2	 5	 2218.jpg	 6.634858e+02	 22	 9.531568e+02	 220	 6.833528e+02	 98	 6.645035e+02	 650.00	 700.00	 49.00	 39	 0.73	 
bfer_156	 2	 5	 1121.jpg	 6.684914e+02	 12	 999000	 120	 999000	 999	 6.695092e+02	 650.00	 700.00	 7.00	 21	 0.74	 
bfer_156	 2	 5	 1205.jpg	 6.724793e+02	 12	 999000	 120	 999000	 999	 6.734969e+02	 650.00	 700.00	 3.00	 26	 0.79	 
bfer_156	 2	 5	 2213.jpg	 6.764837e+02	 24	 999000	 240	 999000	 999	 6.775016e+02	 650.00	 700.00	 53.00	 34	 0.66	 
bfer_156	 2	 5	 2205.jpg	 6.824905e+02	 24	 999000	 240	 999000	 999	 6.835083e+02	 650.00	 700.00	 43.00	 26	 0.82	 
bfer_156	 2	 5	 2209.jpg	 6.844761e+02	 24	 999000	 240	 999000	 999	 6.854939e+02	 650.00	 700.00	 50.00	 30	 0.73	 
bfer_156	 2	 5	 2219.jpg	 6.864782e+02	 24	 999000	 240	 999000	 999	 6.874961e+02	 650.00	 700.00	 52.00	 40	 0.68	 
bfer_156	 2	 5	 1209.jpg	 6.884805e+02	 12	 999000	 120	 999000	 999	 6.894983e+02	 650.00	 700.00	 12.00	 30	 0.66	 
bfer_156	 2	 5	 1202.jpg	 6.904827e+02	 12	 999000	 120	 999000	 999	 6.915007e+02	 650.00	 700.00	 20.00	 23	 0.55	 
bfer_156	 2	 5	 1204.jpg	 6.944873e+02	 11	 9.836910e+02	 110	 6.500265e+02	 98	 6.955051e+02	 666.67	 700.00	 16.00	 25	 0.60	 
bfer_156	 2	 5	 2216.jpg	 6.964896e+02	 24	 999000	 240	 999000	 999	 6.975073e+02	 666.67	 700.00	 44.00	 37	 0.80	 
bfer_156	 2	 5	 1219.jpg	 7.004776e+02	 12	 999000	 120	 999000	 999	 7.014951e+02	 666.67	 700.00	 15.00	 40	 0.62	 
bfer_156	 2	 5	 2113.jpg	 7.024796e+02	 24	 999000	 240	 999000	 999	 7.034974e+02	 666.67	 700.00	 58.00	 13	 0.54	 
bfer_156	 2	 5	 1110.jpg	 7.044819e+02	 11	 9.010682e+02	 110	 6.666941e+02	 98	 7.054997e+02	 683.33	 700.00	 17.00	 10	 0.57	 
bfer_156	 2	 5	 2211.jpg	 7.064841e+02	 22	 9.469027e+02	 220	 7.000220e+02	 98	 7.075019e+02	 683.33	 716.67	 56.00	 32	 0.63	 
bfer_156	 2	 5	 2207.jpg	 7.114898e+02	 24	 999000	 240	 999000	 999	 7.125075e+02	 683.33	 716.67	 61.00	 28	 0.45	 
bfer_156	 2	 5	 1117.jpg	 7.134751e+02	 12	 999000	 120	 999000	 999	 7.144932e+02	 683.33	 716.67	 38.00	 17	 0.15	 
bfer_156	 2	 5	 1103.jpg	 7.154775e+02	 11	 9.934497e+02	 110	 6.833603e+02	 98	 7.164954e+02	 700.00	 716.67	 8.00	 3	 0.73	 
bfer_156	 2	 5	 1214.jpg	 7.184809e+02	 12	 999000	 120	 999000	 999	 7.194987e+02	 700.00	 716.67	 10.00	 35	 0.69	 
bfer_156	 2	 5	 1208.jpg	 7.254888e+02	 11	 1.118110e+03	 1100	 7.000167e+02	 98	 7.265066e+02	 650.00	 716.67	 9.00	 29	 0.70	 
bfer_156	 2	 5	 2117.jpg	 7.294763e+02	 24	 999000	 240	 999000	 999	 7.304944e+02	 650.00	 716.67	 78.00	 17	 0.16	 
bfer_156	 2	 5	 2214.jpg	 7.364845e+02	 24	 3.224492e+02	 24	 999000	 98	 7.375023e+02	 650.00	 716.67	 47.00	 35	 0.74	 
