subjectID	 order	 runNum	 itemName	 onsetTime	 shuff_trialType	 RT	 respInTime	 AudioTime	 response	 fixationTime	 ladder1	 ladder2	 bidIndex	 itemNameIndex	 bidValue	 
bfer_133	 1	 3	 1208.jpg	 3.038409e+02	 12	 999000	 120	 999000	 999	 3.048594e+02	 683.33	 683.33	 14.00	 29	 0.54	 
bfer_133	 1	 3	 1217.jpg	 3.088468e+02	 12	 999000	 120	 999000	 999	 3.098650e+02	 683.33	 683.33	 19.00	 38	 0.51	 
bfer_133	 1	 3	 2219.jpg	 3.108325e+02	 24	 999000	 240	 999000	 999	 3.118507e+02	 683.33	 683.33	 49.00	 40	 0.69	 
bfer_133	 1	 3	 2216.jpg	 3.128347e+02	 24	 999000	 240	 999000	 999	 3.138528e+02	 683.33	 683.33	 61.00	 37	 0.50	 
bfer_133	 1	 3	 1214.jpg	 3.188414e+02	 11	 9.174794e+02	 110	 6.833493e+02	 98	 3.198595e+02	 700.00	 683.33	 12.00	 35	 0.63	 
bfer_133	 1	 3	 1102.jpg	 3.208437e+02	 11	 1.011213e+03	 1100	 7.000185e+02	 98	 3.218633e+02	 650.00	 683.33	 13.00	 2	 0.59	 
bfer_133	 1	 3	 1107.jpg	 3.238470e+02	 12	 999000	 120	 999000	 999	 3.248652e+02	 650.00	 683.33	 22.00	 7	 0.49	 
bfer_133	 1	 3	 2120.jpg	 3.258327e+02	 24	 999000	 240	 999000	 999	 3.268508e+02	 650.00	 683.33	 56.00	 20	 0.54	 
bfer_133	 1	 3	 1213.jpg	 3.298371e+02	 12	 999000	 120	 999000	 999	 3.308553e+02	 650.00	 683.33	 8.00	 34	 0.71	 
bfer_133	 1	 3	 2212.jpg	 3.318394e+02	 24	 999000	 240	 999000	 999	 3.328575e+02	 650.00	 683.33	 77.00	 33	 0.18	 
bfer_133	 1	 3	 2121.jpg	 3.368450e+02	 22	 9.939425e+02	 220	 6.833498e+02	 98	 3.378631e+02	 650.00	 700.00	 53.00	 21	 0.56	 
bfer_133	 1	 3	 1205.jpg	 3.438362e+02	 11	 9.306957e+02	 110	 6.500157e+02	 98	 3.448543e+02	 666.67	 700.00	 7.00	 26	 0.73	 
bfer_133	 1	 3	 1121.jpg	 3.458385e+02	 12	 999000	 120	 999000	 999	 3.468566e+02	 666.67	 700.00	 21.00	 21	 0.50	 
bfer_133	 1	 3	 2205.jpg	 3.488419e+02	 22	 1.045035e+03	 2200	 7.000165e+02	 98	 3.498599e+02	 666.67	 650.00	 52.00	 26	 0.64	 
bfer_133	 1	 3	 1105.jpg	 3.518452e+02	 12	 999000	 120	 999000	 999	 3.528633e+02	 666.67	 650.00	 16.00	 5	 0.53	 
bfer_133	 1	 3	 2102.jpg	 3.558330e+02	 24	 999000	 240	 999000	 999	 3.568512e+02	 666.67	 650.00	 60.00	 2	 0.50	 
bfer_133	 1	 3	 2201.jpg	 3.598375e+02	 24	 999000	 240	 999000	 999	 3.608557e+02	 666.67	 650.00	 43.00	 22	 0.86	 
bfer_133	 1	 3	 2105.jpg	 3.638420e+02	 22	 9.409237e+02	 220	 6.500229e+02	 98	 3.648601e+02	 666.67	 666.67	 55.00	 5	 0.54	 
bfer_133	 1	 3	 1212.jpg	 3.668454e+02	 12	 999000	 120	 999000	 999	 3.678635e+02	 666.67	 666.67	 37.00	 33	 0.23	 
bfer_133	 1	 3	 2209.jpg	 3.728354e+02	 24	 999000	 240	 999000	 999	 3.738535e+02	 666.67	 666.67	 62.00	 30	 0.50	 
bfer_133	 1	 3	 2114.jpg	 3.748376e+02	 24	 999000	 240	 999000	 999	 3.758559e+02	 666.67	 666.67	 51.00	 14	 0.64	 
bfer_133	 1	 3	 1103.jpg	 3.778411e+02	 12	 999000	 120	 999000	 999	 3.788591e+02	 666.67	 666.67	 17.00	 3	 0.52	 
bfer_133	 1	 3	 2213.jpg	 3.798434e+02	 22	 1.027546e+03	 2200	 6.666905e+02	 98	 3.808613e+02	 666.67	 616.67	 47.00	 34	 0.72	 
bfer_133	 1	 3	 2103.jpg	 3.818456e+02	 24	 999000	 240	 999000	 999	 3.828637e+02	 666.67	 616.67	 48.00	 3	 0.71	 
bfer_133	 1	 3	 2217.jpg	 3.838309e+02	 24	 999000	 240	 999000	 999	 3.848492e+02	 666.67	 616.67	 57.00	 38	 0.53	 
bfer_133	 1	 3	 1110.jpg	 3.868346e+02	 12	 999000	 120	 999000	 999	 3.878526e+02	 666.67	 616.67	 9.00	 10	 0.68	 
bfer_133	 1	 3	 2116.jpg	 3.908390e+02	 24	 999000	 240	 999000	 999	 3.918571e+02	 666.67	 616.67	 59.00	 16	 0.51	 
bfer_133	 1	 3	 2207.jpg	 3.928413e+02	 22	 9.496805e+02	 220	 6.166978e+02	 98	 3.938594e+02	 666.67	 633.33	 58.00	 28	 0.51	 
bfer_133	 1	 3	 2203.jpg	 3.948435e+02	 24	 999000	 240	 999000	 999	 3.958616e+02	 666.67	 633.33	 78.00	 24	 0.16	 
bfer_133	 1	 3	 1219.jpg	 3.968458e+02	 11	 1.041150e+03	 1100	 6.666835e+02	 98	 3.978639e+02	 616.67	 633.33	 10.00	 40	 0.65	 
bfer_133	 1	 3	 1115.jpg	 3.988310e+02	 11	 9.278820e+02	 110	 6.166879e+02	 98	 3.998494e+02	 633.33	 633.33	 18.00	 15	 0.51	 
bfer_133	 1	 3	 1204.jpg	 4.008336e+02	 12	 999000	 120	 999000	 999	 4.018517e+02	 633.33	 633.33	 20.00	 25	 0.50	 
bfer_133	 1	 3	 2113.jpg	 4.048382e+02	 24	 999000	 240	 999000	 999	 4.058562e+02	 633.33	 633.33	 54.00	 13	 0.55	 
bfer_133	 1	 3	 1201.jpg	 4.088426e+02	 12	 999000	 120	 999000	 999	 4.098606e+02	 633.33	 633.33	 3.00	 22	 0.86	 
bfer_133	 1	 3	 1218.jpg	 4.108448e+02	 12	 999000	 120	 999000	 999	 4.118629e+02	 633.33	 633.33	 4.00	 39	 0.83	 
bfer_133	 1	 3	 1109.jpg	 4.128301e+02	 12	 999000	 120	 999000	 999	 4.138485e+02	 633.33	 633.33	 11.00	 9	 0.64	 
bfer_133	 1	 3	 1120.jpg	 4.148327e+02	 12	 999000	 120	 999000	 999	 4.158508e+02	 633.33	 633.33	 38.00	 20	 0.22	 
bfer_133	 1	 3	 2218.jpg	 4.168349e+02	 24	 999000	 240	 999000	 999	 4.178530e+02	 633.33	 633.33	 44.00	 39	 0.81	 
bfer_133	 1	 3	 2211.jpg	 4.228416e+02	 22	 9.333418e+02	 220	 6.333542e+02	 98	 4.238599e+02	 633.33	 650.00	 50.00	 32	 0.68	 
bfer_133	 1	 3	 1117.jpg	 4.248439e+02	 11	 9.310327e+02	 110	 6.333554e+02	 98	 4.258620e+02	 650.00	 650.00	 15.00	 17	 0.53	 
