subjectID	 order	 runNum	 itemName	 onsetTime	 shuff_trialType	 RT	 respInTime	 AudioTime	 response	 fixationTime	 ladder1	 ladder2	 bidIndex	 itemNameIndex	 bidValue	 
bfer_102	 2	 19	 2107.jpg	 1.217104e+03	 22	 999000	 2	 5.500211e+02	 999	 1.218122e+03	 550.00	 500.00	 56.00	 7	 0.56	 
bfer_102	 2	 19	 1113.jpg	 1.220090e+03	 12	 4.124322e+02	 12	 999000	 98	 1.221108e+03	 550.00	 500.00	 19.00	 13	 0.56	 
bfer_102	 2	 19	 2111.jpg	 1.224095e+03	 24	 999000	 240	 999000	 999	 1.225113e+03	 550.00	 500.00	 77.00	 11	 0.26	 
bfer_102	 2	 19	 1204.jpg	 1.226097e+03	 12	 999000	 120	 999000	 999	 1.227115e+03	 550.00	 500.00	 20.00	 25	 0.52	 
bfer_102	 2	 19	 2213.jpg	 1.228100e+03	 22	 1.307185e+03	 2200	 5.000248e+02	 98	 1.229117e+03	 550.00	 450.00	 49.00	 34	 0.61	 
bfer_102	 2	 19	 2215.jpg	 1.232104e+03	 24	 999000	 240	 999000	 999	 1.233122e+03	 550.00	 450.00	 53.00	 36	 0.58	 
bfer_102	 2	 19	 1214.jpg	 1.234106e+03	 12	 999000	 120	 999000	 999	 1.235124e+03	 550.00	 450.00	 10.00	 35	 0.67	 
bfer_102	 2	 19	 1205.jpg	 1.239095e+03	 11	 8.714709e+02	 110	 5.500256e+02	 98	 1.240113e+03	 566.67	 450.00	 17.00	 26	 0.58	 
bfer_102	 2	 19	 1209.jpg	 1.241098e+03	 12	 999000	 120	 999000	 999	 1.242115e+03	 566.67	 450.00	 15.00	 30	 0.62	 
bfer_102	 2	 19	 1215.jpg	 1.244101e+03	 12	 999000	 120	 999000	 999	 1.245119e+03	 566.67	 450.00	 18.00	 36	 0.57	 
bfer_102	 2	 19	 2105.jpg	 1.247104e+03	 24	 999000	 240	 999000	 999	 1.248122e+03	 566.67	 450.00	 78.00	 5	 0.26	 
bfer_102	 2	 19	 2218.jpg	 1.251092e+03	 24	 999000	 240	 999000	 999	 1.252110e+03	 566.67	 450.00	 62.00	 39	 0.49	 
bfer_102	 2	 19	 2209.jpg	 1.254096e+03	 24	 999000	 240	 999000	 999	 1.255113e+03	 566.67	 450.00	 47.00	 30	 0.69	 
bfer_102	 2	 19	 2219.jpg	 1.256098e+03	 22	 8.371617e+02	 220	 4.500160e+02	 98	 1.257116e+03	 566.67	 466.67	 51.00	 40	 0.60	 
bfer_102	 2	 19	 2101.jpg	 1.259101e+03	 24	 999000	 240	 999000	 999	 1.260119e+03	 566.67	 466.67	 55.00	 1	 0.56	 
bfer_102	 2	 19	 1212.jpg	 1.263106e+03	 12	 999000	 120	 999000	 999	 1.264123e+03	 566.67	 466.67	 13.00	 33	 0.63	 
bfer_102	 2	 19	 2110.jpg	 1.266092e+03	 24	 999000	 240	 999000	 999	 1.267110e+03	 566.67	 466.67	 58.00	 10	 0.52	 
bfer_102	 2	 19	 2217.jpg	 1.268095e+03	 24	 999000	 240	 999000	 999	 1.269112e+03	 566.67	 466.67	 44.00	 38	 0.71	 
bfer_102	 2	 19	 1105.jpg	 1.270097e+03	 12	 999000	 120	 999000	 999	 1.271115e+03	 566.67	 466.67	 37.00	 5	 0.22	 
bfer_102	 2	 19	 1201.jpg	 1.275102e+03	 12	 999000	 120	 999000	 999	 1.276120e+03	 566.67	 466.67	 12.00	 22	 0.63	 
bfer_102	 2	 19	 2106.jpg	 1.279090e+03	 24	 999000	 240	 999000	 999	 1.280108e+03	 566.67	 466.67	 61.00	 6	 0.51	 
bfer_102	 2	 19	 1217.jpg	 1.283095e+03	 12	 999000	 120	 999000	 999	 1.284113e+03	 566.67	 466.67	 7.00	 38	 0.75	 
bfer_102	 2	 19	 1104.jpg	 1.289101e+03	 11	 9.054818e+02	 110	 5.666880e+02	 98	 1.290119e+03	 583.33	 466.67	 16.00	 4	 0.58	 
bfer_102	 2	 19	 2205.jpg	 1.291104e+03	 24	 999000	 240	 999000	 999	 1.292122e+03	 583.33	 466.67	 60.00	 26	 0.51	 
bfer_102	 2	 19	 1106.jpg	 1.293106e+03	 12	 999000	 120	 999000	 999	 1.294124e+03	 583.33	 466.67	 22.00	 6	 0.51	 
bfer_102	 2	 19	 1101.jpg	 1.295091e+03	 12	 999000	 120	 999000	 999	 1.296109e+03	 583.33	 466.67	 38.00	 1	 0.18	 
bfer_102	 2	 19	 1207.jpg	 1.297094e+03	 11	 1.025081e+03	 1100	 5.833613e+02	 98	 1.298112e+03	 533.33	 466.67	 8.00	 28	 0.74	 
bfer_102	 2	 19	 1208.jpg	 1.301098e+03	 12	 999000	 120	 999000	 999	 1.302116e+03	 533.33	 466.67	 21.00	 29	 0.52	 
bfer_102	 2	 19	 1107.jpg	 1.303101e+03	 12	 999000	 120	 999000	 999	 1.304118e+03	 533.33	 466.67	 4.00	 7	 0.83	 
bfer_102	 2	 19	 2103.jpg	 1.307105e+03	 24	 999000	 240	 999000	 999	 1.308123e+03	 533.33	 466.67	 43.00	 3	 0.74	 
bfer_102	 2	 19	 1203.jpg	 1.309107e+03	 11	 9.396546e+02	 110	 5.333504e+02	 98	 1.310125e+03	 550.00	 466.67	 14.00	 24	 0.62	 
bfer_102	 2	 19	 2204.jpg	 1.311093e+03	 22	 9.940652e+02	 220	 4.666813e+02	 98	 1.312111e+03	 550.00	 483.33	 48.00	 25	 0.62	 
bfer_102	 2	 19	 2207.jpg	 1.313095e+03	 22	 8.078999e+02	 220	 4.833530e+02	 98	 1.314113e+03	 550.00	 500.00	 54.00	 28	 0.56	 
bfer_102	 2	 19	 2208.jpg	 1.318101e+03	 24	 999000	 240	 999000	 999	 1.319118e+03	 550.00	 500.00	 59.00	 29	 0.51	 
bfer_102	 2	 19	 1218.jpg	 1.320103e+03	 12	 999000	 120	 999000	 999	 1.321121e+03	 550.00	 500.00	 3.00	 39	 0.84	 
bfer_102	 2	 19	 1216.jpg	 1.322105e+03	 11	 9.097269e+02	 110	 5.500318e+02	 98	 1.323123e+03	 566.67	 500.00	 11.00	 37	 0.65	 
bfer_102	 2	 19	 1210.jpg	 1.325092e+03	 11	 9.388672e+02	 110	 5.666924e+02	 98	 1.326110e+03	 583.33	 500.00	 9.00	 31	 0.72	 
bfer_102	 2	 19	 2210.jpg	 1.332100e+03	 24	 999000	 240	 999000	 999	 1.333118e+03	 583.33	 500.00	 52.00	 31	 0.59	 
bfer_102	 2	 19	 2214.jpg	 1.336104e+03	 22	 7.985854e+02	 220	 5.000161e+02	 98	 1.337122e+03	 583.33	 516.67	 57.00	 35	 0.53	 
bfer_102	 2	 19	 2109.jpg	 1.343095e+03	 24	 999000	 240	 999000	 999	 1.344113e+03	 583.33	 516.67	 50.00	 9	 0.60	 
