subjectID	 order	 runNum	 itemName	 onsetTime	 shuff_trialType	 RT	 respInTime	 AudioTime	 response	 fixationTime	 ladder1	 ladder2	 bidIndex	 itemNameIndex	 bidValue	 
bfer_121	 1	 14	 2213.jpg	 3.923598e+02	 24	 999000	 240	 999000	 999	 3.933784e+02	 450.00	 583.33	 57.00	 34	 0.59	 
bfer_121	 1	 14	 2204.jpg	 3.953636e+02	 24	 999000	 240	 999000	 999	 3.963816e+02	 450.00	 583.33	 49.00	 25	 0.72	 
bfer_121	 1	 14	 2208.jpg	 3.993515e+02	 22	 1.079021e+03	 2200	 5.833550e+02	 98	 4.003695e+02	 450.00	 533.33	 47.00	 29	 0.74	 
bfer_121	 1	 14	 2216.jpg	 4.013536e+02	 24	 999000	 240	 999000	 999	 4.023718e+02	 450.00	 533.33	 56.00	 37	 0.61	 
bfer_121	 1	 14	 2203.jpg	 4.033559e+02	 22	 8.025945e+02	 220	 5.333606e+02	 98	 4.043740e+02	 450.00	 550.00	 53.00	 24	 0.66	 
bfer_121	 1	 14	 2206.jpg	 4.073603e+02	 24	 999000	 240	 999000	 999	 4.083785e+02	 450.00	 550.00	 44.00	 27	 0.79	 
bfer_121	 1	 14	 1216.jpg	 4.093626e+02	 12	 999000	 120	 999000	 999	 4.103807e+02	 450.00	 550.00	 17.00	 37	 0.55	 
bfer_121	 1	 14	 2211.jpg	 4.143516e+02	 24	 999000	 240	 999000	 999	 4.153696e+02	 450.00	 550.00	 60.00	 32	 0.50	 
bfer_121	 1	 14	 1219.jpg	 4.163538e+02	 11	 7.247005e+02	 110	 4.500211e+02	 98	 4.173719e+02	 466.67	 550.00	 15.00	 40	 0.57	 
bfer_121	 1	 14	 1107.jpg	 4.193571e+02	 12	 999000	 120	 999000	 999	 4.203753e+02	 466.67	 550.00	 21.00	 7	 0.47	 
bfer_121	 1	 14	 1114.jpg	 4.223605e+02	 12	 999000	 120	 999000	 999	 4.233787e+02	 466.67	 550.00	 19.00	 14	 0.50	 
bfer_121	 1	 14	 1115.jpg	 4.263650e+02	 12	 999000	 120	 999000	 999	 4.273831e+02	 466.67	 550.00	 37.00	 15	 0.23	 
bfer_121	 1	 14	 1212.jpg	 4.293518e+02	 12	 999000	 120	 999000	 999	 4.303698e+02	 466.67	 550.00	 4.00	 33	 0.76	 
bfer_121	 1	 14	 2209.jpg	 4.313539e+02	 22	 8.605574e+02	 220	 5.500136e+02	 98	 4.323721e+02	 466.67	 566.67	 52.00	 30	 0.66	 
bfer_121	 1	 14	 2121.jpg	 4.343573e+02	 24	 999000	 240	 999000	 999	 4.353755e+02	 466.67	 566.67	 78.00	 21	 0.26	 
bfer_121	 1	 14	 2217.jpg	 4.383618e+02	 24	 999000	 240	 999000	 999	 4.393800e+02	 466.67	 566.67	 62.00	 38	 0.45	 
bfer_121	 1	 14	 2113.jpg	 4.413652e+02	 24	 999000	 240	 999000	 999	 4.423833e+02	 466.67	 566.67	 77.00	 13	 0.28	 
bfer_121	 1	 14	 1208.jpg	 4.433507e+02	 11	 8.717825e+02	 110	 4.666876e+02	 98	 4.443689e+02	 483.33	 566.67	 7.00	 29	 0.71	 
bfer_121	 1	 14	 2201.jpg	 4.453531e+02	 24	 999000	 240	 999000	 999	 4.463711e+02	 483.33	 566.67	 48.00	 22	 0.74	 
bfer_121	 1	 14	 1112.jpg	 4.503586e+02	 11	 7.918946e+02	 110	 4.833536e+02	 98	 4.513767e+02	 500.00	 566.67	 13.00	 12	 0.58	 
bfer_121	 1	 14	 1209.jpg	 4.543631e+02	 11	 8.594349e+02	 110	 5.000147e+02	 98	 4.553812e+02	 516.67	 566.67	 12.00	 30	 0.60	 
bfer_121	 1	 14	 1204.jpg	 4.583509e+02	 12	 999000	 120	 999000	 999	 4.593692e+02	 516.67	 566.67	 8.00	 25	 0.70	 
bfer_121	 1	 14	 1211.jpg	 4.643576e+02	 11	 9.369226e+02	 110	 5.166935e+02	 98	 4.653758e+02	 533.33	 566.67	 18.00	 32	 0.54	 
bfer_121	 1	 14	 1116.jpg	 4.663598e+02	 12	 999000	 120	 999000	 999	 4.673780e+02	 533.33	 566.67	 38.00	 16	 0.21	 
bfer_121	 1	 14	 2205.jpg	 4.683621e+02	 24	 999000	 240	 999000	 999	 4.693803e+02	 533.33	 566.67	 54.00	 26	 0.66	 
bfer_121	 1	 14	 1218.jpg	 4.703644e+02	 12	 999000	 120	 999000	 999	 4.713825e+02	 533.33	 566.67	 16.00	 39	 0.57	 
bfer_121	 1	 14	 2218.jpg	 4.723496e+02	 22	 9.369354e+02	 220	 5.666867e+02	 98	 4.733682e+02	 533.33	 583.33	 55.00	 39	 0.62	 
bfer_121	 1	 14	 1215.jpg	 4.763545e+02	 12	 999000	 120	 999000	 999	 4.773726e+02	 533.33	 583.33	 3.00	 36	 0.76	 
bfer_121	 1	 14	 1101.jpg	 4.783566e+02	 12	 999000	 120	 999000	 999	 4.793749e+02	 533.33	 583.33	 22.00	 1	 0.47	 
bfer_121	 1	 14	 1201.jpg	 4.823611e+02	 12	 999000	 120	 999000	 999	 4.833793e+02	 533.33	 583.33	 11.00	 22	 0.61	 
bfer_121	 1	 14	 2214.jpg	 4.843634e+02	 24	 999000	 240	 999000	 999	 4.853815e+02	 533.33	 583.33	 43.00	 35	 0.79	 
bfer_121	 1	 14	 1205.jpg	 4.863656e+02	 11	 1.000897e+03	 1100	 5.333478e+02	 98	 4.873838e+02	 483.33	 583.33	 10.00	 26	 0.68	 
bfer_121	 1	 14	 1210.jpg	 4.883512e+02	 12	 999000	 120	 999000	 999	 4.893693e+02	 483.33	 583.33	 20.00	 31	 0.49	 
bfer_121	 1	 14	 2108.jpg	 4.933568e+02	 22	 9.297149e+02	 220	 5.833650e+02	 98	 4.943750e+02	 483.33	 600.00	 58.00	 8	 0.55	 
bfer_121	 1	 14	 2103.jpg	 4.953591e+02	 22	 9.113614e+02	 220	 6.000314e+02	 98	 4.963772e+02	 483.33	 616.67	 50.00	 3	 0.70	 
bfer_121	 1	 14	 2115.jpg	 4.973613e+02	 24	 999000	 240	 999000	 999	 4.983794e+02	 483.33	 616.67	 61.00	 15	 0.49	 
bfer_121	 1	 14	 1214.jpg	 5.003648e+02	 12	 999000	 120	 999000	 999	 5.013828e+02	 483.33	 616.67	 14.00	 35	 0.58	 
bfer_121	 1	 14	 2207.jpg	 5.073559e+02	 24	 999000	 240	 999000	 999	 5.083740e+02	 483.33	 616.67	 51.00	 28	 0.69	 
bfer_121	 1	 14	 2114.jpg	 5.113603e+02	 24	 999000	 240	 999000	 999	 5.123784e+02	 483.33	 616.67	 59.00	 14	 0.54	 
bfer_121	 1	 14	 1217.jpg	 5.183516e+02	 12	 999000	 120	 999000	 999	 5.193696e+02	 483.33	 616.67	 9.00	 38	 0.69	 
