subjectID	 order	 runNum	 itemName	 onsetTime	 shuff_trialType	 RT	 respInTime	 AudioTime	 response	 fixationTime	 ladder1	 ladder2	 bidIndex	 itemNameIndex	 bidValue	 
bfer_175	 1	 7	 1121.jpg	 7.866739e+02	 12	 999000	 120	 999000	 999	 7.876923e+02	 616.67	 550.00	 8.00	 21	 0.67	 
bfer_175	 1	 7	 2206.jpg	 7.896775e+02	 24	 999000	 240	 999000	 999	 7.906957e+02	 616.67	 550.00	 61.00	 27	 0.50	 
bfer_175	 1	 7	 2215.jpg	 7.936653e+02	 24	 999000	 240	 999000	 999	 7.946835e+02	 616.67	 550.00	 77.00	 36	 0.21	 
bfer_175	 1	 7	 2113.jpg	 7.956676e+02	 22	 8.349361e+02	 220	 5.500240e+02	 98	 7.966857e+02	 616.67	 566.67	 52.00	 13	 0.64	 
bfer_175	 1	 7	 2212.jpg	 7.976698e+02	 24	 999000	 240	 999000	 999	 7.986880e+02	 616.67	 566.67	 62.00	 33	 0.49	 
bfer_175	 1	 7	 1219.jpg	 8.016743e+02	 12	 999000	 120	 999000	 999	 8.026926e+02	 616.67	 566.67	 14.00	 40	 0.61	 
bfer_175	 1	 7	 1115.jpg	 8.036766e+02	 12	 999000	 120	 999000	 999	 8.046947e+02	 616.67	 566.67	 9.00	 15	 0.66	 
bfer_175	 1	 7	 1204.jpg	 8.086655e+02	 12	 999000	 120	 999000	 999	 8.096836e+02	 616.67	 566.67	 19.00	 25	 0.56	 
bfer_175	 1	 7	 2209.jpg	 8.106677e+02	 22	 8.748056e+02	 220	 5.666819e+02	 98	 8.116858e+02	 616.67	 583.33	 50.00	 30	 0.69	 
bfer_175	 1	 7	 2116.jpg	 8.136711e+02	 24	 999000	 240	 999000	 999	 8.146892e+02	 616.67	 583.33	 48.00	 16	 0.75	 
bfer_175	 1	 7	 2208.jpg	 8.166744e+02	 24	 999000	 240	 999000	 999	 8.176925e+02	 616.67	 583.33	 44.00	 29	 0.79	 
bfer_175	 1	 7	 1208.jpg	 8.206790e+02	 12	 999000	 120	 999000	 999	 8.216972e+02	 616.67	 583.33	 3.00	 29	 0.82	 
bfer_175	 1	 7	 1105.jpg	 8.236657e+02	 12	 999000	 120	 999000	 999	 8.246838e+02	 616.67	 583.33	 22.00	 5	 0.49	 
bfer_175	 1	 7	 1120.jpg	 8.256679e+02	 12	 999000	 120	 999000	 999	 8.266860e+02	 616.67	 583.33	 38.00	 20	 0.11	 
bfer_175	 1	 7	 2104.jpg	 8.286713e+02	 24	 999000	 240	 999000	 999	 8.296894e+02	 616.67	 583.33	 57.00	 4	 0.57	 
bfer_175	 1	 7	 1217.jpg	 8.326758e+02	 12	 999000	 120	 999000	 999	 8.336939e+02	 616.67	 583.33	 37.00	 38	 0.22	 
bfer_175	 1	 7	 2211.jpg	 8.356793e+02	 24	 999000	 240	 999000	 999	 8.366973e+02	 616.67	 583.33	 60.00	 32	 0.50	 
bfer_175	 1	 7	 2102.jpg	 8.376644e+02	 24	 999000	 240	 999000	 999	 8.386828e+02	 616.67	 583.33	 51.00	 2	 0.66	 
bfer_175	 1	 7	 2207.jpg	 8.396669e+02	 22	 9.876238e+02	 220	 5.833799e+02	 98	 8.406851e+02	 616.67	 600.00	 53.00	 28	 0.64	 
bfer_175	 1	 7	 2202.jpg	 8.446725e+02	 22	 9.340485e+02	 220	 6.000175e+02	 98	 8.456908e+02	 616.67	 616.67	 58.00	 23	 0.54	 
bfer_175	 1	 7	 2112.jpg	 8.486770e+02	 24	 999000	 240	 999000	 999	 8.496952e+02	 616.67	 616.67	 78.00	 12	 0.20	 
bfer_175	 1	 7	 1118.jpg	 8.526649e+02	 12	 999000	 120	 999000	 999	 8.536830e+02	 616.67	 616.67	 16.00	 18	 0.59	 
bfer_175	 1	 7	 1213.jpg	 8.586716e+02	 12	 999000	 120	 999000	 999	 8.596897e+02	 616.67	 616.67	 21.00	 34	 0.55	 
bfer_175	 1	 7	 2106.jpg	 8.606739e+02	 24	 999000	 240	 999000	 999	 8.616919e+02	 616.67	 616.67	 59.00	 6	 0.51	 
bfer_175	 1	 7	 1102.jpg	 8.626760e+02	 11	 9.225247e+02	 110	 6.166876e+02	 98	 8.636942e+02	 633.33	 616.67	 15.00	 2	 0.61	 
bfer_175	 1	 7	 1202.jpg	 8.646784e+02	 12	 999000	 120	 999000	 999	 8.656964e+02	 633.33	 616.67	 20.00	 23	 0.56	 
bfer_175	 1	 7	 1113.jpg	 8.666636e+02	 12	 999000	 120	 999000	 999	 8.676820e+02	 633.33	 616.67	 4.00	 13	 0.81	 
bfer_175	 1	 7	 2109.jpg	 8.706684e+02	 22	 8.981238e+02	 220	 6.166901e+02	 98	 8.716865e+02	 633.33	 633.33	 55.00	 9	 0.61	 
bfer_175	 1	 7	 2201.jpg	 8.726706e+02	 22	 9.439339e+02	 220	 6.333636e+02	 98	 8.736888e+02	 633.33	 650.00	 47.00	 22	 0.75	 
bfer_175	 1	 7	 1207.jpg	 8.766751e+02	 12	 999000	 120	 999000	 999	 8.776932e+02	 633.33	 650.00	 17.00	 28	 0.57	 
bfer_175	 1	 7	 2213.jpg	 8.786774e+02	 24	 999000	 240	 999000	 999	 8.796955e+02	 633.33	 650.00	 49.00	 34	 0.73	 
bfer_175	 1	 7	 1106.jpg	 8.806627e+02	 11	 8.478936e+02	 110	 6.333490e+02	 98	 8.816810e+02	 650.00	 650.00	 12.00	 6	 0.62	 
bfer_175	 1	 7	 2121.jpg	 8.826653e+02	 24	 999000	 240	 999000	 999	 8.836834e+02	 650.00	 650.00	 54.00	 21	 0.64	 
bfer_175	 1	 7	 1218.jpg	 8.876708e+02	 11	 9.037861e+02	 110	 6.500209e+02	 98	 8.886890e+02	 666.67	 650.00	 18.00	 39	 0.56	 
bfer_175	 1	 7	 1109.jpg	 8.896730e+02	 12	 999000	 120	 999000	 999	 8.906912e+02	 666.67	 650.00	 11.00	 9	 0.64	 
bfer_175	 1	 7	 2115.jpg	 8.916753e+02	 24	 999000	 240	 999000	 999	 8.926933e+02	 666.67	 650.00	 43.00	 15	 0.81	 
bfer_175	 1	 7	 1116.jpg	 8.946786e+02	 11	 9.039667e+02	 110	 6.666905e+02	 98	 8.956968e+02	 683.33	 650.00	 13.00	 16	 0.62	 
bfer_175	 1	 7	 1211.jpg	 9.016698e+02	 11	 8.886994e+02	 110	 6.833458e+02	 98	 9.026880e+02	 700.00	 650.00	 10.00	 32	 0.65	 
bfer_175	 1	 7	 1206.jpg	 9.056743e+02	 11	 9.802357e+02	 110	 7.000208e+02	 98	 9.066925e+02	 716.67	 650.00	 7.00	 27	 0.73	 
bfer_175	 1	 7	 2103.jpg	 9.126655e+02	 24	 999000	 240	 999000	 999	 9.136837e+02	 716.67	 650.00	 56.00	 3	 0.59	 
