subjectID	 order	 runNum	 itemName	 onsetTime	 shuff_trialType	 RT	 respInTime	 AudioTime	 response	 fixationTime	 ladder1	 ladder2	 bidIndex	 itemNameIndex	 bidValue	 
bfer_177	 1	 5	 1217.jpg	 5.313823e+02	 12	 999000	 120	 999000	 999	 5.324001e+02	 550.00	 550.00	 38.00	 38	 0.22	 
bfer_177	 1	 5	 1109.jpg	 5.363879e+02	 12	 999000	 120	 999000	 999	 5.374058e+02	 550.00	 550.00	 17.00	 9	 0.54	 
bfer_177	 1	 5	 2211.jpg	 5.383902e+02	 24	 999000	 240	 999000	 999	 5.394080e+02	 550.00	 550.00	 62.00	 32	 0.52	 
bfer_177	 1	 5	 2106.jpg	 5.403759e+02	 24	 999000	 240	 999000	 999	 5.413936e+02	 550.00	 550.00	 54.00	 6	 0.62	 
bfer_177	 1	 5	 2102.jpg	 5.463825e+02	 24	 999000	 240	 999000	 999	 5.474002e+02	 550.00	 550.00	 43.00	 2	 0.79	 
bfer_177	 1	 5	 1117.jpg	 5.483848e+02	 12	 999000	 120	 999000	 999	 5.494026e+02	 550.00	 550.00	 11.00	 17	 0.61	 
bfer_177	 1	 5	 2217.jpg	 5.513882e+02	 24	 999000	 240	 999000	 999	 5.524060e+02	 550.00	 550.00	 49.00	 38	 0.72	 
bfer_177	 1	 5	 2214.jpg	 5.533904e+02	 22	 9.204889e+02	 220	 5.500200e+02	 98	 5.544081e+02	 550.00	 566.67	 55.00	 35	 0.61	 
bfer_177	 1	 5	 1207.jpg	 5.573783e+02	 12	 999000	 120	 999000	 999	 5.583960e+02	 550.00	 566.67	 4.00	 28	 0.75	 
bfer_177	 1	 5	 1110.jpg	 5.593804e+02	 12	 999000	 120	 999000	 999	 5.603983e+02	 550.00	 566.67	 14.00	 10	 0.56	 
bfer_177	 1	 5	 2118.jpg	 5.643860e+02	 24	 999000	 240	 999000	 999	 5.654038e+02	 550.00	 566.67	 77.00	 18	 0.32	 
bfer_177	 1	 5	 1121.jpg	 5.713772e+02	 12	 999000	 120	 999000	 999	 5.723950e+02	 550.00	 566.67	 3.00	 21	 0.76	 
bfer_177	 1	 5	 2101.jpg	 5.733795e+02	 22	 9.233946e+02	 220	 5.666948e+02	 98	 5.743973e+02	 550.00	 583.33	 58.00	 1	 0.56	 
bfer_177	 1	 5	 2114.jpg	 5.763830e+02	 22	 9.359028e+02	 220	 5.833545e+02	 98	 5.774006e+02	 550.00	 600.00	 47.00	 14	 0.74	 
bfer_177	 1	 5	 1107.jpg	 5.793863e+02	 11	 8.206355e+02	 110	 5.500271e+02	 98	 5.804040e+02	 566.67	 600.00	 10.00	 7	 0.62	 
bfer_177	 1	 5	 2218.jpg	 5.833907e+02	 24	 999000	 240	 999000	 999	 5.844086e+02	 566.67	 600.00	 59.00	 39	 0.53	 
bfer_177	 1	 5	 1205.jpg	 5.873786e+02	 11	 9.483317e+02	 110	 5.666850e+02	 98	 5.883963e+02	 583.33	 600.00	 18.00	 26	 0.54	 
bfer_177	 1	 5	 2104.jpg	 5.913831e+02	 24	 999000	 240	 999000	 999	 5.924009e+02	 583.33	 600.00	 57.00	 4	 0.59	 
bfer_177	 1	 5	 2111.jpg	 5.943865e+02	 24	 999000	 240	 999000	 999	 5.954042e+02	 583.33	 600.00	 48.00	 11	 0.72	 
bfer_177	 1	 5	 2105.jpg	 6.003765e+02	 24	 999000	 240	 999000	 999	 6.013943e+02	 583.33	 600.00	 56.00	 5	 0.59	 
bfer_177	 1	 5	 2206.jpg	 6.023788e+02	 24	 999000	 240	 999000	 999	 6.033965e+02	 583.33	 600.00	 78.00	 27	 0.20	 
bfer_177	 1	 5	 1216.jpg	 6.053821e+02	 12	 999000	 120	 999000	 999	 6.063999e+02	 583.33	 600.00	 21.00	 37	 0.50	 
bfer_177	 1	 5	 1202.jpg	 6.073843e+02	 12	 999000	 120	 999000	 999	 6.084021e+02	 583.33	 600.00	 19.00	 23	 0.52	 
bfer_177	 1	 5	 1208.jpg	 6.093866e+02	 12	 999000	 120	 999000	 999	 6.104044e+02	 583.33	 600.00	 22.00	 29	 0.50	 
bfer_177	 1	 5	 2112.jpg	 6.113888e+02	 22	 1.114099e+03	 2200	 6.000121e+02	 98	 6.124067e+02	 583.33	 550.00	 52.00	 12	 0.65	 
bfer_177	 1	 5	 1219.jpg	 6.143752e+02	 12	 999000	 120	 999000	 999	 6.153933e+02	 583.33	 550.00	 16.00	 40	 0.55	 
bfer_177	 1	 5	 2209.jpg	 6.183800e+02	 22	 9.308679e+02	 220	 5.500212e+02	 98	 6.193978e+02	 583.33	 566.67	 50.00	 30	 0.68	 
bfer_177	 1	 5	 2205.jpg	 6.203823e+02	 24	 999000	 240	 999000	 999	 6.214001e+02	 583.33	 566.67	 51.00	 26	 0.65	 
bfer_177	 1	 5	 1105.jpg	 6.223846e+02	 11	 1.038338e+03	 1100	 5.833513e+02	 98	 6.234023e+02	 533.33	 566.67	 7.00	 5	 0.66	 
bfer_177	 1	 5	 1203.jpg	 6.243868e+02	 12	 999000	 120	 999000	 999	 6.254046e+02	 533.33	 566.67	 37.00	 24	 0.25	 
bfer_177	 1	 5	 1204.jpg	 6.263891e+02	 12	 999000	 120	 999000	 999	 6.274068e+02	 533.33	 566.67	 20.00	 25	 0.50	 
bfer_177	 1	 5	 2103.jpg	 6.283913e+02	 24	 999000	 240	 999000	 999	 6.294091e+02	 533.33	 566.67	 61.00	 3	 0.52	 
bfer_177	 1	 5	 2121.jpg	 6.323792e+02	 24	 999000	 240	 999000	 999	 6.333970e+02	 533.33	 566.67	 44.00	 21	 0.76	 
bfer_177	 1	 5	 2120.jpg	 6.363837e+02	 22	 9.432416e+02	 220	 5.666784e+02	 98	 6.374014e+02	 533.33	 583.33	 53.00	 20	 0.64	 
bfer_177	 1	 5	 1116.jpg	 6.383859e+02	 11	 9.889610e+02	 110	 5.333590e+02	 98	 6.394036e+02	 550.00	 583.33	 15.00	 16	 0.56	 
bfer_177	 1	 5	 1111.jpg	 6.403881e+02	 11	 8.428150e+02	 110	 5.500248e+02	 98	 6.414060e+02	 566.67	 583.33	 12.00	 11	 0.60	 
bfer_177	 1	 5	 1213.jpg	 6.423903e+02	 12	 999000	 120	 999000	 999	 6.434081e+02	 566.67	 583.33	 9.00	 34	 0.63	 
bfer_177	 1	 5	 1209.jpg	 6.443756e+02	 12	 999000	 120	 999000	 999	 6.453937e+02	 566.67	 583.33	 8.00	 30	 0.66	 
bfer_177	 1	 5	 1210.jpg	 6.503827e+02	 11	 8.801648e+02	 110	 5.666939e+02	 98	 6.514005e+02	 583.33	 583.33	 13.00	 31	 0.59	 
bfer_177	 1	 5	 2219.jpg	 6.523849e+02	 24	 999000	 240	 999000	 999	 6.534027e+02	 583.33	 583.33	 60.00	 40	 0.52	 
