subjectID	 order	 runNum	 itemName	 onsetTime	 shuff_trialType	 RT	 respInTime	 AudioTime	 response	 fixationTime	 ladder1	 ladder2	 bidIndex	 itemNameIndex	 bidValue	 
bfer_106	 2	 14	 1101.jpg	 3.902804e+02	 11	 9.502674e+02	 110	 6.500125e+02	 98	 3.912985e+02	 666.67	 650.00	 9.00	 1	 0.66	 
bfer_106	 2	 14	 2204.jpg	 3.932669e+02	 22	 9.237766e+02	 220	 6.500229e+02	 98	 3.942852e+02	 666.67	 666.67	 51.00	 25	 0.66	 
bfer_106	 2	 14	 2205.jpg	 3.952693e+02	 24	 999000	 240	 999000	 999	 3.962876e+02	 666.67	 666.67	 52.00	 26	 0.63	 
bfer_106	 2	 14	 1115.jpg	 3.972716e+02	 12	 999000	 120	 999000	 999	 3.982898e+02	 666.67	 666.67	 18.00	 15	 0.48	 
bfer_106	 2	 14	 2201.jpg	 3.992738e+02	 22	 9.328930e+02	 220	 6.666868e+02	 98	 4.002920e+02	 666.67	 683.33	 49.00	 22	 0.70	 
bfer_106	 2	 14	 1121.jpg	 4.022773e+02	 11	 9.773927e+02	 110	 6.666899e+02	 98	 4.032953e+02	 683.33	 683.33	 14.00	 21	 0.58	 
bfer_106	 2	 14	 2218.jpg	 4.042795e+02	 24	 999000	 240	 999000	 999	 4.052976e+02	 683.33	 683.33	 43.00	 39	 0.78	 
bfer_106	 2	 14	 1218.jpg	 4.082670e+02	 12	 999000	 120	 999000	 999	 4.092854e+02	 683.33	 683.33	 7.00	 39	 0.66	 
bfer_106	 2	 14	 2215.jpg	 4.102696e+02	 22	 9.210519e+02	 220	 6.833550e+02	 98	 4.112877e+02	 683.33	 700.00	 56.00	 36	 0.58	 
bfer_106	 2	 14	 2213.jpg	 4.152752e+02	 24	 999000	 240	 999000	 999	 4.162934e+02	 683.33	 700.00	 59.00	 34	 0.55	 
bfer_106	 2	 14	 1117.jpg	 4.172774e+02	 12	 999000	 120	 999000	 999	 4.182955e+02	 683.33	 700.00	 38.00	 17	 0.30	 
bfer_106	 2	 14	 1110.jpg	 4.212819e+02	 12	 999000	 120	 999000	 999	 4.223000e+02	 683.33	 700.00	 21.00	 10	 0.46	 
bfer_106	 2	 14	 2116.jpg	 4.232672e+02	 24	 999000	 240	 999000	 999	 4.242857e+02	 683.33	 700.00	 55.00	 16	 0.59	 
bfer_106	 2	 14	 1105.jpg	 4.262709e+02	 11	 9.357634e+02	 110	 6.833570e+02	 98	 4.272892e+02	 700.00	 700.00	 11.00	 5	 0.63	 
bfer_106	 2	 14	 2212.jpg	 4.312765e+02	 22	 9.781752e+02	 220	 7.000156e+02	 98	 4.322946e+02	 700.00	 716.67	 57.00	 33	 0.56	 
bfer_106	 2	 14	 1113.jpg	 4.332787e+02	 12	 999000	 120	 999000	 999	 4.342968e+02	 700.00	 716.67	 10.00	 13	 0.66	 
bfer_106	 2	 14	 2101.jpg	 4.352809e+02	 24	 999000	 240	 999000	 999	 4.362991e+02	 700.00	 716.67	 61.00	 1	 0.55	 
bfer_106	 2	 14	 2115.jpg	 4.392689e+02	 24	 999000	 240	 999000	 999	 4.402869e+02	 700.00	 716.67	 62.00	 15	 0.53	 
bfer_106	 2	 14	 1205.jpg	 4.432733e+02	 12	 999000	 120	 999000	 999	 4.442914e+02	 700.00	 716.67	 20.00	 26	 0.46	 
bfer_106	 2	 14	 2202.jpg	 4.472778e+02	 24	 999000	 240	 999000	 999	 4.482959e+02	 700.00	 716.67	 44.00	 23	 0.74	 
bfer_106	 2	 14	 1208.jpg	 4.492800e+02	 11	 9.986739e+02	 110	 7.000251e+02	 98	 4.502982e+02	 716.67	 716.67	 8.00	 29	 0.66	 
bfer_106	 2	 14	 2203.jpg	 4.512823e+02	 24	 999000	 240	 999000	 999	 4.523004e+02	 716.67	 716.67	 47.00	 24	 0.72	 
bfer_106	 2	 14	 1215.jpg	 4.532675e+02	 12	 999000	 120	 999000	 999	 4.542860e+02	 716.67	 716.67	 22.00	 36	 0.45	 
bfer_106	 2	 14	 1111.jpg	 4.552702e+02	 12	 999000	 120	 999000	 999	 4.562882e+02	 716.67	 716.67	 19.00	 11	 0.48	 
bfer_106	 2	 14	 1202.jpg	 4.612769e+02	 12	 999000	 120	 999000	 999	 4.622950e+02	 716.67	 716.67	 3.00	 23	 0.70	 
bfer_106	 2	 14	 2219.jpg	 4.642802e+02	 22	 1.014455e+03	 2200	 7.166902e+02	 98	 4.652985e+02	 716.67	 666.67	 54.00	 40	 0.59	 
bfer_106	 2	 14	 1108.jpg	 4.662825e+02	 12	 999000	 120	 999000	 999	 4.673006e+02	 716.67	 666.67	 37.00	 8	 0.31	 
bfer_106	 2	 14	 2216.jpg	 4.682677e+02	 22	 9.469781e+02	 220	 6.666887e+02	 98	 4.692861e+02	 716.67	 683.33	 48.00	 37	 0.70	 
bfer_106	 2	 14	 1216.jpg	 4.712714e+02	 11	 1.015209e+03	 1100	 7.166879e+02	 98	 4.722894e+02	 666.67	 683.33	 16.00	 37	 0.52	 
bfer_106	 2	 14	 2210.jpg	 4.732737e+02	 24	 999000	 240	 999000	 999	 4.742918e+02	 666.67	 683.33	 58.00	 31	 0.55	 
bfer_106	 2	 14	 2109.jpg	 4.752759e+02	 24	 999000	 240	 999000	 999	 4.762941e+02	 666.67	 683.33	 53.00	 9	 0.62	 
bfer_106	 2	 14	 1209.jpg	 4.772782e+02	 12	 999000	 120	 999000	 999	 4.782963e+02	 666.67	 683.33	 4.00	 30	 0.70	 
bfer_106	 2	 14	 1103.jpg	 4.802815e+02	 12	 999000	 120	 999000	 999	 4.812997e+02	 666.67	 683.33	 12.00	 3	 0.61	 
bfer_106	 2	 14	 2214.jpg	 4.822839e+02	 24	 999000	 240	 999000	 999	 4.833019e+02	 666.67	 683.33	 60.00	 35	 0.55	 
bfer_106	 2	 14	 2207.jpg	 4.842694e+02	 24	 999000	 240	 999000	 999	 4.852875e+02	 666.67	 683.33	 50.00	 28	 0.67	 
bfer_106	 2	 14	 1212.jpg	 4.862715e+02	 12	 999000	 120	 999000	 999	 4.872898e+02	 666.67	 683.33	 15.00	 33	 0.53	 
bfer_106	 2	 14	 1104.jpg	 4.882739e+02	 12	 999000	 120	 999000	 999	 4.892919e+02	 666.67	 683.33	 13.00	 4	 0.58	 
bfer_106	 2	 14	 1211.jpg	 4.942806e+02	 11	 9.580595e+02	 110	 6.666880e+02	 98	 4.952988e+02	 683.33	 683.33	 17.00	 32	 0.49	 
bfer_106	 2	 14	 2119.jpg	 4.972840e+02	 24	 999000	 240	 999000	 999	 4.983020e+02	 683.33	 683.33	 77.00	 19	 0.27	 
bfer_106	 2	 14	 2102.jpg	 5.012730e+02	 24	 999000	 240	 999000	 999	 5.022899e+02	 683.33	 683.33	 78.00	 2	 0.21	 
