subjectID	 order	 runNum	 itemName	 onsetTime	 shuff_trialType	 RT	 respInTime	 AudioTime	 response	 fixationTime	 ladder1	 ladder2	 bidIndex	 itemNameIndex	 bidValue	 
bfer_113	 1	 2	 1117.jpg	 1.312528e+02	 11	 9.456405e+02	 110	 6.500312e+02	 98	 1.322712e+02	 666.67	 716.67	 18.00	 17	 0.54	 
bfer_113	 1	 2	 2111.jpg	 1.342565e+02	 24	 999000	 240	 999000	 999	 1.352746e+02	 666.67	 716.67	 62.00	 11	 0.53	 
bfer_113	 1	 2	 1209.jpg	 1.382443e+02	 12	 999000	 120	 999000	 999	 1.392623e+02	 666.67	 716.67	 21.00	 30	 0.49	 
bfer_113	 1	 2	 2215.jpg	 1.402465e+02	 24	 999000	 240	 999000	 999	 1.412647e+02	 666.67	 716.67	 44.00	 36	 0.77	 
bfer_113	 1	 2	 2202.jpg	 1.422487e+02	 24	 999000	 240	 999000	 999	 1.432698e+02	 666.67	 716.67	 56.00	 23	 0.63	 
bfer_113	 1	 2	 1210.jpg	 1.462532e+02	 11	 9.531765e+02	 110	 6.666853e+02	 98	 1.472713e+02	 683.33	 716.67	 12.00	 31	 0.69	 
bfer_113	 1	 2	 2209.jpg	 1.482555e+02	 24	 999000	 240	 999000	 999	 1.492736e+02	 683.33	 716.67	 57.00	 30	 0.62	 
bfer_113	 1	 2	 2216.jpg	 1.532441e+02	 24	 999000	 240	 999000	 999	 1.542625e+02	 683.33	 716.67	 49.00	 37	 0.70	 
bfer_113	 1	 2	 1201.jpg	 1.552467e+02	 12	 999000	 120	 999000	 999	 1.562648e+02	 683.33	 716.67	 11.00	 22	 0.71	 
bfer_113	 1	 2	 1211.jpg	 1.582501e+02	 12	 999000	 120	 999000	 999	 1.592683e+02	 683.33	 716.67	 9.00	 32	 0.72	 
bfer_113	 1	 2	 1216.jpg	 1.612534e+02	 12	 999000	 120	 999000	 999	 1.622715e+02	 683.33	 716.67	 4.00	 37	 0.80	 
bfer_113	 1	 2	 2218.jpg	 1.652580e+02	 24	 999000	 240	 999000	 999	 1.662760e+02	 683.33	 716.67	 59.00	 39	 0.59	 
bfer_113	 1	 2	 1212.jpg	 1.682446e+02	 12	 999000	 120	 999000	 999	 1.692627e+02	 683.33	 716.67	 19.00	 33	 0.53	 
bfer_113	 1	 2	 1215.jpg	 1.702469e+02	 12	 999000	 120	 999000	 999	 1.712649e+02	 683.33	 716.67	 20.00	 36	 0.51	 
bfer_113	 1	 2	 1114.jpg	 1.732501e+02	 11	 1.012279e+03	 1100	 6.833659e+02	 98	 1.742703e+02	 633.33	 716.67	 13.00	 14	 0.64	 
bfer_113	 1	 2	 1205.jpg	 1.772547e+02	 12	 999000	 120	 999000	 999	 1.782728e+02	 633.33	 716.67	 17.00	 26	 0.56	 
bfer_113	 1	 2	 1208.jpg	 1.802581e+02	 12	 999000	 120	 999000	 999	 1.812762e+02	 633.33	 716.67	 16.00	 29	 0.58	 
bfer_113	 1	 2	 1207.jpg	 1.822434e+02	 12	 999000	 120	 999000	 999	 1.832618e+02	 633.33	 716.67	 22.00	 28	 0.49	 
bfer_113	 1	 2	 2104.jpg	 1.842459e+02	 24	 999000	 240	 999000	 999	 1.852640e+02	 633.33	 716.67	 77.00	 4	 0.22	 
bfer_113	 1	 2	 1121.jpg	 1.892514e+02	 12	 999000	 120	 999000	 999	 1.902696e+02	 633.33	 716.67	 3.00	 21	 0.80	 
bfer_113	 1	 2	 2206.jpg	 1.932559e+02	 22	 9.344816e+02	 220	 7.166949e+02	 98	 1.942742e+02	 633.33	 733.33	 52.00	 27	 0.67	 
bfer_113	 1	 2	 2101.jpg	 1.972435e+02	 22	 1.090910e+03	 2200	 7.333523e+02	 98	 1.982620e+02	 633.33	 683.33	 58.00	 1	 0.60	 
bfer_113	 1	 2	 2212.jpg	 2.032505e+02	 22	 3.559334e+02	 22	 6.833611e+02	 98	 2.042686e+02	 633.33	 700.00	 55.00	 33	 0.63	 
bfer_113	 1	 2	 2109.jpg	 2.052527e+02	 24	 2.817516e+02	 24	 999000	 98	 2.062709e+02	 633.33	 700.00	 61.00	 9	 0.58	 
bfer_113	 1	 2	 1106.jpg	 2.072551e+02	 12	 999000	 120	 999000	 999	 2.082732e+02	 633.33	 700.00	 14.00	 6	 0.63	 
bfer_113	 1	 2	 2211.jpg	 2.092572e+02	 24	 999000	 240	 999000	 999	 2.102754e+02	 633.33	 700.00	 54.00	 32	 0.64	 
bfer_113	 1	 2	 1202.jpg	 2.112596e+02	 11	 1.042863e+03	 1100	 6.333474e+02	 98	 2.122776e+02	 583.33	 700.00	 10.00	 23	 0.71	 
bfer_113	 1	 2	 1204.jpg	 2.152473e+02	 11	 8.071562e+02	 110	 5.833547e+02	 98	 2.162654e+02	 600.00	 700.00	 7.00	 25	 0.73	 
bfer_113	 1	 2	 2110.jpg	 2.172495e+02	 22	 9.888997e+02	 220	 7.000257e+02	 98	 2.182676e+02	 600.00	 716.67	 47.00	 10	 0.71	 
bfer_113	 1	 2	 2201.jpg	 2.212541e+02	 24	 999000	 240	 999000	 999	 2.222722e+02	 600.00	 716.67	 51.00	 22	 0.67	 
bfer_113	 1	 2	 2108.jpg	 2.232562e+02	 24	 999000	 240	 999000	 999	 2.242744e+02	 600.00	 716.67	 78.00	 8	 0.21	 
bfer_113	 1	 2	 2219.jpg	 2.252584e+02	 24	 999000	 240	 999000	 999	 2.262766e+02	 600.00	 716.67	 43.00	 40	 0.77	 
bfer_113	 1	 2	 1218.jpg	 2.272438e+02	 12	 999000	 120	 999000	 999	 2.282623e+02	 600.00	 716.67	 8.00	 39	 0.72	 
bfer_113	 1	 2	 1109.jpg	 2.322497e+02	 11	 9.487227e+02	 110	 6.000178e+02	 98	 2.332677e+02	 616.67	 716.67	 15.00	 9	 0.59	 
bfer_113	 1	 2	 1107.jpg	 2.342519e+02	 12	 999000	 120	 999000	 999	 2.352700e+02	 616.67	 716.67	 38.00	 7	 0.14	 
bfer_113	 1	 2	 2106.jpg	 2.362542e+02	 24	 999000	 240	 999000	 999	 2.372723e+02	 616.67	 716.67	 48.00	 6	 0.71	 
bfer_113	 1	 2	 2115.jpg	 2.392576e+02	 24	 999000	 240	 999000	 999	 2.402757e+02	 616.67	 716.67	 60.00	 15	 0.58	 
bfer_113	 1	 2	 2207.jpg	 2.462487e+02	 22	 1.021706e+03	 2200	 7.166919e+02	 98	 2.472669e+02	 616.67	 666.67	 50.00	 28	 0.69	 
bfer_113	 1	 2	 2105.jpg	 2.502531e+02	 22	 9.532761e+02	 220	 6.667030e+02	 98	 2.512712e+02	 616.67	 683.33	 53.00	 5	 0.64	 
bfer_113	 1	 2	 1120.jpg	 2.572445e+02	 12	 999000	 120	 999000	 999	 2.582626e+02	 616.67	 683.33	 37.00	 20	 0.15	 
