subjectID	 order	 runNum	 itemName	 onsetTime	 shuff_trialType	 RT	 respInTime	 AudioTime	 response	 fixationTime	 ladder1	 ladder2	 bidIndex	 itemNameIndex	 bidValue	 
bfer_180	 2	 12	 2203.jpg	 1.312148e+02	 24	 999000	 240	 999000	 999	 1.322329e+02	 650.00	 650.00	 78.00	 24	 0.15	 
bfer_180	 2	 12	 1105.jpg	 1.342182e+02	 12	 999000	 120	 999000	 999	 1.352363e+02	 650.00	 650.00	 10.00	 5	 0.62	 
bfer_180	 2	 12	 1106.jpg	 1.362204e+02	 12	 999000	 120	 999000	 999	 1.372386e+02	 650.00	 650.00	 4.00	 6	 0.78	 
bfer_180	 2	 12	 2110.jpg	 1.382056e+02	 22	 1.009166e+03	 2200	 6.500290e+02	 98	 1.392261e+02	 650.00	 600.00	 49.00	 10	 0.70	 
bfer_180	 2	 12	 1210.jpg	 1.402083e+02	 12	 999000	 120	 999000	 999	 1.412263e+02	 650.00	 600.00	 18.00	 31	 0.52	 
bfer_180	 2	 12	 2205.jpg	 1.432115e+02	 24	 999000	 240	 999000	 999	 1.442297e+02	 650.00	 600.00	 52.00	 26	 0.64	 
bfer_180	 2	 12	 1214.jpg	 1.452139e+02	 11	 9.609079e+02	 110	 6.500229e+02	 98	 1.462319e+02	 666.67	 600.00	 11.00	 35	 0.61	 
bfer_180	 2	 12	 1113.jpg	 1.492183e+02	 12	 999000	 120	 999000	 999	 1.502365e+02	 666.67	 600.00	 13.00	 13	 0.60	 
bfer_180	 2	 12	 2102.jpg	 1.512205e+02	 24	 999000	 240	 999000	 999	 1.522387e+02	 666.67	 600.00	 53.00	 2	 0.61	 
bfer_180	 2	 12	 1101.jpg	 1.562096e+02	 12	 999000	 120	 999000	 999	 1.572276e+02	 666.67	 600.00	 22.00	 1	 0.51	 
bfer_180	 2	 12	 2207.jpg	 1.582118e+02	 24	 999000	 240	 999000	 999	 1.592298e+02	 666.67	 600.00	 62.00	 28	 0.48	 
bfer_180	 2	 12	 2121.jpg	 1.622163e+02	 24	 999000	 240	 999000	 999	 1.632343e+02	 666.67	 600.00	 50.00	 21	 0.69	 
bfer_180	 2	 12	 2113.jpg	 1.642184e+02	 24	 999000	 240	 999000	 999	 1.652366e+02	 666.67	 600.00	 44.00	 13	 0.81	 
bfer_180	 2	 12	 2118.jpg	 1.672050e+02	 24	 999000	 240	 999000	 999	 1.682233e+02	 666.67	 600.00	 77.00	 18	 0.17	 
bfer_180	 2	 12	 2109.jpg	 1.722108e+02	 24	 999000	 240	 999000	 999	 1.732289e+02	 666.67	 600.00	 47.00	 9	 0.75	 
bfer_180	 2	 12	 1110.jpg	 1.742130e+02	 12	 999000	 120	 999000	 999	 1.752312e+02	 666.67	 600.00	 12.00	 10	 0.61	 
bfer_180	 2	 12	 1213.jpg	 1.762153e+02	 12	 999000	 120	 999000	 999	 1.772334e+02	 666.67	 600.00	 20.00	 34	 0.52	 
bfer_180	 2	 12	 1219.jpg	 1.802198e+02	 11	 9.549562e+02	 110	 6.666863e+02	 98	 1.812380e+02	 683.33	 600.00	 17.00	 40	 0.53	 
bfer_180	 2	 12	 1103.jpg	 1.842076e+02	 12	 999000	 120	 999000	 999	 1.852257e+02	 683.33	 600.00	 19.00	 3	 0.52	 
bfer_180	 2	 12	 2114.jpg	 1.882121e+02	 22	 8.826784e+02	 220	 6.000243e+02	 98	 1.892302e+02	 683.33	 616.67	 51.00	 14	 0.68	 
bfer_180	 2	 12	 2219.jpg	 1.902143e+02	 22	 9.924501e+02	 220	 6.166875e+02	 98	 1.912357e+02	 683.33	 633.33	 48.00	 40	 0.71	 
bfer_180	 2	 12	 2101.jpg	 1.922167e+02	 24	 999000	 240	 999000	 999	 1.932348e+02	 683.33	 633.33	 55.00	 1	 0.59	 
bfer_180	 2	 12	 1109.jpg	 1.942188e+02	 11	 9.879592e+02	 110	 6.833604e+02	 98	 1.952370e+02	 700.00	 633.33	 9.00	 9	 0.63	 
bfer_180	 2	 12	 1206.jpg	 1.962212e+02	 11	 9.696275e+02	 110	 7.000246e+02	 98	 1.972392e+02	 716.67	 633.33	 16.00	 27	 0.56	 
bfer_180	 2	 12	 2209.jpg	 2.022112e+02	 24	 999000	 240	 999000	 999	 2.032294e+02	 716.67	 633.33	 60.00	 30	 0.52	 
bfer_180	 2	 12	 2218.jpg	 2.052146e+02	 24	 999000	 240	 999000	 999	 2.062328e+02	 716.67	 633.33	 59.00	 39	 0.53	 
bfer_180	 2	 12	 1120.jpg	 2.072168e+02	 12	 999000	 120	 999000	 999	 2.082349e+02	 716.67	 633.33	 21.00	 20	 0.51	 
bfer_180	 2	 12	 2105.jpg	 2.092191e+02	 22	 9.717101e+02	 220	 6.333862e+02	 98	 2.102372e+02	 716.67	 650.00	 54.00	 5	 0.60	 
bfer_180	 2	 12	 1207.jpg	 2.122054e+02	 12	 999000	 120	 999000	 999	 2.132239e+02	 716.67	 650.00	 37.00	 28	 0.20	 
bfer_180	 2	 12	 2115.jpg	 2.142080e+02	 22	 9.987578e+02	 220	 6.500233e+02	 98	 2.152261e+02	 716.67	 666.67	 57.00	 15	 0.57	 
bfer_180	 2	 12	 1116.jpg	 2.162103e+02	 12	 999000	 120	 999000	 999	 2.172283e+02	 716.67	 666.67	 38.00	 16	 0.16	 
bfer_180	 2	 12	 1121.jpg	 2.182125e+02	 12	 999000	 120	 999000	 999	 2.192306e+02	 716.67	 666.67	 3.00	 21	 0.79	 
bfer_180	 2	 12	 1115.jpg	 2.212158e+02	 11	 1.022969e+03	 1100	 7.166942e+02	 98	 2.222340e+02	 666.67	 666.67	 14.00	 15	 0.57	 
bfer_180	 2	 12	 1204.jpg	 2.232181e+02	 12	 999000	 120	 999000	 999	 2.242362e+02	 666.67	 666.67	 15.00	 25	 0.56	 
bfer_180	 2	 12	 2212.jpg	 2.252203e+02	 24	 999000	 240	 999000	 999	 2.262385e+02	 666.67	 666.67	 61.00	 33	 0.51	 
bfer_180	 2	 12	 1201.jpg	 2.272057e+02	 12	 999000	 120	 999000	 999	 2.282240e+02	 666.67	 666.67	 7.00	 22	 0.69	 
bfer_180	 2	 12	 1209.jpg	 2.292081e+02	 11	 1.006645e+03	 1100	 6.666933e+02	 98	 2.302291e+02	 616.67	 666.67	 8.00	 30	 0.67	 
bfer_180	 2	 12	 2214.jpg	 2.352150e+02	 24	 999000	 240	 999000	 999	 2.362332e+02	 616.67	 666.67	 58.00	 35	 0.57	 
bfer_180	 2	 12	 2216.jpg	 2.382183e+02	 22	 1.044462e+03	 2200	 6.666832e+02	 98	 2.392364e+02	 616.67	 616.67	 56.00	 37	 0.59	 
bfer_180	 2	 12	 2201.jpg	 2.422059e+02	 24	 999000	 240	 999000	 999	 2.432242e+02	 616.67	 616.67	 43.00	 22	 0.85	 
