subjectID	 order	 runNum	 itemName	 onsetTime	 shuff_trialType	 RT	 respInTime	 AudioTime	 response	 fixationTime	 ladder1	 ladder2	 bidIndex	 itemNameIndex	 bidValue	 
bfer_138	 2	 5	 1117.jpg	 5.583093e+02	 12	 999000	 120	 999000	 999	 5.593276e+02	 683.33	 750.00	 21.00	 17	 0.53	 
bfer_138	 2	 5	 2212.jpg	 5.603118e+02	 24	 999000	 240	 999000	 999	 5.613299e+02	 683.33	 750.00	 62.00	 33	 0.49	 
bfer_138	 2	 5	 2218.jpg	 5.643162e+02	 24	 999000	 240	 999000	 999	 5.653344e+02	 683.33	 750.00	 43.00	 39	 0.81	 
bfer_138	 2	 5	 1121.jpg	 5.673029e+02	 12	 999000	 120	 999000	 999	 5.683212e+02	 683.33	 750.00	 3.00	 21	 0.78	 
bfer_138	 2	 5	 1219.jpg	 5.693052e+02	 11	 9.572492e+02	 110	 6.833473e+02	 98	 5.703234e+02	 700.00	 750.00	 11.00	 40	 0.64	 
bfer_138	 2	 5	 1204.jpg	 5.723086e+02	 11	 9.778924e+02	 110	 7.000226e+02	 98	 5.733267e+02	 716.67	 750.00	 14.00	 25	 0.59	 
bfer_138	 2	 5	 2113.jpg	 5.763131e+02	 24	 999000	 240	 999000	 999	 5.773312e+02	 716.67	 750.00	 58.00	 13	 0.55	 
bfer_138	 2	 5	 1115.jpg	 5.803175e+02	 11	 9.369096e+02	 110	 7.166967e+02	 98	 5.813357e+02	 733.33	 750.00	 17.00	 15	 0.54	 
bfer_138	 2	 5	 2213.jpg	 5.823029e+02	 22	 9.995913e+02	 220	 7.500141e+02	 98	 5.833214e+02	 733.33	 766.67	 48.00	 34	 0.75	 
bfer_138	 2	 5	 2201.jpg	 5.873087e+02	 22	 1.041767e+03	 2200	 7.666924e+02	 98	 5.883269e+02	 733.33	 716.67	 54.00	 22	 0.62	 
bfer_138	 2	 5	 1110.jpg	 5.893110e+02	 12	 999000	 120	 999000	 999	 5.903291e+02	 733.33	 716.67	 22.00	 10	 0.52	 
bfer_138	 2	 5	 1106.jpg	 5.913132e+02	 11	 9.492237e+02	 110	 7.333575e+02	 98	 5.923314e+02	 750.00	 716.67	 16.00	 6	 0.55	 
bfer_138	 2	 5	 1119.jpg	 5.973030e+02	 12	 999000	 120	 999000	 999	 5.983214e+02	 750.00	 716.67	 38.00	 19	 0.19	 
bfer_138	 2	 5	 1215.jpg	 5.993055e+02	 11	 9.650078e+02	 110	 7.500212e+02	 98	 6.003236e+02	 766.67	 716.67	 9.00	 36	 0.66	 
bfer_138	 2	 5	 1208.jpg	 6.013077e+02	 12	 999000	 120	 999000	 999	 6.023259e+02	 766.67	 716.67	 37.00	 29	 0.24	 
bfer_138	 2	 5	 1116.jpg	 6.033100e+02	 12	 999000	 120	 999000	 999	 6.043281e+02	 766.67	 716.67	 20.00	 16	 0.53	 
bfer_138	 2	 5	 1210.jpg	 6.073145e+02	 12	 999000	 120	 999000	 999	 6.083327e+02	 766.67	 716.67	 15.00	 31	 0.55	 
bfer_138	 2	 5	 2115.jpg	 6.113189e+02	 24	 999000	 240	 999000	 999	 6.123371e+02	 766.67	 716.67	 50.00	 15	 0.72	 
bfer_138	 2	 5	 1109.jpg	 6.143057e+02	 12	 999000	 120	 999000	 999	 6.153239e+02	 766.67	 716.67	 4.00	 9	 0.75	 
bfer_138	 2	 5	 2207.jpg	 6.183101e+02	 22	 1.040315e+03	 2200	 7.166888e+02	 98	 6.193283e+02	 766.67	 666.67	 57.00	 28	 0.59	 
bfer_138	 2	 5	 2120.jpg	 6.213136e+02	 24	 999000	 240	 999000	 999	 6.223318e+02	 766.67	 666.67	 77.00	 20	 0.19	 
bfer_138	 2	 5	 1202.jpg	 6.233158e+02	 12	 999000	 120	 999000	 999	 6.243339e+02	 766.67	 666.67	 19.00	 23	 0.54	 
bfer_138	 2	 5	 1205.jpg	 6.273034e+02	 12	 999000	 120	 999000	 999	 6.283217e+02	 766.67	 666.67	 18.00	 26	 0.54	 
bfer_138	 2	 5	 2217.jpg	 6.293059e+02	 24	 999000	 240	 999000	 999	 6.303240e+02	 766.67	 666.67	 55.00	 38	 0.60	 
bfer_138	 2	 5	 2216.jpg	 6.313080e+02	 22	 9.144161e+02	 220	 6.666919e+02	 98	 6.323262e+02	 766.67	 683.33	 49.00	 37	 0.73	 
bfer_138	 2	 5	 2214.jpg	 6.353126e+02	 24	 999000	 240	 999000	 999	 6.363307e+02	 766.67	 683.33	 61.00	 35	 0.52	 
bfer_138	 2	 5	 2206.jpg	 6.373148e+02	 24	 999000	 240	 999000	 999	 6.383330e+02	 766.67	 683.33	 53.00	 27	 0.63	 
bfer_138	 2	 5	 2205.jpg	 6.413194e+02	 24	 999000	 240	 999000	 999	 6.423374e+02	 766.67	 683.33	 47.00	 26	 0.77	 
bfer_138	 2	 5	 1214.jpg	 6.453071e+02	 12	 999000	 120	 999000	 999	 6.463252e+02	 766.67	 683.33	 13.00	 35	 0.60	 
bfer_138	 2	 5	 2106.jpg	 6.483106e+02	 24	 999000	 240	 999000	 999	 6.493285e+02	 766.67	 683.33	 52.00	 6	 0.65	 
bfer_138	 2	 5	 2103.jpg	 6.543172e+02	 22	 9.772267e+02	 220	 6.833466e+02	 98	 6.553354e+02	 766.67	 700.00	 51.00	 3	 0.65	 
bfer_138	 2	 5	 1211.jpg	 6.563194e+02	 11	 1.063047e+03	 1100	 7.666850e+02	 98	 6.573376e+02	 716.67	 700.00	 8.00	 32	 0.68	 
bfer_138	 2	 5	 1218.jpg	 6.603073e+02	 12	 999000	 120	 999000	 999	 6.613254e+02	 716.67	 700.00	 12.00	 39	 0.61	 
bfer_138	 2	 5	 1217.jpg	 6.623095e+02	 12	 999000	 120	 999000	 999	 6.633277e+02	 716.67	 700.00	 10.00	 38	 0.65	 
bfer_138	 2	 5	 2110.jpg	 6.643117e+02	 24	 999000	 240	 999000	 999	 6.653299e+02	 716.67	 700.00	 44.00	 10	 0.81	 
bfer_138	 2	 5	 2102.jpg	 6.663140e+02	 22	 1.004441e+03	 2200	 7.000277e+02	 98	 6.673322e+02	 716.67	 650.00	 56.00	 2	 0.60	 
bfer_138	 2	 5	 1206.jpg	 6.713197e+02	 12	 999000	 120	 999000	 999	 6.723380e+02	 716.67	 650.00	 7.00	 27	 0.71	 
bfer_138	 2	 5	 2104.jpg	 6.733052e+02	 24	 999000	 240	 999000	 999	 6.743234e+02	 716.67	 650.00	 78.00	 4	 0.19	 
bfer_138	 2	 5	 2204.jpg	 6.753075e+02	 24	 999000	 240	 999000	 999	 6.763255e+02	 716.67	 650.00	 59.00	 25	 0.54	 
bfer_138	 2	 5	 2219.jpg	 6.783108e+02	 24	 999000	 240	 999000	 999	 6.793289e+02	 716.67	 650.00	 60.00	 40	 0.54	 
