subjectID	 order	 runNum	 itemName	 onsetTime	 shuff_trialType	 RT	 respInTime	 AudioTime	 response	 fixationTime	 ladder1	 ladder2	 bidIndex	 itemNameIndex	 bidValue	 
bfer_176	 2	 11	 1109.jpg	 1.438506e+00	 12	 999000	 120	 999000	 999	 2.456979e+00	 750.00	 750.00	 37.00	 9	 0.21	 
bfer_176	 2	 11	 2212.jpg	 3.424140e+00	 22	 1.022717e+03	 2200	 7.502001e+02	 98	 4.442328e+00	 750.00	 700.00	 48.00	 33	 0.77	 
bfer_176	 2	 11	 2210.jpg	 7.428523e+00	 22	 9.543344e+02	 220	 7.002228e+02	 98	 8.446867e+00	 750.00	 716.67	 57.00	 31	 0.61	 
bfer_176	 2	 11	 2215.jpg	 1.043192e+01	 24	 999000	 240	 999000	 999	 1.144995e+01	 750.00	 716.67	 47.00	 36	 0.85	 
bfer_176	 2	 11	 2214.jpg	 1.241712e+01	 24	 999000	 240	 999000	 999	 1.343560e+01	 750.00	 716.67	 55.00	 35	 0.63	 
bfer_176	 2	 11	 1106.jpg	 1.542091e+01	 12	 999000	 120	 999000	 999	 1.643895e+01	 750.00	 716.67	 21.00	 6	 0.54	 
bfer_176	 2	 11	 2204.jpg	 1.942532e+01	 24	 999000	 240	 999000	 999	 2.044345e+01	 750.00	 716.67	 58.00	 25	 0.61	 
bfer_176	 2	 11	 1117.jpg	 2.342980e+01	 12	 5.210556e+02	 12	 999000	 98	 2.444791e+01	 750.00	 716.67	 19.00	 17	 0.56	 
bfer_176	 2	 11	 1208.jpg	 2.543207e+01	 12	 999000	 120	 999000	 999	 2.645014e+01	 750.00	 716.67	 13.00	 29	 0.63	 
bfer_176	 2	 11	 2117.jpg	 3.042098e+01	 24	 999000	 240	 999000	 999	 3.143910e+01	 750.00	 716.67	 61.00	 17	 0.56	 
bfer_176	 2	 11	 1205.jpg	 3.242323e+01	 12	 999000	 120	 999000	 999	 3.344134e+01	 750.00	 716.67	 18.00	 26	 0.58	 
bfer_176	 2	 11	 1110.jpg	 3.442547e+01	 11	 9.333898e+02	 110	 7.501236e+02	 98	 3.544367e+01	 766.67	 716.67	 17.00	 10	 0.59	 
bfer_176	 2	 11	 2202.jpg	 4.043221e+01	 22	 9.426649e+02	 220	 7.166845e+02	 98	 4.145050e+01	 766.67	 733.33	 51.00	 23	 0.67	 
bfer_176	 2	 11	 1204.jpg	 4.241748e+01	 11	 1.021379e+03	 1100	 7.667079e+02	 98	 4.343610e+01	 716.67	 733.33	 8.00	 25	 0.65	 
bfer_176	 2	 11	 2111.jpg	 4.442012e+01	 24	 999000	 240	 999000	 999	 4.543825e+01	 716.67	 733.33	 62.00	 11	 0.52	 
bfer_176	 2	 11	 1210.jpg	 4.642238e+01	 12	 999000	 120	 999000	 999	 4.744050e+01	 716.67	 733.33	 22.00	 31	 0.53	 
bfer_176	 2	 11	 1212.jpg	 5.042680e+01	 12	 999000	 120	 999000	 999	 5.144500e+01	 716.67	 733.33	 12.00	 33	 0.64	 
bfer_176	 2	 11	 1202.jpg	 5.443129e+01	 12	 999000	 120	 999000	 999	 5.544942e+01	 716.67	 733.33	 3.00	 23	 0.83	 
bfer_176	 2	 11	 1217.jpg	 5.741822e+01	 11	 9.086514e+02	 110	 7.166954e+02	 98	 5.843619e+01	 733.33	 733.33	 11.00	 38	 0.64	 
bfer_176	 2	 11	 2107.jpg	 6.142252e+01	 24	 999000	 240	 999000	 999	 6.244062e+01	 733.33	 733.33	 77.00	 7	 0.25	 
bfer_176	 2	 11	 1215.jpg	 6.442589e+01	 12	 999000	 120	 999000	 999	 6.544403e+01	 733.33	 733.33	 4.00	 36	 0.83	 
bfer_176	 2	 11	 1103.jpg	 6.642814e+01	 11	 9.467144e+02	 110	 7.333487e+02	 98	 6.744630e+01	 750.00	 733.33	 9.00	 3	 0.65	 
bfer_176	 2	 11	 2121.jpg	 7.043264e+01	 24	 999000	 240	 999000	 999	 7.145086e+01	 750.00	 733.33	 52.00	 21	 0.64	 
bfer_176	 2	 11	 2218.jpg	 7.241858e+01	 24	 999000	 240	 999000	 999	 7.343634e+01	 750.00	 733.33	 44.00	 39	 0.89	 
bfer_176	 2	 11	 2211.jpg	 7.442047e+01	 24	 999000	 240	 999000	 999	 7.543861e+01	 750.00	 733.33	 43.00	 32	 0.93	 
bfer_176	 2	 11	 1101.jpg	 7.842493e+01	 12	 999000	 120	 999000	 999	 7.944314e+01	 750.00	 733.33	 38.00	 1	 0.18	 
bfer_176	 2	 11	 2201.jpg	 8.042723e+01	 24	 999000	 240	 999000	 999	 8.144532e+01	 750.00	 733.33	 59.00	 22	 0.59	 
bfer_176	 2	 11	 2120.jpg	 8.443177e+01	 22	 1.015096e+03	 2200	 7.333468e+02	 98	 8.545111e+01	 750.00	 683.33	 56.00	 20	 0.62	 
bfer_176	 2	 11	 2208.jpg	 8.841950e+01	 24	 999000	 240	 999000	 999	 8.943767e+01	 750.00	 683.33	 50.00	 29	 0.71	 
bfer_176	 2	 11	 1203.jpg	 9.142286e+01	 12	 999000	 120	 999000	 999	 9.244105e+01	 750.00	 683.33	 10.00	 24	 0.64	 
bfer_176	 2	 11	 1216.jpg	 9.742982e+01	 12	 999000	 120	 999000	 999	 9.844778e+01	 750.00	 683.33	 20.00	 37	 0.55	 
bfer_176	 2	 11	 1207.jpg	 9.943194e+01	 12	 999000	 120	 999000	 999	 1.004500e+02	 750.00	 683.33	 7.00	 28	 0.67	 
bfer_176	 2	 11	 1213.jpg	 1.034197e+02	 11	 9.871326e+02	 110	 7.500159e+02	 98	 1.044379e+02	 766.67	 683.33	 16.00	 34	 0.60	 
bfer_176	 2	 11	 2217.jpg	 1.054221e+02	 22	 1.016831e+03	 2200	 6.833549e+02	 98	 1.064401e+02	 766.67	 633.33	 54.00	 38	 0.63	 
bfer_176	 2	 11	 1209.jpg	 1.074243e+02	 11	 1.142538e+03	 1100	 7.666907e+02	 98	 1.084423e+02	 716.67	 633.33	 14.00	 30	 0.62	 
bfer_176	 2	 11	 2219.jpg	 1.094265e+02	 22	 8.843758e+02	 220	 6.333559e+02	 98	 1.104445e+02	 716.67	 650.00	 49.00	 40	 0.71	 
bfer_176	 2	 11	 2104.jpg	 1.144322e+02	 24	 999000	 240	 999000	 999	 1.154502e+02	 716.67	 650.00	 78.00	 4	 0.24	 
bfer_176	 2	 11	 2109.jpg	 1.164174e+02	 24	 999000	 240	 999000	 999	 1.174357e+02	 716.67	 650.00	 60.00	 9	 0.58	 
bfer_176	 2	 11	 2108.jpg	 1.184199e+02	 24	 999000	 240	 999000	 999	 1.194380e+02	 716.67	 650.00	 53.00	 8	 0.63	 
bfer_176	 2	 11	 1214.jpg	 1.214233e+02	 12	 999000	 120	 999000	 999	 1.224414e+02	 716.67	 650.00	 15.00	 35	 0.60	 
