subjectID	 order	 runNum	 itemName	 onsetTime	 shuff_trialType	 RT	 respInTime	 AudioTime	 response	 fixationTime	 ladder1	 ladder2	 bidIndex	 itemNameIndex	 bidValue	 
bfer_157	 1	 7	 1121.jpg	 8.772818e+02	 12	 999000	 120	 999000	 999	 8.783000e+02	 616.67	 616.67	 4.00	 21	 0.78	 
bfer_157	 1	 7	 2104.jpg	 8.802852e+02	 24	 999000	 240	 999000	 999	 8.813033e+02	 616.67	 616.67	 60.00	 4	 0.52	 
bfer_157	 1	 7	 1109.jpg	 8.822705e+02	 12	 999000	 120	 999000	 999	 8.832889e+02	 616.67	 616.67	 3.00	 9	 0.81	 
bfer_157	 1	 7	 1103.jpg	 8.842731e+02	 12	 999000	 120	 999000	 999	 8.852913e+02	 616.67	 616.67	 11.00	 3	 0.62	 
bfer_157	 1	 7	 2211.jpg	 8.862754e+02	 22	 1.011128e+03	 2200	 6.166931e+02	 98	 8.872934e+02	 616.67	 566.67	 53.00	 32	 0.59	 
bfer_157	 1	 7	 2110.jpg	 8.892787e+02	 24	 999000	 240	 999000	 999	 8.902968e+02	 616.67	 566.67	 49.00	 10	 0.63	 
bfer_157	 1	 7	 2204.jpg	 8.912809e+02	 24	 999000	 240	 999000	 999	 8.922991e+02	 616.67	 566.67	 78.00	 25	 0.25	 
bfer_157	 1	 7	 1115.jpg	 8.952855e+02	 12	 999000	 120	 999000	 999	 8.963035e+02	 616.67	 566.67	 22.00	 15	 0.46	 
bfer_157	 1	 7	 1204.jpg	 8.972708e+02	 12	 999000	 120	 999000	 999	 8.982891e+02	 616.67	 566.67	 14.00	 25	 0.61	 
bfer_157	 1	 7	 1113.jpg	 9.022767e+02	 11	 1.057817e+03	 1100	 6.166889e+02	 98	 9.032947e+02	 566.67	 566.67	 15.00	 13	 0.58	 
bfer_157	 1	 7	 2113.jpg	 9.042788e+02	 24	 999000	 240	 999000	 999	 9.052969e+02	 566.67	 566.67	 51.00	 13	 0.60	 
bfer_157	 1	 7	 1202.jpg	 9.082834e+02	 12	 999000	 120	 999000	 999	 9.093015e+02	 566.67	 566.67	 21.00	 23	 0.48	 
bfer_157	 1	 7	 2215.jpg	 9.102857e+02	 24	 999000	 240	 999000	 999	 9.113037e+02	 566.67	 566.67	 54.00	 36	 0.58	 
bfer_157	 1	 7	 2202.jpg	 9.132723e+02	 24	 999000	 240	 999000	 999	 9.142905e+02	 566.67	 566.67	 77.00	 23	 0.31	 
bfer_157	 1	 7	 1215.jpg	 9.182781e+02	 12	 999000	 120	 999000	 999	 9.192960e+02	 566.67	 566.67	 19.00	 36	 0.51	 
bfer_157	 1	 7	 2217.jpg	 9.202802e+02	 22	 1.054308e+03	 2200	 5.666810e+02	 98	 9.212983e+02	 566.67	 516.67	 52.00	 38	 0.60	 
bfer_157	 1	 7	 2208.jpg	 9.222825e+02	 24	 999000	 240	 999000	 999	 9.233006e+02	 566.67	 516.67	 56.00	 29	 0.56	 
bfer_157	 1	 7	 1216.jpg	 9.262870e+02	 12	 4.955260e+02	 12	 999000	 98	 9.273050e+02	 566.67	 516.67	 16.00	 37	 0.55	 
bfer_157	 1	 7	 1112.jpg	 9.302748e+02	 12	 999000	 120	 999000	 999	 9.312929e+02	 566.67	 516.67	 17.00	 12	 0.53	 
bfer_157	 1	 7	 1203.jpg	 9.342793e+02	 12	 999000	 120	 999000	 999	 9.352973e+02	 566.67	 516.67	 37.00	 24	 0.19	 
bfer_157	 1	 7	 2218.jpg	 9.362814e+02	 24	 999000	 240	 999000	 999	 9.372996e+02	 566.67	 516.67	 62.00	 39	 0.47	 
bfer_157	 1	 7	 2103.jpg	 9.382838e+02	 22	 8.746952e+02	 220	 5.166810e+02	 98	 9.393019e+02	 566.67	 533.33	 50.00	 3	 0.61	 
bfer_157	 1	 7	 2214.jpg	 9.402860e+02	 24	 999000	 240	 999000	 999	 9.413042e+02	 566.67	 533.33	 48.00	 35	 0.65	 
bfer_157	 1	 7	 1110.jpg	 9.422717e+02	 12	 999000	 120	 999000	 999	 9.432897e+02	 566.67	 533.33	 8.00	 10	 0.67	 
bfer_157	 1	 7	 1209.jpg	 9.482784e+02	 11	 9.761135e+02	 110	 5.666809e+02	 98	 9.492964e+02	 583.33	 533.33	 18.00	 30	 0.51	 
bfer_157	 1	 7	 2203.jpg	 9.512818e+02	 24	 999000	 240	 999000	 999	 9.522998e+02	 583.33	 533.33	 61.00	 24	 0.48	 
bfer_157	 1	 7	 1207.jpg	 9.532840e+02	 12	 999000	 120	 999000	 999	 9.543021e+02	 583.33	 533.33	 38.00	 28	 0.19	 
bfer_157	 1	 7	 1217.jpg	 9.552864e+02	 11	 9.121573e+02	 110	 5.833558e+02	 98	 9.563043e+02	 600.00	 533.33	 12.00	 38	 0.62	 
bfer_157	 1	 7	 2216.jpg	 9.582729e+02	 24	 999000	 240	 999000	 999	 9.592910e+02	 600.00	 533.33	 57.00	 37	 0.55	 
bfer_157	 1	 7	 1206.jpg	 9.602752e+02	 12	 999000	 120	 999000	 999	 9.612933e+02	 600.00	 533.33	 9.00	 27	 0.66	 
bfer_157	 1	 7	 2102.jpg	 9.622774e+02	 22	 8.730895e+02	 220	 5.333841e+02	 98	 9.632956e+02	 600.00	 550.00	 58.00	 2	 0.54	 
bfer_157	 1	 7	 1106.jpg	 9.642796e+02	 11	 9.909122e+02	 110	 6.000147e+02	 98	 9.652978e+02	 616.67	 550.00	 7.00	 6	 0.67	 
bfer_157	 1	 7	 2206.jpg	 9.672830e+02	 24	 999000	 240	 999000	 999	 9.683011e+02	 616.67	 550.00	 44.00	 27	 0.75	 
bfer_157	 1	 7	 2114.jpg	 9.692853e+02	 24	 999000	 240	 999000	 999	 9.703033e+02	 616.67	 550.00	 43.00	 14	 0.84	 
bfer_157	 1	 7	 1219.jpg	 9.712711e+02	 12	 999000	 120	 999000	 999	 9.722890e+02	 616.67	 550.00	 20.00	 40	 0.50	 
bfer_157	 1	 7	 2107.jpg	 9.732730e+02	 22	 8.374613e+02	 220	 5.500134e+02	 98	 9.742912e+02	 616.67	 566.67	 55.00	 7	 0.57	 
bfer_157	 1	 7	 1211.jpg	 9.752754e+02	 11	 8.830786e+02	 110	 6.166887e+02	 98	 9.762934e+02	 633.33	 566.67	 10.00	 32	 0.65	 
bfer_157	 1	 7	 2116.jpg	 9.812821e+02	 24	 999000	 240	 999000	 999	 9.823003e+02	 633.33	 566.67	 59.00	 16	 0.53	 
bfer_157	 1	 7	 2209.jpg	 9.842854e+02	 22	 9.050548e+02	 220	 5.666812e+02	 98	 9.853036e+02	 633.33	 583.33	 47.00	 30	 0.66	 
bfer_157	 1	 7	 1119.jpg	 9.882733e+02	 11	 9.012466e+02	 110	 6.333573e+02	 98	 9.892914e+02	 650.00	 583.33	 13.00	 19	 0.61	 
