subjectID	 order	 runNum	 itemName	 onsetTime	 shuff_trialType	 RT	 respInTime	 AudioTime	 response	 fixationTime	 ladder1	 ladder2	 bidIndex	 itemNameIndex	 bidValue	 
bfer_112	 2	 14	 2104.jpg	 3.910724e+02	 24	 999000	 240	 999000	 999	 3.920905e+02	 450.00	 583.33	 78.00	 4	 0.18	 
bfer_112	 2	 14	 2202.jpg	 3.940589e+02	 24	 999000	 240	 999000	 999	 3.950773e+02	 450.00	 583.33	 62.00	 23	 0.49	 
bfer_112	 2	 14	 1121.jpg	 3.980637e+02	 11	 7.116061e+02	 110	 4.500237e+02	 98	 3.990818e+02	 466.67	 583.33	 17.00	 21	 0.56	 
bfer_112	 2	 14	 2115.jpg	 4.000659e+02	 24	 999000	 240	 999000	 999	 4.010840e+02	 466.67	 583.33	 58.00	 15	 0.53	 
bfer_112	 2	 14	 1115.jpg	 4.020681e+02	 12	 999000	 120	 999000	 999	 4.030862e+02	 466.67	 583.33	 22.00	 15	 0.49	 
bfer_112	 2	 14	 1103.jpg	 4.060726e+02	 12	 999000	 120	 999000	 999	 4.070908e+02	 466.67	 583.33	 10.00	 3	 0.66	 
bfer_112	 2	 14	 2106.jpg	 4.080749e+02	 22	 1.116356e+03	 2200	 5.833519e+02	 98	 4.090929e+02	 466.67	 533.33	 51.00	 6	 0.68	 
bfer_112	 2	 14	 2113.jpg	 4.130638e+02	 24	 999000	 240	 999000	 999	 4.140819e+02	 466.67	 533.33	 77.00	 13	 0.22	 
bfer_112	 2	 14	 1109.jpg	 4.150661e+02	 12	 999000	 120	 999000	 999	 4.160841e+02	 466.67	 533.33	 21.00	 9	 0.49	 
bfer_112	 2	 14	 2109.jpg	 4.180695e+02	 24	 999000	 240	 999000	 999	 4.190875e+02	 466.67	 533.33	 60.00	 9	 0.53	 
bfer_112	 2	 14	 2218.jpg	 4.210729e+02	 24	 999000	 240	 999000	 999	 4.220909e+02	 466.67	 533.33	 43.00	 39	 0.79	 
bfer_112	 2	 14	 2209.jpg	 4.250603e+02	 24	 999000	 240	 999000	 999	 4.260788e+02	 466.67	 533.33	 50.00	 30	 0.68	 
bfer_112	 2	 14	 1114.jpg	 4.280640e+02	 12	 999000	 120	 999000	 999	 4.290821e+02	 466.67	 533.33	 18.00	 14	 0.52	 
bfer_112	 2	 14	 2212.jpg	 4.300663e+02	 24	 999000	 240	 999000	 999	 4.310844e+02	 466.67	 533.33	 61.00	 33	 0.52	 
bfer_112	 2	 14	 1208.jpg	 4.330696e+02	 12	 999000	 120	 999000	 999	 4.340877e+02	 466.67	 533.33	 13.00	 29	 0.58	 
bfer_112	 2	 14	 1120.jpg	 4.370742e+02	 12	 999000	 120	 999000	 999	 4.380923e+02	 466.67	 533.33	 38.00	 20	 0.17	 
bfer_112	 2	 14	 1112.jpg	 4.400608e+02	 12	 999000	 120	 999000	 999	 4.410790e+02	 466.67	 533.33	 37.00	 12	 0.20	 
bfer_112	 2	 14	 2217.jpg	 4.420631e+02	 24	 999000	 240	 999000	 999	 4.430811e+02	 466.67	 533.33	 52.00	 38	 0.65	 
bfer_112	 2	 14	 1216.jpg	 4.440653e+02	 12	 999000	 120	 999000	 999	 4.450834e+02	 466.67	 533.33	 15.00	 37	 0.57	 
bfer_112	 2	 14	 2111.jpg	 4.490710e+02	 24	 999000	 240	 999000	 999	 4.500890e+02	 466.67	 533.33	 55.00	 11	 0.61	 
bfer_112	 2	 14	 2204.jpg	 4.530586e+02	 22	 1.060647e+03	 2200	 5.333546e+02	 98	 4.540768e+02	 466.67	 483.33	 54.00	 25	 0.62	 
bfer_112	 2	 14	 1201.jpg	 4.570633e+02	 12	 999000	 120	 999000	 999	 4.580813e+02	 466.67	 483.33	 3.00	 22	 0.85	 
bfer_112	 2	 14	 1202.jpg	 4.630700e+02	 12	 999000	 120	 999000	 999	 4.640881e+02	 466.67	 483.33	 7.00	 23	 0.72	 
bfer_112	 2	 14	 2213.jpg	 4.650722e+02	 22	 1.055106e+03	 2200	 4.833560e+02	 98	 4.660903e+02	 466.67	 433.33	 57.00	 34	 0.56	 
bfer_112	 2	 14	 1214.jpg	 4.670744e+02	 12	 999000	 120	 999000	 999	 4.680926e+02	 466.67	 433.33	 12.00	 35	 0.58	 
bfer_112	 2	 14	 2207.jpg	 4.690598e+02	 24	 999000	 240	 999000	 999	 4.700781e+02	 466.67	 433.33	 47.00	 28	 0.76	 
bfer_112	 2	 14	 1213.jpg	 4.710623e+02	 11	 9.450125e+02	 110	 4.666887e+02	 98	 4.720804e+02	 483.33	 433.33	 9.00	 34	 0.68	 
bfer_112	 2	 14	 1106.jpg	 4.750668e+02	 11	 1.068485e+03	 1100	 4.833470e+02	 98	 4.760849e+02	 433.33	 433.33	 8.00	 6	 0.69	 
bfer_112	 2	 14	 1209.jpg	 4.770691e+02	 11	 7.222127e+02	 110	 4.333614e+02	 98	 4.780873e+02	 450.00	 433.33	 16.00	 30	 0.57	 
bfer_112	 2	 14	 1206.jpg	 4.810736e+02	 12	 999000	 120	 999000	 999	 4.820916e+02	 450.00	 433.33	 4.00	 27	 0.84	 
bfer_112	 2	 14	 1117.jpg	 4.830588e+02	 12	 999000	 120	 999000	 999	 4.840772e+02	 450.00	 433.33	 19.00	 17	 0.52	 
bfer_112	 2	 14	 1105.jpg	 4.850613e+02	 12	 999000	 120	 999000	 999	 4.860796e+02	 450.00	 433.33	 20.00	 5	 0.51	 
bfer_112	 2	 14	 2208.jpg	 4.870635e+02	 22	 6.877244e+02	 220	 4.333559e+02	 98	 4.880816e+02	 450.00	 450.00	 56.00	 29	 0.59	 
bfer_112	 2	 14	 2206.jpg	 4.920693e+02	 24	 999000	 240	 999000	 999	 4.930873e+02	 450.00	 450.00	 44.00	 27	 0.79	 
bfer_112	 2	 14	 1110.jpg	 4.940715e+02	 11	 8.237904e+02	 110	 4.500182e+02	 98	 4.950895e+02	 466.67	 450.00	 14.00	 10	 0.58	 
bfer_112	 2	 14	 2211.jpg	 4.960737e+02	 22	 7.415469e+02	 220	 4.500154e+02	 98	 4.970918e+02	 466.67	 466.67	 48.00	 32	 0.73	 
bfer_112	 2	 14	 1215.jpg	 4.990605e+02	 11	 7.227956e+02	 110	 4.666791e+02	 98	 5.000785e+02	 483.33	 466.67	 11.00	 36	 0.63	 
bfer_112	 2	 14	 2203.jpg	 5.060682e+02	 24	 999000	 240	 999000	 999	 5.070864e+02	 483.33	 466.67	 59.00	 24	 0.53	 
bfer_112	 2	 14	 2215.jpg	 5.100727e+02	 24	 999000	 240	 999000	 999	 5.110908e+02	 483.33	 466.67	 53.00	 36	 0.62	 
bfer_112	 2	 14	 2121.jpg	 5.170639e+02	 22	 7.194241e+02	 220	 4.666886e+02	 98	 5.180821e+02	 483.33	 483.33	 49.00	 21	 0.70	 
