subjectID	 order	 runNum	 itemName	 onsetTime	 shuff_trialType	 RT	 respInTime	 AudioTime	 response	 fixationTime	 ladder1	 ladder2	 bidIndex	 itemNameIndex	 bidValue	 
bfer_107	 1	 16	 1113.jpg	 7.479984e+02	 11	 7.363491e+02	 11	 7.833499e+02	 98	 7.490165e+02	 800.00	 716.67	 10.00	 13	 0.65	 
bfer_107	 1	 16	 1211.jpg	 7.529873e+02	 11	 8.354576e+02	 110	 8.000163e+02	 98	 7.540055e+02	 816.67	 716.67	 18.00	 32	 0.52	 
bfer_107	 1	 16	 2110.jpg	 7.549897e+02	 22	 9.931659e+02	 220	 7.166886e+02	 98	 7.560078e+02	 816.67	 733.33	 50.00	 10	 0.65	 
bfer_107	 1	 16	 1110.jpg	 7.569918e+02	 12	 999000	 120	 999000	 999	 7.580099e+02	 816.67	 733.33	 8.00	 10	 0.67	 
bfer_107	 1	 16	 2121.jpg	 7.629986e+02	 22	 7.121762e+02	 22	 7.333572e+02	 98	 7.640167e+02	 816.67	 750.00	 52.00	 21	 0.63	 
bfer_107	 1	 16	 2215.jpg	 7.649838e+02	 24	 999000	 240	 999000	 999	 7.660023e+02	 816.67	 750.00	 62.00	 36	 0.50	 
bfer_107	 1	 16	 1116.jpg	 7.679875e+02	 12	 999000	 120	 999000	 999	 7.690056e+02	 816.67	 750.00	 9.00	 16	 0.66	 
bfer_107	 1	 16	 1102.jpg	 7.699897e+02	 11	 7.451054e+02	 11	 8.166849e+02	 98	 7.710079e+02	 833.33	 750.00	 15.00	 2	 0.54	 
bfer_107	 1	 16	 2116.jpg	 7.739943e+02	 24	 999000	 240	 999000	 999	 7.750124e+02	 833.33	 750.00	 48.00	 16	 0.72	 
bfer_107	 1	 16	 2202.jpg	 7.759965e+02	 24	 999000	 240	 999000	 999	 7.770146e+02	 833.33	 750.00	 61.00	 23	 0.50	 
bfer_107	 1	 16	 1205.jpg	 7.809854e+02	 12	 999000	 120	 999000	 999	 7.820036e+02	 833.33	 750.00	 19.00	 26	 0.51	 
bfer_107	 1	 16	 1109.jpg	 7.879933e+02	 12	 999000	 120	 999000	 999	 7.890114e+02	 833.33	 750.00	 20.00	 9	 0.51	 
bfer_107	 1	 16	 1212.jpg	 7.899955e+02	 12	 999000	 120	 999000	 999	 7.910137e+02	 833.33	 750.00	 37.00	 33	 0.24	 
bfer_107	 1	 16	 1115.jpg	 7.929988e+02	 12	 999000	 120	 999000	 999	 7.940171e+02	 833.33	 750.00	 21.00	 15	 0.49	 
bfer_107	 1	 16	 2113.jpg	 7.959857e+02	 22	 7.011358e+02	 22	 7.500289e+02	 98	 7.970036e+02	 833.33	 766.67	 58.00	 13	 0.56	 
bfer_107	 1	 16	 2120.jpg	 7.999901e+02	 24	 999000	 240	 999000	 999	 8.010083e+02	 833.33	 766.67	 60.00	 20	 0.52	 
bfer_107	 1	 16	 2201.jpg	 8.039946e+02	 22	 9.882095e+02	 220	 7.666850e+02	 98	 8.050128e+02	 833.33	 783.33	 55.00	 22	 0.61	 
bfer_107	 1	 16	 1101.jpg	 8.079990e+02	 12	 7.437814e+02	 12	 999000	 98	 8.090173e+02	 833.33	 783.33	 16.00	 1	 0.54	 
bfer_107	 1	 16	 1119.jpg	 8.109857e+02	 12	 999000	 120	 999000	 999	 8.120039e+02	 833.33	 783.33	 22.00	 19	 0.49	 
bfer_107	 1	 16	 2216.jpg	 8.169924e+02	 24	 999000	 240	 999000	 999	 8.180106e+02	 833.33	 783.33	 77.00	 37	 0.24	 
bfer_107	 1	 16	 2205.jpg	 8.189947e+02	 24	 999000	 240	 999000	 999	 8.200129e+02	 833.33	 783.33	 43.00	 26	 0.78	 
bfer_107	 1	 16	 2105.jpg	 8.219981e+02	 24	 999000	 240	 999000	 999	 8.230163e+02	 833.33	 783.33	 78.00	 5	 0.20	 
bfer_107	 1	 16	 2204.jpg	 8.240003e+02	 24	 999000	 240	 999000	 999	 8.250185e+02	 833.33	 783.33	 56.00	 25	 0.58	 
bfer_107	 1	 16	 2114.jpg	 8.259859e+02	 24	 999000	 240	 999000	 999	 8.270041e+02	 833.33	 783.33	 54.00	 14	 0.62	 
bfer_107	 1	 16	 1106.jpg	 8.279881e+02	 12	 999000	 120	 999000	 999	 8.290064e+02	 833.33	 783.33	 3.00	 6	 0.82	 
bfer_107	 1	 16	 2219.jpg	 8.309915e+02	 24	 999000	 240	 999000	 999	 8.320096e+02	 833.33	 783.33	 57.00	 40	 0.58	 
bfer_107	 1	 16	 2111.jpg	 8.349961e+02	 24	 999000	 240	 999000	 999	 8.360141e+02	 833.33	 783.33	 49.00	 11	 0.70	 
bfer_107	 1	 16	 2107.jpg	 8.369982e+02	 24	 999000	 240	 999000	 999	 8.380164e+02	 833.33	 783.33	 59.00	 7	 0.53	 
bfer_107	 1	 16	 1120.jpg	 8.389836e+02	 11	 1.055184e+03	 1100	 8.333816e+02	 98	 8.400019e+02	 783.33	 783.33	 13.00	 20	 0.58	 
bfer_107	 1	 16	 1206.jpg	 8.409861e+02	 12	 999000	 120	 999000	 999	 8.420041e+02	 783.33	 783.33	 14.00	 27	 0.56	 
bfer_107	 1	 16	 1121.jpg	 8.429883e+02	 12	 7.624864e+02	 12	 999000	 98	 8.440063e+02	 783.33	 783.33	 4.00	 21	 0.76	 
bfer_107	 1	 16	 1114.jpg	 8.449905e+02	 12	 999000	 120	 999000	 999	 8.460087e+02	 783.33	 783.33	 17.00	 14	 0.53	 
bfer_107	 1	 16	 1201.jpg	 8.489950e+02	 12	 8.277759e+02	 12	 999000	 98	 8.500132e+02	 783.33	 783.33	 11.00	 22	 0.59	 
bfer_107	 1	 16	 1204.jpg	 8.529994e+02	 11	 1.199379e+03	 1100	 7.833511e+02	 98	 8.540176e+02	 733.33	 783.33	 12.00	 25	 0.59	 
bfer_107	 1	 16	 2109.jpg	 8.549848e+02	 24	 999000	 240	 999000	 999	 8.560032e+02	 733.33	 783.33	 51.00	 9	 0.65	 
bfer_107	 1	 16	 2207.jpg	 8.569873e+02	 22	 1.003476e+03	 2200	 7.833493e+02	 98	 8.580055e+02	 733.33	 733.33	 53.00	 28	 0.62	 
bfer_107	 1	 16	 1216.jpg	 8.589895e+02	 12	 999000	 120	 999000	 999	 8.600077e+02	 733.33	 733.33	 38.00	 37	 0.21	 
bfer_107	 1	 16	 1117.jpg	 8.609918e+02	 11	 6.390133e+02	 11	 7.333575e+02	 98	 8.620101e+02	 750.00	 733.33	 7.00	 17	 0.68	 
bfer_107	 1	 16	 2106.jpg	 8.669985e+02	 22	 9.922753e+02	 220	 7.333492e+02	 98	 8.680167e+02	 750.00	 750.00	 47.00	 6	 0.72	 
bfer_107	 1	 16	 2103.jpg	 8.689839e+02	 24	 999000	 240	 999000	 999	 8.700029e+02	 750.00	 750.00	 44.00	 3	 0.77	 
