subjectID	 order	 runNum	 itemName	 onsetTime	 shuff_trialType	 RT	 respInTime	 AudioTime	 response	 fixationTime	 ladder1	 ladder2	 bidIndex	 itemNameIndex	 bidValue	 
bfer_128	 2	 1	 1201.jpg	 1.424758e+00	 12	 999000	 120	 999000	 999	 2.443145e+00	 750.00	 750.00	 3.00	 22	 0.80	 
bfer_128	 2	 1	 1217.jpg	 4.411577e+00	 12	 999000	 120	 999000	 999	 5.429809e+00	 750.00	 750.00	 20.00	 38	 0.48	 
bfer_128	 2	 1	 1214.jpg	 8.416042e+00	 12	 999000	 120	 999000	 999	 9.434383e+00	 750.00	 750.00	 19.00	 35	 0.51	 
bfer_128	 2	 1	 1213.jpg	 1.041824e+01	 12	 999000	 120	 999000	 999	 1.143668e+01	 750.00	 750.00	 12.00	 34	 0.67	 
bfer_128	 2	 1	 1218.jpg	 1.242065e+01	 12	 999000	 120	 999000	 999	 1.343918e+01	 750.00	 750.00	 4.00	 39	 0.80	 
bfer_128	 2	 1	 2112.jpg	 1.640830e+01	 24	 999000	 240	 999000	 999	 1.742634e+01	 750.00	 750.00	 62.00	 12	 0.46	 
bfer_128	 2	 1	 2209.jpg	 1.841054e+01	 24	 999000	 240	 999000	 999	 1.942864e+01	 750.00	 750.00	 52.00	 30	 0.65	 
bfer_128	 2	 1	 1211.jpg	 2.341610e+01	 12	 999000	 120	 999000	 999	 2.443432e+01	 750.00	 750.00	 7.00	 32	 0.73	 
bfer_128	 2	 1	 2201.jpg	 2.541838e+01	 24	 999000	 240	 999000	 999	 2.643645e+01	 750.00	 750.00	 44.00	 22	 0.82	 
bfer_128	 2	 1	 1203.jpg	 2.842173e+01	 12	 999000	 120	 999000	 999	 2.943986e+01	 750.00	 750.00	 22.00	 24	 0.46	 
bfer_128	 2	 1	 1106.jpg	 3.140845e+01	 11	 1.086069e+03	 1100	 7.502745e+02	 98	 3.242654e+01	 700.00	 750.00	 17.00	 6	 0.55	 
bfer_128	 2	 1	 1206.jpg	 3.541286e+01	 11	 1.089688e+03	 1100	 7.000947e+02	 98	 3.643098e+01	 650.00	 750.00	 9.00	 27	 0.71	 
bfer_128	 2	 1	 2218.jpg	 3.841625e+01	 24	 999000	 240	 999000	 999	 3.943442e+01	 650.00	 750.00	 43.00	 39	 0.84	 
bfer_128	 2	 1	 2111.jpg	 4.041851e+01	 22	 1.092022e+03	 2200	 7.502295e+02	 98	 4.143685e+01	 650.00	 700.00	 49.00	 11	 0.75	 
bfer_128	 2	 1	 1109.jpg	 4.342181e+01	 11	 9.287364e+02	 110	 6.500756e+02	 98	 4.443990e+01	 666.67	 700.00	 14.00	 9	 0.63	 
bfer_128	 2	 1	 2114.jpg	 4.740962e+01	 24	 999000	 240	 999000	 999	 4.842787e+01	 666.67	 700.00	 58.00	 14	 0.56	 
bfer_128	 2	 1	 2101.jpg	 5.041295e+01	 24	 999000	 240	 999000	 999	 5.143108e+01	 666.67	 700.00	 61.00	 1	 0.48	 
bfer_128	 2	 1	 1204.jpg	 5.241521e+01	 12	 999000	 120	 999000	 999	 5.343347e+01	 666.67	 700.00	 18.00	 25	 0.55	 
bfer_128	 2	 1	 1111.jpg	 5.441750e+01	 12	 999000	 120	 999000	 999	 5.543568e+01	 666.67	 700.00	 13.00	 11	 0.66	 
bfer_128	 2	 1	 1209.jpg	 5.940621e+01	 11	 9.203164e+02	 110	 6.667474e+02	 98	 6.042450e+01	 683.33	 700.00	 11.00	 30	 0.68	 
bfer_128	 2	 1	 2213.jpg	 6.341096e+01	 22	 1.035567e+03	 2200	 7.001053e+02	 98	 6.442898e+01	 683.33	 650.00	 56.00	 34	 0.61	 
bfer_128	 2	 1	 1205.jpg	 6.741538e+01	 12	 999000	 120	 999000	 999	 6.843351e+01	 683.33	 650.00	 10.00	 26	 0.71	 
bfer_128	 2	 1	 1105.jpg	 7.342215e+01	 12	 999000	 120	 999000	 999	 7.444023e+01	 683.33	 650.00	 21.00	 5	 0.46	 
bfer_128	 2	 1	 1103.jpg	 7.540775e+01	 12	 999000	 120	 999000	 999	 7.642574e+01	 683.33	 650.00	 15.00	 3	 0.60	 
bfer_128	 2	 1	 2205.jpg	 7.741004e+01	 22	 9.564928e+02	 220	 6.500879e+02	 98	 7.842799e+01	 683.33	 666.67	 51.00	 26	 0.67	 
bfer_128	 2	 1	 2109.jpg	 7.941213e+01	 24	 999000	 240	 999000	 999	 8.043026e+01	 683.33	 666.67	 47.00	 9	 0.77	 
bfer_128	 2	 1	 1121.jpg	 8.141434e+01	 11	 9.921897e+02	 110	 6.837120e+02	 98	 8.243247e+01	 700.00	 666.67	 16.00	 21	 0.59	 
bfer_128	 2	 1	 1115.jpg	 8.541889e+01	 11	 1.003701e+03	 1100	 7.001061e+02	 98	 8.643714e+01	 650.00	 666.67	 8.00	 15	 0.72	 
bfer_128	 2	 1	 2206.jpg	 8.742109e+01	 24	 999000	 240	 999000	 999	 8.843926e+01	 650.00	 666.67	 60.00	 27	 0.54	 
bfer_128	 2	 1	 1207.jpg	 9.140906e+01	 12	 999000	 120	 999000	 999	 9.242702e+01	 650.00	 666.67	 38.00	 28	 0.18	 
bfer_128	 2	 1	 2103.jpg	 9.341112e+01	 24	 999000	 240	 999000	 999	 9.442932e+01	 650.00	 666.67	 50.00	 3	 0.72	 
bfer_128	 2	 1	 1107.jpg	 9.541341e+01	 12	 999000	 120	 999000	 999	 9.643157e+01	 650.00	 666.67	 37.00	 7	 0.20	 
bfer_128	 2	 1	 2120.jpg	 9.741564e+01	 22	 9.908859e+02	 220	 6.667444e+02	 98	 9.843373e+01	 650.00	 683.33	 54.00	 20	 0.62	 
bfer_128	 2	 1	 2203.jpg	 1.024213e+02	 24	 999000	 240	 999000	 999	 1.034394e+02	 650.00	 683.33	 77.00	 24	 0.14	 
bfer_128	 2	 1	 2106.jpg	 1.044068e+02	 24	 999000	 240	 999000	 999	 1.054249e+02	 650.00	 683.33	 55.00	 6	 0.61	 
bfer_128	 2	 1	 2119.jpg	 1.064091e+02	 24	 999000	 240	 999000	 999	 1.074272e+02	 650.00	 683.33	 78.00	 19	 0.11	 
bfer_128	 2	 1	 2121.jpg	 1.094125e+02	 24	 999000	 240	 999000	 999	 1.104307e+02	 650.00	 683.33	 53.00	 21	 0.63	 
bfer_128	 2	 1	 2115.jpg	 1.164203e+02	 22	 9.382394e+02	 220	 6.836343e+02	 98	 1.174383e+02	 650.00	 700.00	 48.00	 15	 0.76	 
bfer_128	 2	 1	 2214.jpg	 1.204081e+02	 22	 9.264232e+02	 220	 7.000364e+02	 98	 1.214262e+02	 650.00	 716.67	 57.00	 35	 0.59	 
bfer_128	 2	 1	 2210.jpg	 1.274160e+02	 24	 999000	 240	 999000	 999	 1.284340e+02	 650.00	 716.67	 59.00	 31	 0.55	 
