subjectID	 order	 runNum	 itemName	 onsetTime	 shuff_trialType	 RT	 respInTime	 AudioTime	 response	 fixationTime	 ladder1	 ladder2	 bidIndex	 itemNameIndex	 bidValue	 
bfer_133	 1	 11	 1102.jpg	 1.426457e+00	 11	 1.076412e+03	 1100	 7.502250e+02	 98	 2.444670e+00	 700.00	 750.00	 13.00	 2	 0.59	 
bfer_133	 1	 11	 2114.jpg	 6.415484e+00	 24	 999000	 240	 999000	 999	 7.433764e+00	 700.00	 750.00	 51.00	 14	 0.64	 
bfer_133	 1	 11	 1117.jpg	 8.417669e+00	 11	 1.013183e+03	 1100	 7.002346e+02	 98	 9.437202e+00	 650.00	 750.00	 15.00	 17	 0.53	 
bfer_133	 1	 11	 2201.jpg	 1.041985e+01	 24	 999000	 240	 999000	 999	 1.143794e+01	 650.00	 750.00	 43.00	 22	 0.86	 
bfer_133	 1	 11	 1205.jpg	 1.640989e+01	 11	 9.809698e+02	 110	 6.500153e+02	 98	 1.742805e+01	 666.67	 750.00	 7.00	 26	 0.73	 
bfer_133	 1	 11	 2216.jpg	 1.841214e+01	 24	 999000	 240	 999000	 999	 1.943029e+01	 666.67	 750.00	 61.00	 37	 0.50	 
bfer_133	 1	 11	 1204.jpg	 2.141546e+01	 12	 999000	 120	 999000	 999	 2.243357e+01	 666.67	 750.00	 20.00	 25	 0.50	 
bfer_133	 1	 11	 1208.jpg	 2.341781e+01	 12	 999000	 120	 999000	 999	 2.443588e+01	 666.67	 750.00	 14.00	 29	 0.54	 
bfer_133	 1	 11	 2209.jpg	 2.742222e+01	 24	 999000	 240	 999000	 999	 2.844039e+01	 666.67	 750.00	 62.00	 30	 0.50	 
bfer_133	 1	 11	 2116.jpg	 2.940764e+01	 24	 999000	 240	 999000	 999	 3.042598e+01	 666.67	 750.00	 59.00	 16	 0.51	 
bfer_133	 1	 11	 1121.jpg	 3.441345e+01	 12	 999000	 120	 999000	 999	 3.543167e+01	 666.67	 750.00	 21.00	 21	 0.50	 
bfer_133	 1	 11	 1107.jpg	 4.142133e+01	 12	 999000	 120	 999000	 999	 4.243943e+01	 666.67	 750.00	 22.00	 7	 0.49	 
bfer_133	 1	 11	 2211.jpg	 4.342360e+01	 22	 1.087252e+03	 2200	 7.501224e+02	 98	 4.444170e+01	 666.67	 700.00	 50.00	 32	 0.68	 
bfer_133	 1	 11	 2103.jpg	 4.641025e+01	 24	 999000	 240	 999000	 999	 4.742838e+01	 666.67	 700.00	 48.00	 3	 0.71	 
bfer_133	 1	 11	 2105.jpg	 4.941373e+01	 22	 1.009132e+03	 2200	 7.000395e+02	 98	 5.043286e+01	 666.67	 650.00	 55.00	 5	 0.54	 
bfer_133	 1	 11	 1213.jpg	 5.341820e+01	 12	 999000	 120	 999000	 999	 5.443784e+01	 666.67	 650.00	 8.00	 34	 0.71	 
bfer_133	 1	 11	 2203.jpg	 5.742269e+01	 24	 4.081538e+02	 24	 999000	 98	 5.844072e+01	 666.67	 650.00	 78.00	 24	 0.16	 
bfer_133	 1	 11	 2217.jpg	 6.141049e+01	 24	 999000	 240	 999000	 999	 6.242855e+01	 666.67	 650.00	 57.00	 38	 0.53	 
bfer_133	 1	 11	 2213.jpg	 6.441379e+01	 22	 9.850561e+02	 220	 6.500243e+02	 98	 6.543198e+01	 666.67	 666.67	 47.00	 34	 0.72	 
bfer_133	 1	 11	 1214.jpg	 7.042059e+01	 11	 1.050258e+03	 1100	 6.666918e+02	 98	 7.143869e+01	 616.67	 666.67	 12.00	 35	 0.63	 
bfer_133	 1	 11	 2120.jpg	 7.242290e+01	 24	 999000	 240	 999000	 999	 7.344098e+01	 616.67	 666.67	 56.00	 20	 0.54	 
bfer_133	 1	 11	 2218.jpg	 7.540952e+01	 24	 999000	 240	 999000	 999	 7.642768e+01	 616.67	 666.67	 44.00	 39	 0.81	 
bfer_133	 1	 11	 1103.jpg	 7.741182e+01	 12	 999000	 120	 999000	 999	 7.842994e+01	 616.67	 666.67	 17.00	 3	 0.52	 
bfer_133	 1	 11	 1115.jpg	 7.941407e+01	 11	 9.607803e+02	 110	 6.166915e+02	 98	 8.043226e+01	 633.33	 666.67	 18.00	 15	 0.51	 
bfer_133	 1	 11	 2207.jpg	 8.141647e+01	 22	 9.903869e+02	 220	 6.666926e+02	 98	 8.243440e+01	 633.33	 683.33	 58.00	 28	 0.51	 
bfer_133	 1	 11	 2219.jpg	 8.441964e+01	 24	 999000	 240	 999000	 999	 8.543773e+01	 633.33	 683.33	 49.00	 40	 0.69	 
bfer_133	 1	 11	 2102.jpg	 8.842415e+01	 24	 999000	 240	 999000	 999	 8.944224e+01	 633.33	 683.33	 60.00	 2	 0.50	 
bfer_133	 1	 11	 1120.jpg	 9.040969e+01	 12	 999000	 120	 999000	 999	 9.142782e+01	 633.33	 683.33	 38.00	 20	 0.22	 
bfer_133	 1	 11	 1105.jpg	 9.241203e+01	 12	 999000	 120	 999000	 999	 9.343015e+01	 633.33	 683.33	 16.00	 5	 0.53	 
bfer_133	 1	 11	 1218.jpg	 9.441424e+01	 12	 999000	 120	 999000	 999	 9.543238e+01	 633.33	 683.33	 4.00	 39	 0.83	 
bfer_133	 1	 11	 2113.jpg	 9.641645e+01	 24	 999000	 240	 999000	 999	 9.743457e+01	 633.33	 683.33	 54.00	 13	 0.55	 
bfer_133	 1	 11	 1217.jpg	 9.841867e+01	 12	 999000	 120	 999000	 999	 9.943681e+01	 633.33	 683.33	 19.00	 38	 0.51	 
bfer_133	 1	 11	 1219.jpg	 1.024232e+02	 11	 9.596621e+02	 110	 6.333977e+02	 98	 1.034413e+02	 650.00	 683.33	 10.00	 40	 0.65	 
bfer_133	 1	 11	 2205.jpg	 1.064112e+02	 22	 1.003662e+03	 2200	 6.833485e+02	 98	 1.074292e+02	 650.00	 633.33	 52.00	 26	 0.64	 
bfer_133	 1	 11	 2212.jpg	 1.084133e+02	 24	 999000	 240	 999000	 999	 1.094315e+02	 650.00	 633.33	 77.00	 33	 0.18	 
bfer_133	 1	 11	 1201.jpg	 1.104156e+02	 12	 999000	 120	 999000	 999	 1.114337e+02	 650.00	 633.33	 3.00	 22	 0.86	 
bfer_133	 1	 11	 2121.jpg	 1.124178e+02	 22	 9.330145e+02	 220	 6.333594e+02	 98	 1.134360e+02	 650.00	 650.00	 53.00	 21	 0.56	 
bfer_133	 1	 11	 1109.jpg	 1.144201e+02	 12	 999000	 120	 999000	 999	 1.154382e+02	 650.00	 650.00	 11.00	 9	 0.64	 
bfer_133	 1	 11	 1212.jpg	 1.204101e+02	 12	 999000	 120	 999000	 999	 1.214283e+02	 650.00	 650.00	 37.00	 33	 0.23	 
bfer_133	 1	 11	 1110.jpg	 1.224124e+02	 12	 999000	 120	 999000	 999	 1.234305e+02	 650.00	 650.00	 9.00	 10	 0.68	 
