subjectID	 order	 runNum	 itemName	 onsetTime	 shuff_trialType	 RT	 respInTime	 AudioTime	 response	 fixationTime	 ladder1	 ladder2	 bidIndex	 itemNameIndex	 bidValue	 
bfer_105	 1	 18	 1213.jpg	 1.044219e+03	 12	 999000	 120	 999000	 999	 1.045238e+03	 716.67	 783.33	 11.00	 34	 0.64	 
bfer_105	 1	 18	 1203.jpg	 1.047206e+03	 12	 999000	 120	 999000	 999	 1.048224e+03	 716.67	 783.33	 37.00	 24	 0.17	 
bfer_105	 1	 18	 1114.jpg	 1.051211e+03	 11	 9.004013e+02	 110	 7.166841e+02	 98	 1.052229e+03	 733.33	 783.33	 18.00	 14	 0.55	 
bfer_105	 1	 18	 1209.jpg	 1.053213e+03	 12	 999000	 120	 999000	 999	 1.054231e+03	 733.33	 783.33	 14.00	 30	 0.57	 
bfer_105	 1	 18	 1101.jpg	 1.055215e+03	 12	 999000	 120	 999000	 999	 1.056233e+03	 733.33	 783.33	 17.00	 1	 0.55	 
bfer_105	 1	 18	 2206.jpg	 1.059220e+03	 22	 7.474327e+02	 22	 7.833554e+02	 98	 1.060238e+03	 733.33	 800.00	 52.00	 27	 0.68	 
bfer_105	 1	 18	 2120.jpg	 1.061222e+03	 24	 999000	 240	 999000	 999	 1.062240e+03	 733.33	 800.00	 78.00	 20	 0.19	 
bfer_105	 1	 18	 1121.jpg	 1.066211e+03	 12	 999000	 120	 999000	 999	 1.067229e+03	 733.33	 800.00	 3.00	 21	 0.82	 
bfer_105	 1	 18	 1104.jpg	 1.068213e+03	 11	 8.580164e+02	 110	 7.333487e+02	 98	 1.069231e+03	 750.00	 800.00	 13.00	 4	 0.58	 
bfer_105	 1	 18	 2204.jpg	 1.071216e+03	 24	 999000	 240	 999000	 999	 1.072235e+03	 750.00	 800.00	 77.00	 25	 0.24	 
bfer_105	 1	 18	 2105.jpg	 1.074220e+03	 22	 9.152663e+02	 220	 8.000126e+02	 98	 1.075238e+03	 750.00	 816.67	 53.00	 5	 0.67	 
bfer_105	 1	 18	 1115.jpg	 1.078208e+03	 12	 999000	 120	 999000	 999	 1.079226e+03	 750.00	 816.67	 8.00	 15	 0.68	 
bfer_105	 1	 18	 1107.jpg	 1.081211e+03	 12	 999000	 120	 999000	 999	 1.082229e+03	 750.00	 816.67	 4.00	 7	 0.81	 
bfer_105	 1	 18	 2217.jpg	 1.083213e+03	 24	 999000	 240	 999000	 999	 1.084231e+03	 750.00	 816.67	 51.00	 38	 0.71	 
bfer_105	 1	 18	 2109.jpg	 1.086217e+03	 24	 999000	 240	 999000	 999	 1.087235e+03	 750.00	 816.67	 59.00	 9	 0.55	 
bfer_105	 1	 18	 1212.jpg	 1.090221e+03	 12	 999000	 120	 999000	 999	 1.091239e+03	 750.00	 816.67	 38.00	 33	 0.16	 
bfer_105	 1	 18	 2207.jpg	 1.093208e+03	 24	 999000	 240	 999000	 999	 1.094226e+03	 750.00	 816.67	 61.00	 28	 0.52	 
bfer_105	 1	 18	 1106.jpg	 1.095210e+03	 12	 999000	 120	 999000	 999	 1.096228e+03	 750.00	 816.67	 21.00	 6	 0.52	 
bfer_105	 1	 18	 2201.jpg	 1.097212e+03	 24	 999000	 240	 999000	 999	 1.098230e+03	 750.00	 816.67	 43.00	 22	 0.86	 
bfer_105	 1	 18	 1108.jpg	 1.102218e+03	 12	 999000	 120	 999000	 999	 1.103236e+03	 750.00	 816.67	 19.00	 8	 0.53	 
bfer_105	 1	 18	 1110.jpg	 1.106222e+03	 11	 9.046569e+02	 110	 7.500174e+02	 98	 1.107241e+03	 766.67	 816.67	 10.00	 10	 0.65	 
bfer_105	 1	 18	 2114.jpg	 1.110210e+03	 22	 9.727601e+02	 220	 8.166859e+02	 98	 1.111229e+03	 766.67	 833.33	 47.00	 14	 0.78	 
bfer_105	 1	 18	 2219.jpg	 1.116217e+03	 22	 7.180020e+02	 22	 8.333556e+02	 98	 1.117235e+03	 766.67	 850.00	 55.00	 40	 0.61	 
bfer_105	 1	 18	 1118.jpg	 1.118219e+03	 11	 9.557786e+02	 110	 7.666811e+02	 98	 1.119237e+03	 783.33	 850.00	 15.00	 18	 0.57	 
bfer_105	 1	 18	 1116.jpg	 1.120222e+03	 12	 999000	 120	 999000	 999	 1.121240e+03	 783.33	 850.00	 22.00	 16	 0.51	 
bfer_105	 1	 18	 1211.jpg	 1.122207e+03	 12	 999000	 120	 999000	 999	 1.123225e+03	 783.33	 850.00	 16.00	 32	 0.56	 
bfer_105	 1	 18	 1119.jpg	 1.124209e+03	 12	 999000	 120	 999000	 999	 1.125228e+03	 783.33	 850.00	 9.00	 19	 0.68	 
bfer_105	 1	 18	 1109.jpg	 1.128214e+03	 11	 9.531877e+02	 110	 7.833609e+02	 98	 1.129232e+03	 800.00	 850.00	 12.00	 9	 0.59	 
bfer_105	 1	 18	 2110.jpg	 1.130216e+03	 24	 999000	 240	 999000	 999	 1.131234e+03	 800.00	 850.00	 48.00	 10	 0.77	 
bfer_105	 1	 18	 2113.jpg	 1.134221e+03	 24	 999000	 240	 999000	 999	 1.135239e+03	 800.00	 850.00	 54.00	 13	 0.63	 
bfer_105	 1	 18	 2101.jpg	 1.136223e+03	 24	 999000	 240	 999000	 999	 1.137241e+03	 800.00	 850.00	 44.00	 1	 0.81	 
bfer_105	 1	 18	 2118.jpg	 1.138208e+03	 24	 999000	 240	 999000	 999	 1.139226e+03	 800.00	 850.00	 62.00	 18	 0.52	 
bfer_105	 1	 18	 2205.jpg	 1.140211e+03	 24	 999000	 240	 999000	 999	 1.141229e+03	 800.00	 850.00	 49.00	 26	 0.76	 
bfer_105	 1	 18	 2213.jpg	 1.145216e+03	 22	 1.118713e+03	 2200	 8.500169e+02	 98	 1.146251e+03	 800.00	 800.00	 50.00	 34	 0.72	 
bfer_105	 1	 18	 2111.jpg	 1.147219e+03	 24	 999000	 240	 999000	 999	 1.148237e+03	 800.00	 800.00	 57.00	 11	 0.57	 
bfer_105	 1	 18	 2116.jpg	 1.149221e+03	 24	 999000	 240	 999000	 999	 1.150239e+03	 800.00	 800.00	 60.00	 16	 0.55	 
bfer_105	 1	 18	 2106.jpg	 1.152207e+03	 24	 999000	 240	 999000	 999	 1.153226e+03	 800.00	 800.00	 56.00	 6	 0.61	 
bfer_105	 1	 18	 1201.jpg	 1.159215e+03	 11	 9.837319e+02	 110	 8.000259e+02	 98	 1.160233e+03	 816.67	 800.00	 7.00	 22	 0.74	 
bfer_105	 1	 18	 2107.jpg	 1.163220e+03	 22	 1.075194e+03	 2200	 8.000158e+02	 98	 1.164238e+03	 816.67	 750.00	 58.00	 7	 0.56	 
bfer_105	 1	 18	 1117.jpg	 1.170211e+03	 12	 999000	 120	 999000	 999	 1.171229e+03	 816.67	 750.00	 20.00	 17	 0.52	 
