subjectID	 order	 runNum	 itemName	 onsetTime	 shuff_trialType	 RT	 respInTime	 AudioTime	 response	 fixationTime	 ladder1	 ladder2	 bidIndex	 itemNameIndex	 bidValue	 
bfer_145	 1	 3	 2211.jpg	 2.668479e+02	 24	 999000	 240	 999000	 999	 2.678658e+02	 616.67	 683.33	 61.00	 32	 0.53	 
bfer_145	 1	 3	 1103.jpg	 2.698347e+02	 12	 999000	 120	 999000	 999	 2.708524e+02	 616.67	 683.33	 9.00	 3	 0.60	 
bfer_145	 1	 3	 2101.jpg	 2.718369e+02	 22	 9.541501e+02	 220	 6.833576e+02	 98	 2.728547e+02	 616.67	 700.00	 53.00	 1	 0.57	 
bfer_145	 1	 3	 2210.jpg	 2.738392e+02	 24	 999000	 240	 999000	 999	 2.748569e+02	 616.67	 700.00	 78.00	 31	 0.23	 
bfer_145	 1	 3	 1116.jpg	 2.758414e+02	 12	 999000	 120	 999000	 999	 2.768593e+02	 616.67	 700.00	 21.00	 16	 0.49	 
bfer_145	 1	 3	 1209.jpg	 2.788448e+02	 12	 999000	 120	 999000	 999	 2.798625e+02	 616.67	 700.00	 3.00	 30	 0.76	 
bfer_145	 1	 3	 1202.jpg	 2.808471e+02	 11	 9.119922e+02	 110	 6.166922e+02	 98	 2.818648e+02	 633.33	 700.00	 10.00	 23	 0.59	 
bfer_145	 1	 3	 2119.jpg	 2.848349e+02	 24	 999000	 240	 999000	 999	 2.858526e+02	 633.33	 700.00	 77.00	 19	 0.29	 
bfer_145	 1	 3	 1110.jpg	 2.868371e+02	 11	 9.859585e+02	 110	 6.333563e+02	 98	 2.878548e+02	 650.00	 700.00	 7.00	 10	 0.71	 
bfer_145	 1	 3	 2219.jpg	 2.918428e+02	 24	 999000	 240	 999000	 999	 2.928605e+02	 650.00	 700.00	 49.00	 40	 0.61	 
bfer_145	 1	 3	 2115.jpg	 2.938450e+02	 24	 999000	 240	 999000	 999	 2.948627e+02	 650.00	 700.00	 48.00	 15	 0.61	 
bfer_145	 1	 3	 1118.jpg	 2.978494e+02	 12	 999000	 120	 999000	 999	 2.988672e+02	 650.00	 700.00	 20.00	 18	 0.49	 
bfer_145	 1	 3	 1101.jpg	 2.998350e+02	 12	 999000	 120	 999000	 999	 3.008528e+02	 650.00	 700.00	 19.00	 1	 0.51	 
bfer_145	 1	 3	 2218.jpg	 3.028384e+02	 24	 999000	 240	 999000	 999	 3.038562e+02	 650.00	 700.00	 43.00	 39	 0.79	 
bfer_145	 1	 3	 1218.jpg	 3.078440e+02	 12	 999000	 120	 999000	 999	 3.088618e+02	 650.00	 700.00	 37.00	 39	 0.32	 
bfer_145	 1	 3	 1203.jpg	 3.098463e+02	 12	 999000	 120	 999000	 999	 3.108641e+02	 650.00	 700.00	 4.00	 24	 0.74	 
bfer_145	 1	 3	 1213.jpg	 3.118485e+02	 12	 999000	 120	 999000	 999	 3.128663e+02	 650.00	 700.00	 14.00	 34	 0.54	 
bfer_145	 1	 3	 2202.jpg	 3.158363e+02	 24	 999000	 240	 999000	 999	 3.168541e+02	 650.00	 700.00	 51.00	 23	 0.59	 
bfer_145	 1	 3	 1212.jpg	 3.198408e+02	 12	 999000	 120	 999000	 999	 3.208586e+02	 650.00	 700.00	 17.00	 33	 0.52	 
bfer_145	 1	 3	 1216.jpg	 3.238453e+02	 12	 999000	 120	 999000	 999	 3.248631e+02	 650.00	 700.00	 11.00	 37	 0.58	 
bfer_145	 1	 3	 2118.jpg	 3.258476e+02	 24	 999000	 240	 999000	 999	 3.268654e+02	 650.00	 700.00	 60.00	 18	 0.53	 
bfer_145	 1	 3	 2214.jpg	 3.278329e+02	 24	 999000	 240	 999000	 999	 3.288510e+02	 650.00	 700.00	 62.00	 35	 0.52	 
bfer_145	 1	 3	 1208.jpg	 3.298354e+02	 11	 9.156843e+02	 110	 6.500250e+02	 98	 3.308531e+02	 666.67	 700.00	 18.00	 29	 0.52	 
bfer_145	 1	 3	 2111.jpg	 3.318377e+02	 24	 999000	 240	 999000	 999	 3.328554e+02	 666.67	 700.00	 54.00	 11	 0.56	 
bfer_145	 1	 3	 1207.jpg	 3.378444e+02	 12	 999000	 120	 999000	 999	 3.388621e+02	 666.67	 700.00	 8.00	 28	 0.61	 
bfer_145	 1	 3	 2204.jpg	 3.408477e+02	 22	 1.015343e+03	 2200	 7.000159e+02	 98	 3.418677e+02	 666.67	 650.00	 58.00	 25	 0.54	 
bfer_145	 1	 3	 1205.jpg	 3.428335e+02	 12	 999000	 120	 999000	 999	 3.438511e+02	 666.67	 650.00	 16.00	 26	 0.52	 
bfer_145	 1	 3	 2217.jpg	 3.448355e+02	 24	 999000	 240	 999000	 999	 3.458533e+02	 666.67	 650.00	 56.00	 38	 0.55	 
bfer_145	 1	 3	 2117.jpg	 3.478389e+02	 22	 9.441720e+02	 220	 6.500188e+02	 98	 3.488567e+02	 666.67	 666.67	 50.00	 17	 0.60	 
bfer_145	 1	 3	 2203.jpg	 3.498412e+02	 24	 999000	 240	 999000	 999	 3.508590e+02	 666.67	 666.67	 44.00	 24	 0.73	 
bfer_145	 1	 3	 1108.jpg	 3.518434e+02	 12	 999000	 120	 999000	 999	 3.528613e+02	 666.67	 666.67	 22.00	 8	 0.48	 
bfer_145	 1	 3	 1113.jpg	 3.538457e+02	 11	 9.853690e+02	 110	 6.666833e+02	 98	 3.548634e+02	 683.33	 666.67	 12.00	 13	 0.58	 
bfer_145	 1	 3	 1117.jpg	 3.568321e+02	 11	 9.829392e+02	 110	 6.833579e+02	 98	 3.578502e+02	 700.00	 666.67	 13.00	 17	 0.56	 
bfer_145	 1	 3	 2116.jpg	 3.588348e+02	 24	 999000	 240	 999000	 999	 3.598524e+02	 700.00	 666.67	 57.00	 16	 0.54	 
bfer_145	 1	 3	 2206.jpg	 3.608369e+02	 22	 9.541746e+02	 220	 6.666918e+02	 98	 3.618547e+02	 700.00	 683.33	 55.00	 27	 0.55	 
bfer_145	 1	 3	 2201.jpg	 3.628391e+02	 22	 9.279677e+02	 220	 6.833522e+02	 98	 3.638569e+02	 700.00	 700.00	 52.00	 22	 0.58	 
bfer_145	 1	 3	 2112.jpg	 3.648414e+02	 22	 9.096842e+02	 220	 7.000425e+02	 98	 3.658591e+02	 700.00	 716.67	 47.00	 12	 0.62	 
bfer_145	 1	 3	 2216.jpg	 3.708483e+02	 24	 999000	 240	 999000	 999	 3.718660e+02	 700.00	 716.67	 59.00	 37	 0.54	 
bfer_145	 1	 3	 1105.jpg	 3.738348e+02	 11	 9.402837e+02	 110	 7.000565e+02	 98	 3.748527e+02	 716.67	 716.67	 15.00	 5	 0.53	 
bfer_145	 1	 3	 1104.jpg	 3.778393e+02	 12	 999000	 120	 999000	 999	 3.788571e+02	 716.67	 716.67	 38.00	 4	 0.25	 
