subjectID	 order	 runNum	 itemName	 onsetTime	 shuff_trialType	 RT	 respInTime	 AudioTime	 response	 fixationTime	 ladder1	 ladder2	 bidIndex	 itemNameIndex	 bidValue	 
bfer_172	 2	 11	 2115.jpg	 1.324977e+00	 22	 1.001971e+03	 2200	 7.501766e+02	 98	 2.343013e+00	 750.00	 700.00	 57.00	 15	 0.51	 
bfer_172	 2	 11	 2209.jpg	 4.311632e+00	 22	 8.792843e+02	 220	 7.002192e+02	 98	 5.329541e+00	 750.00	 716.67	 51.00	 30	 0.63	 
bfer_172	 2	 11	 1106.jpg	 6.313861e+00	 11	 8.450608e+02	 110	 7.501795e+02	 98	 7.331637e+00	 766.67	 716.67	 11.00	 6	 0.63	 
bfer_172	 2	 11	 1117.jpg	 8.316036e+00	 12	 999000	 120	 999000	 999	 9.333861e+00	 766.67	 716.67	 15.00	 17	 0.56	 
bfer_172	 2	 11	 2218.jpg	 1.030133e+01	 24	 999000	 240	 999000	 999	 1.131945e+01	 766.67	 716.67	 53.00	 39	 0.62	 
bfer_172	 2	 11	 1103.jpg	 1.330507e+01	 11	 9.178454e+02	 110	 7.667084e+02	 98	 1.432283e+01	 783.33	 716.67	 8.00	 3	 0.77	 
bfer_172	 2	 11	 2215.jpg	 1.530731e+01	 24	 999000	 240	 999000	 999	 1.632503e+01	 783.33	 716.67	 62.00	 36	 0.44	 
bfer_172	 2	 11	 1114.jpg	 1.931180e+01	 12	 999000	 120	 999000	 999	 2.032953e+01	 783.33	 716.67	 12.00	 14	 0.61	 
bfer_172	 2	 11	 1120.jpg	 2.131394e+01	 12	 999000	 120	 999000	 999	 2.233173e+01	 783.33	 716.67	 38.00	 20	 0.20	 
bfer_172	 2	 11	 1205.jpg	 2.630292e+01	 11	 9.520196e+02	 110	 7.833562e+02	 98	 2.732079e+01	 800.00	 716.67	 9.00	 26	 0.72	 
bfer_172	 2	 11	 2201.jpg	 2.830516e+01	 24	 999000	 240	 999000	 999	 2.932293e+01	 800.00	 716.67	 44.00	 22	 0.83	 
bfer_172	 2	 11	 2108.jpg	 3.230978e+01	 24	 999000	 240	 999000	 999	 3.332742e+01	 800.00	 716.67	 78.00	 8	 0.17	 
bfer_172	 2	 11	 2109.jpg	 3.431196e+01	 22	 8.709746e+02	 220	 7.166817e+02	 98	 3.532969e+01	 800.00	 733.33	 48.00	 9	 0.73	 
bfer_172	 2	 11	 2113.jpg	 3.731533e+01	 24	 999000	 240	 999000	 999	 3.833307e+01	 800.00	 733.33	 59.00	 13	 0.51	 
bfer_172	 2	 11	 1201.jpg	 4.230424e+01	 12	 999000	 120	 999000	 999	 4.332198e+01	 800.00	 733.33	 4.00	 22	 0.81	 
bfer_172	 2	 11	 2102.jpg	 4.430659e+01	 24	 999000	 240	 999000	 999	 4.532429e+01	 800.00	 733.33	 61.00	 2	 0.48	 
bfer_172	 2	 11	 1113.jpg	 4.630877e+01	 12	 999000	 120	 999000	 999	 4.732656e+01	 800.00	 733.33	 13.00	 13	 0.59	 
bfer_172	 2	 11	 2110.jpg	 5.031333e+01	 24	 999000	 240	 999000	 999	 5.133105e+01	 800.00	 733.33	 47.00	 10	 0.74	 
bfer_172	 2	 11	 2106.jpg	 5.431772e+01	 22	 8.892035e+02	 220	 7.333544e+02	 98	 5.533559e+01	 800.00	 750.00	 54.00	 6	 0.57	 
bfer_172	 2	 11	 2207.jpg	 5.830562e+01	 24	 999000	 240	 999000	 999	 5.932332e+01	 800.00	 750.00	 60.00	 28	 0.49	 
bfer_172	 2	 11	 2103.jpg	 6.030783e+01	 24	 999000	 240	 999000	 999	 6.132558e+01	 800.00	 750.00	 43.00	 3	 0.85	 
bfer_172	 2	 11	 1107.jpg	 6.231007e+01	 12	 999000	 120	 999000	 999	 6.332787e+01	 800.00	 750.00	 37.00	 7	 0.21	 
bfer_172	 2	 11	 1218.jpg	 6.431231e+01	 12	 999000	 120	 999000	 999	 6.533014e+01	 800.00	 750.00	 3.00	 39	 0.83	 
bfer_172	 2	 11	 1216.jpg	 6.631463e+01	 12	 999000	 120	 999000	 999	 6.733234e+01	 800.00	 750.00	 18.00	 37	 0.51	 
bfer_172	 2	 11	 1118.jpg	 7.230466e+01	 12	 999000	 120	 999000	 999	 7.332236e+01	 800.00	 750.00	 21.00	 18	 0.47	 
bfer_172	 2	 11	 1215.jpg	 7.530801e+01	 12	 999000	 120	 999000	 999	 7.632576e+01	 800.00	 750.00	 10.00	 36	 0.70	 
bfer_172	 2	 11	 2114.jpg	 7.731035e+01	 24	 999000	 240	 999000	 999	 7.832809e+01	 800.00	 750.00	 50.00	 14	 0.68	 
bfer_172	 2	 11	 1219.jpg	 7.931251e+01	 12	 999000	 120	 999000	 999	 8.033040e+01	 800.00	 750.00	 7.00	 40	 0.78	 
bfer_172	 2	 11	 2212.jpg	 8.231591e+01	 24	 999000	 240	 999000	 999	 8.333365e+01	 800.00	 750.00	 77.00	 33	 0.20	 
bfer_172	 2	 11	 2217.jpg	 8.431823e+01	 22	 8.167053e+02	 220	 7.500147e+02	 98	 8.533593e+01	 800.00	 766.67	 56.00	 38	 0.55	 
bfer_172	 2	 11	 1111.jpg	 8.630365e+01	 12	 999000	 120	 999000	 999	 8.732142e+01	 800.00	 766.67	 20.00	 11	 0.48	 
bfer_172	 2	 11	 1213.jpg	 8.830591e+01	 12	 999000	 120	 999000	 999	 8.932372e+01	 800.00	 766.67	 22.00	 34	 0.46	 
bfer_172	 2	 11	 2112.jpg	 9.130931e+01	 24	 999000	 240	 999000	 999	 9.232714e+01	 800.00	 766.67	 58.00	 12	 0.51	 
bfer_172	 2	 11	 1217.jpg	 9.331156e+01	 11	 8.313764e+02	 110	 8.000144e+02	 98	 9.432939e+01	 816.67	 766.67	 16.00	 38	 0.53	 
bfer_172	 2	 11	 2117.jpg	 9.531381e+01	 24	 999000	 240	 999000	 999	 9.633158e+01	 816.67	 766.67	 52.00	 17	 0.62	 
bfer_172	 2	 11	 2204.jpg	 9.731602e+01	 22	 8.829231e+02	 220	 7.666903e+02	 98	 9.833382e+01	 816.67	 783.33	 49.00	 25	 0.70	 
bfer_172	 2	 11	 1109.jpg	 9.931829e+01	 11	 7.926396e+02	 11	 8.166904e+02	 98	 1.003361e+02	 833.33	 783.33	 14.00	 9	 0.59	 
bfer_172	 2	 11	 1208.jpg	 1.053084e+02	 11	 8.505512e+02	 110	 8.333536e+02	 98	 1.063262e+02	 850.00	 783.33	 17.00	 29	 0.52	 
bfer_172	 2	 11	 1101.jpg	 1.083118e+02	 12	 999000	 120	 999000	 999	 1.093296e+02	 850.00	 783.33	 19.00	 1	 0.51	 
bfer_172	 2	 11	 2210.jpg	 1.123162e+02	 24	 999000	 240	 999000	 999	 1.133341e+02	 850.00	 783.33	 55.00	 31	 0.56	 
