subjectID	 order	 runNum	 itemName	 onsetTime	 shuff_trialType	 RT	 respInTime	 AudioTime	 response	 fixationTime	 ladder1	 ladder2	 bidIndex	 itemNameIndex	 bidValue	 
bfer_176	 2	 9	 1208.jpg	 9.901905e+02	 12	 999000	 120	 999000	 999	 9.912087e+02	 616.67	 683.33	 13.00	 29	 0.63	 
bfer_176	 2	 9	 1209.jpg	 9.951795e+02	 11	 8.348904e+02	 110	 6.166906e+02	 98	 9.961976e+02	 633.33	 683.33	 14.00	 30	 0.62	 
bfer_176	 2	 9	 2104.jpg	 9.971817e+02	 24	 999000	 240	 999000	 999	 9.981998e+02	 633.33	 683.33	 78.00	 4	 0.24	 
bfer_176	 2	 9	 2117.jpg	 9.991839e+02	 24	 999000	 240	 999000	 999	 1.000202e+03	 633.33	 683.33	 61.00	 17	 0.56	 
bfer_176	 2	 9	 2107.jpg	 1.005191e+03	 24	 999000	 240	 999000	 999	 1.006209e+03	 633.33	 683.33	 77.00	 7	 0.25	 
bfer_176	 2	 9	 1117.jpg	 1.007193e+03	 12	 999000	 120	 999000	 999	 1.008211e+03	 633.33	 683.33	 19.00	 17	 0.56	 
bfer_176	 2	 9	 2108.jpg	 1.010180e+03	 24	 999000	 240	 999000	 999	 1.011198e+03	 633.33	 683.33	 53.00	 8	 0.63	 
bfer_176	 2	 9	 2204.jpg	 1.012182e+03	 24	 999000	 240	 999000	 999	 1.013200e+03	 633.33	 683.33	 58.00	 25	 0.61	 
bfer_176	 2	 9	 2109.jpg	 1.016186e+03	 24	 999000	 240	 999000	 999	 1.017205e+03	 633.33	 683.33	 60.00	 9	 0.58	 
bfer_176	 2	 9	 1205.jpg	 1.018189e+03	 12	 999000	 120	 999000	 999	 1.019207e+03	 633.33	 683.33	 18.00	 26	 0.58	 
bfer_176	 2	 9	 2212.jpg	 1.023194e+03	 22	 8.921610e+02	 220	 6.833547e+02	 98	 1.024212e+03	 633.33	 700.00	 48.00	 33	 0.77	 
bfer_176	 2	 9	 2201.jpg	 1.030185e+03	 24	 999000	 240	 999000	 999	 1.031204e+03	 633.33	 700.00	 59.00	 22	 0.59	 
bfer_176	 2	 9	 2218.jpg	 1.032188e+03	 24	 999000	 240	 999000	 999	 1.033206e+03	 633.33	 700.00	 44.00	 39	 0.89	 
bfer_176	 2	 9	 1203.jpg	 1.035191e+03	 12	 999000	 120	 999000	 999	 1.036209e+03	 633.33	 700.00	 10.00	 24	 0.64	 
bfer_176	 2	 9	 1216.jpg	 1.038178e+03	 12	 999000	 120	 999000	 999	 1.039196e+03	 633.33	 700.00	 20.00	 37	 0.55	 
bfer_176	 2	 9	 2219.jpg	 1.042182e+03	 22	 1.024087e+03	 2200	 7.000170e+02	 98	 1.043200e+03	 633.33	 650.00	 49.00	 40	 0.71	 
bfer_176	 2	 9	 1101.jpg	 1.046187e+03	 12	 999000	 120	 999000	 999	 1.047205e+03	 633.33	 650.00	 38.00	 1	 0.18	 
bfer_176	 2	 9	 1207.jpg	 1.050191e+03	 12	 999000	 120	 999000	 999	 1.051209e+03	 633.33	 650.00	 7.00	 28	 0.67	 
bfer_176	 2	 9	 1217.jpg	 1.053178e+03	 11	 8.447018e+02	 110	 6.333585e+02	 98	 1.054196e+03	 650.00	 650.00	 11.00	 38	 0.64	 
bfer_176	 2	 9	 1110.jpg	 1.059185e+03	 11	 9.656283e+02	 110	 6.500156e+02	 98	 1.060203e+03	 666.67	 650.00	 17.00	 10	 0.59	 
bfer_176	 2	 9	 1214.jpg	 1.061187e+03	 12	 999000	 120	 999000	 999	 1.062205e+03	 666.67	 650.00	 15.00	 35	 0.60	 
bfer_176	 2	 9	 2211.jpg	 1.064190e+03	 24	 999000	 240	 999000	 999	 1.065208e+03	 666.67	 650.00	 43.00	 32	 0.93	 
bfer_176	 2	 9	 1109.jpg	 1.066193e+03	 12	 999000	 120	 999000	 999	 1.067211e+03	 666.67	 650.00	 37.00	 9	 0.21	 
bfer_176	 2	 9	 1210.jpg	 1.068178e+03	 12	 999000	 120	 999000	 999	 1.069196e+03	 666.67	 650.00	 22.00	 31	 0.53	 
bfer_176	 2	 9	 2215.jpg	 1.070181e+03	 24	 999000	 240	 999000	 999	 1.071199e+03	 666.67	 650.00	 47.00	 36	 0.85	 
bfer_176	 2	 9	 1213.jpg	 1.073184e+03	 11	 8.546708e+02	 110	 6.666867e+02	 98	 1.074202e+03	 683.33	 650.00	 16.00	 34	 0.60	 
bfer_176	 2	 9	 2120.jpg	 1.077188e+03	 22	 9.941467e+02	 220	 6.500246e+02	 98	 1.078207e+03	 683.33	 666.67	 56.00	 20	 0.62	 
bfer_176	 2	 9	 2208.jpg	 1.079190e+03	 24	 999000	 240	 999000	 999	 1.080209e+03	 683.33	 666.67	 50.00	 29	 0.71	 
bfer_176	 2	 9	 2202.jpg	 1.081193e+03	 22	 5.336925e+02	 22	 6.667019e+02	 98	 1.082211e+03	 683.33	 683.33	 51.00	 23	 0.67	 
bfer_176	 2	 9	 2121.jpg	 1.083178e+03	 24	 999000	 240	 999000	 999	 1.084196e+03	 683.33	 683.33	 52.00	 21	 0.64	 
bfer_176	 2	 9	 2210.jpg	 1.085181e+03	 22	 8.658205e+02	 220	 6.833462e+02	 98	 1.086199e+03	 683.33	 700.00	 57.00	 31	 0.61	 
bfer_176	 2	 9	 2214.jpg	 1.087183e+03	 24	 999000	 240	 999000	 999	 1.088201e+03	 683.33	 700.00	 55.00	 35	 0.63	 
bfer_176	 2	 9	 1103.jpg	 1.091187e+03	 11	 8.750823e+02	 110	 6.833540e+02	 98	 1.092206e+03	 700.00	 700.00	 9.00	 3	 0.65	 
bfer_176	 2	 9	 1215.jpg	 1.095192e+03	 12	 999000	 120	 999000	 999	 1.096210e+03	 700.00	 700.00	 4.00	 36	 0.83	 
bfer_176	 2	 9	 1202.jpg	 1.097177e+03	 12	 1.141279e+03	 12	 999000	 98	 1.098196e+03	 700.00	 700.00	 3.00	 23	 0.83	 
bfer_176	 2	 9	 2217.jpg	 1.099180e+03	 22	 8.907280e+02	 220	 7.000135e+02	 98	 1.100198e+03	 700.00	 716.67	 54.00	 38	 0.63	 
bfer_176	 2	 9	 1106.jpg	 1.101182e+03	 12	 999000	 120	 999000	 999	 1.102200e+03	 700.00	 716.67	 21.00	 6	 0.54	 
bfer_176	 2	 9	 1204.jpg	 1.103184e+03	 11	 9.023146e+02	 110	 7.000190e+02	 98	 1.104202e+03	 716.67	 716.67	 8.00	 25	 0.65	 
bfer_176	 2	 9	 2111.jpg	 1.109191e+03	 24	 999000	 240	 999000	 999	 1.110209e+03	 716.67	 716.67	 62.00	 11	 0.52	 
bfer_176	 2	 9	 1212.jpg	 1.111193e+03	 12	 999000	 120	 999000	 999	 1.112211e+03	 716.67	 716.67	 12.00	 33	 0.64	 
