subjectID	 order	 runNum	 itemName	 onsetTime	 shuff_trialType	 RT	 respInTime	 AudioTime	 response	 fixationTime	 ladder1	 ladder2	 bidIndex	 itemNameIndex	 bidValue	 
bfer_176	 2	 5	 1212.jpg	 4.914799e+02	 12	 999000	 120	 999000	 999	 4.924983e+02	 683.33	 683.33	 12.00	 33	 0.64	 
bfer_176	 2	 5	 2109.jpg	 4.944835e+02	 24	 999000	 240	 999000	 999	 4.955017e+02	 683.33	 683.33	 60.00	 9	 0.58	 
bfer_176	 2	 5	 2219.jpg	 4.964858e+02	 22	 9.686213e+02	 220	 6.833549e+02	 98	 4.975038e+02	 683.33	 700.00	 49.00	 40	 0.71	 
bfer_176	 2	 5	 1101.jpg	 4.984880e+02	 12	 999000	 120	 999000	 999	 4.995061e+02	 683.33	 700.00	 38.00	 1	 0.18	 
bfer_176	 2	 5	 2215.jpg	 5.004734e+02	 24	 999000	 240	 999000	 999	 5.014917e+02	 683.33	 700.00	 47.00	 36	 0.85	 
bfer_176	 2	 5	 1106.jpg	 5.034770e+02	 12	 999000	 120	 999000	 999	 5.044951e+02	 683.33	 700.00	 21.00	 6	 0.54	 
bfer_176	 2	 5	 2217.jpg	 5.054792e+02	 22	 9.991943e+02	 220	 7.000169e+02	 98	 5.064975e+02	 683.33	 716.67	 54.00	 38	 0.63	 
bfer_176	 2	 5	 1203.jpg	 5.094837e+02	 12	 999000	 120	 999000	 999	 5.105020e+02	 683.33	 716.67	 10.00	 24	 0.64	 
bfer_176	 2	 5	 1213.jpg	 5.114859e+02	 11	 9.285106e+02	 110	 6.833539e+02	 98	 5.125041e+02	 700.00	 716.67	 16.00	 34	 0.60	 
bfer_176	 2	 5	 2201.jpg	 5.164751e+02	 24	 999000	 240	 999000	 999	 5.174930e+02	 700.00	 716.67	 59.00	 22	 0.59	 
bfer_176	 2	 5	 1205.jpg	 5.184771e+02	 12	 999000	 120	 999000	 999	 5.194952e+02	 700.00	 716.67	 18.00	 26	 0.58	 
bfer_176	 2	 5	 1103.jpg	 5.224816e+02	 11	 9.248241e+02	 110	 7.000171e+02	 98	 5.234998e+02	 716.67	 716.67	 9.00	 3	 0.65	 
bfer_176	 2	 5	 1216.jpg	 5.244839e+02	 12	 999000	 120	 999000	 999	 5.255021e+02	 716.67	 716.67	 20.00	 37	 0.55	 
bfer_176	 2	 5	 2108.jpg	 5.274873e+02	 24	 999000	 240	 999000	 999	 5.285054e+02	 716.67	 716.67	 53.00	 8	 0.63	 
bfer_176	 2	 5	 1109.jpg	 5.324762e+02	 12	 999000	 120	 999000	 999	 5.334944e+02	 716.67	 716.67	 37.00	 9	 0.21	 
bfer_176	 2	 5	 2211.jpg	 5.344784e+02	 24	 999000	 240	 999000	 999	 5.354966e+02	 716.67	 716.67	 43.00	 32	 0.93	 
bfer_176	 2	 5	 1214.jpg	 5.364807e+02	 12	 999000	 120	 999000	 999	 5.374988e+02	 716.67	 716.67	 15.00	 35	 0.60	 
bfer_176	 2	 5	 1117.jpg	 5.404852e+02	 12	 999000	 120	 999000	 999	 5.415033e+02	 716.67	 716.67	 19.00	 17	 0.56	 
bfer_176	 2	 5	 2212.jpg	 5.444897e+02	 22	 9.487449e+02	 220	 7.166914e+02	 98	 5.455078e+02	 716.67	 733.33	 48.00	 33	 0.77	 
bfer_176	 2	 5	 1207.jpg	 5.484776e+02	 12	 999000	 120	 999000	 999	 5.494957e+02	 716.67	 733.33	 7.00	 28	 0.67	 
bfer_176	 2	 5	 2218.jpg	 5.504798e+02	 24	 999000	 240	 999000	 999	 5.514979e+02	 716.67	 733.33	 44.00	 39	 0.89	 
bfer_176	 2	 5	 1110.jpg	 5.524820e+02	 11	 1.028439e+03	 1100	 7.166968e+02	 98	 5.535001e+02	 666.67	 733.33	 17.00	 10	 0.59	 
bfer_176	 2	 5	 2204.jpg	 5.544842e+02	 24	 999000	 240	 999000	 999	 5.555024e+02	 666.67	 733.33	 58.00	 25	 0.61	 
bfer_176	 2	 5	 2210.jpg	 5.564865e+02	 22	 1.063937e+03	 2200	 7.333624e+02	 98	 5.575046e+02	 666.67	 683.33	 57.00	 31	 0.61	 
bfer_176	 2	 5	 2104.jpg	 5.624766e+02	 24	 999000	 240	 999000	 999	 5.634947e+02	 666.67	 683.33	 78.00	 4	 0.24	 
bfer_176	 2	 5	 1217.jpg	 5.654799e+02	 11	 9.185117e+02	 110	 6.666817e+02	 98	 5.664981e+02	 683.33	 683.33	 11.00	 38	 0.64	 
bfer_176	 2	 5	 2121.jpg	 5.674822e+02	 24	 999000	 240	 999000	 999	 5.685003e+02	 683.33	 683.33	 52.00	 21	 0.64	 
bfer_176	 2	 5	 2117.jpg	 5.694845e+02	 24	 999000	 240	 999000	 999	 5.705027e+02	 683.33	 683.33	 61.00	 17	 0.56	 
bfer_176	 2	 5	 2202.jpg	 5.724878e+02	 22	 9.105950e+02	 220	 6.833650e+02	 98	 5.735059e+02	 683.33	 700.00	 51.00	 23	 0.67	 
bfer_176	 2	 5	 1202.jpg	 5.744901e+02	 12	 999000	 120	 999000	 999	 5.755083e+02	 683.33	 700.00	 3.00	 23	 0.83	 
bfer_176	 2	 5	 2208.jpg	 5.764757e+02	 24	 999000	 240	 999000	 999	 5.774938e+02	 683.33	 700.00	 50.00	 29	 0.71	 
bfer_176	 2	 5	 1209.jpg	 5.784778e+02	 11	 9.685849e+02	 110	 6.833474e+02	 98	 5.794961e+02	 700.00	 700.00	 14.00	 30	 0.62	 
bfer_176	 2	 5	 2214.jpg	 5.814813e+02	 24	 999000	 240	 999000	 999	 5.824994e+02	 700.00	 700.00	 55.00	 35	 0.63	 
bfer_176	 2	 5	 1215.jpg	 5.834835e+02	 12	 999000	 120	 999000	 999	 5.845016e+02	 700.00	 700.00	 4.00	 36	 0.83	 
bfer_176	 2	 5	 1204.jpg	 5.854858e+02	 11	 9.286262e+02	 110	 7.000257e+02	 98	 5.865039e+02	 716.67	 700.00	 8.00	 25	 0.65	 
bfer_176	 2	 5	 1208.jpg	 5.874880e+02	 12	 999000	 120	 999000	 999	 5.885061e+02	 716.67	 700.00	 13.00	 29	 0.63	 
bfer_176	 2	 5	 2107.jpg	 5.894902e+02	 24	 999000	 240	 999000	 999	 5.905084e+02	 716.67	 700.00	 77.00	 7	 0.25	 
bfer_176	 2	 5	 2111.jpg	 5.954803e+02	 24	 999000	 240	 999000	 999	 5.964985e+02	 716.67	 700.00	 62.00	 11	 0.52	 
bfer_176	 2	 5	 2120.jpg	 5.984837e+02	 22	 9.067956e+02	 220	 7.000204e+02	 98	 5.995018e+02	 716.67	 716.67	 56.00	 20	 0.62	 
bfer_176	 2	 5	 1210.jpg	 6.024882e+02	 12	 999000	 120	 999000	 999	 6.035063e+02	 716.67	 716.67	 22.00	 31	 0.53	 
