subjectID	 order	 runNum	 itemName	 onsetTime	 shuff_trialType	 RT	 respInTime	 AudioTime	 response	 fixationTime	 ladder1	 ladder2	 bidIndex	 itemNameIndex	 bidValue	 
bfer_118	 2	 14	 2210.jpg	 4.178717e+02	 24	 999000	 240	 999000	 999	 4.188899e+02	 783.33	 716.67	 59.00	 31	 0.55	 
bfer_118	 2	 14	 1109.jpg	 4.198570e+02	 11	 1.021797e+03	 1100	 7.833610e+02	 98	 4.208754e+02	 733.33	 716.67	 11.00	 9	 0.66	 
bfer_118	 2	 14	 2105.jpg	 4.238618e+02	 24	 999000	 240	 999000	 999	 4.248799e+02	 733.33	 716.67	 44.00	 5	 0.75	 
bfer_118	 2	 14	 2115.jpg	 4.268652e+02	 24	 999000	 240	 999000	 999	 4.278834e+02	 733.33	 716.67	 61.00	 15	 0.48	 
bfer_118	 2	 14	 1218.jpg	 4.288674e+02	 12	 999000	 120	 999000	 999	 4.298856e+02	 733.33	 716.67	 4.00	 39	 0.75	 
bfer_118	 2	 14	 1219.jpg	 4.318709e+02	 12	 999000	 120	 999000	 999	 4.328889e+02	 733.33	 716.67	 22.00	 40	 0.47	 
bfer_118	 2	 14	 1118.jpg	 4.358587e+02	 11	 9.721200e+02	 110	 7.333836e+02	 98	 4.368769e+02	 750.00	 716.67	 14.00	 18	 0.60	 
bfer_118	 2	 14	 1216.jpg	 4.398631e+02	 12	 999000	 120	 999000	 999	 4.408813e+02	 750.00	 716.67	 20.00	 37	 0.50	 
bfer_118	 2	 14	 2114.jpg	 4.418654e+02	 24	 999000	 240	 999000	 999	 4.428835e+02	 750.00	 716.67	 77.00	 14	 0.29	 
bfer_118	 2	 14	 2217.jpg	 4.468710e+02	 24	 999000	 240	 999000	 999	 4.478891e+02	 750.00	 716.67	 52.00	 38	 0.59	 
bfer_118	 2	 14	 1205.jpg	 4.488563e+02	 12	 999000	 120	 999000	 999	 4.498746e+02	 750.00	 716.67	 10.00	 26	 0.67	 
bfer_118	 2	 14	 2201.jpg	 4.508588e+02	 24	 999000	 240	 999000	 999	 4.518770e+02	 750.00	 716.67	 47.00	 22	 0.65	 
bfer_118	 2	 14	 1104.jpg	 4.568656e+02	 12	 3.491570e+02	 12	 999000	 98	 4.578837e+02	 750.00	 716.67	 19.00	 4	 0.50	 
bfer_118	 2	 14	 1203.jpg	 4.588679e+02	 11	 999000	 1	 7.500179e+02	 999	 4.598859e+02	 700.00	 716.67	 16.00	 24	 0.57	 
bfer_118	 2	 14	 2214.jpg	 4.608701e+02	 22	 1.064713e+03	 2200	 7.167141e+02	 98	 4.618883e+02	 700.00	 666.67	 48.00	 35	 0.65	 
bfer_118	 2	 14	 2208.jpg	 4.628723e+02	 22	 9.025372e+02	 220	 6.666938e+02	 98	 4.638905e+02	 700.00	 683.33	 57.00	 29	 0.56	 
bfer_118	 2	 14	 1201.jpg	 4.668602e+02	 12	 999000	 120	 999000	 999	 4.678783e+02	 700.00	 683.33	 15.00	 22	 0.58	 
bfer_118	 2	 14	 2202.jpg	 4.708646e+02	 22	 9.982437e+02	 220	 6.833509e+02	 98	 4.718828e+02	 700.00	 700.00	 56.00	 23	 0.57	 
bfer_118	 2	 14	 2218.jpg	 4.738680e+02	 24	 999000	 240	 999000	 999	 4.748862e+02	 700.00	 700.00	 55.00	 39	 0.57	 
bfer_118	 2	 14	 2110.jpg	 4.778725e+02	 22	 9.103299e+02	 220	 7.000251e+02	 98	 4.788907e+02	 700.00	 716.67	 49.00	 10	 0.64	 
bfer_118	 2	 14	 2215.jpg	 4.808592e+02	 24	 999000	 240	 999000	 999	 4.818773e+02	 700.00	 716.67	 60.00	 36	 0.49	 
bfer_118	 2	 14	 2118.jpg	 4.828614e+02	 22	 9.134197e+02	 220	 7.166817e+02	 98	 4.838796e+02	 700.00	 733.33	 51.00	 18	 0.59	 
bfer_118	 2	 14	 2205.jpg	 4.868660e+02	 22	 9.808669e+02	 220	 7.333495e+02	 98	 4.878840e+02	 700.00	 750.00	 54.00	 26	 0.58	 
bfer_118	 2	 14	 2219.jpg	 4.888682e+02	 24	 4.426285e+02	 24	 999000	 98	 4.898863e+02	 700.00	 750.00	 58.00	 40	 0.55	 
bfer_118	 2	 14	 1107.jpg	 4.908704e+02	 12	 999000	 120	 999000	 999	 4.918886e+02	 700.00	 750.00	 37.00	 7	 0.22	 
bfer_118	 2	 14	 1213.jpg	 4.948583e+02	 12	 999000	 120	 999000	 999	 4.958764e+02	 700.00	 750.00	 21.00	 34	 0.49	 
bfer_118	 2	 14	 1117.jpg	 4.968605e+02	 12	 999000	 120	 999000	 999	 4.978786e+02	 700.00	 750.00	 18.00	 17	 0.50	 
bfer_118	 2	 14	 1212.jpg	 5.008651e+02	 12	 999000	 120	 999000	 999	 5.018831e+02	 700.00	 750.00	 3.00	 33	 0.78	 
bfer_118	 2	 14	 1103.jpg	 5.048695e+02	 12	 999000	 120	 999000	 999	 5.058876e+02	 700.00	 750.00	 7.00	 3	 0.69	 
bfer_118	 2	 14	 1208.jpg	 5.078728e+02	 11	 1.005984e+03	 1100	 7.000177e+02	 98	 5.088912e+02	 650.00	 750.00	 8.00	 29	 0.69	 
bfer_118	 2	 14	 1105.jpg	 5.138629e+02	 11	 9.198568e+02	 110	 6.500255e+02	 98	 5.148810e+02	 666.67	 750.00	 9.00	 5	 0.69	 
bfer_118	 2	 14	 2206.jpg	 5.158652e+02	 24	 999000	 240	 999000	 999	 5.168835e+02	 666.67	 750.00	 50.00	 27	 0.63	 
bfer_118	 2	 14	 2207.jpg	 5.198697e+02	 24	 999000	 240	 999000	 999	 5.208878e+02	 666.67	 750.00	 43.00	 28	 0.76	 
bfer_118	 2	 14	 1108.jpg	 5.218720e+02	 12	 999000	 120	 999000	 999	 5.228901e+02	 666.67	 750.00	 38.00	 8	 0.19	 
bfer_118	 2	 14	 2120.jpg	 5.238572e+02	 24	 999000	 240	 999000	 999	 5.248756e+02	 666.67	 750.00	 78.00	 20	 0.27	 
bfer_118	 2	 14	 2112.jpg	 5.258598e+02	 24	 999000	 240	 999000	 999	 5.268779e+02	 666.67	 750.00	 62.00	 12	 0.46	 
bfer_118	 2	 14	 1110.jpg	 5.308655e+02	 12	 999000	 120	 999000	 999	 5.318835e+02	 666.67	 750.00	 12.00	 10	 0.64	 
bfer_118	 2	 14	 1121.jpg	 5.328677e+02	 11	 9.471441e+02	 110	 6.666872e+02	 98	 5.338857e+02	 683.33	 750.00	 17.00	 21	 0.55	 
bfer_118	 2	 14	 1214.jpg	 5.348699e+02	 12	 999000	 120	 999000	 999	 5.358880e+02	 683.33	 750.00	 13.00	 35	 0.60	 
bfer_118	 2	 14	 2209.jpg	 5.378732e+02	 24	 999000	 240	 999000	 999	 5.388914e+02	 683.33	 750.00	 53.00	 30	 0.58	 
