subjectID	 order	 runNum	 itemName	 onsetTime	 shuff_trialType	 RT	 respInTime	 AudioTime	 response	 fixationTime	 ladder1	 ladder2	 bidIndex	 itemNameIndex	 bidValue	 
bfer_147	 1	 9	 2103.jpg	 1.037792e+03	 24	 999000	 240	 999000	 999	 1.038810e+03	 816.67	 750.00	 57.00	 3	 0.57	 
bfer_147	 1	 9	 1213.jpg	 1.042781e+03	 12	 999000	 120	 999000	 999	 1.043799e+03	 816.67	 750.00	 17.00	 34	 0.54	 
bfer_147	 1	 9	 2206.jpg	 1.044783e+03	 22	 9.276259e+02	 220	 7.500172e+02	 98	 1.045801e+03	 816.67	 766.67	 47.00	 27	 0.68	 
bfer_147	 1	 9	 2207.jpg	 1.046785e+03	 24	 999000	 240	 999000	 999	 1.047804e+03	 816.67	 766.67	 43.00	 28	 0.79	 
bfer_147	 1	 9	 2204.jpg	 1.052792e+03	 24	 999000	 240	 999000	 999	 1.053810e+03	 816.67	 766.67	 59.00	 25	 0.53	 
bfer_147	 1	 9	 1215.jpg	 1.054794e+03	 11	 9.162398e+02	 110	 8.166840e+02	 98	 1.055812e+03	 833.33	 766.67	 13.00	 36	 0.59	 
bfer_147	 1	 9	 2118.jpg	 1.057781e+03	 24	 999000	 240	 999000	 999	 1.058799e+03	 833.33	 766.67	 56.00	 18	 0.57	 
bfer_147	 1	 9	 1206.jpg	 1.059783e+03	 11	 7.833640e+02	 11	 8.333516e+02	 98	 1.060802e+03	 850.00	 766.67	 10.00	 27	 0.66	 
bfer_147	 1	 9	 1121.jpg	 1.063788e+03	 12	 999000	 120	 999000	 999	 1.064806e+03	 850.00	 766.67	 14.00	 21	 0.58	 
bfer_147	 1	 9	 2104.jpg	 1.065790e+03	 22	 9.206358e+02	 220	 7.666853e+02	 98	 1.066808e+03	 850.00	 783.33	 53.00	 4	 0.60	 
bfer_147	 1	 9	 2106.jpg	 1.070779e+03	 24	 999000	 240	 999000	 999	 1.071797e+03	 850.00	 783.33	 44.00	 6	 0.76	 
bfer_147	 1	 9	 2115.jpg	 1.077787e+03	 24	 999000	 240	 999000	 999	 1.078805e+03	 850.00	 783.33	 62.00	 15	 0.50	 
bfer_147	 1	 9	 2218.jpg	 1.079789e+03	 24	 999000	 240	 999000	 999	 1.080807e+03	 850.00	 783.33	 51.00	 39	 0.61	 
bfer_147	 1	 9	 1106.jpg	 1.082793e+03	 12	 999000	 120	 999000	 999	 1.083811e+03	 850.00	 783.33	 4.00	 6	 0.73	 
bfer_147	 1	 9	 2214.jpg	 1.085779e+03	 22	 9.877549e+02	 220	 7.833921e+02	 98	 1.086797e+03	 850.00	 800.00	 55.00	 35	 0.58	 
bfer_147	 1	 9	 2102.jpg	 1.089784e+03	 24	 999000	 240	 999000	 999	 1.090802e+03	 850.00	 800.00	 61.00	 2	 0.51	 
bfer_147	 1	 9	 2211.jpg	 1.093788e+03	 22	 9.945571e+02	 220	 8.000131e+02	 98	 1.094806e+03	 850.00	 816.67	 52.00	 32	 0.61	 
bfer_147	 1	 9	 1109.jpg	 1.097793e+03	 12	 999000	 120	 999000	 999	 1.098811e+03	 850.00	 816.67	 11.00	 9	 0.65	 
bfer_147	 1	 9	 1218.jpg	 1.100779e+03	 11	 9.475502e+02	 110	 8.500370e+02	 98	 1.101814e+03	 866.67	 816.67	 12.00	 39	 0.60	 
bfer_147	 1	 9	 1101.jpg	 1.106786e+03	 11	 8.205365e+02	 11	 8.666796e+02	 98	 1.107838e+03	 883.33	 816.67	 7.00	 1	 0.69	 
bfer_147	 1	 9	 1112.jpg	 1.108788e+03	 12	 999000	 120	 999000	 999	 1.109806e+03	 883.33	 816.67	 9.00	 12	 0.66	 
bfer_147	 1	 9	 2117.jpg	 1.111792e+03	 22	 9.749418e+02	 220	 8.166885e+02	 98	 1.112810e+03	 883.33	 833.33	 58.00	 17	 0.54	 
bfer_147	 1	 9	 1113.jpg	 1.113794e+03	 11	 1.068692e+03	 1100	 8.833595e+02	 98	 1.114862e+03	 833.33	 833.33	 18.00	 13	 0.52	 
bfer_147	 1	 9	 1111.jpg	 1.115779e+03	 12	 999000	 120	 999000	 999	 1.116798e+03	 833.33	 833.33	 22.00	 11	 0.49	 
bfer_147	 1	 9	 1107.jpg	 1.117782e+03	 12	 999000	 120	 999000	 999	 1.118800e+03	 833.33	 833.33	 20.00	 7	 0.51	 
bfer_147	 1	 9	 1209.jpg	 1.120785e+03	 11	 1.029496e+03	 1100	 8.333827e+02	 98	 1.121803e+03	 783.33	 833.33	 15.00	 30	 0.58	 
bfer_147	 1	 9	 2212.jpg	 1.124790e+03	 24	 999000	 240	 999000	 999	 1.125808e+03	 783.33	 833.33	 78.00	 33	 0.22	 
bfer_147	 1	 9	 1119.jpg	 1.126792e+03	 12	 999000	 120	 999000	 999	 1.127810e+03	 783.33	 833.33	 38.00	 19	 0.18	 
bfer_147	 1	 9	 1120.jpg	 1.128794e+03	 12	 999000	 120	 999000	 999	 1.129812e+03	 783.33	 833.33	 21.00	 20	 0.50	 
bfer_147	 1	 9	 1205.jpg	 1.130779e+03	 12	 999000	 120	 999000	 999	 1.131798e+03	 783.33	 833.33	 3.00	 26	 0.75	 
bfer_147	 1	 9	 1214.jpg	 1.132782e+03	 12	 999000	 120	 999000	 999	 1.133800e+03	 783.33	 833.33	 19.00	 35	 0.52	 
bfer_147	 1	 9	 2120.jpg	 1.134784e+03	 24	 999000	 240	 999000	 999	 1.135802e+03	 783.33	 833.33	 77.00	 20	 0.22	 
bfer_147	 1	 9	 2105.jpg	 1.138789e+03	 24	 999000	 240	 999000	 999	 1.139807e+03	 783.33	 833.33	 49.00	 5	 0.67	 
bfer_147	 1	 9	 2208.jpg	 1.142793e+03	 22	 1.005495e+03	 2200	 8.333584e+02	 98	 1.143811e+03	 783.33	 783.33	 50.00	 29	 0.63	 
bfer_147	 1	 9	 2107.jpg	 1.144779e+03	 24	 999000	 240	 999000	 999	 1.145797e+03	 783.33	 783.33	 54.00	 7	 0.59	 
bfer_147	 1	 9	 2101.jpg	 1.146781e+03	 24	 999000	 240	 999000	 999	 1.147799e+03	 783.33	 783.33	 60.00	 1	 0.52	 
bfer_147	 1	 9	 2219.jpg	 1.148783e+03	 24	 999000	 240	 999000	 999	 1.149802e+03	 783.33	 783.33	 48.00	 40	 0.67	 
bfer_147	 1	 9	 1211.jpg	 1.150786e+03	 12	 999000	 120	 999000	 999	 1.151804e+03	 783.33	 783.33	 8.00	 32	 0.69	 
bfer_147	 1	 9	 1217.jpg	 1.156792e+03	 12	 999000	 120	 999000	 999	 1.157810e+03	 783.33	 783.33	 16.00	 38	 0.55	 
bfer_147	 1	 9	 1210.jpg	 1.158795e+03	 12	 999000	 120	 999000	 999	 1.159813e+03	 783.33	 783.33	 37.00	 31	 0.21	 
