subjectID	 order	 runNum	 itemName	 onsetTime	 shuff_trialType	 RT	 respInTime	 AudioTime	 response	 fixationTime	 ladder1	 ladder2	 bidIndex	 itemNameIndex	 bidValue	 
bfer_104	 2	 2	 1120.jpg	 1.162411e+02	 12	 999000	 120	 999000	 999	 1.172595e+02	 583.33	 650.00	 18.00	 20	 0.55	 
bfer_104	 2	 2	 2110.jpg	 1.192444e+02	 24	 999000	 240	 999000	 999	 1.202628e+02	 583.33	 650.00	 52.00	 10	 0.66	 
bfer_104	 2	 2	 2102.jpg	 1.232322e+02	 24	 999000	 240	 999000	 999	 1.242507e+02	 583.33	 650.00	 53.00	 2	 0.65	 
bfer_104	 2	 2	 1117.jpg	 1.252345e+02	 12	 999000	 120	 999000	 999	 1.262530e+02	 583.33	 650.00	 19.00	 17	 0.52	 
bfer_104	 2	 2	 2216.jpg	 1.272368e+02	 24	 999000	 240	 999000	 999	 1.282551e+02	 583.33	 650.00	 60.00	 37	 0.57	 
bfer_104	 2	 2	 1115.jpg	 1.312413e+02	 11	 8.454190e+02	 110	 5.833794e+02	 98	 1.322596e+02	 600.00	 650.00	 9.00	 15	 0.69	 
bfer_104	 2	 2	 2217.jpg	 1.332435e+02	 24	 999000	 240	 999000	 999	 1.342619e+02	 600.00	 650.00	 55.00	 38	 0.64	 
bfer_104	 2	 2	 1110.jpg	 1.382324e+02	 11	 9.902251e+02	 110	 6.000461e+02	 98	 1.392509e+02	 616.67	 650.00	 14.00	 10	 0.60	 
bfer_104	 2	 2	 1108.jpg	 1.402347e+02	 12	 999000	 120	 999000	 999	 1.412530e+02	 616.67	 650.00	 38.00	 8	 0.18	 
bfer_104	 2	 2	 2218.jpg	 1.432380e+02	 22	 9.286228e+02	 220	 6.500823e+02	 98	 1.442564e+02	 616.67	 666.67	 51.00	 39	 0.67	 
bfer_104	 2	 2	 2211.jpg	 1.462414e+02	 22	 9.732247e+02	 220	 6.667053e+02	 98	 1.472599e+02	 616.67	 683.33	 54.00	 32	 0.65	 
bfer_104	 2	 2	 2105.jpg	 1.502290e+02	 24	 999000	 240	 999000	 999	 1.512477e+02	 616.67	 683.33	 43.00	 5	 0.86	 
bfer_104	 2	 2	 2205.jpg	 1.532326e+02	 24	 999000	 240	 999000	 999	 1.542510e+02	 616.67	 683.33	 47.00	 26	 0.75	 
bfer_104	 2	 2	 2219.jpg	 1.552348e+02	 24	 999000	 240	 999000	 999	 1.562532e+02	 616.67	 683.33	 62.00	 40	 0.49	 
bfer_104	 2	 2	 2109.jpg	 1.582382e+02	 22	 1.008489e+03	 2200	 6.833773e+02	 98	 1.592576e+02	 616.67	 633.33	 56.00	 9	 0.63	 
bfer_104	 2	 2	 1118.jpg	 1.622427e+02	 12	 999000	 120	 999000	 999	 1.632610e+02	 616.67	 633.33	 22.00	 18	 0.48	 
bfer_104	 2	 2	 2206.jpg	 1.652294e+02	 22	 8.812697e+02	 220	 6.333555e+02	 98	 1.662477e+02	 616.67	 650.00	 48.00	 27	 0.74	 
bfer_104	 2	 2	 1101.jpg	 1.672317e+02	 12	 999000	 120	 999000	 999	 1.682668e+02	 616.67	 650.00	 3.00	 1	 0.87	 
bfer_104	 2	 2	 1217.jpg	 1.692339e+02	 11	 1.044791e+03	 1100	 6.166895e+02	 98	 1.702523e+02	 566.67	 650.00	 16.00	 38	 0.59	 
bfer_104	 2	 2	 2210.jpg	 1.742395e+02	 24	 999000	 240	 999000	 999	 1.752578e+02	 566.67	 650.00	 77.00	 31	 0.23	 
bfer_104	 2	 2	 1211.jpg	 1.782440e+02	 12	 999000	 120	 999000	 999	 1.792623e+02	 566.67	 650.00	 21.00	 32	 0.50	 
bfer_104	 2	 2	 1109.jpg	 1.822318e+02	 11	 8.708282e+02	 110	 5.667178e+02	 98	 1.832501e+02	 583.33	 650.00	 8.00	 9	 0.71	 
bfer_104	 2	 2	 1102.jpg	 1.882385e+02	 12	 999000	 120	 999000	 999	 1.892569e+02	 583.33	 650.00	 13.00	 2	 0.60	 
bfer_104	 2	 2	 1106.jpg	 1.902408e+02	 12	 999000	 120	 999000	 999	 1.912591e+02	 583.33	 650.00	 15.00	 6	 0.59	 
bfer_104	 2	 2	 1207.jpg	 1.922430e+02	 12	 999000	 120	 999000	 999	 1.932614e+02	 583.33	 650.00	 12.00	 28	 0.63	 
bfer_104	 2	 2	 1205.jpg	 1.942452e+02	 12	 999000	 120	 999000	 999	 1.952636e+02	 583.33	 650.00	 10.00	 26	 0.69	 
bfer_104	 2	 2	 2114.jpg	 1.962308e+02	 24	 999000	 240	 999000	 999	 1.972491e+02	 583.33	 650.00	 44.00	 14	 0.80	 
bfer_104	 2	 2	 1103.jpg	 2.002353e+02	 12	 999000	 120	 999000	 999	 2.012537e+02	 583.33	 650.00	 4.00	 3	 0.85	 
bfer_104	 2	 2	 1203.jpg	 2.022375e+02	 12	 999000	 120	 999000	 999	 2.032561e+02	 583.33	 650.00	 37.00	 24	 0.22	 
bfer_104	 2	 2	 2117.jpg	 2.062420e+02	 24	 999000	 240	 999000	 999	 2.072605e+02	 583.33	 650.00	 58.00	 17	 0.61	 
bfer_104	 2	 2	 2209.jpg	 2.082443e+02	 24	 999000	 240	 999000	 999	 2.092626e+02	 583.33	 650.00	 61.00	 30	 0.57	 
bfer_104	 2	 2	 1218.jpg	 2.102298e+02	 12	 999000	 120	 999000	 999	 2.112482e+02	 583.33	 650.00	 7.00	 39	 0.72	 
bfer_104	 2	 2	 2207.jpg	 2.122321e+02	 24	 999000	 240	 999000	 999	 2.132507e+02	 583.33	 650.00	 59.00	 28	 0.61	 
bfer_104	 2	 2	 2106.jpg	 2.172376e+02	 24	 999000	 240	 999000	 999	 2.182560e+02	 583.33	 650.00	 50.00	 6	 0.71	 
bfer_104	 2	 2	 1213.jpg	 2.192400e+02	 11	 9.266535e+02	 110	 5.833837e+02	 98	 2.202582e+02	 600.00	 650.00	 17.00	 34	 0.57	 
bfer_104	 2	 2	 1206.jpg	 2.212422e+02	 12	 999000	 120	 999000	 999	 2.222606e+02	 600.00	 650.00	 20.00	 27	 0.52	 
bfer_104	 2	 2	 1201.jpg	 2.242285e+02	 11	 9.461352e+02	 110	 6.000575e+02	 98	 2.252473e+02	 616.67	 650.00	 11.00	 22	 0.64	 
bfer_104	 2	 2	 2107.jpg	 2.312368e+02	 24	 999000	 240	 999000	 999	 2.322553e+02	 616.67	 650.00	 78.00	 7	 0.22	 
bfer_104	 2	 2	 2113.jpg	 2.352413e+02	 22	 9.813904e+02	 220	 6.500267e+02	 98	 2.362596e+02	 616.67	 666.67	 49.00	 13	 0.74	 
bfer_104	 2	 2	 2103.jpg	 2.422324e+02	 22	 1.006254e+03	 2200	 6.667407e+02	 98	 2.432509e+02	 616.67	 616.67	 57.00	 3	 0.62	 
