subjectID	 order	 runNum	 itemName	 onsetTime	 shuff_trialType	 RT	 respInTime	 AudioTime	 response	 fixationTime	 ladder1	 ladder2	 bidIndex	 itemNameIndex	 bidValue	 
bfer_131	 1	 19	 2216.jpg	 1.041590e+03	 22	 8.488296e+02	 220	 5.500231e+02	 98	 1.042608e+03	 483.33	 566.67	 52.00	 37	 0.61	 
bfer_131	 1	 19	 2113.jpg	 1.044576e+03	 24	 999000	 240	 999000	 999	 1.045595e+03	 483.33	 566.67	 51.00	 13	 0.64	 
bfer_131	 1	 19	 2212.jpg	 1.048581e+03	 24	 1.145575e+03	 240	 999000	 82	 1.049599e+03	 483.33	 566.67	 59.00	 33	 0.57	 
bfer_131	 1	 19	 2103.jpg	 1.050584e+03	 24	 999000	 240	 999000	 999	 1.051602e+03	 483.33	 566.67	 48.00	 3	 0.66	 
bfer_131	 1	 19	 1217.jpg	 1.052586e+03	 11	 8.850705e+02	 110	 4.835551e+02	 98	 1.053604e+03	 500.00	 566.67	 15.00	 38	 0.60	 
bfer_131	 1	 19	 1204.jpg	 1.056590e+03	 12	 999000	 120	 999000	 999	 1.057608e+03	 500.00	 566.67	 14.00	 25	 0.63	 
bfer_131	 1	 19	 2207.jpg	 1.058592e+03	 24	 999000	 240	 999000	 999	 1.059610e+03	 500.00	 566.67	 60.00	 28	 0.55	 
bfer_131	 1	 19	 1214.jpg	 1.063581e+03	 11	 7.695010e+02	 110	 5.000194e+02	 98	 1.064599e+03	 516.67	 566.67	 10.00	 35	 0.66	 
bfer_131	 1	 19	 1211.jpg	 1.065584e+03	 11	 8.551548e+02	 110	 5.166955e+02	 98	 1.066601e+03	 533.33	 566.67	 12.00	 32	 0.65	 
bfer_131	 1	 19	 2202.jpg	 1.068587e+03	 22	 1.059885e+03	 2200	 5.666905e+02	 98	 1.069605e+03	 533.33	 516.67	 50.00	 23	 0.65	 
bfer_131	 1	 19	 1118.jpg	 1.071590e+03	 12	 999000	 120	 999000	 999	 1.072608e+03	 533.33	 516.67	 37.00	 18	 0.25	 
bfer_131	 1	 19	 1106.jpg	 1.075578e+03	 11	 8.045688e+02	 110	 5.333609e+02	 98	 1.076596e+03	 550.00	 516.67	 13.00	 6	 0.64	 
bfer_131	 1	 19	 2214.jpg	 1.078582e+03	 22	 8.012758e+02	 220	 5.166867e+02	 98	 1.079599e+03	 550.00	 533.33	 53.00	 35	 0.61	 
bfer_131	 1	 19	 1205.jpg	 1.080584e+03	 12	 999000	 120	 999000	 999	 1.081602e+03	 550.00	 533.33	 9.00	 26	 0.68	 
bfer_131	 1	 19	 2118.jpg	 1.083587e+03	 22	 8.996233e+02	 220	 5.333577e+02	 98	 1.084605e+03	 550.00	 550.00	 55.00	 18	 0.58	 
bfer_131	 1	 19	 1102.jpg	 1.087592e+03	 12	 999000	 120	 999000	 999	 1.088609e+03	 550.00	 550.00	 38.00	 2	 0.24	 
bfer_131	 1	 19	 2114.jpg	 1.090578e+03	 24	 999000	 240	 999000	 999	 1.091596e+03	 550.00	 550.00	 62.00	 14	 0.52	 
bfer_131	 1	 19	 2101.jpg	 1.092581e+03	 24	 999000	 240	 999000	 999	 1.093598e+03	 550.00	 550.00	 78.00	 1	 0.25	 
bfer_131	 1	 19	 1218.jpg	 1.094583e+03	 12	 999000	 120	 999000	 999	 1.095601e+03	 550.00	 550.00	 8.00	 39	 0.69	 
bfer_131	 1	 19	 2215.jpg	 1.099588e+03	 24	 999000	 240	 999000	 999	 1.100606e+03	 550.00	 550.00	 49.00	 36	 0.66	 
bfer_131	 1	 19	 2107.jpg	 1.103593e+03	 24	 999000	 240	 999000	 999	 1.104611e+03	 550.00	 550.00	 77.00	 7	 0.27	 
bfer_131	 1	 19	 1103.jpg	 1.107581e+03	 11	 9.781365e+02	 110	 5.500215e+02	 98	 1.108599e+03	 566.67	 550.00	 18.00	 3	 0.54	 
bfer_131	 1	 19	 1121.jpg	 1.113587e+03	 12	 999000	 120	 999000	 999	 1.114605e+03	 566.67	 550.00	 11.00	 21	 0.65	 
bfer_131	 1	 19	 1202.jpg	 1.115590e+03	 12	 999000	 120	 999000	 999	 1.116608e+03	 566.67	 550.00	 3.00	 23	 0.75	 
bfer_131	 1	 19	 1207.jpg	 1.117592e+03	 12	 999000	 120	 999000	 999	 1.118610e+03	 566.67	 550.00	 4.00	 28	 0.75	 
bfer_131	 1	 19	 2213.jpg	 1.119578e+03	 22	 9.012138e+02	 220	 5.500184e+02	 98	 1.120595e+03	 566.67	 566.67	 47.00	 34	 0.68	 
bfer_131	 1	 19	 1120.jpg	 1.121580e+03	 12	 999000	 120	 999000	 999	 1.122598e+03	 566.67	 566.67	 21.00	 20	 0.48	 
bfer_131	 1	 19	 1215.jpg	 1.125584e+03	 12	 999000	 120	 999000	 999	 1.126602e+03	 566.67	 566.67	 17.00	 36	 0.55	 
bfer_131	 1	 19	 2218.jpg	 1.127587e+03	 24	 999000	 240	 999000	 999	 1.128604e+03	 566.67	 566.67	 54.00	 39	 0.59	 
bfer_131	 1	 19	 1109.jpg	 1.131591e+03	 12	 999000	 120	 999000	 999	 1.132609e+03	 566.67	 566.67	 16.00	 9	 0.59	 
bfer_131	 1	 19	 2121.jpg	 1.133576e+03	 24	 999000	 240	 999000	 999	 1.134594e+03	 566.67	 566.67	 44.00	 21	 0.76	 
bfer_131	 1	 19	 2219.jpg	 1.135579e+03	 24	 999000	 240	 999000	 999	 1.136597e+03	 566.67	 566.67	 57.00	 40	 0.57	 
bfer_131	 1	 19	 2203.jpg	 1.137581e+03	 24	 999000	 240	 999000	 999	 1.138599e+03	 566.67	 566.67	 56.00	 24	 0.58	 
bfer_131	 1	 19	 1206.jpg	 1.142587e+03	 12	 999000	 120	 999000	 999	 1.143604e+03	 566.67	 566.67	 22.00	 27	 0.48	 
bfer_131	 1	 19	 1112.jpg	 1.144589e+03	 12	 999000	 120	 999000	 999	 1.145607e+03	 566.67	 566.67	 20.00	 12	 0.49	 
bfer_131	 1	 19	 2208.jpg	 1.146591e+03	 22	 1.031637e+03	 2200	 5.666800e+02	 98	 1.147609e+03	 566.67	 516.67	 58.00	 29	 0.57	 
bfer_131	 1	 19	 2201.jpg	 1.149578e+03	 24	 999000	 240	 999000	 999	 1.150596e+03	 566.67	 516.67	 43.00	 22	 0.77	 
bfer_131	 1	 19	 1213.jpg	 1.156586e+03	 12	 4.771713e+02	 12	 999000	 98	 1.157603e+03	 566.67	 516.67	 19.00	 34	 0.52	 
bfer_131	 1	 19	 2204.jpg	 1.160590e+03	 24	 999000	 240	 999000	 999	 1.161608e+03	 566.67	 516.67	 61.00	 25	 0.52	 
bfer_131	 1	 19	 1219.jpg	 1.167581e+03	 11	 1.001414e+03	 1100	 5.666861e+02	 98	 1.168599e+03	 516.67	 516.67	 7.00	 40	 0.69	 
