subjectID	 order	 runNum	 itemName	 onsetTime	 shuff_trialType	 RT	 respInTime	 AudioTime	 response	 fixationTime	 ladder1	 ladder2	 bidIndex	 itemNameIndex	 bidValue	 
bfer_181	 1	 5	 1210.jpg	 5.699728e+02	 12	 999000	 120	 999000	 999	 5.709913e+02	 683.33	 550.00	 20.00	 31	 0.54	 
bfer_181	 1	 5	 1209.jpg	 5.729766e+02	 12	 999000	 120	 999000	 999	 5.739947e+02	 683.33	 550.00	 3.00	 30	 0.81	 
bfer_181	 1	 5	 1110.jpg	 5.769812e+02	 12	 999000	 120	 999000	 999	 5.779992e+02	 683.33	 550.00	 17.00	 10	 0.55	 
bfer_181	 1	 5	 2214.jpg	 5.789667e+02	 24	 999000	 240	 999000	 999	 5.799848e+02	 683.33	 550.00	 61.00	 35	 0.45	 
bfer_181	 1	 5	 1109.jpg	 5.809689e+02	 11	 9.261558e+02	 110	 6.833572e+02	 98	 5.819870e+02	 700.00	 550.00	 12.00	 9	 0.60	 
bfer_181	 1	 5	 2213.jpg	 5.849734e+02	 24	 999000	 240	 999000	 999	 5.859915e+02	 700.00	 550.00	 44.00	 34	 0.77	 
bfer_181	 1	 5	 1207.jpg	 5.869756e+02	 12	 999000	 120	 999000	 999	 5.879938e+02	 700.00	 550.00	 22.00	 28	 0.50	 
bfer_181	 1	 5	 2211.jpg	 5.919813e+02	 24	 999000	 240	 999000	 999	 5.929994e+02	 700.00	 550.00	 43.00	 32	 0.79	 
bfer_181	 1	 5	 2115.jpg	 5.939669e+02	 24	 999000	 240	 999000	 999	 5.949850e+02	 700.00	 550.00	 59.00	 15	 0.52	 
bfer_181	 1	 5	 2105.jpg	 5.969702e+02	 24	 999000	 240	 999000	 999	 5.979883e+02	 700.00	 550.00	 77.00	 5	 0.23	 
bfer_181	 1	 5	 2207.jpg	 5.999736e+02	 24	 999000	 240	 999000	 999	 6.009917e+02	 700.00	 550.00	 49.00	 28	 0.69	 
bfer_181	 1	 5	 1205.jpg	 6.039780e+02	 11	 1.196979e+03	 1100	 7.000425e+02	 98	 6.049962e+02	 650.00	 550.00	 13.00	 26	 0.59	 
bfer_181	 1	 5	 2113.jpg	 6.069816e+02	 24	 999000	 240	 999000	 999	 6.079996e+02	 650.00	 550.00	 62.00	 13	 0.45	 
bfer_181	 1	 5	 2218.jpg	 6.089670e+02	 24	 999000	 240	 999000	 999	 6.099853e+02	 650.00	 550.00	 60.00	 39	 0.51	 
bfer_181	 1	 5	 2114.jpg	 6.119705e+02	 24	 999000	 240	 999000	 999	 6.129886e+02	 650.00	 550.00	 54.00	 14	 0.59	 
bfer_181	 1	 5	 1120.jpg	 6.159749e+02	 12	 999000	 120	 999000	 999	 6.169931e+02	 650.00	 550.00	 37.00	 20	 0.20	 
bfer_181	 1	 5	 2204.jpg	 6.189783e+02	 24	 1.212685e+03	 240	 999000	 76	 6.199964e+02	 650.00	 550.00	 57.00	 25	 0.57	 
bfer_181	 1	 5	 1203.jpg	 6.209806e+02	 11	 1.122396e+03	 1100	 6.501633e+02	 98	 6.219989e+02	 600.00	 550.00	 18.00	 24	 0.54	 
bfer_181	 1	 5	 1106.jpg	 6.229661e+02	 12	 999000	 120	 999000	 999	 6.239843e+02	 600.00	 550.00	 9.00	 6	 0.68	 
bfer_181	 1	 5	 1208.jpg	 6.279717e+02	 12	 999000	 120	 999000	 999	 6.289899e+02	 600.00	 550.00	 14.00	 29	 0.58	 
bfer_181	 1	 5	 1214.jpg	 6.319763e+02	 12	 999000	 120	 999000	 999	 6.329944e+02	 600.00	 550.00	 11.00	 35	 0.62	 
bfer_181	 1	 5	 1118.jpg	 6.359807e+02	 12	 999000	 120	 999000	 999	 6.369989e+02	 600.00	 550.00	 16.00	 18	 0.55	 
bfer_181	 1	 5	 2216.jpg	 6.419708e+02	 22	 7.962221e+02	 220	 5.500223e+02	 98	 6.429889e+02	 600.00	 566.67	 47.00	 37	 0.73	 
bfer_181	 1	 5	 2202.jpg	 6.439730e+02	 22	 9.619975e+02	 220	 5.666853e+02	 98	 6.449911e+02	 600.00	 583.33	 53.00	 23	 0.64	 
bfer_181	 1	 5	 2121.jpg	 6.459753e+02	 22	 8.317405e+02	 220	 5.833489e+02	 98	 6.469935e+02	 600.00	 600.00	 52.00	 21	 0.65	 
bfer_181	 1	 5	 1219.jpg	 6.479776e+02	 11	 8.614129e+02	 110	 6.000173e+02	 98	 6.489956e+02	 616.67	 600.00	 7.00	 40	 0.71	 
bfer_181	 1	 5	 2201.jpg	 6.499798e+02	 24	 999000	 240	 999000	 999	 6.509979e+02	 616.67	 600.00	 48.00	 22	 0.72	 
bfer_181	 1	 5	 1116.jpg	 6.539676e+02	 11	 1.063460e+03	 1100	 6.166853e+02	 98	 6.549858e+02	 566.67	 600.00	 15.00	 16	 0.57	 
bfer_181	 1	 5	 2106.jpg	 6.559698e+02	 22	 8.371740e+02	 220	 6.000188e+02	 98	 6.569880e+02	 566.67	 616.67	 50.00	 6	 0.69	 
bfer_181	 1	 5	 2215.jpg	 6.599743e+02	 22	 1.024718e+03	 2200	 6.166961e+02	 98	 6.609925e+02	 566.67	 566.67	 58.00	 36	 0.56	 
bfer_181	 1	 5	 2209.jpg	 6.619766e+02	 24	 999000	 240	 999000	 999	 6.629948e+02	 566.67	 566.67	 56.00	 30	 0.58	 
bfer_181	 1	 5	 1216.jpg	 6.639789e+02	 11	 8.760825e+02	 110	 5.666843e+02	 98	 6.649970e+02	 583.33	 566.67	 10.00	 37	 0.67	 
bfer_181	 1	 5	 2219.jpg	 6.659812e+02	 24	 999000	 240	 999000	 999	 6.669992e+02	 583.33	 566.67	 51.00	 40	 0.68	 
bfer_181	 1	 5	 1218.jpg	 6.709700e+02	 12	 999000	 120	 999000	 999	 6.719882e+02	 583.33	 566.67	 8.00	 39	 0.69	 
bfer_181	 1	 5	 2108.jpg	 6.729724e+02	 24	 999000	 240	 999000	 999	 6.739904e+02	 583.33	 566.67	 78.00	 8	 0.22	 
bfer_181	 1	 5	 1104.jpg	 6.749745e+02	 12	 999000	 120	 999000	 999	 6.759927e+02	 583.33	 566.67	 38.00	 4	 0.18	 
bfer_181	 1	 5	 1211.jpg	 6.779780e+02	 12	 999000	 120	 999000	 999	 6.789962e+02	 583.33	 566.67	 19.00	 32	 0.54	 
bfer_181	 1	 5	 1103.jpg	 6.849692e+02	 12	 999000	 120	 999000	 999	 6.859873e+02	 583.33	 566.67	 4.00	 3	 0.78	 
bfer_181	 1	 5	 2212.jpg	 6.889736e+02	 22	 9.374264e+02	 220	 5.666968e+02	 98	 6.899918e+02	 583.33	 583.33	 55.00	 33	 0.59	 
bfer_181	 1	 5	 1202.jpg	 6.959815e+02	 12	 999000	 120	 999000	 999	 6.969996e+02	 583.33	 583.33	 21.00	 23	 0.50	 
