subjectID	 order	 runNum	 itemName	 onsetTime	 shuff_trialType	 RT	 respInTime	 AudioTime	 response	 fixationTime	 ladder1	 ladder2	 bidIndex	 itemNameIndex	 bidValue	 
bfer_135	 1	 1	 2106.jpg	 1.419682e+00	 24	 999000	 240	 999000	 999	 2.438335e+00	 750.00	 750.00	 57.00	 6	 0.60	 
bfer_135	 1	 1	 2215.jpg	 3.422242e+00	 22	 1.056564e+03	 2200	 7.502522e+02	 98	 4.440724e+00	 750.00	 700.00	 55.00	 36	 0.61	 
bfer_135	 1	 1	 1205.jpg	 7.426893e+00	 11	 1.051912e+03	 1100	 7.502123e+02	 98	 8.445116e+00	 700.00	 700.00	 10.00	 26	 0.73	 
bfer_135	 1	 1	 1213.jpg	 1.043016e+01	 12	 999000	 120	 999000	 999	 1.144866e+01	 700.00	 700.00	 9.00	 34	 0.73	 
bfer_135	 1	 1	 1216.jpg	 1.241595e+01	 12	 999000	 120	 999000	 999	 1.343452e+01	 700.00	 700.00	 14.00	 37	 0.66	 
bfer_135	 1	 1	 2202.jpg	 1.541909e+01	 24	 999000	 240	 999000	 999	 1.643725e+01	 700.00	 700.00	 56.00	 23	 0.61	 
bfer_135	 1	 1	 2117.jpg	 1.942351e+01	 24	 999000	 240	 999000	 999	 2.044164e+01	 700.00	 700.00	 62.00	 17	 0.50	 
bfer_135	 1	 1	 2115.jpg	 2.342803e+01	 22	 1.042774e+03	 2200	 7.001232e+02	 98	 2.444614e+01	 700.00	 650.00	 50.00	 15	 0.68	 
bfer_135	 1	 1	 1219.jpg	 2.543032e+01	 12	 999000	 120	 999000	 999	 2.644863e+01	 700.00	 650.00	 16.00	 40	 0.63	 
bfer_135	 1	 1	 1106.jpg	 3.041933e+01	 12	 999000	 120	 999000	 999	 3.143733e+01	 700.00	 650.00	 19.00	 6	 0.49	 
bfer_135	 1	 1	 2114.jpg	 3.242148e+01	 22	 8.733200e+02	 220	 6.500667e+02	 98	 3.343954e+01	 700.00	 666.67	 47.00	 14	 0.72	 
bfer_135	 1	 1	 2206.jpg	 3.442373e+01	 24	 999000	 240	 999000	 999	 3.544186e+01	 700.00	 666.67	 49.00	 27	 0.70	 
bfer_135	 1	 1	 2217.jpg	 4.041358e+01	 22	 8.892298e+02	 220	 6.667298e+02	 98	 4.143193e+01	 700.00	 683.33	 52.00	 38	 0.64	 
bfer_135	 1	 1	 1218.jpg	 4.241603e+01	 11	 1.046789e+03	 1100	 7.000845e+02	 98	 4.343423e+01	 650.00	 683.33	 7.00	 39	 0.77	 
bfer_135	 1	 1	 1118.jpg	 4.441828e+01	 12	 999000	 120	 999000	 999	 4.543640e+01	 650.00	 683.33	 37.00	 18	 0.17	 
bfer_135	 1	 1	 2113.jpg	 4.642049e+01	 24	 999000	 240	 999000	 999	 4.743866e+01	 650.00	 683.33	 60.00	 13	 0.51	 
bfer_135	 1	 1	 1114.jpg	 5.042501e+01	 11	 8.777845e+02	 110	 6.500748e+02	 98	 5.144311e+01	 666.67	 683.33	 15.00	 14	 0.65	 
bfer_135	 1	 1	 2203.jpg	 5.442960e+01	 24	 999000	 240	 999000	 999	 5.544771e+01	 666.67	 683.33	 61.00	 24	 0.50	 
bfer_135	 1	 1	 2104.jpg	 5.741622e+01	 24	 999000	 240	 999000	 999	 5.843433e+01	 666.67	 683.33	 77.00	 4	 0.22	 
bfer_135	 1	 1	 1206.jpg	 6.142069e+01	 12	 999000	 120	 999000	 999	 6.243887e+01	 666.67	 683.33	 17.00	 27	 0.61	 
bfer_135	 1	 1	 1111.jpg	 6.442405e+01	 12	 999000	 120	 999000	 999	 6.544228e+01	 666.67	 683.33	 38.00	 11	 0.16	 
bfer_135	 1	 1	 2219.jpg	 6.642637e+01	 24	 999000	 240	 999000	 999	 6.744447e+01	 666.67	 683.33	 44.00	 40	 0.81	 
bfer_135	 1	 1	 2121.jpg	 7.041391e+01	 22	 9.289050e+02	 220	 6.836569e+02	 98	 7.143223e+01	 666.67	 700.00	 58.00	 21	 0.60	 
bfer_135	 1	 1	 1109.jpg	 7.241635e+01	 12	 999000	 120	 999000	 999	 7.343454e+01	 666.67	 700.00	 3.00	 9	 0.82	 
bfer_135	 1	 1	 2212.jpg	 7.441862e+01	 24	 999000	 240	 999000	 999	 7.543680e+01	 666.67	 700.00	 59.00	 33	 0.53	 
bfer_135	 1	 1	 1107.jpg	 7.842322e+01	 12	 999000	 120	 999000	 999	 7.944130e+01	 666.67	 700.00	 21.00	 7	 0.48	 
bfer_135	 1	 1	 1115.jpg	 8.042536e+01	 12	 999000	 120	 999000	 999	 8.144348e+01	 666.67	 700.00	 8.00	 15	 0.75	 
bfer_135	 1	 1	 1211.jpg	 8.441299e+01	 11	 9.218090e+02	 110	 6.667461e+02	 98	 8.543128e+01	 683.33	 700.00	 13.00	 32	 0.66	 
bfer_135	 1	 1	 2209.jpg	 8.841773e+01	 24	 999000	 240	 999000	 999	 8.943582e+01	 683.33	 700.00	 54.00	 30	 0.62	 
bfer_135	 1	 1	 1209.jpg	 9.142113e+01	 12	 999000	 120	 999000	 999	 9.243935e+01	 683.33	 700.00	 11.00	 30	 0.71	 
bfer_135	 1	 1	 1110.jpg	 9.742781e+01	 11	 9.709922e+02	 110	 6.836659e+02	 98	 9.844589e+01	 700.00	 700.00	 12.00	 10	 0.68	 
bfer_135	 1	 1	 2213.jpg	 9.941319e+01	 24	 999000	 240	 999000	 999	 1.004315e+02	 700.00	 700.00	 43.00	 34	 0.83	 
bfer_135	 1	 1	 2205.jpg	 1.034179e+02	 24	 999000	 240	 999000	 999	 1.044360e+02	 700.00	 700.00	 48.00	 26	 0.71	 
bfer_135	 1	 1	 2207.jpg	 1.054201e+02	 24	 999000	 240	 999000	 999	 1.064383e+02	 700.00	 700.00	 51.00	 28	 0.65	 
bfer_135	 1	 1	 1202.jpg	 1.074224e+02	 11	 9.924604e+02	 110	 7.001295e+02	 98	 1.084406e+02	 716.67	 700.00	 18.00	 23	 0.54	 
bfer_135	 1	 1	 1113.jpg	 1.094246e+02	 12	 999000	 120	 999000	 999	 1.104429e+02	 716.67	 700.00	 20.00	 13	 0.48	 
bfer_135	 1	 1	 2102.jpg	 1.144133e+02	 24	 999000	 240	 999000	 999	 1.154318e+02	 716.67	 700.00	 78.00	 2	 0.19	 
bfer_135	 1	 1	 2218.jpg	 1.164159e+02	 22	 9.269340e+02	 220	 7.000354e+02	 98	 1.174340e+02	 716.67	 716.67	 53.00	 39	 0.64	 
bfer_135	 1	 1	 1203.jpg	 1.184181e+02	 12	 999000	 120	 999000	 999	 1.194362e+02	 716.67	 716.67	 4.00	 24	 0.80	 
bfer_135	 1	 1	 1105.jpg	 1.214215e+02	 12	 999000	 120	 999000	 999	 1.224395e+02	 716.67	 716.67	 22.00	 5	 0.47	 
