subjectID	 order	 runNum	 itemName	 onsetTime	 shuff_trialType	 RT	 respInTime	 AudioTime	 response	 fixationTime	 ladder1	 ladder2	 bidIndex	 itemNameIndex	 bidValue	 
bfer_134	 2	 19	 2208.jpg	 1.097890e+03	 24	 999000	 240	 999000	 999	 1.098908e+03	 750.00	 750.00	 60.00	 29	 0.55	 
bfer_134	 2	 19	 1214.jpg	 1.102896e+03	 11	 9.509401e+02	 110	 7.500143e+02	 98	 1.103914e+03	 766.67	 750.00	 16.00	 35	 0.58	 
bfer_134	 2	 19	 2105.jpg	 1.104898e+03	 24	 999000	 240	 999000	 999	 1.105916e+03	 766.67	 750.00	 59.00	 5	 0.58	 
bfer_134	 2	 19	 2119.jpg	 1.106884e+03	 24	 999000	 240	 999000	 999	 1.107902e+03	 766.67	 750.00	 77.00	 19	 0.24	 
bfer_134	 2	 19	 1111.jpg	 1.112891e+03	 12	 999000	 120	 999000	 999	 1.113909e+03	 766.67	 750.00	 22.00	 11	 0.43	 
bfer_134	 2	 19	 1218.jpg	 1.114893e+03	 12	 999000	 120	 999000	 999	 1.115911e+03	 766.67	 750.00	 7.00	 39	 0.77	 
bfer_134	 2	 19	 1206.jpg	 1.117896e+03	 11	 9.826625e+02	 110	 7.666804e+02	 98	 1.118914e+03	 783.33	 750.00	 9.00	 27	 0.72	 
bfer_134	 2	 19	 1215.jpg	 1.119898e+03	 12	 999000	 120	 999000	 999	 1.120917e+03	 783.33	 750.00	 10.00	 36	 0.71	 
bfer_134	 2	 19	 1202.jpg	 1.123886e+03	 11	 7.446403e+02	 11	 7.833638e+02	 98	 1.124904e+03	 800.00	 750.00	 14.00	 23	 0.62	 
bfer_134	 2	 19	 2216.jpg	 1.125888e+03	 24	 999000	 240	 999000	 999	 1.126907e+03	 800.00	 750.00	 47.00	 37	 0.76	 
bfer_134	 2	 19	 1107.jpg	 1.130894e+03	 12	 999000	 120	 999000	 999	 1.131912e+03	 800.00	 750.00	 20.00	 7	 0.50	 
bfer_134	 2	 19	 1106.jpg	 1.137885e+03	 12	 999000	 120	 999000	 999	 1.138903e+03	 800.00	 750.00	 13.00	 6	 0.67	 
bfer_134	 2	 19	 1212.jpg	 1.139888e+03	 12	 999000	 120	 999000	 999	 1.140906e+03	 800.00	 750.00	 37.00	 33	 0.19	 
bfer_134	 2	 19	 1210.jpg	 1.142891e+03	 12	 999000	 120	 999000	 999	 1.143909e+03	 800.00	 750.00	 15.00	 31	 0.59	 
bfer_134	 2	 19	 2109.jpg	 1.145894e+03	 24	 999000	 240	 999000	 999	 1.146912e+03	 800.00	 750.00	 62.00	 9	 0.48	 
bfer_134	 2	 19	 1211.jpg	 1.149899e+03	 12	 999000	 120	 999000	 999	 1.150917e+03	 800.00	 750.00	 3.00	 32	 0.82	 
bfer_134	 2	 19	 1110.jpg	 1.153887e+03	 12	 999000	 120	 999000	 999	 1.154905e+03	 800.00	 750.00	 18.00	 10	 0.54	 
bfer_134	 2	 19	 2218.jpg	 1.157891e+03	 24	 999000	 240	 999000	 999	 1.158909e+03	 800.00	 750.00	 43.00	 39	 0.83	 
bfer_134	 2	 19	 1217.jpg	 1.160894e+03	 11	 9.124387e+02	 110	 8.000307e+02	 98	 1.161912e+03	 816.67	 750.00	 8.00	 38	 0.74	 
bfer_134	 2	 19	 2214.jpg	 1.166885e+03	 24	 999000	 240	 999000	 999	 1.167903e+03	 816.67	 750.00	 58.00	 35	 0.59	 
bfer_134	 2	 19	 2113.jpg	 1.168887e+03	 22	 9.601653e+02	 220	 7.500239e+02	 98	 1.169905e+03	 816.67	 766.67	 57.00	 13	 0.61	 
bfer_134	 2	 19	 2202.jpg	 1.171890e+03	 22	 9.808680e+02	 220	 7.666981e+02	 98	 1.172908e+03	 816.67	 783.33	 51.00	 23	 0.69	 
bfer_134	 2	 19	 2106.jpg	 1.173892e+03	 24	 999000	 240	 999000	 999	 1.174910e+03	 816.67	 783.33	 53.00	 6	 0.68	 
bfer_134	 2	 19	 1201.jpg	 1.175894e+03	 12	 999000	 120	 999000	 999	 1.176913e+03	 816.67	 783.33	 4.00	 22	 0.81	 
bfer_134	 2	 19	 1204.jpg	 1.177897e+03	 12	 999000	 120	 999000	 999	 1.178915e+03	 816.67	 783.33	 21.00	 25	 0.48	 
bfer_134	 2	 19	 1102.jpg	 1.180883e+03	 11	 1.083575e+03	 1100	 8.166940e+02	 98	 1.181902e+03	 766.67	 783.33	 17.00	 2	 0.55	 
bfer_134	 2	 19	 2206.jpg	 1.184888e+03	 24	 999000	 240	 999000	 999	 1.185906e+03	 766.67	 783.33	 44.00	 27	 0.82	 
bfer_134	 2	 19	 2209.jpg	 1.186890e+03	 24	 999000	 240	 999000	 999	 1.187908e+03	 766.67	 783.33	 55.00	 30	 0.67	 
bfer_134	 2	 19	 1117.jpg	 1.188892e+03	 12	 999000	 120	 999000	 999	 1.189911e+03	 766.67	 783.33	 38.00	 17	 0.18	 
bfer_134	 2	 19	 2201.jpg	 1.190895e+03	 22	 1.016155e+03	 2200	 7.833647e+02	 98	 1.191913e+03	 766.67	 733.33	 54.00	 22	 0.68	 
bfer_134	 2	 19	 2107.jpg	 1.192897e+03	 22	 9.178866e+02	 220	 7.333594e+02	 98	 1.193915e+03	 766.67	 750.00	 56.00	 7	 0.64	 
bfer_134	 2	 19	 2204.jpg	 1.194899e+03	 22	 9.715545e+02	 220	 7.500279e+02	 98	 1.195917e+03	 766.67	 766.67	 49.00	 25	 0.74	 
bfer_134	 2	 19	 2211.jpg	 1.198887e+03	 24	 999000	 240	 999000	 999	 1.199905e+03	 766.67	 766.67	 50.00	 32	 0.69	 
bfer_134	 2	 19	 2215.jpg	 1.202892e+03	 24	 999000	 240	 999000	 999	 1.203910e+03	 766.67	 766.67	 61.00	 36	 0.52	 
bfer_134	 2	 19	 1209.jpg	 1.204894e+03	 12	 999000	 120	 999000	 999	 1.205912e+03	 766.67	 766.67	 12.00	 30	 0.69	 
bfer_134	 2	 19	 2217.jpg	 1.206896e+03	 22	 9.108140e+02	 220	 7.666905e+02	 98	 1.207914e+03	 766.67	 783.33	 48.00	 38	 0.75	 
bfer_134	 2	 19	 1207.jpg	 1.208898e+03	 11	 9.405594e+02	 110	 7.666852e+02	 98	 1.209916e+03	 783.33	 783.33	 11.00	 28	 0.71	 
bfer_134	 2	 19	 2102.jpg	 1.210883e+03	 24	 999000	 240	 999000	 999	 1.211902e+03	 783.33	 783.33	 52.00	 2	 0.69	 
bfer_134	 2	 19	 1219.jpg	 1.216891e+03	 12	 999000	 120	 999000	 999	 1.217909e+03	 783.33	 783.33	 19.00	 40	 0.51	 
bfer_134	 2	 19	 2117.jpg	 1.218893e+03	 24	 999000	 240	 999000	 999	 1.219911e+03	 783.33	 783.33	 78.00	 17	 0.19	 
