subjectID	 order	 runNum	 itemName	 onsetTime	 shuff_trialType	 RT	 respInTime	 AudioTime	 response	 fixationTime	 ladder1	 ladder2	 bidIndex	 itemNameIndex	 bidValue	 
bfer_120	 2	 1	 2206.jpg	 1.416230e+00	 24	 999000	 240	 999000	 999	 2.434690e+00	 750.00	 750.00	 52.00	 27	 0.65	 
bfer_120	 2	 1	 1201.jpg	 4.402984e+00	 11	 1.059630e+03	 1100	 7.502971e+02	 98	 5.421361e+00	 700.00	 750.00	 16.00	 22	 0.58	 
bfer_120	 2	 1	 1212.jpg	 6.405331e+00	 11	 1.009264e+03	 1100	 7.000782e+02	 98	 7.423621e+00	 650.00	 750.00	 11.00	 33	 0.63	 
bfer_120	 2	 1	 2207.jpg	 8.407569e+00	 24	 999000	 240	 999000	 999	 9.426152e+00	 650.00	 750.00	 62.00	 28	 0.45	 
bfer_120	 2	 1	 1112.jpg	 1.040989e+01	 12	 999000	 120	 999000	 999	 1.142854e+01	 650.00	 750.00	 38.00	 12	 0.17	 
bfer_120	 2	 1	 2105.jpg	 1.341314e+01	 24	 999000	 240	 999000	 999	 1.443127e+01	 650.00	 750.00	 50.00	 5	 0.66	 
bfer_120	 2	 1	 2211.jpg	 1.541530e+01	 22	 9.993207e+02	 220	 7.502224e+02	 98	 1.643339e+01	 650.00	 766.67	 51.00	 32	 0.65	 
bfer_120	 2	 1	 1105.jpg	 1.940320e+01	 12	 999000	 120	 999000	 999	 2.042127e+01	 650.00	 766.67	 12.00	 5	 0.63	 
bfer_120	 2	 1	 2121.jpg	 2.140543e+01	 24	 999000	 240	 999000	 999	 2.242351e+01	 650.00	 766.67	 43.00	 21	 0.85	 
bfer_120	 2	 1	 2218.jpg	 2.641096e+01	 24	 999000	 240	 999000	 999	 2.742910e+01	 650.00	 766.67	 58.00	 39	 0.56	 
bfer_120	 2	 1	 1206.jpg	 2.841330e+01	 12	 999000	 120	 999000	 999	 2.943142e+01	 650.00	 766.67	 15.00	 27	 0.60	 
bfer_120	 2	 1	 1107.jpg	 3.240081e+01	 12	 999000	 120	 999000	 999	 3.341924e+01	 650.00	 766.67	 20.00	 7	 0.49	 
bfer_120	 2	 1	 2215.jpg	 3.440332e+01	 24	 999000	 240	 999000	 999	 3.542146e+01	 650.00	 766.67	 77.00	 36	 0.16	 
bfer_120	 2	 1	 1213.jpg	 3.740663e+01	 12	 999000	 120	 999000	 999	 3.842484e+01	 650.00	 766.67	 19.00	 34	 0.50	 
bfer_120	 2	 1	 1115.jpg	 4.241225e+01	 11	 8.823773e+02	 110	 6.500793e+02	 98	 4.343036e+01	 666.67	 766.67	 8.00	 15	 0.74	 
bfer_120	 2	 1	 2103.jpg	 4.441455e+01	 24	 999000	 240	 999000	 999	 4.543268e+01	 666.67	 766.67	 60.00	 3	 0.52	 
bfer_120	 2	 1	 2113.jpg	 4.639994e+01	 22	 9.826804e+02	 220	 7.667884e+02	 98	 4.741823e+01	 666.67	 783.33	 56.00	 13	 0.61	 
bfer_120	 2	 1	 2119.jpg	 5.040456e+01	 24	 999000	 240	 999000	 999	 5.142268e+01	 666.67	 783.33	 78.00	 19	 0.15	 
bfer_120	 2	 1	 2209.jpg	 5.440901e+01	 22	 1.013589e+03	 2200	 7.834080e+02	 98	 5.542969e+01	 666.67	 733.33	 54.00	 30	 0.63	 
bfer_120	 2	 1	 1219.jpg	 5.841354e+01	 12	 999000	 120	 999000	 999	 5.943167e+01	 666.67	 733.33	 22.00	 40	 0.47	 
bfer_120	 2	 1	 1113.jpg	 6.039882e+01	 12	 999000	 120	 999000	 999	 6.141725e+01	 666.67	 733.33	 3.00	 13	 0.79	 
bfer_120	 2	 1	 1204.jpg	 6.240147e+01	 12	 999000	 120	 999000	 999	 6.341956e+01	 666.67	 733.33	 18.00	 25	 0.55	 
bfer_120	 2	 1	 2116.jpg	 6.440365e+01	 24	 999000	 240	 999000	 999	 6.542176e+01	 666.67	 733.33	 44.00	 16	 0.80	 
bfer_120	 2	 1	 1111.jpg	 6.640585e+01	 12	 999000	 120	 999000	 999	 6.742401e+01	 666.67	 733.33	 10.00	 11	 0.67	 
bfer_120	 2	 1	 1116.jpg	 7.241258e+01	 12	 999000	 120	 999000	 999	 7.343075e+01	 666.67	 733.33	 13.00	 16	 0.62	 
bfer_120	 2	 1	 2213.jpg	 7.539895e+01	 24	 999000	 240	 999000	 999	 7.641737e+01	 666.67	 733.33	 59.00	 34	 0.53	 
bfer_120	 2	 1	 1214.jpg	 7.740163e+01	 12	 999000	 120	 999000	 999	 7.841966e+01	 666.67	 733.33	 21.00	 35	 0.48	 
bfer_120	 2	 1	 2202.jpg	 7.940388e+01	 22	 9.547365e+02	 220	 7.334596e+02	 98	 8.042185e+01	 666.67	 750.00	 57.00	 23	 0.58	 
bfer_120	 2	 1	 2217.jpg	 8.240709e+01	 24	 999000	 240	 999000	 999	 8.342525e+01	 666.67	 750.00	 61.00	 38	 0.48	 
bfer_120	 2	 1	 2216.jpg	 8.440935e+01	 24	 999000	 240	 999000	 999	 8.542754e+01	 666.67	 750.00	 55.00	 37	 0.62	 
bfer_120	 2	 1	 2219.jpg	 8.641165e+01	 22	 9.949700e+02	 220	 7.503447e+02	 98	 8.742973e+01	 666.67	 766.67	 48.00	 40	 0.73	 
bfer_120	 2	 1	 2212.jpg	 8.841392e+01	 24	 999000	 240	 999000	 999	 8.943202e+01	 666.67	 766.67	 47.00	 33	 0.74	 
bfer_120	 2	 1	 2106.jpg	 9.140067e+01	 24	 999000	 240	 999000	 999	 9.241872e+01	 666.67	 766.67	 53.00	 6	 0.64	 
bfer_120	 2	 1	 1104.jpg	 9.340276e+01	 12	 999000	 120	 999000	 999	 9.442106e+01	 666.67	 766.67	 7.00	 4	 0.75	 
bfer_120	 2	 1	 1202.jpg	 9.540499e+01	 12	 999000	 120	 999000	 999	 9.642314e+01	 666.67	 766.67	 4.00	 23	 0.78	 
bfer_120	 2	 1	 1108.jpg	 9.740733e+01	 11	 8.792938e+02	 110	 6.667369e+02	 98	 9.842541e+01	 683.33	 766.67	 17.00	 8	 0.56	 
bfer_120	 2	 1	 1203.jpg	 9.940948e+01	 12	 999000	 120	 999000	 999	 1.004277e+02	 683.33	 766.67	 37.00	 24	 0.24	 
bfer_120	 2	 1	 2115.jpg	 1.053993e+02	 22	 1.047298e+03	 2200	 7.668002e+02	 98	 1.064177e+02	 683.33	 716.67	 49.00	 15	 0.71	 
bfer_120	 2	 1	 1109.jpg	 1.084030e+02	 11	 9.156300e+02	 110	 6.836237e+02	 98	 1.094212e+02	 700.00	 716.67	 9.00	 9	 0.68	 
bfer_120	 2	 1	 1106.jpg	 1.124075e+02	 11	 3.191049e+02	 11	 7.000375e+02	 98	 1.134257e+02	 716.67	 716.67	 14.00	 6	 0.62	 
