subjectID	 order	 runNum	 itemName	 onsetTime	 shuff_trialType	 RT	 respInTime	 AudioTime	 response	 fixationTime	 ladder1	 ladder2	 bidIndex	 itemNameIndex	 bidValue	 
bfer_137	 1	 7	 1113.jpg	 7.711858e+02	 12	 999000	 120	 999000	 999	 7.722040e+02	 616.67	 616.67	 14.00	 13	 0.60	 
bfer_137	 1	 7	 2212.jpg	 7.731716e+02	 24	 999000	 240	 999000	 999	 7.741895e+02	 616.67	 616.67	 77.00	 33	 0.23	 
bfer_137	 1	 7	 1118.jpg	 7.771760e+02	 12	 999000	 120	 999000	 999	 7.781941e+02	 616.67	 616.67	 16.00	 18	 0.57	 
bfer_137	 1	 7	 2213.jpg	 7.801793e+02	 24	 999000	 240	 999000	 999	 7.811976e+02	 616.67	 616.67	 43.00	 34	 0.85	 
bfer_137	 1	 7	 2121.jpg	 7.821646e+02	 24	 999000	 240	 999000	 999	 7.831830e+02	 616.67	 616.67	 48.00	 21	 0.68	 
bfer_137	 1	 7	 2216.jpg	 7.851683e+02	 24	 999000	 240	 999000	 999	 7.861863e+02	 616.67	 616.67	 49.00	 37	 0.68	 
bfer_137	 1	 7	 2101.jpg	 7.891726e+02	 22	 8.502043e+02	 220	 6.166837e+02	 98	 7.901909e+02	 616.67	 633.33	 53.00	 1	 0.63	 
bfer_137	 1	 7	 1205.jpg	 7.931772e+02	 12	 999000	 120	 999000	 999	 7.941953e+02	 616.67	 633.33	 20.00	 26	 0.51	 
bfer_137	 1	 7	 2107.jpg	 7.951794e+02	 24	 999000	 240	 999000	 999	 7.961978e+02	 616.67	 633.33	 60.00	 7	 0.51	 
bfer_137	 1	 7	 1105.jpg	 8.001684e+02	 12	 999000	 120	 999000	 999	 8.011865e+02	 616.67	 633.33	 11.00	 5	 0.65	 
bfer_137	 1	 7	 2109.jpg	 8.021706e+02	 24	 999000	 240	 999000	 999	 8.031888e+02	 616.67	 633.33	 57.00	 9	 0.57	 
bfer_137	 1	 7	 2118.jpg	 8.041728e+02	 24	 999000	 240	 999000	 999	 8.051910e+02	 616.67	 633.33	 54.00	 18	 0.62	 
bfer_137	 1	 7	 1209.jpg	 8.101795e+02	 11	 8.673078e+02	 110	 6.166911e+02	 98	 8.111977e+02	 633.33	 633.33	 7.00	 30	 0.76	 
bfer_137	 1	 7	 2113.jpg	 8.121648e+02	 22	 9.459960e+02	 220	 6.333479e+02	 98	 8.131833e+02	 633.33	 650.00	 55.00	 13	 0.60	 
bfer_137	 1	 7	 2205.jpg	 8.141674e+02	 24	 999000	 240	 999000	 999	 8.151855e+02	 633.33	 650.00	 44.00	 26	 0.84	 
bfer_137	 1	 7	 2207.jpg	 8.161696e+02	 22	 9.972424e+02	 220	 6.500298e+02	 98	 8.171878e+02	 633.33	 666.67	 47.00	 28	 0.69	 
bfer_137	 1	 7	 1204.jpg	 8.201742e+02	 11	 8.326699e+02	 110	 6.333506e+02	 98	 8.211923e+02	 650.00	 666.67	 10.00	 25	 0.65	 
bfer_137	 1	 7	 1214.jpg	 8.241786e+02	 12	 999000	 120	 999000	 999	 8.251967e+02	 650.00	 666.67	 3.00	 35	 0.83	 
bfer_137	 1	 7	 1119.jpg	 8.271651e+02	 11	 9.057711e+02	 110	 6.500143e+02	 98	 8.281835e+02	 666.67	 666.67	 12.00	 19	 0.65	 
bfer_137	 1	 7	 2206.jpg	 8.311698e+02	 22	 9.490248e+02	 220	 6.666901e+02	 98	 8.321880e+02	 666.67	 683.33	 58.00	 27	 0.53	 
bfer_137	 1	 7	 2201.jpg	 8.341732e+02	 24	 999000	 240	 999000	 999	 8.351913e+02	 666.67	 683.33	 59.00	 22	 0.51	 
bfer_137	 1	 7	 1216.jpg	 8.361755e+02	 12	 999000	 120	 999000	 999	 8.371936e+02	 666.67	 683.33	 9.00	 37	 0.67	 
bfer_137	 1	 7	 1109.jpg	 8.401799e+02	 12	 999000	 120	 999000	 999	 8.411981e+02	 666.67	 683.33	 8.00	 9	 0.69	 
bfer_137	 1	 7	 1121.jpg	 8.421652e+02	 11	 9.056261e+02	 110	 6.666833e+02	 98	 8.431837e+02	 683.33	 683.33	 13.00	 21	 0.61	 
bfer_137	 1	 7	 1213.jpg	 8.441678e+02	 12	 999000	 120	 999000	 999	 8.451859e+02	 683.33	 683.33	 17.00	 34	 0.56	 
bfer_137	 1	 7	 2102.jpg	 8.481722e+02	 24	 999000	 240	 999000	 999	 8.491903e+02	 683.33	 683.33	 61.00	 2	 0.50	 
bfer_137	 1	 7	 2219.jpg	 8.501745e+02	 22	 9.923229e+02	 220	 6.833619e+02	 98	 8.511926e+02	 683.33	 700.00	 50.00	 40	 0.67	 
bfer_137	 1	 7	 1102.jpg	 8.541789e+02	 11	 9.799028e+02	 110	 6.833579e+02	 98	 8.551971e+02	 700.00	 700.00	 18.00	 2	 0.55	 
bfer_137	 1	 7	 2214.jpg	 8.581668e+02	 24	 999000	 240	 999000	 999	 8.591849e+02	 700.00	 700.00	 56.00	 35	 0.59	 
bfer_137	 1	 7	 1111.jpg	 8.611702e+02	 12	 999000	 120	 999000	 999	 8.621884e+02	 700.00	 700.00	 22.00	 11	 0.47	 
bfer_137	 1	 7	 1212.jpg	 8.671769e+02	 12	 999000	 120	 999000	 999	 8.681950e+02	 700.00	 700.00	 38.00	 33	 0.18	 
bfer_137	 1	 7	 1104.jpg	 8.691791e+02	 11	 1.387773e+03	 1100	 7.000998e+02	 98	 8.701972e+02	 650.00	 700.00	 15.00	 4	 0.58	 
bfer_137	 1	 7	 1116.jpg	 8.731670e+02	 12	 999000	 120	 999000	 999	 8.741851e+02	 650.00	 700.00	 37.00	 16	 0.20	 
bfer_137	 1	 7	 1208.jpg	 8.751693e+02	 12	 999000	 120	 999000	 999	 8.761873e+02	 650.00	 700.00	 21.00	 29	 0.49	 
bfer_137	 1	 7	 2215.jpg	 8.771715e+02	 24	 999000	 240	 999000	 999	 8.781895e+02	 650.00	 700.00	 51.00	 36	 0.67	 
bfer_137	 1	 7	 1103.jpg	 8.791737e+02	 12	 999000	 120	 999000	 999	 8.801919e+02	 650.00	 700.00	 19.00	 3	 0.54	 
bfer_137	 1	 7	 2110.jpg	 8.841793e+02	 24	 999000	 240	 999000	 999	 8.851975e+02	 650.00	 700.00	 62.00	 10	 0.48	 
bfer_137	 1	 7	 2104.jpg	 8.861648e+02	 24	 999000	 240	 999000	 999	 8.871831e+02	 650.00	 700.00	 78.00	 4	 0.23	 
bfer_137	 1	 7	 2209.jpg	 8.881671e+02	 22	 9.757713e+02	 220	 7.000150e+02	 98	 8.891853e+02	 650.00	 716.67	 52.00	 30	 0.66	 
bfer_137	 1	 7	 1207.jpg	 8.911705e+02	 12	 999000	 120	 999000	 999	 8.921886e+02	 650.00	 716.67	 4.00	 28	 0.82	 
