subjectID	 order	 runNum	 itemName	 onsetTime	 shuff_trialType	 RT	 respInTime	 AudioTime	 response	 fixationTime	 ladder1	 ladder2	 bidIndex	 itemNameIndex	 bidValue	 
bfer_104	 2	 12	 2114.jpg	 1.312124e+02	 24	 999000	 240	 999000	 999	 1.322308e+02	 650.00	 650.00	 44.00	 14	 0.80	 
bfer_104	 2	 12	 2209.jpg	 1.342158e+02	 24	 999000	 240	 999000	 999	 1.352344e+02	 650.00	 650.00	 61.00	 30	 0.57	 
bfer_104	 2	 12	 1217.jpg	 1.382037e+02	 11	 9.632684e+02	 110	 6.500441e+02	 98	 1.392221e+02	 666.67	 650.00	 16.00	 38	 0.59	 
bfer_104	 2	 12	 1205.jpg	 1.402059e+02	 12	 999000	 120	 999000	 999	 1.412244e+02	 666.67	 650.00	 10.00	 26	 0.69	 
bfer_104	 2	 12	 1201.jpg	 1.422081e+02	 11	 9.828473e+02	 110	 6.667291e+02	 98	 1.432266e+02	 683.33	 650.00	 11.00	 22	 0.64	 
bfer_104	 2	 12	 2103.jpg	 1.462126e+02	 22	 1.090348e+03	 2200	 6.500831e+02	 98	 1.472312e+02	 683.33	 600.00	 57.00	 3	 0.62	 
bfer_104	 2	 12	 2110.jpg	 1.482148e+02	 24	 999000	 240	 999000	 999	 1.492332e+02	 683.33	 600.00	 52.00	 10	 0.66	 
bfer_104	 2	 12	 2117.jpg	 1.532038e+02	 24	 999000	 240	 999000	 999	 1.542222e+02	 683.33	 600.00	 58.00	 17	 0.61	 
bfer_104	 2	 12	 2107.jpg	 1.552061e+02	 24	 999000	 240	 999000	 999	 1.562244e+02	 683.33	 600.00	 78.00	 7	 0.22	 
bfer_104	 2	 12	 2206.jpg	 1.582094e+02	 22	 9.415678e+02	 220	 6.000374e+02	 98	 1.592279e+02	 683.33	 616.67	 48.00	 27	 0.74	 
bfer_104	 2	 12	 2217.jpg	 1.612128e+02	 24	 999000	 240	 999000	 999	 1.622311e+02	 683.33	 616.67	 55.00	 38	 0.64	 
bfer_104	 2	 12	 2219.jpg	 1.652007e+02	 24	 999000	 240	 999000	 999	 1.662189e+02	 683.33	 616.67	 62.00	 40	 0.49	 
bfer_104	 2	 12	 1211.jpg	 1.682040e+02	 12	 999000	 120	 999000	 999	 1.692224e+02	 683.33	 616.67	 21.00	 32	 0.50	 
bfer_104	 2	 12	 1102.jpg	 1.702062e+02	 12	 999000	 120	 999000	 999	 1.712246e+02	 683.33	 616.67	 13.00	 2	 0.60	 
bfer_104	 2	 12	 2216.jpg	 1.732096e+02	 24	 999000	 240	 999000	 999	 1.742282e+02	 683.33	 616.67	 60.00	 37	 0.57	 
bfer_104	 2	 12	 1106.jpg	 1.772140e+02	 12	 999000	 120	 999000	 999	 1.782325e+02	 683.33	 616.67	 15.00	 6	 0.59	 
bfer_104	 2	 12	 1206.jpg	 1.802005e+02	 12	 999000	 120	 999000	 999	 1.812191e+02	 683.33	 616.67	 20.00	 27	 0.52	 
bfer_104	 2	 12	 1118.jpg	 1.822030e+02	 12	 999000	 120	 999000	 999	 1.832214e+02	 683.33	 616.67	 22.00	 18	 0.48	 
bfer_104	 2	 12	 2109.jpg	 1.842052e+02	 22	 1.009763e+03	 2200	 6.167065e+02	 98	 1.852262e+02	 683.33	 566.67	 56.00	 9	 0.63	 
bfer_104	 2	 12	 2102.jpg	 1.892109e+02	 24	 999000	 240	 999000	 999	 1.902292e+02	 683.33	 566.67	 53.00	 2	 0.65	 
bfer_104	 2	 12	 1207.jpg	 1.932153e+02	 12	 999000	 120	 999000	 999	 1.942337e+02	 683.33	 566.67	 12.00	 28	 0.63	 
bfer_104	 2	 12	 1109.jpg	 1.972031e+02	 11	 1.011814e+03	 1100	 6.834065e+02	 98	 1.982241e+02	 633.33	 566.67	 8.00	 9	 0.71	 
bfer_104	 2	 12	 1108.jpg	 2.032099e+02	 12	 999000	 120	 999000	 999	 2.042283e+02	 633.33	 566.67	 38.00	 8	 0.18	 
bfer_104	 2	 12	 2205.jpg	 2.052121e+02	 24	 999000	 240	 999000	 999	 2.062305e+02	 633.33	 566.67	 47.00	 26	 0.75	 
bfer_104	 2	 12	 1117.jpg	 2.072144e+02	 12	 999000	 120	 999000	 999	 2.082327e+02	 633.33	 566.67	 19.00	 17	 0.52	 
bfer_104	 2	 12	 1120.jpg	 2.091996e+02	 12	 999000	 120	 999000	 999	 2.102182e+02	 633.33	 566.67	 18.00	 20	 0.55	 
bfer_104	 2	 12	 2105.jpg	 2.112022e+02	 24	 999000	 240	 999000	 999	 2.122206e+02	 633.33	 566.67	 43.00	 5	 0.86	 
bfer_104	 2	 12	 2113.jpg	 2.152067e+02	 22	 9.362314e+02	 220	 5.667406e+02	 98	 2.162250e+02	 633.33	 583.33	 49.00	 13	 0.74	 
bfer_104	 2	 12	 2211.jpg	 2.172089e+02	 22	 9.580132e+02	 220	 5.833949e+02	 98	 2.182272e+02	 633.33	 600.00	 54.00	 32	 0.65	 
bfer_104	 2	 12	 1218.jpg	 2.212134e+02	 12	 999000	 120	 999000	 999	 2.222317e+02	 633.33	 600.00	 7.00	 39	 0.72	 
bfer_104	 2	 12	 1203.jpg	 2.232157e+02	 12	 999000	 120	 999000	 999	 2.242340e+02	 633.33	 600.00	 37.00	 24	 0.22	 
bfer_104	 2	 12	 1213.jpg	 2.252012e+02	 11	 1.029694e+03	 1100	 6.333888e+02	 98	 2.262196e+02	 583.33	 600.00	 17.00	 34	 0.57	 
bfer_104	 2	 12	 1101.jpg	 2.272034e+02	 12	 999000	 120	 999000	 999	 2.282218e+02	 583.33	 600.00	 3.00	 1	 0.87	 
bfer_104	 2	 12	 1103.jpg	 2.322091e+02	 12	 999000	 120	 999000	 999	 2.332274e+02	 583.33	 600.00	 4.00	 3	 0.85	 
bfer_104	 2	 12	 1115.jpg	 2.342113e+02	 11	 8.835817e+02	 110	 5.833554e+02	 98	 2.352298e+02	 600.00	 600.00	 9.00	 15	 0.69	 
bfer_104	 2	 12	 2210.jpg	 2.362135e+02	 24	 999000	 240	 999000	 999	 2.372487e+02	 600.00	 600.00	 77.00	 31	 0.23	 
bfer_104	 2	 12	 2218.jpg	 2.392000e+02	 22	 8.549511e+02	 220	 6.000304e+02	 98	 2.402187e+02	 600.00	 616.67	 51.00	 39	 0.67	 
bfer_104	 2	 12	 1110.jpg	 2.462082e+02	 11	 1.006824e+03	 1100	 6.000286e+02	 98	 2.472268e+02	 550.00	 616.67	 14.00	 10	 0.60	 
bfer_104	 2	 12	 2207.jpg	 2.502126e+02	 24	 999000	 240	 999000	 999	 2.512312e+02	 550.00	 616.67	 59.00	 28	 0.61	 
bfer_104	 2	 12	 2106.jpg	 2.572038e+02	 24	 999000	 240	 999000	 999	 2.582222e+02	 550.00	 616.67	 50.00	 6	 0.71	 
