subjectID	 order	 runNum	 itemName	 onsetTime	 shuff_trialType	 RT	 respInTime	 AudioTime	 response	 fixationTime	 ladder1	 ladder2	 bidIndex	 itemNameIndex	 bidValue	 
bfer_165	 1	 14	 1219.jpg	 4.260691e+02	 12	 999000	 120	 999000	 999	 4.270873e+02	 716.67	 716.67	 9.00	 40	 0.70	 
bfer_165	 1	 14	 2201.jpg	 4.280544e+02	 22	 8.967066e+02	 220	 7.166875e+02	 98	 4.290728e+02	 716.67	 733.33	 53.00	 22	 0.66	 
bfer_165	 1	 14	 2212.jpg	 4.320592e+02	 24	 999000	 240	 999000	 999	 4.330774e+02	 716.67	 733.33	 56.00	 33	 0.60	 
bfer_165	 1	 14	 1206.jpg	 4.350626e+02	 11	 9.365455e+02	 110	 7.166796e+02	 98	 4.360807e+02	 733.33	 733.33	 10.00	 27	 0.70	 
bfer_165	 1	 14	 2202.jpg	 4.370649e+02	 24	 999000	 240	 999000	 999	 4.380829e+02	 733.33	 733.33	 51.00	 23	 0.67	 
bfer_165	 1	 14	 1202.jpg	 4.400682e+02	 12	 999000	 120	 999000	 999	 4.410863e+02	 733.33	 733.33	 17.00	 23	 0.59	 
bfer_165	 1	 14	 2207.jpg	 4.440561e+02	 22	 9.270253e+02	 220	 7.333715e+02	 98	 4.450742e+02	 733.33	 750.00	 55.00	 28	 0.60	 
bfer_165	 1	 14	 2116.jpg	 4.480606e+02	 24	 999000	 240	 999000	 999	 4.490787e+02	 733.33	 750.00	 54.00	 16	 0.63	 
bfer_165	 1	 14	 2219.jpg	 4.500628e+02	 22	 9.442989e+02	 220	 7.500153e+02	 98	 4.510809e+02	 733.33	 766.67	 47.00	 40	 0.73	 
bfer_165	 1	 14	 1218.jpg	 4.550684e+02	 12	 999000	 120	 999000	 999	 4.560865e+02	 733.33	 766.67	 11.00	 39	 0.67	 
bfer_165	 1	 14	 1213.jpg	 4.570538e+02	 12	 999000	 120	 999000	 999	 4.580723e+02	 733.33	 766.67	 8.00	 34	 0.73	 
bfer_165	 1	 14	 2110.jpg	 4.590563e+02	 24	 999000	 240	 999000	 999	 4.600744e+02	 733.33	 766.67	 57.00	 10	 0.58	 
bfer_165	 1	 14	 1102.jpg	 4.650630e+02	 12	 999000	 120	 999000	 999	 4.660811e+02	 733.33	 766.67	 20.00	 2	 0.50	 
bfer_165	 1	 14	 1210.jpg	 4.670652e+02	 12	 999000	 120	 999000	 999	 4.680834e+02	 733.33	 766.67	 22.00	 31	 0.47	 
bfer_165	 1	 14	 1109.jpg	 4.690676e+02	 12	 999000	 120	 999000	 999	 4.700857e+02	 733.33	 766.67	 21.00	 9	 0.49	 
bfer_165	 1	 14	 1207.jpg	 4.710697e+02	 12	 999000	 120	 999000	 999	 4.720878e+02	 733.33	 766.67	 16.00	 28	 0.60	 
bfer_165	 1	 14	 1115.jpg	 4.750576e+02	 12	 999000	 120	 999000	 999	 4.760757e+02	 733.33	 766.67	 14.00	 15	 0.65	 
bfer_165	 1	 14	 2115.jpg	 4.790621e+02	 24	 999000	 240	 999000	 999	 4.800802e+02	 733.33	 766.67	 60.00	 15	 0.48	 
bfer_165	 1	 14	 1121.jpg	 4.820655e+02	 11	 9.096625e+02	 110	 7.333458e+02	 98	 4.830836e+02	 750.00	 766.67	 15.00	 21	 0.63	 
bfer_165	 1	 14	 1110.jpg	 4.860700e+02	 11	 9.691838e+02	 110	 7.500288e+02	 98	 4.870880e+02	 766.67	 766.67	 18.00	 10	 0.55	 
bfer_165	 1	 14	 1201.jpg	 4.890566e+02	 12	 999000	 120	 999000	 999	 4.900747e+02	 766.67	 766.67	 3.00	 22	 0.84	 
bfer_165	 1	 14	 2204.jpg	 4.910589e+02	 24	 999000	 240	 999000	 999	 4.920770e+02	 766.67	 766.67	 44.00	 25	 0.81	 
bfer_165	 1	 14	 2114.jpg	 4.950634e+02	 24	 999000	 240	 999000	 999	 4.960815e+02	 766.67	 766.67	 59.00	 14	 0.54	 
bfer_165	 1	 14	 1209.jpg	 4.970656e+02	 11	 9.495217e+02	 110	 7.666846e+02	 98	 4.980837e+02	 783.33	 766.67	 7.00	 30	 0.74	 
bfer_165	 1	 14	 1214.jpg	 4.990679e+02	 12	 999000	 120	 999000	 999	 5.000860e+02	 783.33	 766.67	 4.00	 35	 0.78	 
bfer_165	 1	 14	 1119.jpg	 5.030557e+02	 12	 999000	 120	 999000	 999	 5.040738e+02	 783.33	 766.67	 38.00	 19	 0.13	 
bfer_165	 1	 14	 2119.jpg	 5.050579e+02	 24	 999000	 240	 999000	 999	 5.060762e+02	 783.33	 766.67	 78.00	 19	 0.17	 
bfer_165	 1	 14	 2120.jpg	 5.090624e+02	 24	 999000	 240	 999000	 999	 5.100805e+02	 783.33	 766.67	 77.00	 20	 0.19	 
bfer_165	 1	 14	 1204.jpg	 5.130670e+02	 11	 1.004224e+03	 1100	 7.833545e+02	 98	 5.140852e+02	 733.33	 766.67	 12.00	 25	 0.66	 
bfer_165	 1	 14	 1205.jpg	 5.160703e+02	 12	 999000	 120	 999000	 999	 5.170894e+02	 733.33	 766.67	 19.00	 26	 0.54	 
bfer_165	 1	 14	 1116.jpg	 5.220604e+02	 12	 999000	 120	 999000	 999	 5.230785e+02	 733.33	 766.67	 37.00	 16	 0.18	 
bfer_165	 1	 14	 2206.jpg	 5.240627e+02	 24	 999000	 240	 999000	 999	 5.250807e+02	 733.33	 766.67	 61.00	 27	 0.47	 
bfer_165	 1	 14	 2205.jpg	 5.280672e+02	 22	 1.075998e+03	 2200	 7.666933e+02	 98	 5.290853e+02	 733.33	 716.67	 58.00	 26	 0.55	 
bfer_165	 1	 14	 2109.jpg	 5.300695e+02	 22	 9.456284e+02	 220	 7.166861e+02	 98	 5.310875e+02	 733.33	 733.33	 50.00	 9	 0.69	 
bfer_165	 1	 14	 1217.jpg	 5.320550e+02	 11	 9.281772e+02	 110	 7.333509e+02	 98	 5.330730e+02	 750.00	 733.33	 13.00	 38	 0.66	 
bfer_165	 1	 14	 2209.jpg	 5.340572e+02	 24	 999000	 240	 999000	 999	 5.350754e+02	 750.00	 733.33	 43.00	 30	 0.84	 
bfer_165	 1	 14	 2101.jpg	 5.390629e+02	 24	 999000	 240	 999000	 999	 5.400810e+02	 750.00	 733.33	 62.00	 1	 0.42	 
bfer_165	 1	 14	 2218.jpg	 5.410650e+02	 24	 999000	 240	 999000	 999	 5.420832e+02	 750.00	 733.33	 49.00	 39	 0.70	 
bfer_165	 1	 14	 2213.jpg	 5.430673e+02	 24	 999000	 240	 999000	 999	 5.440854e+02	 750.00	 733.33	 48.00	 34	 0.72	 
bfer_165	 1	 14	 2217.jpg	 5.460537e+02	 22	 9.374377e+02	 220	 7.333504e+02	 98	 5.470722e+02	 750.00	 750.00	 52.00	 38	 0.66	 
