subjectID	 order	 runNum	 itemName	 onsetTime	 shuff_trialType	 RT	 respInTime	 AudioTime	 response	 fixationTime	 ladder1	 ladder2	 bidIndex	 itemNameIndex	 bidValue	 
bfer_122	 2	 19	 1115.jpg	 1.001365e+03	 12	 999000	 120	 999000	 999	 1.002383e+03	 683.33	 616.67	 12.00	 15	 0.65	 
bfer_122	 2	 19	 1209.jpg	 1.004369e+03	 11	 9.984849e+02	 110	 6.833522e+02	 98	 1.005387e+03	 700.00	 616.67	 11.00	 30	 0.67	 
bfer_122	 2	 19	 2205.jpg	 1.006354e+03	 24	 999000	 240	 999000	 999	 1.007372e+03	 700.00	 616.67	 58.00	 26	 0.57	 
bfer_122	 2	 19	 2219.jpg	 1.008356e+03	 24	 999000	 240	 999000	 999	 1.009374e+03	 700.00	 616.67	 47.00	 40	 0.71	 
bfer_122	 2	 19	 1204.jpg	 1.010359e+03	 12	 999000	 120	 999000	 999	 1.011377e+03	 700.00	 616.67	 4.00	 25	 0.72	 
bfer_122	 2	 19	 1208.jpg	 1.013362e+03	 12	 999000	 120	 999000	 999	 1.014380e+03	 700.00	 616.67	 21.00	 29	 0.50	 
bfer_122	 2	 19	 1119.jpg	 1.015364e+03	 12	 999000	 120	 999000	 999	 1.016382e+03	 700.00	 616.67	 20.00	 19	 0.52	 
bfer_122	 2	 19	 2112.jpg	 1.019352e+03	 24	 999000	 240	 999000	 999	 1.020370e+03	 700.00	 616.67	 78.00	 12	 0.20	 
bfer_122	 2	 19	 1111.jpg	 1.021354e+03	 11	 1.092808e+03	 1100	 7.000245e+02	 98	 1.022372e+03	 650.00	 616.67	 16.00	 11	 0.57	 
bfer_122	 2	 19	 1110.jpg	 1.026360e+03	 12	 999000	 120	 999000	 999	 1.027378e+03	 650.00	 616.67	 37.00	 10	 0.24	 
bfer_122	 2	 19	 1214.jpg	 1.028362e+03	 12	 999000	 120	 999000	 999	 1.029380e+03	 650.00	 616.67	 3.00	 35	 0.74	 
bfer_122	 2	 19	 2217.jpg	 1.032367e+03	 22	 1.000392e+03	 2200	 6.166981e+02	 98	 1.033385e+03	 650.00	 566.67	 48.00	 38	 0.69	 
bfer_122	 2	 19	 1211.jpg	 1.034369e+03	 12	 999000	 120	 999000	 999	 1.035387e+03	 650.00	 566.67	 13.00	 32	 0.64	 
bfer_122	 2	 19	 2208.jpg	 1.037356e+03	 24	 999000	 240	 999000	 999	 1.038374e+03	 650.00	 566.67	 50.00	 29	 0.66	 
bfer_122	 2	 19	 1105.jpg	 1.042361e+03	 12	 999000	 120	 999000	 999	 1.043379e+03	 650.00	 566.67	 22.00	 5	 0.50	 
bfer_122	 2	 19	 2218.jpg	 1.044363e+03	 24	 999000	 240	 999000	 999	 1.045381e+03	 650.00	 566.67	 61.00	 39	 0.54	 
bfer_122	 2	 19	 1114.jpg	 1.046366e+03	 11	 1.017364e+03	 1100	 6.500189e+02	 98	 1.047384e+03	 600.00	 566.67	 14.00	 14	 0.62	 
bfer_122	 2	 19	 1102.jpg	 1.050353e+03	 11	 9.258214e+02	 110	 6.000228e+02	 98	 1.051371e+03	 616.67	 566.67	 17.00	 2	 0.56	 
bfer_122	 2	 19	 1219.jpg	 1.054358e+03	 12	 999000	 120	 999000	 999	 1.055376e+03	 616.67	 566.67	 18.00	 40	 0.55	 
bfer_122	 2	 19	 2115.jpg	 1.058362e+03	 24	 999000	 240	 999000	 999	 1.059381e+03	 616.67	 566.67	 60.00	 15	 0.54	 
bfer_122	 2	 19	 2106.jpg	 1.060365e+03	 24	 999000	 240	 999000	 999	 1.061383e+03	 616.67	 566.67	 43.00	 6	 0.85	 
bfer_122	 2	 19	 2209.jpg	 1.062367e+03	 22	 8.721776e+02	 220	 5.666831e+02	 98	 1.063385e+03	 616.67	 583.33	 56.00	 30	 0.59	 
bfer_122	 2	 19	 2110.jpg	 1.064352e+03	 22	 9.507149e+02	 220	 5.833589e+02	 98	 1.065371e+03	 616.67	 600.00	 57.00	 10	 0.57	 
bfer_122	 2	 19	 2113.jpg	 1.066355e+03	 24	 999000	 240	 999000	 999	 1.067373e+03	 616.67	 600.00	 62.00	 13	 0.53	 
bfer_122	 2	 19	 1101.jpg	 1.072361e+03	 12	 999000	 120	 999000	 999	 1.073379e+03	 616.67	 600.00	 19.00	 1	 0.52	 
bfer_122	 2	 19	 2212.jpg	 1.075365e+03	 24	 999000	 240	 999000	 999	 1.076383e+03	 616.67	 600.00	 77.00	 33	 0.21	 
bfer_122	 2	 19	 1120.jpg	 1.077367e+03	 12	 999000	 120	 999000	 999	 1.078385e+03	 616.67	 600.00	 38.00	 20	 0.22	 
bfer_122	 2	 19	 2216.jpg	 1.079352e+03	 22	 9.265933e+02	 220	 6.000285e+02	 98	 1.080371e+03	 616.67	 616.67	 51.00	 37	 0.65	 
bfer_122	 2	 19	 2104.jpg	 1.082356e+03	 24	 999000	 240	 999000	 999	 1.083374e+03	 616.67	 616.67	 59.00	 4	 0.54	 
bfer_122	 2	 19	 2207.jpg	 1.084358e+03	 22	 9.368622e+02	 220	 6.166936e+02	 98	 1.085376e+03	 616.67	 633.33	 54.00	 28	 0.62	 
bfer_122	 2	 19	 1206.jpg	 1.086360e+03	 12	 999000	 120	 999000	 999	 1.087379e+03	 616.67	 633.33	 15.00	 27	 0.61	 
bfer_122	 2	 19	 2206.jpg	 1.088363e+03	 24	 999000	 240	 999000	 999	 1.089381e+03	 616.67	 633.33	 44.00	 27	 0.79	 
bfer_122	 2	 19	 2204.jpg	 1.091366e+03	 24	 999000	 240	 999000	 999	 1.092384e+03	 616.67	 633.33	 53.00	 25	 0.63	 
bfer_122	 2	 19	 1104.jpg	 1.093351e+03	 12	 999000	 120	 999000	 999	 1.094370e+03	 616.67	 633.33	 10.00	 4	 0.68	 
bfer_122	 2	 19	 2114.jpg	 1.095354e+03	 24	 999000	 240	 999000	 999	 1.096372e+03	 616.67	 633.33	 52.00	 14	 0.63	 
bfer_122	 2	 19	 2213.jpg	 1.097356e+03	 22	 9.467961e+02	 220	 6.333603e+02	 98	 1.098374e+03	 616.67	 650.00	 49.00	 34	 0.67	 
bfer_122	 2	 19	 2105.jpg	 1.099358e+03	 24	 999000	 240	 999000	 999	 1.100377e+03	 616.67	 650.00	 55.00	 5	 0.60	 
bfer_122	 2	 19	 1213.jpg	 1.105365e+03	 11	 9.539189e+02	 110	 6.166856e+02	 98	 1.106383e+03	 633.33	 650.00	 8.00	 34	 0.69	 
bfer_122	 2	 19	 1205.jpg	 1.108352e+03	 11	 9.194490e+02	 110	 6.333545e+02	 98	 1.109370e+03	 650.00	 650.00	 9.00	 26	 0.69	 
bfer_122	 2	 19	 1216.jpg	 1.112356e+03	 12	 999000	 120	 999000	 999	 1.113374e+03	 650.00	 650.00	 7.00	 37	 0.71	 
