subjectID	 order	 runNum	 itemName	 onsetTime	 shuff_trialType	 RT	 respInTime	 AudioTime	 response	 fixationTime	 ladder1	 ladder2	 bidIndex	 itemNameIndex	 bidValue	 
bfer_146	 2	 20	 2209.jpg	 1.230553e+03	 22	 8.058704e+02	 220	 5.166820e+02	 98	 1.231571e+03	 650.00	 533.33	 51.00	 30	 0.65	 
bfer_146	 2	 20	 1215.jpg	 1.235542e+03	 11	 9.770052e+02	 110	 6.500164e+02	 98	 1.236560e+03	 666.67	 533.33	 14.00	 36	 0.66	 
bfer_146	 2	 20	 2212.jpg	 1.237544e+03	 22	 8.386911e+02	 220	 5.333584e+02	 98	 1.238562e+03	 666.67	 550.00	 57.00	 33	 0.56	 
bfer_146	 2	 20	 2112.jpg	 1.239546e+03	 24	 999000	 240	 999000	 999	 1.240564e+03	 666.67	 550.00	 62.00	 12	 0.47	 
bfer_146	 2	 20	 1107.jpg	 1.245553e+03	 12	 999000	 120	 999000	 999	 1.246571e+03	 666.67	 550.00	 19.00	 7	 0.49	 
bfer_146	 2	 20	 2219.jpg	 1.247538e+03	 24	 999000	 240	 999000	 999	 1.248557e+03	 666.67	 550.00	 47.00	 40	 0.69	 
bfer_146	 2	 20	 2202.jpg	 1.250542e+03	 22	 8.488460e+02	 220	 5.500191e+02	 98	 1.251560e+03	 666.67	 566.67	 49.00	 23	 0.67	 
bfer_146	 2	 20	 1205.jpg	 1.252544e+03	 12	 999000	 120	 999000	 999	 1.253562e+03	 666.67	 566.67	 12.00	 26	 0.68	 
bfer_146	 2	 20	 1209.jpg	 1.256549e+03	 11	 1.082122e+03	 1100	 6.667021e+02	 98	 1.257567e+03	 616.67	 566.67	 16.00	 30	 0.58	 
bfer_146	 2	 20	 2204.jpg	 1.258551e+03	 24	 999000	 240	 999000	 999	 1.259569e+03	 616.67	 566.67	 44.00	 25	 0.81	 
bfer_146	 2	 20	 2210.jpg	 1.263540e+03	 22	 9.071659e+02	 220	 5.666892e+02	 98	 1.264558e+03	 616.67	 583.33	 56.00	 31	 0.58	 
bfer_146	 2	 20	 1212.jpg	 1.270548e+03	 11	 9.549383e+02	 110	 6.166840e+02	 98	 1.271566e+03	 633.33	 583.33	 11.00	 33	 0.70	 
bfer_146	 2	 20	 1206.jpg	 1.272550e+03	 11	 9.208543e+02	 110	 6.333554e+02	 98	 1.273568e+03	 650.00	 583.33	 17.00	 27	 0.53	 
bfer_146	 2	 20	 2213.jpg	 1.275553e+03	 24	 999000	 240	 999000	 999	 1.276571e+03	 650.00	 583.33	 52.00	 34	 0.64	 
bfer_146	 2	 20	 1113.jpg	 1.278540e+03	 12	 999000	 120	 999000	 999	 1.279558e+03	 650.00	 583.33	 37.00	 13	 0.22	 
bfer_146	 2	 20	 1201.jpg	 1.282545e+03	 12	 999000	 120	 999000	 999	 1.283563e+03	 650.00	 583.33	 4.00	 22	 0.77	 
bfer_146	 2	 20	 2216.jpg	 1.286549e+03	 22	 9.858084e+02	 220	 5.833470e+02	 98	 1.287567e+03	 650.00	 600.00	 54.00	 37	 0.62	 
bfer_146	 2	 20	 1203.jpg	 1.290554e+03	 12	 999000	 120	 999000	 999	 1.291572e+03	 650.00	 600.00	 20.00	 24	 0.48	 
bfer_146	 2	 20	 1111.jpg	 1.293540e+03	 12	 999000	 120	 999000	 999	 1.294558e+03	 650.00	 600.00	 22.00	 11	 0.46	 
bfer_146	 2	 20	 1216.jpg	 1.299547e+03	 12	 999000	 120	 999000	 999	 1.300565e+03	 650.00	 600.00	 15.00	 37	 0.59	 
bfer_146	 2	 20	 2104.jpg	 1.301549e+03	 24	 999000	 240	 999000	 999	 1.302567e+03	 650.00	 600.00	 60.00	 4	 0.52	 
bfer_146	 2	 20	 1217.jpg	 1.304553e+03	 12	 999000	 120	 999000	 999	 1.305571e+03	 650.00	 600.00	 18.00	 38	 0.50	 
bfer_146	 2	 20	 1117.jpg	 1.306555e+03	 12	 999000	 120	 999000	 999	 1.307573e+03	 650.00	 600.00	 38.00	 17	 0.20	 
bfer_146	 2	 20	 2118.jpg	 1.308540e+03	 24	 999000	 240	 999000	 999	 1.309558e+03	 650.00	 600.00	 77.00	 18	 0.23	 
bfer_146	 2	 20	 1210.jpg	 1.310543e+03	 11	 9.521401e+02	 110	 6.500270e+02	 98	 1.311561e+03	 666.67	 600.00	 8.00	 31	 0.74	 
bfer_146	 2	 20	 2201.jpg	 1.313546e+03	 24	 999000	 240	 999000	 999	 1.314564e+03	 666.67	 600.00	 43.00	 22	 0.81	 
bfer_146	 2	 20	 2214.jpg	 1.317551e+03	 24	 999000	 240	 999000	 999	 1.318569e+03	 666.67	 600.00	 59.00	 35	 0.52	 
bfer_146	 2	 20	 2206.jpg	 1.319553e+03	 24	 999000	 240	 999000	 999	 1.320571e+03	 666.67	 600.00	 53.00	 27	 0.64	 
bfer_146	 2	 20	 2117.jpg	 1.321555e+03	 24	 999000	 240	 999000	 999	 1.322573e+03	 666.67	 600.00	 78.00	 17	 0.22	 
bfer_146	 2	 20	 1112.jpg	 1.323541e+03	 12	 999000	 120	 999000	 999	 1.324559e+03	 666.67	 600.00	 21.00	 12	 0.47	 
bfer_146	 2	 20	 1204.jpg	 1.325543e+03	 12	 999000	 120	 999000	 999	 1.326561e+03	 666.67	 600.00	 7.00	 25	 0.74	 
bfer_146	 2	 20	 2208.jpg	 1.327545e+03	 24	 999000	 240	 999000	 999	 1.328563e+03	 666.67	 600.00	 50.00	 29	 0.66	 
bfer_146	 2	 20	 1211.jpg	 1.331550e+03	 11	 1.025305e+03	 1100	 6.666851e+02	 98	 1.332568e+03	 616.67	 600.00	 9.00	 32	 0.74	 
bfer_146	 2	 20	 1214.jpg	 1.335554e+03	 12	 999000	 120	 999000	 999	 1.336572e+03	 616.67	 600.00	 10.00	 35	 0.72	 
bfer_146	 2	 20	 2218.jpg	 1.337539e+03	 22	 9.313725e+02	 220	 6.000239e+02	 98	 1.338558e+03	 616.67	 616.67	 48.00	 39	 0.69	 
bfer_146	 2	 20	 1207.jpg	 1.339542e+03	 12	 999000	 120	 999000	 999	 1.340560e+03	 616.67	 616.67	 3.00	 28	 0.79	 
bfer_146	 2	 20	 2110.jpg	 1.341544e+03	 24	 999000	 240	 999000	 999	 1.342562e+03	 616.67	 616.67	 58.00	 10	 0.54	 
bfer_146	 2	 20	 2203.jpg	 1.343546e+03	 24	 999000	 240	 999000	 999	 1.344564e+03	 616.67	 616.67	 55.00	 24	 0.59	 
bfer_146	 2	 20	 1202.jpg	 1.349553e+03	 12	 999000	 120	 999000	 999	 1.350571e+03	 616.67	 616.67	 13.00	 23	 0.66	 
bfer_146	 2	 20	 2119.jpg	 1.351555e+03	 24	 999000	 240	 999000	 999	 1.352573e+03	 616.67	 616.67	 61.00	 19	 0.48	 
