subjectID	 order	 runNum	 itemName	 onsetTime	 shuff_trialType	 RT	 respInTime	 AudioTime	 response	 fixationTime	 ladder1	 ladder2	 bidIndex	 itemNameIndex	 bidValue	 
bfer_181	 1	 18	 1104.jpg	 9.470165e+02	 12	 999000	 120	 999000	 999	 9.480347e+02	 516.67	 650.00	 38.00	 4	 0.18	 
bfer_181	 1	 18	 2214.jpg	 9.500200e+02	 24	 999000	 240	 999000	 999	 9.510381e+02	 516.67	 650.00	 61.00	 35	 0.45	 
bfer_181	 1	 18	 2216.jpg	 9.520056e+02	 22	 1.233263e+03	 2200	 6.500190e+02	 98	 9.530237e+02	 516.67	 600.00	 47.00	 37	 0.73	 
bfer_181	 1	 18	 2211.jpg	 9.540078e+02	 24	 999000	 240	 999000	 999	 9.550259e+02	 516.67	 600.00	 43.00	 32	 0.79	 
bfer_181	 1	 18	 2113.jpg	 9.560100e+02	 24	 999000	 240	 999000	 999	 9.570282e+02	 516.67	 600.00	 62.00	 13	 0.45	 
bfer_181	 1	 18	 1103.jpg	 9.590134e+02	 12	 999000	 120	 999000	 999	 9.600315e+02	 516.67	 600.00	 4.00	 3	 0.78	 
bfer_181	 1	 18	 1219.jpg	 9.610156e+02	 11	 7.992350e+02	 110	 5.166831e+02	 98	 9.620338e+02	 533.33	 600.00	 7.00	 40	 0.71	 
bfer_181	 1	 18	 1109.jpg	 9.650201e+02	 11	 7.707082e+02	 110	 5.333528e+02	 98	 9.660383e+02	 550.00	 600.00	 12.00	 9	 0.60	 
bfer_181	 1	 18	 2207.jpg	 9.670059e+02	 24	 999000	 240	 999000	 999	 9.680239e+02	 550.00	 600.00	 49.00	 28	 0.69	 
bfer_181	 1	 18	 1118.jpg	 9.720113e+02	 12	 999000	 120	 999000	 999	 9.730295e+02	 550.00	 600.00	 16.00	 18	 0.55	 
bfer_181	 1	 18	 2209.jpg	 9.740136e+02	 24	 999000	 240	 999000	 999	 9.750317e+02	 550.00	 600.00	 56.00	 30	 0.58	 
bfer_181	 1	 18	 2108.jpg	 9.780181e+02	 24	 999000	 240	 999000	 999	 9.790362e+02	 550.00	 600.00	 78.00	 8	 0.22	 
bfer_181	 1	 18	 2114.jpg	 9.800204e+02	 24	 999000	 240	 999000	 999	 9.810385e+02	 550.00	 600.00	 54.00	 14	 0.59	 
bfer_181	 1	 18	 2201.jpg	 9.830071e+02	 24	 999000	 240	 999000	 999	 9.840252e+02	 550.00	 600.00	 48.00	 22	 0.72	 
bfer_181	 1	 18	 2213.jpg	 9.880127e+02	 24	 999000	 240	 999000	 999	 9.890308e+02	 550.00	 600.00	 44.00	 34	 0.77	 
bfer_181	 1	 18	 1211.jpg	 9.900149e+02	 12	 999000	 120	 999000	 999	 9.910330e+02	 550.00	 600.00	 19.00	 32	 0.54	 
bfer_181	 1	 18	 2215.jpg	 9.920172e+02	 22	 1.133666e+03	 2200	 6.000170e+02	 98	 9.930353e+02	 550.00	 550.00	 58.00	 36	 0.56	 
bfer_181	 1	 18	 1202.jpg	 9.960047e+02	 12	 999000	 120	 999000	 999	 9.970231e+02	 550.00	 550.00	 21.00	 23	 0.50	 
bfer_181	 1	 18	 2202.jpg	 1.000009e+03	 22	 1.373376e+03	 2200	 5.500230e+02	 98	 1.001028e+03	 550.00	 500.00	 53.00	 23	 0.64	 
bfer_181	 1	 18	 1110.jpg	 1.004014e+03	 12	 999000	 120	 999000	 999	 1.005032e+03	 550.00	 500.00	 17.00	 10	 0.55	 
bfer_181	 1	 18	 1205.jpg	 1.006016e+03	 11	 7.346118e+02	 110	 5.500228e+02	 98	 1.007034e+03	 566.67	 500.00	 13.00	 26	 0.59	 
bfer_181	 1	 18	 2115.jpg	 1.008018e+03	 24	 999000	 240	 999000	 999	 1.009037e+03	 566.67	 500.00	 59.00	 15	 0.52	 
bfer_181	 1	 18	 1218.jpg	 1.010021e+03	 12	 999000	 120	 999000	 999	 1.011039e+03	 566.67	 500.00	 8.00	 39	 0.69	 
bfer_181	 1	 18	 1208.jpg	 1.012006e+03	 12	 999000	 120	 999000	 999	 1.013024e+03	 566.67	 500.00	 14.00	 29	 0.58	 
bfer_181	 1	 18	 1207.jpg	 1.018013e+03	 12	 999000	 120	 999000	 999	 1.019031e+03	 566.67	 500.00	 22.00	 28	 0.50	 
bfer_181	 1	 18	 1216.jpg	 1.021016e+03	 11	 1.014373e+03	 1100	 5.666956e+02	 98	 1.022035e+03	 516.67	 500.00	 10.00	 37	 0.67	 
bfer_181	 1	 18	 1106.jpg	 1.023019e+03	 12	 999000	 120	 999000	 999	 1.024037e+03	 516.67	 500.00	 9.00	 6	 0.68	 
bfer_181	 1	 18	 1116.jpg	 1.025021e+03	 11	 9.138769e+02	 110	 5.166832e+02	 98	 1.026039e+03	 533.33	 500.00	 15.00	 16	 0.57	 
bfer_181	 1	 18	 2204.jpg	 1.028008e+03	 24	 999000	 240	 999000	 999	 1.029026e+03	 533.33	 500.00	 57.00	 25	 0.57	 
bfer_181	 1	 18	 1209.jpg	 1.030010e+03	 12	 999000	 120	 999000	 999	 1.031028e+03	 533.33	 500.00	 3.00	 30	 0.81	 
bfer_181	 1	 18	 1210.jpg	 1.032012e+03	 12	 999000	 120	 999000	 999	 1.033030e+03	 533.33	 500.00	 20.00	 31	 0.54	 
bfer_181	 1	 18	 2121.jpg	 1.034014e+03	 22	 9.205205e+02	 220	 5.000284e+02	 98	 1.035032e+03	 533.33	 516.67	 52.00	 21	 0.65	 
bfer_181	 1	 18	 2218.jpg	 1.037018e+03	 24	 999000	 240	 999000	 999	 1.038036e+03	 533.33	 516.67	 60.00	 39	 0.51	 
bfer_181	 1	 18	 2105.jpg	 1.039020e+03	 24	 999000	 240	 999000	 999	 1.040038e+03	 533.33	 516.67	 77.00	 5	 0.23	 
bfer_181	 1	 18	 2219.jpg	 1.041005e+03	 24	 999000	 240	 999000	 999	 1.042024e+03	 533.33	 516.67	 51.00	 40	 0.68	 
bfer_181	 1	 18	 1120.jpg	 1.043008e+03	 12	 999000	 120	 999000	 999	 1.044026e+03	 533.33	 516.67	 37.00	 20	 0.20	 
bfer_181	 1	 18	 1214.jpg	 1.045010e+03	 12	 999000	 120	 999000	 999	 1.046028e+03	 533.33	 516.67	 11.00	 35	 0.62	 
bfer_181	 1	 18	 2106.jpg	 1.051017e+03	 22	 9.740742e+02	 220	 5.166817e+02	 98	 1.052035e+03	 533.33	 533.33	 50.00	 6	 0.69	 
bfer_181	 1	 18	 2212.jpg	 1.054020e+03	 22	 9.386158e+02	 220	 5.333517e+02	 98	 1.055039e+03	 533.33	 550.00	 55.00	 33	 0.59	 
bfer_181	 1	 18	 1203.jpg	 1.058008e+03	 11	 7.907757e+02	 110	 5.333516e+02	 98	 1.059026e+03	 550.00	 550.00	 18.00	 24	 0.54	 
