subjectID	 order	 runNum	 itemName	 onsetTime	 shuff_trialType	 RT	 respInTime	 AudioTime	 response	 fixationTime	 ladder1	 ladder2	 bidIndex	 itemNameIndex	 bidValue	 
bfer_118	 2	 8	 1218.jpg	 9.700697e+02	 12	 999000	 120	 999000	 999	 9.710879e+02	 583.33	 583.33	 4.00	 39	 0.75	 
bfer_118	 2	 8	 2201.jpg	 9.750587e+02	 24	 3.160882e+02	 24	 999000	 98	 9.760768e+02	 583.33	 583.33	 47.00	 22	 0.65	 
bfer_118	 2	 8	 2207.jpg	 9.770609e+02	 24	 999000	 240	 999000	 999	 9.780790e+02	 583.33	 583.33	 43.00	 28	 0.76	 
bfer_118	 2	 8	 1212.jpg	 9.790631e+02	 12	 999000	 120	 999000	 999	 9.800813e+02	 583.33	 583.33	 3.00	 33	 0.78	 
bfer_118	 2	 8	 2206.jpg	 9.850531e+02	 24	 999000	 240	 999000	 999	 9.860714e+02	 583.33	 583.33	 50.00	 27	 0.63	 
bfer_118	 2	 8	 2214.jpg	 9.870555e+02	 22	 8.152410e+02	 220	 5.833520e+02	 98	 9.880736e+02	 583.33	 600.00	 48.00	 35	 0.65	 
bfer_118	 2	 8	 1118.jpg	 9.900589e+02	 11	 8.998944e+02	 110	 5.833482e+02	 98	 9.910770e+02	 600.00	 600.00	 14.00	 18	 0.60	 
bfer_118	 2	 8	 2209.jpg	 9.920611e+02	 24	 999000	 240	 999000	 999	 9.930794e+02	 600.00	 600.00	 53.00	 30	 0.58	 
bfer_118	 2	 8	 1203.jpg	 9.960657e+02	 11	 8.050449e+02	 110	 6.000250e+02	 98	 9.970838e+02	 616.67	 600.00	 16.00	 24	 0.57	 
bfer_118	 2	 8	 2215.jpg	 9.980678e+02	 24	 999000	 240	 999000	 999	 9.990860e+02	 616.67	 600.00	 60.00	 36	 0.49	 
bfer_118	 2	 8	 2210.jpg	 1.003057e+03	 24	 999000	 240	 999000	 999	 1.004075e+03	 616.67	 600.00	 59.00	 31	 0.55	 
bfer_118	 2	 8	 1201.jpg	 1.010065e+03	 12	 999000	 120	 999000	 999	 1.011083e+03	 616.67	 600.00	 15.00	 22	 0.58	 
bfer_118	 2	 8	 2105.jpg	 1.012067e+03	 24	 999000	 240	 999000	 999	 1.013085e+03	 616.67	 600.00	 44.00	 5	 0.75	 
bfer_118	 2	 8	 1109.jpg	 1.015070e+03	 11	 9.044613e+02	 110	 6.166923e+02	 98	 1.016088e+03	 633.33	 600.00	 11.00	 9	 0.66	 
bfer_118	 2	 8	 2112.jpg	 1.018057e+03	 24	 999000	 240	 999000	 999	 1.019075e+03	 633.33	 600.00	 62.00	 12	 0.46	 
bfer_118	 2	 8	 2114.jpg	 1.022062e+03	 24	 999000	 240	 999000	 999	 1.023080e+03	 633.33	 600.00	 77.00	 14	 0.29	 
bfer_118	 2	 8	 1105.jpg	 1.026066e+03	 11	 8.927438e+02	 110	 6.333510e+02	 98	 1.027084e+03	 650.00	 600.00	 9.00	 5	 0.69	 
bfer_118	 2	 8	 1219.jpg	 1.030053e+03	 12	 999000	 120	 999000	 999	 1.031072e+03	 650.00	 600.00	 22.00	 40	 0.47	 
bfer_118	 2	 8	 2205.jpg	 1.033057e+03	 22	 8.695904e+02	 220	 6.000201e+02	 98	 1.034075e+03	 650.00	 616.67	 54.00	 26	 0.58	 
bfer_118	 2	 8	 1214.jpg	 1.039064e+03	 12	 3.668645e+02	 12	 999000	 98	 1.040082e+03	 650.00	 616.67	 13.00	 35	 0.60	 
bfer_118	 2	 8	 2120.jpg	 1.041066e+03	 24	 999000	 240	 999000	 999	 1.042084e+03	 650.00	 616.67	 78.00	 20	 0.27	 
bfer_118	 2	 8	 1213.jpg	 1.044070e+03	 12	 999000	 120	 999000	 999	 1.045088e+03	 650.00	 616.67	 21.00	 34	 0.49	 
bfer_118	 2	 8	 1208.jpg	 1.046055e+03	 11	 9.354959e+02	 110	 6.500273e+02	 98	 1.047073e+03	 666.67	 616.67	 8.00	 29	 0.69	 
bfer_118	 2	 8	 2217.jpg	 1.048057e+03	 24	 999000	 240	 999000	 999	 1.049075e+03	 666.67	 616.67	 52.00	 38	 0.59	 
bfer_118	 2	 8	 2110.jpg	 1.050060e+03	 22	 8.591659e+02	 220	 6.166974e+02	 98	 1.051078e+03	 666.67	 633.33	 49.00	 10	 0.64	 
bfer_118	 2	 8	 2218.jpg	 1.053063e+03	 24	 999000	 240	 999000	 999	 1.054081e+03	 666.67	 633.33	 55.00	 39	 0.57	 
bfer_118	 2	 8	 1205.jpg	 1.057067e+03	 12	 999000	 120	 999000	 999	 1.058086e+03	 666.67	 633.33	 10.00	 26	 0.67	 
bfer_118	 2	 8	 1103.jpg	 1.059053e+03	 12	 999000	 120	 999000	 999	 1.060071e+03	 666.67	 633.33	 7.00	 3	 0.69	 
bfer_118	 2	 8	 1117.jpg	 1.061055e+03	 12	 999000	 120	 999000	 999	 1.062073e+03	 666.67	 633.33	 18.00	 17	 0.50	 
bfer_118	 2	 8	 2115.jpg	 1.063058e+03	 24	 999000	 240	 999000	 999	 1.064076e+03	 666.67	 633.33	 61.00	 15	 0.48	 
bfer_118	 2	 8	 2219.jpg	 1.065060e+03	 24	 999000	 240	 999000	 999	 1.066078e+03	 666.67	 633.33	 58.00	 40	 0.55	 
bfer_118	 2	 8	 2118.jpg	 1.067062e+03	 22	 9.607517e+02	 220	 6.333541e+02	 98	 1.068080e+03	 666.67	 650.00	 51.00	 18	 0.59	 
bfer_118	 2	 8	 1107.jpg	 1.071067e+03	 12	 999000	 120	 999000	 999	 1.072085e+03	 666.67	 650.00	 37.00	 7	 0.22	 
bfer_118	 2	 8	 1121.jpg	 1.075054e+03	 11	 1.000609e+03	 1100	 6.666922e+02	 98	 1.076073e+03	 616.67	 650.00	 17.00	 21	 0.55	 
bfer_118	 2	 8	 1110.jpg	 1.077057e+03	 12	 999000	 120	 999000	 999	 1.078075e+03	 616.67	 650.00	 12.00	 10	 0.64	 
bfer_118	 2	 8	 2208.jpg	 1.079059e+03	 22	 9.399851e+02	 220	 6.500129e+02	 98	 1.080077e+03	 616.67	 666.67	 57.00	 29	 0.56	 
bfer_118	 2	 8	 2202.jpg	 1.081061e+03	 22	 9.136236e+02	 220	 6.666856e+02	 98	 1.082079e+03	 616.67	 683.33	 56.00	 23	 0.57	 
bfer_118	 2	 8	 1108.jpg	 1.083063e+03	 12	 999000	 120	 999000	 999	 1.084082e+03	 616.67	 683.33	 38.00	 8	 0.19	 
bfer_118	 2	 8	 1104.jpg	 1.089053e+03	 12	 999000	 120	 999000	 999	 1.090071e+03	 616.67	 683.33	 19.00	 4	 0.50	 
bfer_118	 2	 8	 1216.jpg	 1.091056e+03	 12	 999000	 120	 999000	 999	 1.092074e+03	 616.67	 683.33	 20.00	 37	 0.50	 
