subjectID	 order	 runNum	 itemName	 onsetTime	 shuff_trialType	 RT	 respInTime	 AudioTime	 response	 fixationTime	 ladder1	 ladder2	 bidIndex	 itemNameIndex	 bidValue	 
bfer_129	 1	 4	 1102.jpg	 3.920901e+02	 12	 999000	 120	 999000	 999	 3.931085e+02	 716.67	 716.67	 38.00	 2	 0.21	 
bfer_129	 1	 4	 2113.jpg	 3.970960e+02	 24	 999000	 240	 999000	 999	 3.981141e+02	 716.67	 716.67	 77.00	 13	 0.22	 
bfer_129	 1	 4	 1106.jpg	 3.990982e+02	 12	 999000	 120	 999000	 999	 4.001164e+02	 716.67	 716.67	 16.00	 6	 0.57	 
bfer_129	 1	 4	 1115.jpg	 4.010837e+02	 11	 9.390888e+02	 110	 7.166853e+02	 98	 4.021019e+02	 733.33	 716.67	 13.00	 15	 0.62	 
bfer_129	 1	 4	 2209.jpg	 4.070906e+02	 22	 9.082499e+02	 220	 7.166975e+02	 98	 4.081087e+02	 733.33	 733.33	 47.00	 30	 0.73	 
bfer_129	 1	 4	 2207.jpg	 4.090930e+02	 22	 1.017852e+03	 2200	 7.333481e+02	 98	 4.101110e+02	 733.33	 683.33	 52.00	 28	 0.64	 
bfer_129	 1	 4	 1215.jpg	 4.120961e+02	 12	 999000	 120	 999000	 999	 4.131142e+02	 733.33	 683.33	 3.00	 36	 0.80	 
bfer_129	 1	 4	 1218.jpg	 4.140984e+02	 12	 999000	 120	 999000	 999	 4.151165e+02	 733.33	 683.33	 17.00	 39	 0.57	 
bfer_129	 1	 4	 1109.jpg	 4.180862e+02	 11	 9.126256e+02	 110	 7.333584e+02	 98	 4.191044e+02	 750.00	 683.33	 10.00	 9	 0.66	 
bfer_129	 1	 4	 1110.jpg	 4.200884e+02	 12	 999000	 120	 999000	 999	 4.211066e+02	 750.00	 683.33	 11.00	 10	 0.66	 
bfer_129	 1	 4	 1103.jpg	 4.250941e+02	 12	 999000	 120	 999000	 999	 4.261122e+02	 750.00	 683.33	 14.00	 3	 0.59	 
bfer_129	 1	 4	 1203.jpg	 4.320852e+02	 12	 999000	 120	 999000	 999	 4.331033e+02	 750.00	 683.33	 9.00	 24	 0.67	 
bfer_129	 1	 4	 1210.jpg	 4.340874e+02	 12	 999000	 120	 999000	 999	 4.351056e+02	 750.00	 683.33	 21.00	 31	 0.52	 
bfer_129	 1	 4	 1113.jpg	 4.370908e+02	 11	 9.400407e+02	 110	 7.500375e+02	 98	 4.381090e+02	 766.67	 683.33	 7.00	 13	 0.70	 
bfer_129	 1	 4	 2204.jpg	 4.400942e+02	 22	 1.016606e+03	 2200	 6.833486e+02	 98	 4.411125e+02	 766.67	 633.33	 58.00	 25	 0.56	 
bfer_129	 1	 4	 2218.jpg	 4.440987e+02	 24	 999000	 240	 999000	 999	 4.451168e+02	 766.67	 633.33	 49.00	 39	 0.68	 
bfer_129	 1	 4	 1117.jpg	 4.480866e+02	 11	 9.602578e+02	 110	 7.666850e+02	 98	 4.491046e+02	 783.33	 633.33	 18.00	 17	 0.57	 
bfer_129	 1	 4	 1208.jpg	 4.520909e+02	 12	 999000	 120	 999000	 999	 4.531091e+02	 783.33	 633.33	 20.00	 29	 0.55	 
bfer_129	 1	 4	 2210.jpg	 4.550943e+02	 24	 999000	 240	 999000	 999	 4.561124e+02	 783.33	 633.33	 61.00	 31	 0.52	 
bfer_129	 1	 4	 2202.jpg	 4.610844e+02	 24	 999000	 240	 999000	 999	 4.621026e+02	 783.33	 633.33	 59.00	 23	 0.56	 
bfer_129	 1	 4	 2103.jpg	 4.630867e+02	 22	 8.161465e+02	 220	 6.333582e+02	 98	 4.641048e+02	 783.33	 650.00	 53.00	 3	 0.64	 
bfer_129	 1	 4	 2216.jpg	 4.660899e+02	 24	 999000	 240	 999000	 999	 4.671081e+02	 783.33	 650.00	 48.00	 37	 0.71	 
bfer_129	 1	 4	 1204.jpg	 4.680922e+02	 12	 999000	 120	 999000	 999	 4.691104e+02	 783.33	 650.00	 8.00	 25	 0.69	 
bfer_129	 1	 4	 1108.jpg	 4.700944e+02	 12	 999000	 120	 999000	 999	 4.711126e+02	 783.33	 650.00	 19.00	 8	 0.55	 
bfer_129	 1	 4	 1211.jpg	 4.720966e+02	 12	 999000	 120	 999000	 999	 4.731148e+02	 783.33	 650.00	 4.00	 32	 0.77	 
bfer_129	 1	 4	 2217.jpg	 4.750831e+02	 24	 999000	 240	 999000	 999	 4.761016e+02	 783.33	 650.00	 56.00	 38	 0.59	 
bfer_129	 1	 4	 2109.jpg	 4.790879e+02	 22	 9.509161e+02	 220	 6.500180e+02	 98	 4.801059e+02	 783.33	 666.67	 50.00	 9	 0.67	 
bfer_129	 1	 4	 2214.jpg	 4.810900e+02	 24	 999000	 240	 999000	 999	 4.821082e+02	 783.33	 666.67	 62.00	 35	 0.46	 
bfer_129	 1	 4	 2215.jpg	 4.830924e+02	 24	 999000	 240	 999000	 999	 4.841106e+02	 783.33	 666.67	 44.00	 36	 0.78	 
bfer_129	 1	 4	 1206.jpg	 4.850947e+02	 12	 999000	 120	 999000	 999	 4.861127e+02	 783.33	 666.67	 22.00	 27	 0.48	 
bfer_129	 1	 4	 2106.jpg	 4.870968e+02	 24	 999000	 240	 999000	 999	 4.881150e+02	 783.33	 666.67	 60.00	 6	 0.53	 
bfer_129	 1	 4	 2115.jpg	 4.890822e+02	 24	 999000	 240	 999000	 999	 4.901005e+02	 783.33	 666.67	 57.00	 15	 0.57	 
bfer_129	 1	 4	 1214.jpg	 4.930869e+02	 12	 999000	 120	 999000	 999	 4.941050e+02	 783.33	 666.67	 37.00	 35	 0.22	 
bfer_129	 1	 4	 1104.jpg	 4.970914e+02	 11	 1.075466e+03	 1100	 7.833654e+02	 98	 4.981097e+02	 733.33	 666.67	 15.00	 4	 0.58	 
bfer_129	 1	 4	 2219.jpg	 4.990936e+02	 24	 999000	 240	 999000	 999	 5.001118e+02	 733.33	 666.67	 54.00	 40	 0.61	 
bfer_129	 1	 4	 1212.jpg	 5.010958e+02	 11	 1.022991e+03	 1100	 7.333482e+02	 98	 5.021140e+02	 683.33	 666.67	 12.00	 33	 0.66	 
bfer_129	 1	 4	 2104.jpg	 5.030980e+02	 22	 9.008151e+02	 220	 6.666883e+02	 98	 5.041163e+02	 683.33	 683.33	 55.00	 4	 0.60	 
bfer_129	 1	 4	 2102.jpg	 5.050834e+02	 24	 999000	 240	 999000	 999	 5.061019e+02	 683.33	 683.33	 78.00	 2	 0.22	 
bfer_129	 1	 4	 2110.jpg	 5.110904e+02	 24	 999000	 240	 999000	 999	 5.121085e+02	 683.33	 683.33	 43.00	 10	 0.84	 
bfer_129	 1	 4	 2205.jpg	 5.130926e+02	 24	 999000	 240	 999000	 999	 5.141108e+02	 683.33	 683.33	 51.00	 26	 0.66	 
