subjectID	 order	 runNum	 itemName	 onsetTime	 shuff_trialType	 RT	 respInTime	 AudioTime	 response	 fixationTime	 ladder1	 ladder2	 bidIndex	 itemNameIndex	 bidValue	 
bfer_128	 2	 14	 2213.jpg	 3.839359e+02	 22	 9.353474e+02	 220	 7.166839e+02	 98	 3.849540e+02	 650.00	 733.33	 56.00	 34	 0.61	 
bfer_128	 2	 14	 2210.jpg	 3.859382e+02	 24	 999000	 240	 999000	 999	 3.869562e+02	 650.00	 733.33	 59.00	 31	 0.55	 
bfer_128	 2	 14	 1214.jpg	 3.899260e+02	 12	 999000	 120	 999000	 999	 3.909441e+02	 650.00	 733.33	 19.00	 35	 0.51	 
bfer_128	 2	 14	 1107.jpg	 3.929294e+02	 12	 999000	 120	 999000	 999	 3.939474e+02	 650.00	 733.33	 37.00	 7	 0.20	 
bfer_128	 2	 14	 2120.jpg	 3.949316e+02	 22	 1.043639e+03	 2200	 7.333910e+02	 98	 3.959498e+02	 650.00	 683.33	 54.00	 20	 0.62	 
bfer_128	 2	 14	 2114.jpg	 3.979347e+02	 24	 999000	 240	 999000	 999	 3.989530e+02	 650.00	 683.33	 58.00	 14	 0.56	 
bfer_128	 2	 14	 1106.jpg	 4.019392e+02	 11	 8.600024e+02	 110	 6.500162e+02	 98	 4.029576e+02	 666.67	 683.33	 17.00	 6	 0.55	 
bfer_128	 2	 14	 2101.jpg	 4.059272e+02	 24	 999000	 240	 999000	 999	 4.069451e+02	 666.67	 683.33	 61.00	 1	 0.48	 
bfer_128	 2	 14	 1218.jpg	 4.079295e+02	 12	 999000	 120	 999000	 999	 4.089475e+02	 666.67	 683.33	 4.00	 39	 0.80	 
bfer_128	 2	 14	 1211.jpg	 4.129350e+02	 12	 999000	 120	 999000	 999	 4.139532e+02	 666.67	 683.33	 7.00	 32	 0.73	 
bfer_128	 2	 14	 1217.jpg	 4.149373e+02	 12	 999000	 120	 999000	 999	 4.159554e+02	 666.67	 683.33	 20.00	 38	 0.48	 
bfer_128	 2	 14	 2112.jpg	 4.169395e+02	 24	 999000	 240	 999000	 999	 4.179578e+02	 666.67	 683.33	 62.00	 12	 0.46	 
bfer_128	 2	 14	 1201.jpg	 4.229296e+02	 12	 999000	 120	 999000	 999	 4.239478e+02	 666.67	 683.33	 3.00	 22	 0.80	 
bfer_128	 2	 14	 2115.jpg	 4.249318e+02	 22	 8.754349e+02	 220	 6.833603e+02	 98	 4.259499e+02	 666.67	 700.00	 48.00	 15	 0.76	 
bfer_128	 2	 14	 2121.jpg	 4.269340e+02	 24	 999000	 240	 999000	 999	 4.279522e+02	 666.67	 700.00	 53.00	 21	 0.63	 
bfer_128	 2	 14	 1213.jpg	 4.289364e+02	 12	 999000	 120	 999000	 999	 4.299545e+02	 666.67	 700.00	 12.00	 34	 0.67	 
bfer_128	 2	 14	 2209.jpg	 4.329239e+02	 24	 999000	 240	 999000	 999	 4.339422e+02	 666.67	 700.00	 52.00	 30	 0.65	 
bfer_128	 2	 14	 2109.jpg	 4.369286e+02	 24	 999000	 240	 999000	 999	 4.379466e+02	 666.67	 700.00	 47.00	 9	 0.77	 
bfer_128	 2	 14	 1115.jpg	 4.399320e+02	 11	 9.072232e+02	 110	 6.666983e+02	 98	 4.409499e+02	 683.33	 700.00	 8.00	 15	 0.72	 
bfer_128	 2	 14	 2206.jpg	 4.439365e+02	 24	 999000	 240	 999000	 999	 4.449544e+02	 683.33	 700.00	 60.00	 27	 0.54	 
bfer_128	 2	 14	 1207.jpg	 4.469398e+02	 12	 999000	 120	 999000	 999	 4.479579e+02	 683.33	 700.00	 38.00	 28	 0.18	 
bfer_128	 2	 14	 1209.jpg	 4.489255e+02	 11	 9.057693e+02	 110	 6.833724e+02	 98	 4.499436e+02	 700.00	 700.00	 11.00	 30	 0.68	 
bfer_128	 2	 14	 1205.jpg	 4.529299e+02	 12	 999000	 120	 999000	 999	 4.539481e+02	 700.00	 700.00	 10.00	 26	 0.71	 
bfer_128	 2	 14	 2119.jpg	 4.549321e+02	 24	 999000	 240	 999000	 999	 4.559500e+02	 700.00	 700.00	 78.00	 19	 0.11	 
bfer_128	 2	 14	 1204.jpg	 4.569343e+02	 12	 999000	 120	 999000	 999	 4.579525e+02	 700.00	 700.00	 18.00	 25	 0.55	 
bfer_128	 2	 14	 2203.jpg	 4.609388e+02	 24	 999000	 240	 999000	 999	 4.619570e+02	 700.00	 700.00	 77.00	 24	 0.14	 
bfer_128	 2	 14	 1206.jpg	 4.629242e+02	 11	 8.830182e+02	 110	 7.000216e+02	 98	 4.639425e+02	 716.67	 700.00	 9.00	 27	 0.71	 
bfer_128	 2	 14	 2111.jpg	 4.669290e+02	 22	 8.862511e+02	 220	 7.000261e+02	 98	 4.679471e+02	 716.67	 716.67	 49.00	 11	 0.75	 
bfer_128	 2	 14	 2205.jpg	 4.709334e+02	 22	 9.218280e+02	 220	 7.166914e+02	 98	 4.719515e+02	 716.67	 733.33	 51.00	 26	 0.67	 
bfer_128	 2	 14	 2214.jpg	 4.739368e+02	 22	 9.104551e+02	 220	 7.333523e+02	 98	 4.749549e+02	 716.67	 750.00	 57.00	 35	 0.59	 
bfer_128	 2	 14	 1121.jpg	 4.799268e+02	 11	 9.044391e+02	 110	 7.166941e+02	 98	 4.809449e+02	 733.33	 750.00	 16.00	 21	 0.59	 
bfer_128	 2	 14	 2106.jpg	 4.819291e+02	 24	 999000	 240	 999000	 999	 4.829472e+02	 733.33	 750.00	 55.00	 6	 0.61	 
bfer_128	 2	 14	 1103.jpg	 4.859336e+02	 12	 999000	 120	 999000	 999	 4.869517e+02	 733.33	 750.00	 15.00	 3	 0.60	 
bfer_128	 2	 14	 2218.jpg	 4.879358e+02	 24	 999000	 240	 999000	 999	 4.889539e+02	 733.33	 750.00	 43.00	 39	 0.84	 
bfer_128	 2	 14	 1109.jpg	 4.899380e+02	 11	 9.252032e+02	 110	 7.333643e+02	 98	 4.909564e+02	 750.00	 750.00	 14.00	 9	 0.63	 
bfer_128	 2	 14	 1203.jpg	 4.919403e+02	 12	 999000	 120	 999000	 999	 4.929585e+02	 750.00	 750.00	 22.00	 24	 0.46	 
bfer_128	 2	 14	 1111.jpg	 4.969293e+02	 12	 999000	 120	 999000	 999	 4.979474e+02	 750.00	 750.00	 13.00	 11	 0.66	 
bfer_128	 2	 14	 1105.jpg	 4.989315e+02	 12	 999000	 120	 999000	 999	 4.999496e+02	 750.00	 750.00	 21.00	 5	 0.46	 
bfer_128	 2	 14	 2103.jpg	 5.009337e+02	 24	 999000	 240	 999000	 999	 5.019518e+02	 750.00	 750.00	 50.00	 3	 0.72	 
bfer_128	 2	 14	 2201.jpg	 5.039371e+02	 24	 999000	 240	 999000	 999	 5.049552e+02	 750.00	 750.00	 44.00	 22	 0.82	 
