subjectID	 order	 runNum	 itemName	 onsetTime	 shuff_trialType	 RT	 respInTime	 AudioTime	 response	 fixationTime	 ladder1	 ladder2	 bidIndex	 itemNameIndex	 bidValue	 
bfer_171	 1	 2	 1102.jpg	 1.312295e+02	 12	 999000	 120	 999000	 999	 1.322479e+02	 650.00	 716.67	 20.00	 2	 0.50	 
bfer_171	 1	 2	 2103.jpg	 1.342331e+02	 24	 999000	 240	 999000	 999	 1.352514e+02	 650.00	 716.67	 51.00	 3	 0.69	 
bfer_171	 1	 2	 2111.jpg	 1.382377e+02	 22	 9.209750e+02	 220	 7.166944e+02	 98	 1.392558e+02	 650.00	 733.33	 55.00	 11	 0.60	 
bfer_171	 1	 2	 2219.jpg	 1.402229e+02	 24	 999000	 240	 999000	 999	 1.412414e+02	 650.00	 733.33	 49.00	 40	 0.75	 
bfer_171	 1	 2	 2204.jpg	 1.422255e+02	 24	 999000	 240	 999000	 999	 1.432436e+02	 650.00	 733.33	 56.00	 25	 0.59	 
bfer_171	 1	 2	 1119.jpg	 1.462299e+02	 12	 999000	 120	 999000	 999	 1.472481e+02	 650.00	 733.33	 22.00	 19	 0.48	 
bfer_171	 1	 2	 2208.jpg	 1.482323e+02	 24	 999000	 240	 999000	 999	 1.492503e+02	 650.00	 733.33	 43.00	 29	 0.86	 
bfer_171	 1	 2	 1103.jpg	 1.532378e+02	 12	 999000	 120	 999000	 999	 1.542560e+02	 650.00	 733.33	 8.00	 3	 0.75	 
bfer_171	 1	 2	 2213.jpg	 1.552235e+02	 22	 9.671095e+02	 220	 7.333597e+02	 98	 1.562414e+02	 650.00	 750.00	 52.00	 34	 0.64	 
bfer_171	 1	 2	 2115.jpg	 1.582268e+02	 22	 1.043873e+03	 2200	 7.500198e+02	 98	 1.592448e+02	 650.00	 700.00	 58.00	 15	 0.57	 
bfer_171	 1	 2	 2102.jpg	 1.612302e+02	 24	 999000	 240	 999000	 999	 1.622482e+02	 650.00	 700.00	 62.00	 2	 0.49	 
bfer_171	 1	 2	 1106.jpg	 1.652346e+02	 12	 999000	 120	 999000	 999	 1.662527e+02	 650.00	 700.00	 14.00	 6	 0.64	 
bfer_171	 1	 2	 2110.jpg	 1.682379e+02	 24	 999000	 240	 999000	 999	 1.692561e+02	 650.00	 700.00	 59.00	 10	 0.55	 
bfer_171	 1	 2	 1104.jpg	 1.702232e+02	 12	 999000	 120	 999000	 999	 1.712417e+02	 650.00	 700.00	 17.00	 4	 0.54	 
bfer_171	 1	 2	 1121.jpg	 1.732269e+02	 11	 9.157411e+02	 110	 6.500244e+02	 98	 1.742451e+02	 666.67	 700.00	 15.00	 21	 0.61	 
bfer_171	 1	 2	 2113.jpg	 1.772314e+02	 24	 999000	 240	 999000	 999	 1.782495e+02	 666.67	 700.00	 77.00	 13	 0.18	 
bfer_171	 1	 2	 2210.jpg	 1.802348e+02	 24	 999000	 240	 999000	 999	 1.812529e+02	 666.67	 700.00	 54.00	 31	 0.60	 
bfer_171	 1	 2	 1120.jpg	 1.822370e+02	 12	 999000	 120	 999000	 999	 1.832551e+02	 666.67	 700.00	 37.00	 20	 0.22	 
bfer_171	 1	 2	 1112.jpg	 1.842392e+02	 12	 999000	 120	 999000	 999	 1.852574e+02	 666.67	 700.00	 38.00	 12	 0.13	 
bfer_171	 1	 2	 1219.jpg	 1.892282e+02	 12	 999000	 120	 999000	 999	 1.902463e+02	 666.67	 700.00	 11.00	 40	 0.66	 
bfer_171	 1	 2	 1211.jpg	 1.932327e+02	 12	 999000	 120	 999000	 999	 1.942507e+02	 666.67	 700.00	 4.00	 32	 0.82	 
bfer_171	 1	 2	 1109.jpg	 1.972371e+02	 12	 999000	 120	 999000	 999	 1.982554e+02	 666.67	 700.00	 21.00	 9	 0.49	 
bfer_171	 1	 2	 1111.jpg	 2.032273e+02	 12	 999000	 120	 999000	 999	 2.042454e+02	 666.67	 700.00	 9.00	 11	 0.71	 
bfer_171	 1	 2	 2109.jpg	 2.052295e+02	 24	 999000	 240	 999000	 999	 2.062476e+02	 666.67	 700.00	 57.00	 9	 0.57	 
bfer_171	 1	 2	 1202.jpg	 2.072317e+02	 12	 999000	 120	 999000	 999	 2.082498e+02	 666.67	 700.00	 19.00	 23	 0.54	 
bfer_171	 1	 2	 1214.jpg	 2.092339e+02	 12	 999000	 120	 999000	 999	 2.102521e+02	 666.67	 700.00	 3.00	 35	 0.87	 
bfer_171	 1	 2	 2121.jpg	 2.112363e+02	 22	 9.383938e+02	 220	 7.000192e+02	 98	 2.122543e+02	 666.67	 716.67	 53.00	 21	 0.63	 
bfer_171	 1	 2	 1110.jpg	 2.152238e+02	 11	 9.748810e+02	 110	 6.666924e+02	 98	 2.162420e+02	 683.33	 716.67	 10.00	 10	 0.68	 
bfer_171	 1	 2	 1213.jpg	 2.172263e+02	 12	 999000	 120	 999000	 999	 2.182443e+02	 683.33	 716.67	 16.00	 34	 0.56	 
bfer_171	 1	 2	 2209.jpg	 2.212308e+02	 24	 999000	 240	 999000	 999	 2.222489e+02	 683.33	 716.67	 48.00	 30	 0.75	 
bfer_171	 1	 2	 2216.jpg	 2.232331e+02	 22	 9.575774e+02	 220	 7.166851e+02	 98	 2.242511e+02	 683.33	 733.33	 47.00	 37	 0.77	 
bfer_171	 1	 2	 1210.jpg	 2.252352e+02	 11	 1.011467e+03	 1100	 6.833565e+02	 98	 2.262535e+02	 633.33	 733.33	 18.00	 31	 0.54	 
bfer_171	 1	 2	 2201.jpg	 2.272374e+02	 22	 1.009201e+03	 2200	 7.333463e+02	 98	 2.282556e+02	 633.33	 683.33	 50.00	 22	 0.71	 
bfer_171	 1	 2	 1204.jpg	 2.322265e+02	 11	 8.441198e+02	 110	 6.333459e+02	 98	 2.332445e+02	 650.00	 683.33	 13.00	 25	 0.65	 
bfer_171	 1	 2	 1216.jpg	 2.342286e+02	 11	 9.540251e+02	 110	 6.500254e+02	 98	 2.352468e+02	 666.67	 683.33	 7.00	 37	 0.76	 
bfer_171	 1	 2	 2120.jpg	 2.362309e+02	 24	 999000	 240	 999000	 999	 2.372490e+02	 666.67	 683.33	 78.00	 20	 0.11	 
bfer_171	 1	 2	 2116.jpg	 2.392343e+02	 24	 999000	 240	 999000	 999	 2.402523e+02	 666.67	 683.33	 60.00	 16	 0.54	 
bfer_171	 1	 2	 2212.jpg	 2.462255e+02	 24	 999000	 240	 999000	 999	 2.472436e+02	 666.67	 683.33	 61.00	 33	 0.49	 
bfer_171	 1	 2	 2214.jpg	 2.502300e+02	 24	 999000	 240	 999000	 999	 2.512480e+02	 666.67	 683.33	 44.00	 35	 0.81	 
bfer_171	 1	 2	 1206.jpg	 2.572378e+02	 11	 9.128261e+02	 110	 6.666796e+02	 98	 2.582559e+02	 683.33	 683.33	 12.00	 27	 0.65	 
