subjectID	order	runNum	itemName	onsetTime	shuff_trialType	RT	respInTime	AudioTime	response	fixationTime	ladder1	ladder2	bidIndex	BDMtrialIndex	bidValue
MRI_snacks_108	 2	 4	 CrunchShokoVanil.bmp	 3.790270e+02	 24	 999000	 240	 999000	 999	 3.800461e+02	 716.67	 650.00	 40.00	 15	 2.80	 
MRI_snacks_108	 2	 4	 Cheetos.bmp	 3.810294e+02	 24	 999000	 240	 999000	 999	 3.820471e+02	 716.67	 650.00	 45.00	 43	 2.71	 
MRI_snacks_108	 2	 4	 BisliGrill.bmp	 3.850172e+02	 22	 1.008158e+03	 2200	 6.500680e+02	 98	 3.860523e+02	 716.67	 600.00	 46.00	 16	 2.69	 
MRI_snacks_108	 2	 4	 WerthersOriginal.bmp	 3.880206e+02	 12	 999000	 120	 999000	 999	 3.890384e+02	 716.67	 600.00	 22.00	 1	 4.89	 
MRI_snacks_108	 2	 4	 BabyDoll.bmp	 3.900228e+02	 24	 999000	 240	 999000	 999	 3.910406e+02	 716.67	 600.00	 44.00	 34	 2.71	 
MRI_snacks_108	 2	 4	 Hit.bmp	 3.930261e+02	 22	 9.993731e+02	 220	 6.000468e+02	 98	 3.940616e+02	 716.67	 616.67	 49.00	 32	 1.71	 
MRI_snacks_108	 2	 4	 BambaNugat.bmp	 3.970306e+02	 11	 1.107571e+03	 1100	 7.167331e+02	 98	 3.980673e+02	 666.67	 616.67	 9.00	 29	 5.93	 
MRI_snacks_108	 2	 4	 Taami.bmp	 4.010184e+02	 12	 999000	 120	 999000	 999	 4.020368e+02	 666.67	 616.67	 7.00	 21	 5.96	 
MRI_snacks_108	 2	 4	 KashitSour.bmp	 4.030206e+02	 12	 999000	 120	 999000	 999	 4.040383e+02	 666.67	 616.67	 18.00	 2	 4.91	 
MRI_snacks_108	 2	 4	 Mars.bmp	 4.080263e+02	 12	 999000	 120	 999000	 999	 4.090439e+02	 666.67	 616.67	 5.00	 44	 5.98	 
MRI_snacks_108	 2	 4	 Egozi.bmp	 4.100284e+02	 24	 999000	 240	 999000	 999	 4.110462e+02	 666.67	 616.67	 53.00	 26	 0.67	 
MRI_snacks_108	 2	 4	 Tictac.bmp	 4.120138e+02	 12	 999000	 120	 999000	 999	 4.130319e+02	 666.67	 616.67	 13.00	 39	 5.80	 
MRI_snacks_108	 2	 4	 Shugi.bmp	 4.180208e+02	 12	 999000	 120	 999000	 999	 4.190385e+02	 666.67	 616.67	 10.00	 49	 5.93	 
MRI_snacks_108	 2	 4	 ChocolateParaSucariotKoftzot2.bmp	 4.200231e+02	 12	 999000	 120	 999000	 999	 4.210410e+02	 666.67	 616.67	 4.00	 48	 7.02	 
MRI_snacks_108	 2	 4	 CrunchBisquitBrown3.bmp	 4.220252e+02	 12	 999000	 120	 999000	 999	 4.230431e+02	 666.67	 616.67	 6.00	 10	 5.96	 
MRI_snacks_108	 2	 4	 KinderBuenoWhite2.bmp	 4.240276e+02	 11	 9.868408e+02	 110	 6.667161e+02	 98	 4.250622e+02	 683.33	 616.67	 8.00	 28	 5.96	 
MRI_snacks_108	 2	 4	 ClickXLbrown4.bmp	 4.280153e+02	 11	 1.024361e+03	 1100	 6.833834e+02	 98	 4.290517e+02	 633.33	 616.67	 17.00	 58	 4.96	 
MRI_snacks_108	 2	 4	 Keifli.bmp	 4.320199e+02	 22	 8.948910e+02	 220	 6.167392e+02	 98	 4.330559e+02	 633.33	 633.33	 54.00	 17	 0.64	 
MRI_snacks_108	 2	 4	 GumiWine2.bmp	 4.350231e+02	 12	 999000	 120	 999000	 999	 4.360409e+02	 633.33	 633.33	 21.00	 52	 4.91	 
MRI_snacks_108	 2	 4	 ClickXLwhite4.bmp	 4.390276e+02	 12	 999000	 120	 999000	 999	 4.400460e+02	 633.33	 633.33	 20.00	 38	 4.91	 
MRI_snacks_108	 2	 4	 Tortit.bmp	 4.420144e+02	 24	 999000	 240	 999000	 999	 4.430329e+02	 633.33	 633.33	 57.00	 51	 0.58	 
MRI_snacks_108	 2	 4	 BisliBbq.bmp	 4.440166e+02	 24	 999000	 240	 999000	 999	 4.450362e+02	 633.33	 633.33	 56.00	 41	 0.60	 
MRI_snacks_108	 2	 4	 Twist.bmp	 4.480211e+02	 22	 8.819602e+02	 220	 6.333867e+02	 98	 4.490572e+02	 633.33	 650.00	 48.00	 40	 1.87	 
MRI_snacks_108	 2	 4	 Mentos.bmp	 4.500233e+02	 24	 999000	 240	 999000	 999	 4.510410e+02	 633.33	 650.00	 47.00	 53	 2.69	 
MRI_snacks_108	 2	 4	 Kitkat.bmp	 4.520256e+02	 12	 999000	 120	 999000	 999	 4.530438e+02	 633.33	 650.00	 12.00	 37	 5.82	 
MRI_snacks_108	 2	 4	 BambaSweet.bmp	 4.560130e+02	 24	 999000	 240	 999000	 999	 4.570313e+02	 633.33	 650.00	 58.00	 7	 0.56	 
MRI_snacks_108	 2	 4	 Apropo.bmp	 4.580156e+02	 24	 999000	 240	 999000	 999	 4.590335e+02	 633.33	 650.00	 39.00	 56	 3.27	 
MRI_snacks_108	 2	 4	 Bounty.bmp	 4.620201e+02	 11	 1.021199e+03	 1100	 6.333794e+02	 98	 4.630560e+02	 583.33	 650.00	 14.00	 35	 5.36	 
MRI_snacks_108	 2	 4	 BisliOnion.bmp	 4.660246e+02	 22	 1.016920e+03	 2200	 6.500474e+02	 98	 4.670614e+02	 583.33	 600.00	 51.00	 8	 1.60	 
MRI_snacks_108	 2	 4	 Dubonim.bmp	 4.690279e+02	 24	 999000	 240	 999000	 999	 4.700457e+02	 583.33	 600.00	 55.00	 4	 0.60	 
MRI_snacks_108	 2	 4	 DoritosGrill.bmp	 4.750179e+02	 24	 999000	 240	 999000	 999	 4.760359e+02	 583.33	 600.00	 52.00	 19	 0.67	 
MRI_snacks_108	 2	 4	 Snickers.bmp	 4.770202e+02	 12	 999000	 120	 999000	 999	 4.780380e+02	 583.33	 600.00	 19.00	 33	 4.91	 
MRI_snacks_108	 2	 4	 Bamba.bmp	 4.810247e+02	 24	 999000	 240	 999000	 999	 4.820424e+02	 583.33	 600.00	 42.00	 22	 2.71	 
MRI_snacks_108	 2	 4	 KinderBuenoBrown3.bmp	 4.830270e+02	 11	 9.276808e+02	 110	 5.833880e+02	 98	 4.840615e+02	 600.00	 600.00	 16.00	 36	 5.27	 
MRI_snacks_108	 2	 4	 HispusimShatiah.bmp	 4.850291e+02	 12	 999000	 120	 999000	 999	 4.860469e+02	 600.00	 600.00	 15.00	 55	 5.36	 
MRI_snacks_108	 2	 4	 Tapuchips.bmp	 4.870147e+02	 22	 9.151463e+02	 220	 6.000479e+02	 98	 4.880687e+02	 600.00	 616.67	 43.00	 23	 2.71	 
MRI_snacks_108	 2	 4	 Loacker.bmp	 4.920204e+02	 24	 999000	 240	 999000	 999	 4.930382e+02	 600.00	 616.67	 41.00	 11	 2.76	 
MRI_snacks_108	 2	 4	 SkittlesFruits2.bmp	 4.940226e+02	 12	 999000	 120	 999000	 999	 4.950409e+02	 600.00	 616.67	 3.00	 18	 7.07	 
MRI_snacks_108	 2	 4	 ChocolateParaCookies5.bmp	 4.960248e+02	 11	 8.679150e+02	 110	 6.000547e+02	 98	 4.970603e+02	 616.67	 616.67	 11.00	 27	 5.87	 
MRI_snacks_108	 2	 4	 DoritosNatural.bmp	 4.990282e+02	 24	 999000	 240	 999000	 999	 5.000462e+02	 616.67	 616.67	 50.00	 31	 1.64	 
