subjectID	order	runNum	itemName	onsetTime	shuff_trialType	RT	respInTime	AudioTime	response	fixationTime	ladder1	ladder2	bidIndex	BDMtrialIndex	bidValue
MRI_snacks_106	 2	 19	 SkittlesSour4.bmp	 2.378116e+03	 22	 1.003378e+03	 2200	 8.167277e+02	 98	 2.379150e+03	 683.33	 766.67	 51.00	 25	 1.69	 
MRI_snacks_106	 2	 19	 BambaSweet.bmp	 2.381119e+03	 12	 999000	 120	 999000	 999	 2.382137e+03	 683.33	 766.67	 19.00	 9	 4.89	 
MRI_snacks_106	 2	 19	 KinderBuenoWhite2.bmp	 2.383121e+03	 12	 999000	 120	 999000	 999	 2.384139e+03	 683.33	 766.67	 7.00	 60	 6.87	 
MRI_snacks_106	 2	 19	 ClickBlackWhite3.bmp	 2.385106e+03	 12	 999000	 120	 999000	 999	 2.386125e+03	 683.33	 766.67	 15.00	 29	 5.89	 
MRI_snacks_106	 2	 19	 Mentos.bmp	 2.387109e+03	 22	 8.189581e+02	 220	 7.667219e+02	 98	 2.388144e+03	 683.33	 783.33	 48.00	 31	 1.71	 
MRI_snacks_106	 2	 19	 DoritosNatural.bmp	 2.390112e+03	 24	 999000	 240	 999000	 999	 2.391130e+03	 683.33	 783.33	 41.00	 8	 2.71	 
MRI_snacks_106	 2	 19	 BabyDoll.bmp	 2.392115e+03	 22	 9.324446e+02	 220	 7.833959e+02	 98	 2.393151e+03	 683.33	 800.00	 49.00	 50	 1.71	 
MRI_snacks_106	 2	 19	 SkittlesFruits2.bmp	 2.396119e+03	 24	 999000	 240	 999000	 999	 2.397137e+03	 683.33	 800.00	 56.00	 49	 0.60	 
MRI_snacks_106	 2	 19	 CrunchShokoVanil.bmp	 2.398121e+03	 24	 999000	 240	 999000	 999	 2.399139e+03	 683.33	 800.00	 57.00	 51	 0.58	 
MRI_snacks_106	 2	 19	 ClickBisquit2.bmp	 2.403110e+03	 12	 999000	 120	 999000	 999	 2.404128e+03	 683.33	 800.00	 4.00	 39	 7.00	 
MRI_snacks_106	 2	 19	 CrunchBisquitBrown3.bmp	 2.405113e+03	 12	 999000	 120	 999000	 999	 2.406131e+03	 683.33	 800.00	 12.00	 14	 5.91	 
MRI_snacks_106	 2	 19	 GumiSnakes3.bmp	 2.409117e+03	 24	 999000	 240	 999000	 999	 2.410135e+03	 683.33	 800.00	 42.00	 44	 2.71	 
MRI_snacks_106	 2	 19	 Halva2.bmp	 2.411119e+03	 24	 999000	 240	 999000	 999	 2.412137e+03	 683.33	 800.00	 47.00	 56	 1.76	 
MRI_snacks_106	 2	 19	 KifkefMaklot2.bmp	 2.414123e+03	 11	 8.628186e+02	 110	 6.833936e+02	 98	 2.415157e+03	 700.00	 800.00	 9.00	 7	 5.96	 
MRI_snacks_106	 2	 19	 PesekZman.bmp	 2.419112e+03	 11	 8.579754e+02	 110	 7.000459e+02	 98	 2.420147e+03	 716.67	 800.00	 17.00	 27	 5.84	 
MRI_snacks_106	 2	 19	 ChocolateParaSucariotKoftzot2.bmp	 2.421114e+03	 12	 999000	 120	 999000	 999	 2.422132e+03	 716.67	 800.00	 13.00	 42	 5.91	 
MRI_snacks_106	 2	 19	 HispusimShatiah.bmp	 2.423116e+03	 22	 7.236888e+02	 22	 8.000506e+02	 98	 2.424151e+03	 716.67	 816.67	 43.00	 58	 2.69	 
MRI_snacks_106	 2	 19	 BisliPizza3.bmp	 2.427121e+03	 24	 999000	 240	 999000	 999	 2.428138e+03	 716.67	 816.67	 44.00	 16	 2.64	 
MRI_snacks_106	 2	 19	 Smarties.bmp	 2.431108e+03	 24	 999000	 240	 999000	 999	 2.432126e+03	 716.67	 816.67	 53.00	 47	 1.67	 
MRI_snacks_106	 2	 19	 KinderBuenoBrown3.bmp	 2.435113e+03	 12	 999000	 120	 999000	 999	 2.436131e+03	 716.67	 816.67	 6.00	 3	 6.96	 
MRI_snacks_106	 2	 19	 Taami.bmp	 2.437115e+03	 24	 999000	 240	 999000	 999	 2.438133e+03	 716.67	 816.67	 40.00	 52	 2.73	 
MRI_snacks_106	 2	 19	 ChocolateParaMilk3.bmp	 2.439117e+03	 11	 1.046771e+03	 1100	 7.167200e+02	 98	 2.440154e+03	 666.67	 816.67	 16.00	 20	 5.87	 
MRI_snacks_106	 2	 19	 Tapuchips.bmp	 2.441120e+03	 24	 999000	 240	 999000	 999	 2.442137e+03	 666.67	 816.67	 50.00	 17	 1.69	 
MRI_snacks_106	 2	 19	 Bamba.bmp	 2.443122e+03	 24	 999000	 240	 999000	 999	 2.444140e+03	 666.67	 816.67	 39.00	 41	 2.76	 
MRI_snacks_106	 2	 19	 ChocolateParaCookies5.bmp	 2.449112e+03	 12	 999000	 120	 999000	 999	 2.450130e+03	 666.67	 816.67	 3.00	 22	 7.00	 
MRI_snacks_106	 2	 19	 HappyHippo.bmp	 2.452115e+03	 22	 9.421138e+02	 220	 8.167223e+02	 98	 2.453151e+03	 666.67	 833.33	 54.00	 18	 1.64	 
MRI_snacks_106	 2	 19	 ClickXLwhite4.bmp	 2.454118e+03	 12	 999000	 120	 999000	 999	 2.455135e+03	 666.67	 833.33	 10.00	 10	 5.93	 
MRI_snacks_106	 2	 19	 ClickXLbrown4.bmp	 2.456120e+03	 11	 9.540289e+02	 110	 6.667164e+02	 98	 2.457155e+03	 683.33	 833.33	 14.00	 24	 5.89	 
MRI_snacks_106	 2	 19	 Kitkat.bmp	 2.459123e+03	 12	 999000	 120	 999000	 999	 2.460141e+03	 683.33	 833.33	 21.00	 34	 4.84	 
MRI_snacks_106	 2	 19	 DoritosSourSpicy.bmp	 2.461109e+03	 12	 999000	 120	 999000	 999	 2.462127e+03	 683.33	 833.33	 22.00	 6	 4.80	 
MRI_snacks_106	 2	 19	 ClickBalls5.bmp	 2.463111e+03	 11	 8.593838e+02	 110	 6.833801e+02	 98	 2.464146e+03	 700.00	 833.33	 11.00	 1	 5.91	 
MRI_snacks_106	 2	 19	 Mars.bmp	 2.465113e+03	 12	 999000	 120	 999000	 999	 2.466131e+03	 700.00	 833.33	 18.00	 30	 5.84	 
MRI_snacks_106	 2	 19	 GumiWine2.bmp	 2.468117e+03	 24	 999000	 240	 999000	 999	 2.469134e+03	 700.00	 833.33	 55.00	 36	 0.73	 
MRI_snacks_106	 2	 19	 Snickers.bmp	 2.470119e+03	 12	 999000	 120	 999000	 999	 2.471137e+03	 700.00	 833.33	 20.00	 57	 4.89	 
MRI_snacks_106	 2	 19	 BisliOnion.bmp	 2.472121e+03	 24	 999000	 240	 999000	 999	 2.473139e+03	 700.00	 833.33	 45.00	 54	 2.62	 
MRI_snacks_106	 2	 19	 Twix.bmp	 2.474123e+03	 12	 999000	 120	 999000	 999	 2.475141e+03	 700.00	 833.33	 5.00	 43	 7.00	 
MRI_snacks_106	 2	 19	 Bounty.bmp	 2.476109e+03	 11	 9.232587e+02	 110	 7.000455e+02	 98	 2.477145e+03	 716.67	 833.33	 8.00	 48	 5.98	 
MRI_snacks_106	 2	 19	 Shugi.bmp	 2.482116e+03	 24	 999000	 240	 999000	 999	 2.483133e+03	 716.67	 833.33	 52.00	 32	 1.67	 
MRI_snacks_106	 2	 19	 KinderJoy.bmp	 2.485119e+03	 22	 8.799742e+02	 220	 8.333770e+02	 98	 2.486154e+03	 716.67	 850.00	 46.00	 33	 2.58	 
MRI_snacks_106	 2	 19	 ChocolateParaMarir2.bmp	 2.489123e+03	 24	 999000	 240	 999000	 999	 2.490141e+03	 716.67	 850.00	 58.00	 13	 0.53	 
