subjectID	order	runNum	itemName	onsetTime	shuff_trialType	RT	respInTime	AudioTime	response	fixationTime	ladder1	ladder2	bidIndex	BDMtrialIndex	bidValue
MRI_snacks_135	 1	 9	 ClickBlackWhite3.bmp	 1.034772e+03	 11	 9.667123e+02	 110	 6.834055e+02	 98	 1.035807e+03	 700.00	 616.67	 18.00	 13	 2.71	 
MRI_snacks_135	 1	 9	 ClickBalls5.bmp	 1.036758e+03	 12	 999000	 120	 999000	 999	 1.037776e+03	 700.00	 616.67	 9.00	 50	 4.93	 
MRI_snacks_135	 1	 9	 HappyHippo.bmp	 1.040763e+03	 22	 8.807071e+02	 220	 6.167377e+02	 98	 1.041799e+03	 700.00	 633.33	 52.00	 43	 0.04	 
MRI_snacks_135	 1	 9	 ChocolateParaMilk3.bmp	 1.043766e+03	 22	 8.934138e+02	 220	 6.333811e+02	 98	 1.044803e+03	 700.00	 650.00	 44.00	 37	 0.09	 
MRI_snacks_135	 1	 9	 BisliPizza3.bmp	 1.045768e+03	 12	 999000	 120	 999000	 999	 1.046786e+03	 700.00	 650.00	 4.00	 8	 6.49	 
MRI_snacks_135	 1	 9	 Hit.bmp	 1.048771e+03	 12	 999000	 120	 999000	 999	 1.049790e+03	 700.00	 650.00	 3.00	 30	 7.00	 
MRI_snacks_135	 1	 9	 Bounty.bmp	 1.052759e+03	 12	 999000	 120	 999000	 999	 1.053778e+03	 700.00	 650.00	 20.00	 5	 2.31	 
MRI_snacks_135	 1	 9	 KashitSour.bmp	 1.056764e+03	 22	 9.913617e+02	 220	 6.500450e+02	 98	 1.057800e+03	 700.00	 666.67	 47.00	 16	 0.04	 
MRI_snacks_135	 1	 9	 KinderBuenoBrown3.bmp	 1.058766e+03	 12	 999000	 120	 999000	 999	 1.059785e+03	 700.00	 666.67	 16.00	 47	 2.78	 
MRI_snacks_135	 1	 9	 BisliOnion.bmp	 1.063772e+03	 11	 1.007603e+03	 1100	 7.000438e+02	 98	 1.064808e+03	 650.00	 666.67	 7.00	 17	 5.96	 
MRI_snacks_135	 1	 9	 SkittlesSour4.bmp	 1.065757e+03	 24	 999000	 240	 999000	 999	 1.066778e+03	 650.00	 666.67	 40.00	 18	 0.13	 
MRI_snacks_135	 1	 9	 Cheetos.bmp	 1.067759e+03	 24	 999000	 240	 999000	 999	 1.068778e+03	 650.00	 666.67	 55.00	 36	 0.02	 
MRI_snacks_135	 1	 9	 Shugi.bmp	 1.073766e+03	 24	 999000	 240	 999000	 999	 1.074785e+03	 650.00	 666.67	 58.00	 49	 0.02	 
MRI_snacks_135	 1	 9	 WerthersOriginal.bmp	 1.075768e+03	 24	 999000	 240	 999000	 999	 1.076787e+03	 650.00	 666.67	 46.00	 39	 0.07	 
MRI_snacks_135	 1	 9	 Mekupelet.bmp	 1.077771e+03	 12	 999000	 120	 999000	 999	 1.078790e+03	 650.00	 666.67	 19.00	 59	 2.69	 
MRI_snacks_135	 1	 9	 KifkefMaklot2.bmp	 1.079756e+03	 24	 999000	 240	 999000	 999	 1.080775e+03	 650.00	 666.67	 54.00	 33	 0.02	 
MRI_snacks_135	 1	 9	 ChocolateParaSucariotKoftzot2.bmp	 1.083761e+03	 11	 9.545793e+02	 110	 6.500560e+02	 98	 1.084795e+03	 666.67	 666.67	 13.00	 46	 3.80	 
MRI_snacks_135	 1	 9	 HispusimShatiah.bmp	 1.087765e+03	 24	 999000	 240	 999000	 999	 1.088784e+03	 666.67	 666.67	 39.00	 4	 0.33	 
MRI_snacks_135	 1	 9	 ClickXLbrown4.bmp	 1.090769e+03	 11	 9.706910e+02	 110	 6.667198e+02	 98	 1.091803e+03	 683.33	 666.67	 10.00	 51	 4.84	 
MRI_snacks_135	 1	 9	 BabyDoll.bmp	 1.094756e+03	 24	 999000	 240	 999000	 999	 1.095775e+03	 683.33	 666.67	 41.00	 34	 0.11	 
MRI_snacks_135	 1	 9	 CrunchBisquitWhite2.bmp	 1.097760e+03	 11	 1.019657e+03	 1100	 6.833865e+02	 98	 1.098796e+03	 633.33	 666.67	 15.00	 29	 2.80	 
MRI_snacks_135	 1	 9	 GumiSnakes3.bmp	 1.099762e+03	 24	 999000	 240	 999000	 999	 1.100780e+03	 633.33	 666.67	 48.00	 20	 0.04	 
MRI_snacks_135	 1	 9	 Tortit.bmp	 1.103766e+03	 22	 9.887415e+02	 220	 6.667066e+02	 98	 1.104803e+03	 633.33	 683.33	 45.00	 38	 0.07	 
MRI_snacks_135	 1	 9	 BambaNugat.bmp	 1.105769e+03	 12	 999000	 120	 999000	 999	 1.106787e+03	 633.33	 683.33	 22.00	 3	 2.16	 
MRI_snacks_135	 1	 9	 Tapuchips.bmp	 1.107771e+03	 24	 999000	 240	 999000	 999	 1.108789e+03	 633.33	 683.33	 43.00	 24	 0.09	 
MRI_snacks_135	 1	 9	 Egozi.bmp	 1.111759e+03	 24	 999000	 240	 999000	 999	 1.112777e+03	 633.33	 683.33	 42.00	 48	 0.11	 
MRI_snacks_135	 1	 9	 Kitkat.bmp	 1.113761e+03	 12	 999000	 120	 999000	 999	 1.114779e+03	 633.33	 683.33	 5.00	 31	 6.00	 
MRI_snacks_135	 1	 9	 Mentos.bmp	 1.117765e+03	 22	 1.013847e+03	 2200	 6.833839e+02	 98	 1.118800e+03	 633.33	 633.33	 50.00	 26	 0.04	 
MRI_snacks_135	 1	 9	 BambaSweet.bmp	 1.121770e+03	 22	 9.533604e+02	 220	 6.333874e+02	 98	 1.122805e+03	 633.33	 650.00	 53.00	 60	 0.04	 
MRI_snacks_135	 1	 9	 Bamba.bmp	 1.124756e+03	 12	 999000	 120	 999000	 999	 1.125775e+03	 633.33	 650.00	 6.00	 42	 6.00	 
MRI_snacks_135	 1	 9	 ClickBisquit2.bmp	 1.130763e+03	 12	 999000	 120	 999000	 999	 1.131781e+03	 633.33	 650.00	 11.00	 25	 3.82	 
MRI_snacks_135	 1	 9	 Smarties.bmp	 1.132766e+03	 24	 999000	 240	 999000	 999	 1.133784e+03	 633.33	 650.00	 56.00	 44	 0.02	 
MRI_snacks_135	 1	 9	 Twix.bmp	 1.136770e+03	 12	 999000	 120	 999000	 999	 1.137789e+03	 633.33	 650.00	 17.00	 41	 2.73	 
MRI_snacks_135	 1	 9	 PesekZman.bmp	 1.138772e+03	 11	 9.428554e+02	 110	 6.333841e+02	 98	 1.139809e+03	 650.00	 650.00	 12.00	 28	 3.82	 
MRI_snacks_135	 1	 9	 Twist.bmp	 1.140758e+03	 12	 999000	 120	 999000	 999	 1.141776e+03	 650.00	 650.00	 21.00	 2	 2.24	 
MRI_snacks_135	 1	 9	 DoritosSourSpicy.bmp	 1.142760e+03	 24	 999000	 240	 999000	 999	 1.143779e+03	 650.00	 650.00	 51.00	 27	 0.04	 
MRI_snacks_135	 1	 9	 BisliBbq.bmp	 1.147766e+03	 12	 999000	 120	 999000	 999	 1.148784e+03	 650.00	 650.00	 8.00	 15	 5.00	 
MRI_snacks_135	 1	 9	 KinderJoy.bmp	 1.149768e+03	 24	 999000	 240	 999000	 999	 1.150786e+03	 650.00	 650.00	 57.00	 45	 0.02	 
MRI_snacks_135	 1	 9	 BisliGrill.bmp	 1.151770e+03	 12	 999000	 120	 999000	 999	 1.152788e+03	 650.00	 650.00	 14.00	 1	 3.27	 
MRI_snacks_135	 1	 9	 CrunchBisquitBrown3.bmp	 1.154757e+03	 24	 999000	 240	 999000	 999	 1.155775e+03	 650.00	 650.00	 49.00	 23	 0.04	 
