subjectID	order	runNum	itemName	onsetTime	shuff_trialType	RT	respInTime	AudioTime	response	fixationTime	ladder1	ladder2	bidIndex	BDMtrialIndex	bidValue
MRI_snacks_105	 1	 1	 BisliOnion.bmp	 1.246704e+00	 22	 1.065573e+03	 2200	 7.500623e+02	 98	 2.281926e+00	 750.00	 700.00	 45.00	 22	 3.84	 
MRI_snacks_105	 1	 1	 Hit.bmp	 4.232920e+00	 12	 999000	 120	 999000	 999	 5.252363e+00	 750.00	 700.00	 5.00	 5	 9.11	 
MRI_snacks_105	 1	 1	 ChocolateParaCookies5.bmp	 6.235171e+00	 11	 1.139821e+03	 1100	 7.500729e+02	 98	 7.270616e+00	 700.00	 700.00	 10.00	 54	 7.51	 
MRI_snacks_105	 1	 1	 KifkefMaklot2.bmp	 8.237344e+00	 12	 999000	 120	 999000	 999	 9.255149e+00	 700.00	 700.00	 8.00	 11	 7.60	 
MRI_snacks_105	 1	 1	 Bounty.bmp	 1.023959e+01	 22	 1.039340e+03	 2200	 7.000510e+02	 98	 1.127641e+01	 700.00	 650.00	 53.00	 18	 3.31	 
MRI_snacks_105	 1	 1	 ChocolateParaSucariotKoftzot2.bmp	 1.322597e+01	 12	 999000	 120	 999000	 999	 1.424569e+01	 700.00	 650.00	 11.00	 50	 7.38	 
MRI_snacks_105	 1	 1	 KinderBuenoWhite2.bmp	 1.522849e+01	 12	 999000	 120	 999000	 999	 1.624664e+01	 700.00	 650.00	 19.00	 31	 6.47	 
MRI_snacks_105	 1	 1	 CrunchShokoVanil.bmp	 1.923294e+01	 22	 9.338762e+02	 220	 6.500572e+02	 98	 2.026770e+01	 700.00	 666.67	 52.00	 8	 3.36	 
MRI_snacks_105	 1	 1	 GumiWine2.bmp	 2.123527e+01	 24	 999000	 240	 999000	 999	 2.225451e+01	 700.00	 666.67	 41.00	 34	 4.29	 
MRI_snacks_105	 1	 1	 BagaleShtuhim.bmp	 2.624091e+01	 24	 999000	 240	 999000	 999	 2.726031e+01	 700.00	 666.67	 48.00	 21	 3.73	 
MRI_snacks_105	 1	 1	 Mekupelet.bmp	 2.822624e+01	 22	 1.019914e+03	 2200	 6.667262e+02	 98	 2.926336e+01	 700.00	 616.67	 47.00	 3	 3.78	 
MRI_snacks_105	 1	 1	 WerthersOriginal.bmp	 3.223091e+01	 24	 999000	 240	 999000	 999	 3.325075e+01	 700.00	 616.67	 51.00	 37	 3.38	 
MRI_snacks_105	 1	 1	 ClickBisquit2.bmp	 3.423323e+01	 11	 1.065530e+03	 1100	 7.000549e+02	 98	 3.526776e+01	 650.00	 616.67	 15.00	 4	 6.87	 
MRI_snacks_105	 1	 1	 ClickXLwhite4.bmp	 3.723652e+01	 24	 999000	 240	 999000	 999	 3.825453e+01	 650.00	 616.67	 40.00	 36	 4.36	 
MRI_snacks_105	 1	 1	 Tictac.bmp	 4.222519e+01	 24	 999000	 240	 999000	 999	 4.324333e+01	 650.00	 616.67	 58.00	 19	 2.16	 
MRI_snacks_105	 1	 1	 BisliGrill.bmp	 4.422756e+01	 24	 999000	 240	 999000	 999	 4.524594e+01	 650.00	 616.67	 43.00	 51	 4.24	 
MRI_snacks_105	 1	 1	 Smarties.bmp	 4.622983e+01	 24	 999000	 240	 999000	 999	 4.724878e+01	 650.00	 616.67	 49.00	 47	 3.42	 
MRI_snacks_105	 1	 1	 Keifli.bmp	 5.023431e+01	 12	 999000	 120	 999000	 999	 5.125255e+01	 650.00	 616.67	 14.00	 59	 6.93	 
MRI_snacks_105	 1	 1	 Snickers.bmp	 5.423887e+01	 22	 9.507993e+02	 220	 6.167112e+02	 98	 5.527561e+01	 650.00	 633.33	 44.00	 26	 3.89	 
MRI_snacks_105	 1	 1	 DoritosGrill.bmp	 5.822638e+01	 12	 999000	 120	 999000	 999	 5.924463e+01	 650.00	 633.33	 4.00	 17	 9.53	 
MRI_snacks_105	 1	 1	 Halva2.bmp	 6.022891e+01	 11	 1.069809e+03	 1100	 6.500456e+02	 98	 6.126608e+01	 600.00	 633.33	 13.00	 57	 6.98	 
MRI_snacks_105	 1	 1	 GumiSnakes3.bmp	 6.223115e+01	 12	 999000	 120	 999000	 999	 6.324936e+01	 600.00	 633.33	 21.00	 49	 6.33	 
MRI_snacks_105	 1	 1	 BambaNugat.bmp	 6.423335e+01	 24	 999000	 240	 999000	 999	 6.525214e+01	 600.00	 633.33	 46.00	 1	 3.80	 
MRI_snacks_105	 1	 1	 Taami.bmp	 6.623566e+01	 12	 999000	 120	 999000	 999	 6.725394e+01	 600.00	 633.33	 16.00	 16	 6.64	 
MRI_snacks_105	 1	 1	 Loacker.bmp	 7.222567e+01	 11	 8.973025e+02	 110	 6.000516e+02	 98	 7.326253e+01	 616.67	 633.33	 18.00	 39	 6.51	 
MRI_snacks_105	 1	 1	 CrunchBisquitWhite2.bmp	 7.522895e+01	 12	 999000	 120	 999000	 999	 7.624722e+01	 616.67	 633.33	 3.00	 46	 9.64	 
MRI_snacks_105	 1	 1	 DoritosSourSpicy.bmp	 7.723127e+01	 12	 999000	 120	 999000	 999	 7.825025e+01	 616.67	 633.33	 9.00	 40	 7.58	 
MRI_snacks_105	 1	 1	 SkittlesFruits2.bmp	 7.923339e+01	 12	 999000	 120	 999000	 999	 8.025202e+01	 616.67	 633.33	 22.00	 2	 6.00	 
MRI_snacks_105	 1	 1	 Shugi.bmp	 8.223679e+01	 24	 999000	 240	 999000	 999	 8.325584e+01	 616.67	 633.33	 39.00	 28	 4.36	 
MRI_snacks_105	 1	 1	 Mentos.bmp	 8.423909e+01	 24	 999000	 240	 999000	 999	 8.525739e+01	 616.67	 633.33	 57.00	 20	 2.69	 
MRI_snacks_105	 1	 1	 Mars.bmp	 8.624124e+01	 12	 999000	 120	 999000	 999	 8.725959e+01	 616.67	 633.33	 17.00	 53	 6.56	 
MRI_snacks_105	 1	 1	 Popco.bmp	 8.822680e+01	 12	 999000	 120	 999000	 999	 8.924542e+01	 616.67	 633.33	 6.00	 12	 8.58	 
MRI_snacks_105	 1	 1	 PesekZman.bmp	 9.123024e+01	 24	 999000	 240	 999000	 999	 9.224886e+01	 616.67	 633.33	 54.00	 29	 3.22	 
MRI_snacks_105	 1	 1	 DoritosNatural.bmp	 9.323248e+01	 24	 999000	 240	 999000	 999	 9.425156e+01	 616.67	 633.33	 42.00	 13	 4.27	 
MRI_snacks_105	 1	 1	 Apropo.bmp	 9.523471e+01	 11	 1.019447e+03	 1100	 6.167317e+02	 98	 9.627144e+01	 566.67	 633.33	 7.00	 32	 7.67	 
MRI_snacks_105	 1	 1	 Bamba.bmp	 9.723694e+01	 24	 999000	 240	 999000	 999	 9.825621e+01	 566.67	 633.33	 55.00	 35	 3.20	 
MRI_snacks_105	 1	 1	 Tapuchips.bmp	 9.923914e+01	 11	 9.750709e+02	 110	 5.667095e+02	 98	 1.002735e+02	 583.33	 633.33	 12.00	 23	 7.02	 
MRI_snacks_105	 1	 1	 Egozi.bmp	 1.052292e+02	 22	 1.049074e+03	 2200	 6.333816e+02	 98	 1.062667e+02	 583.33	 583.33	 50.00	 14	 3.38	 
MRI_snacks_105	 1	 1	 HispusimShatiah.bmp	 1.082326e+02	 12	 999000	 120	 999000	 999	 1.092507e+02	 583.33	 583.33	 20.00	 44	 6.40	 
MRI_snacks_105	 1	 1	 Twist.bmp	 1.122370e+02	 24	 999000	 240	 999000	 999	 1.132555e+02	 583.33	 583.33	 56.00	 7	 2.78	 
