subjectID	order	runNum	itemName	onsetTime	shuff_trialType	RT	respInTime	AudioTime	response	fixationTime	ladder1	ladder2	bidIndex	BDMtrialIndex	bidValue
MRI_snacks_120	 2	 2	 Bounty.bmp	 1.260519e+02	 22	 9.351773e+02	 220	 7.167350e+02	 98	 1.270882e+02	 783.33	 733.33	 49.00	 28	 2.73	 
MRI_snacks_120	 2	 2	 BisliPizza3.bmp	 1.310405e+02	 22	 1.002720e+03	 2200	 7.333852e+02	 98	 1.320764e+02	 783.33	 683.33	 48.00	 50	 2.76	 
MRI_snacks_120	 2	 2	 KinderBuenoBrown3.bmp	 1.330430e+02	 12	 999000	 120	 999000	 999	 1.340609e+02	 783.33	 683.33	 20.00	 19	 6.51	 
MRI_snacks_120	 2	 2	 Cheetos.bmp	 1.350453e+02	 12	 999000	 120	 999000	 999	 1.360630e+02	 783.33	 683.33	 21.00	 45	 6.49	 
MRI_snacks_120	 2	 2	 DoritosSourSpicy.bmp	 1.410520e+02	 12	 999000	 120	 999000	 999	 1.420699e+02	 783.33	 683.33	 6.00	 38	 7.31	 
MRI_snacks_120	 2	 2	 ClickXLbrown4.bmp	 1.430542e+02	 24	 999000	 240	 999000	 999	 1.440720e+02	 783.33	 683.33	 42.00	 18	 4.36	 
MRI_snacks_120	 2	 2	 ClickXLwhite4.bmp	 1.460410e+02	 24	 999000	 240	 999000	 999	 1.470588e+02	 783.33	 683.33	 55.00	 32	 1.71	 
MRI_snacks_120	 2	 2	 KashitSour.bmp	 1.480431e+02	 24	 999000	 240	 999000	 999	 1.490610e+02	 783.33	 683.33	 52.00	 20	 1.76	 
MRI_snacks_120	 2	 2	 CrunchBisquitBrown3.bmp	 1.520477e+02	 11	 1.019501e+03	 1100	 7.833956e+02	 98	 1.530840e+02	 733.33	 683.33	 8.00	 53	 7.27	 
MRI_snacks_120	 2	 2	 BambaSweet.bmp	 1.540500e+02	 22	 1.009224e+03	 2200	 6.833759e+02	 98	 1.550862e+02	 733.33	 633.33	 54.00	 31	 1.73	 
MRI_snacks_120	 2	 2	 DoritosGrill.bmp	 1.590555e+02	 24	 999000	 240	 999000	 999	 1.600737e+02	 733.33	 633.33	 44.00	 51	 4.22	 
MRI_snacks_120	 2	 2	 BabyDoll.bmp	 1.660467e+02	 24	 999000	 240	 999000	 999	 1.670648e+02	 733.33	 633.33	 53.00	 21	 1.73	 
MRI_snacks_120	 2	 2	 ChocolateParaCookies5.bmp	 1.680490e+02	 24	 999000	 240	 999000	 999	 1.690669e+02	 733.33	 633.33	 41.00	 44	 4.38	 
MRI_snacks_120	 2	 2	 CrunchBisquitWhite2.bmp	 1.710523e+02	 11	 9.507714e+02	 110	 7.333874e+02	 98	 1.720886e+02	 750.00	 633.33	 9.00	 6	 7.04	 
MRI_snacks_120	 2	 2	 Dubonim.bmp	 1.740556e+02	 12	 999000	 120	 999000	 999	 1.750737e+02	 750.00	 633.33	 13.00	 24	 6.98	 
MRI_snacks_120	 2	 2	 Twist.bmp	 1.780435e+02	 24	 999000	 240	 999000	 999	 1.790620e+02	 750.00	 633.33	 47.00	 10	 3.87	 
MRI_snacks_120	 2	 2	 BisliOnion.bmp	 1.820479e+02	 11	 9.791775e+02	 110	 7.500548e+02	 98	 1.830826e+02	 766.67	 633.33	 17.00	 42	 6.93	 
MRI_snacks_120	 2	 2	 Halva2.bmp	 1.860524e+02	 24	 999000	 240	 999000	 999	 1.870705e+02	 766.67	 633.33	 50.00	 58	 2.31	 
MRI_snacks_120	 2	 2	 Mentos.bmp	 1.890559e+02	 12	 999000	 120	 999000	 999	 1.900748e+02	 766.67	 633.33	 22.00	 39	 6.02	 
MRI_snacks_120	 2	 2	 Bamba.bmp	 1.950459e+02	 12	 999000	 120	 999000	 999	 1.960643e+02	 766.67	 633.33	 5.00	 16	 7.53	 
MRI_snacks_120	 2	 2	 Mars.bmp	 1.970481e+02	 11	 1.026915e+03	 1100	 7.667260e+02	 98	 1.980844e+02	 716.67	 633.33	 16.00	 40	 6.98	 
MRI_snacks_120	 2	 2	 Hit.bmp	 2.000514e+02	 22	 8.636730e+02	 220	 6.333908e+02	 98	 2.010875e+02	 716.67	 650.00	 43.00	 23	 4.36	 
MRI_snacks_120	 2	 2	 Tortit.bmp	 2.020536e+02	 24	 999000	 240	 999000	 999	 2.030717e+02	 716.67	 650.00	 58.00	 55	 1.36	 
MRI_snacks_120	 2	 2	 Snickers.bmp	 2.040390e+02	 12	 999000	 120	 999000	 999	 2.050573e+02	 716.67	 650.00	 10.00	 8	 7.02	 
MRI_snacks_120	 2	 2	 KinderJoy.bmp	 2.060415e+02	 24	 999000	 240	 999000	 999	 2.070601e+02	 716.67	 650.00	 39.00	 25	 4.42	 
MRI_snacks_120	 2	 2	 SkittlesFruits2.bmp	 2.090448e+02	 12	 999000	 120	 999000	 999	 2.100630e+02	 716.67	 650.00	 18.00	 46	 6.71	 
MRI_snacks_120	 2	 2	 Popco.bmp	 2.130494e+02	 24	 999000	 240	 999000	 999	 2.140675e+02	 716.67	 650.00	 40.00	 17	 4.40	 
MRI_snacks_120	 2	 2	 ChocolateParaSucariotKoftzot2.bmp	 2.150515e+02	 12	 999000	 120	 999000	 999	 2.160693e+02	 716.67	 650.00	 19.00	 14	 6.58	 
MRI_snacks_120	 2	 2	 HispusimShatiah.bmp	 2.170537e+02	 22	 8.773147e+02	 220	 6.500454e+02	 98	 2.180903e+02	 716.67	 666.67	 51.00	 12	 2.16	 
MRI_snacks_120	 2	 2	 PesekZman.bmp	 2.190560e+02	 11	 9.710189e+02	 110	 7.167251e+02	 98	 2.200923e+02	 733.33	 666.67	 11.00	 13	 7.02	 
MRI_snacks_120	 2	 2	 Taami.bmp	 2.210415e+02	 12	 999000	 120	 999000	 999	 2.220595e+02	 733.33	 666.67	 4.00	 33	 7.56	 
MRI_snacks_120	 2	 2	 Keifli.bmp	 2.230438e+02	 11	 9.992370e+02	 110	 7.333917e+02	 98	 2.240795e+02	 750.00	 666.67	 14.00	 35	 6.98	 
MRI_snacks_120	 2	 2	 SkittlesSour4.bmp	 2.270484e+02	 12	 999000	 120	 999000	 999	 2.280663e+02	 750.00	 666.67	 3.00	 7	 7.56	 
MRI_snacks_120	 2	 2	 BagaleShtuhim.bmp	 2.310528e+02	 12	 999000	 120	 999000	 999	 2.320706e+02	 750.00	 666.67	 12.00	 52	 7.00	 
MRI_snacks_120	 2	 2	 Apropo.bmp	 2.330551e+02	 12	 999000	 120	 999000	 999	 2.340730e+02	 750.00	 666.67	 15.00	 36	 6.98	 
MRI_snacks_120	 2	 2	 ChocolateParaMarir2.bmp	 2.350403e+02	 12	 999000	 120	 999000	 999	 2.360586e+02	 750.00	 666.67	 7.00	 41	 7.27	 
MRI_snacks_120	 2	 2	 ChocolateParaMilk3.bmp	 2.370429e+02	 24	 999000	 240	 999000	 999	 2.380605e+02	 750.00	 666.67	 45.00	 37	 3.89	 
MRI_snacks_120	 2	 2	 Tictac.bmp	 2.390451e+02	 24	 999000	 240	 999000	 999	 2.400627e+02	 750.00	 666.67	 56.00	 54	 1.69	 
MRI_snacks_120	 2	 2	 Smarties.bmp	 2.450518e+02	 22	 8.872397e+02	 220	 6.667128e+02	 98	 2.460873e+02	 750.00	 683.33	 46.00	 4	 3.87	 
MRI_snacks_120	 2	 2	 GumiSnakes3.bmp	 2.470541e+02	 24	 999000	 240	 999000	 999	 2.480717e+02	 750.00	 683.33	 57.00	 60	 1.58	 
