subjectID	order	runNum	itemName	onsetTime	shuff_trialType	RT	respInTime	AudioTime	response	fixationTime	ladder1	ladder2	bidIndex	BDMtrialIndex	bidValue
MRI_snacks_103	 1	 16	 BagaleShtuhim.bmp	 1.925504e+03	 24	 999000	 240	 999000	 999	 1.926524e+03	 783.33	 783.33	 40.00	 8	 4.89	 
MRI_snacks_103	 1	 16	 ClickXLwhite4.bmp	 1.927506e+03	 11	 9.740177e+02	 110	 7.833985e+02	 98	 1.928542e+03	 800.00	 783.33	 12.00	 43	 9.09	 
MRI_snacks_103	 1	 16	 BisliBbq.bmp	 1.931494e+03	 22	 9.912853e+02	 220	 7.834002e+02	 98	 1.932530e+03	 800.00	 800.00	 47.00	 45	 3.78	 
MRI_snacks_103	 1	 16	 Loacker.bmp	 1.934497e+03	 24	 999000	 240	 999000	 999	 1.935517e+03	 800.00	 800.00	 46.00	 20	 3.82	 
MRI_snacks_103	 1	 16	 CrunchBisquitBrown3.bmp	 1.936499e+03	 12	 999000	 120	 999000	 999	 1.937517e+03	 800.00	 800.00	 14.00	 58	 9.02	 
MRI_snacks_103	 1	 16	 ChocolateParaMarir2.bmp	 1.939503e+03	 24	 999000	 240	 999000	 999	 1.940523e+03	 800.00	 800.00	 56.00	 10	 0.60	 
MRI_snacks_103	 1	 16	 KifkefMaklot2.bmp	 1.943507e+03	 22	 9.709249e+02	 220	 8.000551e+02	 98	 1.944543e+03	 800.00	 816.67	 52.00	 5	 1.76	 
MRI_snacks_103	 1	 16	 ClickBisquit2.bmp	 1.947495e+03	 12	 999000	 120	 999000	 999	 1.948515e+03	 800.00	 816.67	 5.00	 53	 9.96	 
MRI_snacks_103	 1	 16	 PesekZman.bmp	 1.949497e+03	 12	 999000	 120	 999000	 999	 1.950518e+03	 800.00	 816.67	 9.00	 18	 9.13	 
MRI_snacks_103	 1	 16	 Smarties.bmp	 1.954503e+03	 24	 999000	 240	 999000	 999	 1.955523e+03	 800.00	 816.67	 48.00	 24	 3.76	 
MRI_snacks_103	 1	 16	 Hit.bmp	 1.956505e+03	 24	 999000	 240	 999000	 999	 1.957525e+03	 800.00	 816.67	 42.00	 57	 4.82	 
MRI_snacks_103	 1	 16	 CrunchBisquitWhite2.bmp	 1.958507e+03	 12	 999000	 120	 999000	 999	 1.959527e+03	 800.00	 816.67	 4.00	 39	 9.96	 
MRI_snacks_103	 1	 16	 KinderBuenoBrown3.bmp	 1.964497e+03	 12	 999000	 120	 999000	 999	 1.965515e+03	 800.00	 816.67	 3.00	 32	 9.98	 
MRI_snacks_103	 1	 16	 Snickers.bmp	 1.966500e+03	 12	 999000	 120	 999000	 999	 1.967517e+03	 800.00	 816.67	 19.00	 9	 7.07	 
MRI_snacks_103	 1	 16	 Twix.bmp	 1.968502e+03	 11	 9.524716e+02	 110	 8.000434e+02	 98	 1.969538e+03	 816.67	 816.67	 7.00	 40	 9.53	 
MRI_snacks_103	 1	 16	 Taami.bmp	 1.970504e+03	 12	 999000	 120	 999000	 999	 1.971524e+03	 816.67	 816.67	 16.00	 29	 8.11	 
MRI_snacks_103	 1	 16	 DoritosGrill.bmp	 1.974508e+03	 24	 999000	 240	 999000	 999	 1.975528e+03	 816.67	 816.67	 51.00	 30	 2.67	 
MRI_snacks_103	 1	 16	 ChocolateParaSucariotKoftzot2.bmp	 1.978496e+03	 11	 9.823331e+02	 110	 8.167247e+02	 98	 1.979533e+03	 833.33	 816.67	 10.00	 25	 9.13	 
MRI_snacks_103	 1	 16	 Mentos.bmp	 1.981500e+03	 12	 999000	 120	 999000	 999	 1.982520e+03	 833.33	 816.67	 17.00	 52	 8.04	 
MRI_snacks_103	 1	 16	 Tictac.bmp	 1.985504e+03	 24	 999000	 240	 999000	 999	 1.986524e+03	 833.33	 816.67	 57.00	 36	 0.60	 
MRI_snacks_103	 1	 16	 Tortit.bmp	 1.988508e+03	 12	 999000	 120	 999000	 999	 1.989528e+03	 833.33	 816.67	 11.00	 33	 9.13	 
MRI_snacks_103	 1	 16	 Halva2.bmp	 1.990493e+03	 24	 999000	 240	 999000	 999	 1.991513e+03	 833.33	 816.67	 54.00	 59	 1.64	 
MRI_snacks_103	 1	 16	 BisliOnion.bmp	 1.994497e+03	 24	 999000	 240	 999000	 999	 1.995518e+03	 833.33	 816.67	 39.00	 11	 4.91	 
MRI_snacks_103	 1	 16	 ChocolateParaCookies5.bmp	 1.996500e+03	 12	 999000	 120	 999000	 999	 1.997518e+03	 833.33	 816.67	 6.00	 48	 9.93	 
MRI_snacks_103	 1	 16	 ClickBlackWhite3.bmp	 1.998502e+03	 12	 999000	 120	 999000	 999	 1.999522e+03	 833.33	 816.67	 8.00	 1	 9.13	 
MRI_snacks_103	 1	 16	 Cheetos.bmp	 2.002506e+03	 11	 1.003096e+03	 1100	 8.334044e+02	 98	 2.003542e+03	 783.33	 816.67	 15.00	 49	 8.13	 
MRI_snacks_103	 1	 16	 CrunchShokoVanil.bmp	 2.004509e+03	 22	 1.003409e+03	 2200	 8.167328e+02	 98	 2.005545e+03	 783.33	 766.67	 53.00	 41	 1.67	 
MRI_snacks_103	 1	 16	 Popco.bmp	 2.008497e+03	 24	 999000	 240	 999000	 999	 2.009515e+03	 783.33	 766.67	 43.00	 12	 3.89	 
MRI_snacks_103	 1	 16	 Egozi.bmp	 2.012501e+03	 24	 999000	 240	 999000	 999	 2.013521e+03	 783.33	 766.67	 55.00	 22	 1.60	 
MRI_snacks_103	 1	 16	 BisliGrill.bmp	 2.015504e+03	 24	 999000	 240	 999000	 999	 2.016524e+03	 783.33	 766.67	 41.00	 46	 4.82	 
MRI_snacks_103	 1	 16	 Bamba.bmp	 2.021495e+03	 22	 9.270401e+02	 220	 7.667144e+02	 98	 2.022529e+03	 783.33	 783.33	 44.00	 34	 3.84	 
MRI_snacks_103	 1	 16	 BambaSweet.bmp	 2.023497e+03	 22	 9.387273e+02	 220	 7.833787e+02	 98	 2.024533e+03	 783.33	 800.00	 50.00	 19	 2.73	 
MRI_snacks_103	 1	 16	 KinderJoy.bmp	 2.027501e+03	 12	 999000	 120	 999000	 999	 2.028521e+03	 783.33	 800.00	 21.00	 14	 6.98	 
MRI_snacks_103	 1	 16	 DoritosNatural.bmp	 2.029503e+03	 24	 999000	 240	 999000	 999	 2.030523e+03	 783.33	 800.00	 49.00	 42	 3.73	 
MRI_snacks_103	 1	 16	 WerthersOriginal.bmp	 2.031506e+03	 11	 9.288244e+02	 110	 7.833885e+02	 98	 2.032542e+03	 800.00	 800.00	 18.00	 44	 7.56	 
MRI_snacks_103	 1	 16	 Keifli.bmp	 2.033508e+03	 22	 9.629419e+02	 220	 8.000456e+02	 98	 2.034543e+03	 800.00	 816.67	 45.00	 7	 3.82	 
MRI_snacks_103	 1	 16	 ClickXLbrown4.bmp	 2.038497e+03	 12	 999000	 120	 999000	 999	 2.039517e+03	 800.00	 816.67	 22.00	 56	 6.98	 
MRI_snacks_103	 1	 16	 Bounty.bmp	 2.040499e+03	 24	 999000	 240	 999000	 999	 2.041519e+03	 800.00	 816.67	 58.00	 60	 0.09	 
MRI_snacks_103	 1	 16	 KinderBuenoWhite2.bmp	 2.042501e+03	 12	 999000	 120	 999000	 999	 2.043522e+03	 800.00	 816.67	 20.00	 3	 6.98	 
MRI_snacks_103	 1	 16	 HappyHippo.bmp	 2.045505e+03	 11	 9.817650e+02	 110	 8.000560e+02	 98	 2.046541e+03	 816.67	 816.67	 13.00	 28	 9.07	 
