subjectID	order	runNum	itemName	onsetTime	shuff_trialType	RT	respInTime	AudioTime	response	fixationTime	ladder1	ladder2	bidIndex	BDMtrialIndex	bidValue
MRI_snacks_138	 2	 18	 ClickXLwhite4.bmp	 2.204708e+03	 11	 9.272770e+02	 110	 7.834488e+02	 98	 2.205744e+03	 800.00	 650.00	 16.00	 17	 1.82	 
MRI_snacks_138	 2	 18	 Tapuchips.bmp	 2.209696e+03	 12	 999000	 120	 999000	 999	 2.210716e+03	 800.00	 650.00	 13.00	 53	 1.93	 
MRI_snacks_138	 2	 18	 Kitkat.bmp	 2.211699e+03	 22	 1.160079e+03	 2200	 6.500657e+02	 98	 2.212735e+03	 800.00	 600.00	 49.00	 31	 0.16	 
MRI_snacks_138	 2	 18	 Apropo.bmp	 2.213701e+03	 11	 9.817505e+02	 110	 8.000553e+02	 98	 2.214738e+03	 816.67	 600.00	 8.00	 16	 2.71	 
MRI_snacks_138	 2	 18	 Dubonim.bmp	 2.219708e+03	 12	 999000	 120	 999000	 999	 2.220728e+03	 816.67	 600.00	 15.00	 32	 1.84	 
MRI_snacks_138	 2	 18	 Mars.bmp	 2.221710e+03	 12	 999000	 120	 999000	 999	 2.222730e+03	 816.67	 600.00	 7.00	 49	 2.73	 
MRI_snacks_138	 2	 18	 BisliPizza3.bmp	 2.224697e+03	 24	 999000	 240	 999000	 999	 2.225717e+03	 816.67	 600.00	 42.00	 55	 0.27	 
MRI_snacks_138	 2	 18	 DoritosNatural.bmp	 2.226699e+03	 24	 999000	 240	 999000	 999	 2.227719e+03	 816.67	 600.00	 56.00	 8	 0.07	 
MRI_snacks_138	 2	 18	 GumiSnakes3.bmp	 2.230703e+03	 12	 999000	 120	 999000	 999	 2.231723e+03	 816.67	 600.00	 10.00	 33	 2.38	 
MRI_snacks_138	 2	 18	 Hit.bmp	 2.232706e+03	 22	 8.171745e+02	 220	 6.000552e+02	 98	 2.233740e+03	 816.67	 616.67	 54.00	 38	 0.09	 
MRI_snacks_138	 2	 18	 CrunchBisquitWhite2.bmp	 2.237711e+03	 24	 999000	 240	 999000	 999	 2.238732e+03	 816.67	 616.67	 58.00	 5	 0.04	 
MRI_snacks_138	 2	 18	 Halva2.bmp	 2.244702e+03	 24	 999000	 240	 999000	 999	 2.245723e+03	 816.67	 616.67	 40.00	 25	 0.31	 
MRI_snacks_138	 2	 18	 BambaSweet.bmp	 2.246705e+03	 22	 9.700318e+02	 220	 6.167082e+02	 98	 2.247739e+03	 816.67	 633.33	 46.00	 4	 0.18	 
MRI_snacks_138	 2	 18	 SkittlesFruits2.bmp	 2.249708e+03	 12	 999000	 120	 999000	 999	 2.250728e+03	 816.67	 633.33	 6.00	 50	 2.82	 
MRI_snacks_138	 2	 18	 ClickBisquit2.bmp	 2.252711e+03	 22	 8.913275e+02	 220	 6.333836e+02	 98	 2.253746e+03	 816.67	 650.00	 48.00	 27	 0.16	 
MRI_snacks_138	 2	 18	 Bamba.bmp	 2.256699e+03	 24	 999000	 240	 999000	 999	 2.257720e+03	 816.67	 650.00	 52.00	 7	 0.09	 
MRI_snacks_138	 2	 18	 GumiWine2.bmp	 2.260704e+03	 12	 999000	 120	 999000	 999	 2.261724e+03	 816.67	 650.00	 20.00	 24	 1.69	 
MRI_snacks_138	 2	 18	 Snickers.bmp	 2.264708e+03	 12	 999000	 120	 999000	 999	 2.265729e+03	 816.67	 650.00	 4.00	 47	 3.00	 
MRI_snacks_138	 2	 18	 DoritosGrill.bmp	 2.267712e+03	 12	 999000	 120	 999000	 999	 2.268732e+03	 816.67	 650.00	 19.00	 52	 1.76	 
MRI_snacks_138	 2	 18	 BisliBbq.bmp	 2.273702e+03	 24	 999000	 240	 999000	 999	 2.274722e+03	 816.67	 650.00	 45.00	 42	 0.20	 
MRI_snacks_138	 2	 18	 Egozi.bmp	 2.275704e+03	 12	 999000	 120	 999000	 999	 2.276725e+03	 816.67	 650.00	 18.00	 36	 1.76	 
MRI_snacks_138	 2	 18	 HispusimShatiah.bmp	 2.278707e+03	 24	 999000	 240	 999000	 999	 2.279728e+03	 816.67	 650.00	 41.00	 58	 0.31	 
MRI_snacks_138	 2	 18	 WerthersOriginal.bmp	 2.280710e+03	 11	 1.189259e+03	 1100	 8.167332e+02	 98	 2.281747e+03	 766.67	 650.00	 11.00	 13	 2.29	 
MRI_snacks_138	 2	 18	 ChocolateParaCookies5.bmp	 2.282712e+03	 11	 1.242993e+03	 1100	 7.667231e+02	 98	 2.283749e+03	 716.67	 650.00	 17.00	 20	 1.76	 
MRI_snacks_138	 2	 18	 Mentos.bmp	 2.284697e+03	 11	 9.214594e+02	 110	 7.167196e+02	 98	 2.285732e+03	 733.33	 650.00	 14.00	 21	 1.87	 
MRI_snacks_138	 2	 18	 KifkefMaklot2.bmp	 2.287701e+03	 24	 999000	 240	 999000	 999	 2.288721e+03	 733.33	 650.00	 50.00	 41	 0.13	 
MRI_snacks_138	 2	 18	 ChocolateParaMilk3.bmp	 2.291705e+03	 24	 999000	 240	 999000	 999	 2.292725e+03	 733.33	 650.00	 57.00	 3	 0.04	 
MRI_snacks_138	 2	 18	 Loacker.bmp	 2.293708e+03	 24	 999000	 240	 999000	 999	 2.294728e+03	 733.33	 650.00	 53.00	 10	 0.09	 
MRI_snacks_138	 2	 18	 ClickBalls5.bmp	 2.295710e+03	 24	 999000	 240	 999000	 999	 2.296730e+03	 733.33	 650.00	 55.00	 59	 0.09	 
MRI_snacks_138	 2	 18	 Twix.bmp	 2.297695e+03	 12	 999000	 120	 999000	 999	 2.298715e+03	 733.33	 650.00	 5.00	 57	 2.91	 
MRI_snacks_138	 2	 18	 Bounty.bmp	 2.299698e+03	 24	 999000	 240	 999000	 999	 2.300718e+03	 733.33	 650.00	 39.00	 18	 0.31	 
MRI_snacks_138	 2	 18	 ClickXLbrown4.bmp	 2.301700e+03	 24	 999000	 240	 999000	 999	 2.302720e+03	 733.33	 650.00	 44.00	 22	 0.20	 
MRI_snacks_138	 2	 18	 PesekZman.bmp	 2.305704e+03	 24	 999000	 240	 999000	 999	 2.306725e+03	 733.33	 650.00	 47.00	 14	 0.16	 
MRI_snacks_138	 2	 18	 CrunchBisquitBrown3.bmp	 2.309709e+03	 22	 8.860582e+02	 220	 6.500546e+02	 98	 2.310745e+03	 733.33	 666.67	 51.00	 39	 0.11	 
MRI_snacks_138	 2	 18	 Tortit.bmp	 2.311711e+03	 12	 999000	 120	 999000	 999	 2.312731e+03	 733.33	 666.67	 21.00	 60	 1.53	 
MRI_snacks_138	 2	 18	 Twist.bmp	 2.313696e+03	 22	 9.704612e+02	 220	 6.667152e+02	 98	 2.314733e+03	 733.33	 683.33	 43.00	 34	 0.24	 
MRI_snacks_138	 2	 18	 HappyHippo.bmp	 2.315699e+03	 12	 999000	 120	 999000	 999	 2.316719e+03	 733.33	 683.33	 22.00	 26	 1.51	 
MRI_snacks_138	 2	 18	 Cheetos.bmp	 2.317701e+03	 11	 9.417054e+02	 110	 7.333846e+02	 98	 2.318737e+03	 750.00	 683.33	 9.00	 46	 2.67	 
MRI_snacks_138	 2	 18	 Tictac.bmp	 2.323708e+03	 12	 999000	 120	 999000	 999	 2.324728e+03	 750.00	 683.33	 12.00	 23	 2.04	 
MRI_snacks_138	 2	 18	 Popco.bmp	 2.325710e+03	 12	 999000	 120	 999000	 999	 2.326730e+03	 750.00	 683.33	 3.00	 28	 3.04	 
