subjectID	order	runNum	itemName	onsetTime	shuff_trialType	RT	respInTime	AudioTime	response	fixationTime	ladder1	ladder2	bidIndex	BDMtrialIndex	bidValue
MRI_snacks_118	 2	 16	 Snickers.bmp	 1.899481e+03	 24	 999000	 240	 999000	 999	 1.900499e+03	 516.67	 516.67	 44.00	 15	 4.84	 
MRI_snacks_118	 2	 16	 Shugi.bmp	 1.901483e+03	 24	 999000	 240	 999000	 999	 1.902501e+03	 516.67	 516.67	 50.00	 59	 4.73	 
MRI_snacks_118	 2	 16	 Hit.bmp	 1.905471e+03	 24	 999000	 240	 999000	 999	 1.906489e+03	 516.67	 516.67	 40.00	 25	 5.69	 
MRI_snacks_118	 2	 16	 ClickXLwhite4.bmp	 1.908474e+03	 12	 999000	 120	 999000	 999	 1.909492e+03	 516.67	 516.67	 10.00	 28	 7.98	 
MRI_snacks_118	 2	 16	 ChocolateParaSucariotKoftzot2.bmp	 1.910476e+03	 12	 999000	 120	 999000	 999	 1.911494e+03	 516.67	 516.67	 5.00	 55	 8.07	 
MRI_snacks_118	 2	 16	 CrunchBisquitBrown3.bmp	 1.913480e+03	 12	 999000	 120	 999000	 999	 1.914498e+03	 516.67	 516.67	 3.00	 32	 8.09	 
MRI_snacks_118	 2	 16	 Smarties.bmp	 1.917468e+03	 22	 9.354817e+02	 220	 5.167309e+02	 98	 1.918503e+03	 516.67	 533.33	 43.00	 43	 4.89	 
MRI_snacks_118	 2	 16	 Tapuchips.bmp	 1.921472e+03	 11	 8.829304e+02	 110	 5.167348e+02	 98	 1.922507e+03	 533.33	 533.33	 8.00	 36	 8.00	 
MRI_snacks_118	 2	 16	 DoritosNatural.bmp	 1.923474e+03	 24	 999000	 240	 999000	 999	 1.924492e+03	 533.33	 533.33	 41.00	 9	 4.93	 
MRI_snacks_118	 2	 16	 BambaNugat.bmp	 1.928480e+03	 12	 999000	 120	 999000	 999	 1.929498e+03	 533.33	 533.33	 6.00	 34	 8.04	 
MRI_snacks_118	 2	 16	 Egozi.bmp	 1.930482e+03	 11	 8.488446e+02	 110	 5.333733e+02	 98	 1.931519e+03	 550.00	 533.33	 14.00	 33	 7.04	 
MRI_snacks_118	 2	 16	 BisliPizza3.bmp	 1.932468e+03	 12	 999000	 120	 999000	 999	 1.933486e+03	 550.00	 533.33	 21.00	 40	 6.91	 
MRI_snacks_118	 2	 16	 BisliBbq.bmp	 1.938475e+03	 12	 999000	 120	 999000	 999	 1.939492e+03	 550.00	 533.33	 20.00	 37	 6.91	 
MRI_snacks_118	 2	 16	 Twist.bmp	 1.940477e+03	 24	 999000	 240	 999000	 999	 1.941495e+03	 550.00	 533.33	 55.00	 22	 3.58	 
MRI_snacks_118	 2	 16	 Halva2.bmp	 1.942479e+03	 24	 999000	 240	 999000	 999	 1.943497e+03	 550.00	 533.33	 56.00	 6	 2.87	 
MRI_snacks_118	 2	 16	 Bounty.bmp	 1.944481e+03	 11	 9.059135e+02	 110	 5.500535e+02	 98	 1.945517e+03	 566.67	 533.33	 17.00	 30	 6.96	 
MRI_snacks_118	 2	 16	 KinderBuenoBrown3.bmp	 1.948469e+03	 22	 8.620032e+02	 220	 5.334035e+02	 98	 1.949505e+03	 566.67	 550.00	 49.00	 12	 4.80	 
MRI_snacks_118	 2	 16	 Mekupelet.bmp	 1.952474e+03	 24	 999000	 240	 999000	 999	 1.953491e+03	 566.67	 550.00	 45.00	 21	 4.84	 
MRI_snacks_118	 2	 16	 Tortit.bmp	 1.955477e+03	 12	 999000	 120	 999000	 999	 1.956495e+03	 566.67	 550.00	 12.00	 38	 7.16	 
MRI_snacks_118	 2	 16	 KinderJoy.bmp	 1.959481e+03	 11	 8.896569e+02	 110	 5.667230e+02	 98	 1.960517e+03	 583.33	 550.00	 16.00	 51	 6.98	 
MRI_snacks_118	 2	 16	 Bamba.bmp	 1.962468e+03	 24	 999000	 240	 999000	 999	 1.963486e+03	 583.33	 550.00	 58.00	 23	 2.67	 
MRI_snacks_118	 2	 16	 BisliOnion.bmp	 1.964470e+03	 12	 999000	 120	 999000	 999	 1.965488e+03	 583.33	 550.00	 15.00	 47	 6.98	 
MRI_snacks_118	 2	 16	 WerthersOriginal.bmp	 1.968475e+03	 22	 9.443053e+02	 220	 5.500460e+02	 98	 1.969510e+03	 583.33	 566.67	 51.00	 16	 3.98	 
MRI_snacks_118	 2	 16	 KifkefMaklot2.bmp	 1.970477e+03	 24	 999000	 240	 999000	 999	 1.971495e+03	 583.33	 566.67	 57.00	 1	 2.71	 
MRI_snacks_118	 2	 16	 Twix.bmp	 1.972479e+03	 12	 999000	 120	 999000	 999	 1.973497e+03	 583.33	 566.67	 7.00	 58	 8.04	 
MRI_snacks_118	 2	 16	 PesekZman.bmp	 1.976484e+03	 12	 999000	 120	 999000	 999	 1.977502e+03	 583.33	 566.67	 18.00	 48	 6.96	 
MRI_snacks_118	 2	 16	 KinderBuenoWhite2.bmp	 1.978470e+03	 24	 999000	 240	 999000	 999	 1.979487e+03	 583.33	 566.67	 53.00	 5	 3.80	 
MRI_snacks_118	 2	 16	 GumiWine2.bmp	 1.982474e+03	 11	 1.041161e+03	 1100	 5.833775e+02	 98	 1.983510e+03	 533.33	 566.67	 9.00	 57	 8.00	 
MRI_snacks_118	 2	 16	 ChocolateParaCookies5.bmp	 1.986478e+03	 12	 999000	 120	 999000	 999	 1.987496e+03	 533.33	 566.67	 13.00	 26	 7.09	 
MRI_snacks_118	 2	 16	 HappyHippo.bmp	 1.989482e+03	 24	 999000	 240	 999000	 999	 1.990500e+03	 533.33	 566.67	 52.00	 49	 3.93	 
MRI_snacks_118	 2	 16	 BabyDoll.bmp	 1.995472e+03	 24	 999000	 240	 999000	 999	 1.996490e+03	 533.33	 566.67	 47.00	 18	 4.82	 
MRI_snacks_118	 2	 16	 HispusimShatiah.bmp	 1.997474e+03	 22	 9.450929e+02	 220	 5.667119e+02	 98	 1.998508e+03	 533.33	 583.33	 54.00	 42	 3.71	 
MRI_snacks_118	 2	 16	 Keifli.bmp	 2.001479e+03	 24	 999000	 240	 999000	 999	 2.002496e+03	 533.33	 583.33	 42.00	 3	 4.89	 
MRI_snacks_118	 2	 16	 Tictac.bmp	 2.003481e+03	 22	 1.010280e+03	 2200	 5.833850e+02	 98	 2.004515e+03	 533.33	 533.33	 46.00	 53	 4.84	 
MRI_snacks_118	 2	 16	 BambaSweet.bmp	 2.005483e+03	 12	 999000	 120	 999000	 999	 2.006501e+03	 533.33	 533.33	 4.00	 35	 8.07	 
MRI_snacks_118	 2	 16	 ClickBisquit2.bmp	 2.007469e+03	 22	 9.264074e+02	 220	 5.333781e+02	 98	 2.008503e+03	 533.33	 550.00	 48.00	 2	 4.80	 
MRI_snacks_118	 2	 16	 Loacker.bmp	 2.012474e+03	 12	 999000	 120	 999000	 999	 2.013492e+03	 533.33	 550.00	 19.00	 27	 6.93	 
MRI_snacks_118	 2	 16	 BisliGrill.bmp	 2.014477e+03	 24	 999000	 240	 999000	 999	 2.015494e+03	 533.33	 550.00	 39.00	 20	 5.78	 
MRI_snacks_118	 2	 16	 Apropo.bmp	 2.016479e+03	 11	 9.164301e+02	 110	 5.333847e+02	 98	 2.017513e+03	 550.00	 550.00	 11.00	 56	 7.93	 
MRI_snacks_118	 2	 16	 Kitkat.bmp	 2.019482e+03	 12	 999000	 120	 999000	 999	 2.020500e+03	 550.00	 550.00	 22.00	 54	 6.91	 
