subjectID	order	runNum	itemName	onsetTime	shuff_trialType	RT	respInTime	AudioTime	response	fixationTime	ladder1	ladder2	bidIndex	BDMtrialIndex	bidValue
MRI_snacks_121	 1	 18	 Tortit.bmp	 2.337326e+03	 24	 999000	 240	 999000	 999	 2.338344e+03	 783.33	 850.00	 41.00	 37	 3.84	 
MRI_snacks_121	 1	 18	 SkittlesFruits2.bmp	 2.339328e+03	 12	 999000	 120	 999000	 999	 2.340346e+03	 783.33	 850.00	 22.00	 52	 4.89	 
MRI_snacks_121	 1	 18	 CrunchShokoVanil.bmp	 2.343316e+03	 11	 9.592814e+02	 110	 7.834027e+02	 98	 2.344352e+03	 800.00	 850.00	 10.00	 21	 5.96	 
MRI_snacks_121	 1	 18	 BisliBbq.bmp	 2.346319e+03	 22	 1.099442e+03	 2200	 8.500707e+02	 98	 2.347356e+03	 800.00	 800.00	 52.00	 34	 3.80	 
MRI_snacks_121	 1	 18	 KinderBuenoWhite2.bmp	 2.348321e+03	 12	 999000	 120	 999000	 999	 2.349339e+03	 800.00	 800.00	 6.00	 8	 7.02	 
MRI_snacks_121	 1	 18	 BambaNugat.bmp	 2.351325e+03	 12	 999000	 120	 999000	 999	 2.352343e+03	 800.00	 800.00	 8.00	 16	 6.98	 
MRI_snacks_121	 1	 18	 Bounty.bmp	 2.355329e+03	 12	 999000	 120	 999000	 999	 2.356347e+03	 800.00	 800.00	 3.00	 31	 7.62	 
MRI_snacks_121	 1	 18	 ClickBlackWhite3.bmp	 2.359317e+03	 12	 999000	 120	 999000	 999	 2.360335e+03	 800.00	 800.00	 14.00	 32	 5.44	 
MRI_snacks_121	 1	 18	 HispusimShatiah.bmp	 2.361319e+03	 22	 9.793143e+02	 220	 8.000461e+02	 98	 2.362354e+03	 800.00	 816.67	 50.00	 60	 3.82	 
MRI_snacks_121	 1	 18	 BambaSweet.bmp	 2.366325e+03	 24	 999000	 240	 999000	 999	 2.367343e+03	 800.00	 816.67	 46.00	 29	 3.82	 
MRI_snacks_121	 1	 18	 PesekZman.bmp	 2.368327e+03	 24	 999000	 240	 999000	 999	 2.369345e+03	 800.00	 816.67	 43.00	 45	 3.84	 
MRI_snacks_121	 1	 18	 Taami.bmp	 2.370330e+03	 12	 999000	 120	 999000	 999	 2.371347e+03	 800.00	 816.67	 16.00	 33	 5.42	 
MRI_snacks_121	 1	 18	 DoritosSourSpicy.bmp	 2.376320e+03	 22	 1.027158e+03	 2200	 8.167190e+02	 98	 2.377356e+03	 800.00	 766.67	 45.00	 15	 3.82	 
MRI_snacks_121	 1	 18	 ChocolateParaMarir2.bmp	 2.378322e+03	 24	 999000	 240	 999000	 999	 2.379340e+03	 800.00	 766.67	 57.00	 5	 2.73	 
MRI_snacks_121	 1	 18	 KinderBuenoBrown3.bmp	 2.380324e+03	 11	 9.507033e+02	 110	 8.000471e+02	 98	 2.381360e+03	 816.67	 766.67	 7.00	 23	 7.00	 
MRI_snacks_121	 1	 18	 BagaleShtuhim.bmp	 2.382326e+03	 24	 999000	 240	 999000	 999	 2.383344e+03	 816.67	 766.67	 39.00	 26	 3.84	 
MRI_snacks_121	 1	 18	 Shugi.bmp	 2.386314e+03	 11	 8.889307e+02	 110	 8.167163e+02	 98	 2.387349e+03	 833.33	 766.67	 12.00	 17	 5.91	 
MRI_snacks_121	 1	 18	 KinderJoy.bmp	 2.390319e+03	 11	 9.881756e+02	 110	 8.333867e+02	 98	 2.391355e+03	 850.00	 766.67	 13.00	 38	 5.47	 
MRI_snacks_121	 1	 18	 ClickXLbrown4.bmp	 2.393322e+03	 12	 999000	 120	 999000	 999	 2.394340e+03	 850.00	 766.67	 17.00	 6	 5.40	 
MRI_snacks_121	 1	 18	 CrunchBisquitBrown3.bmp	 2.397326e+03	 12	 999000	 120	 999000	 999	 2.398344e+03	 850.00	 766.67	 20.00	 20	 4.89	 
MRI_snacks_121	 1	 18	 Loacker.bmp	 2.400330e+03	 24	 999000	 240	 999000	 999	 2.401348e+03	 850.00	 766.67	 40.00	 36	 3.84	 
MRI_snacks_121	 1	 18	 HappyHippo.bmp	 2.402315e+03	 12	 999000	 120	 999000	 999	 2.403333e+03	 850.00	 766.67	 9.00	 58	 6.44	 
MRI_snacks_121	 1	 18	 Tictac.bmp	 2.406320e+03	 22	 9.309017e+02	 220	 7.667119e+02	 98	 2.407356e+03	 850.00	 783.33	 44.00	 12	 3.82	 
MRI_snacks_121	 1	 18	 KashitSour.bmp	 2.408322e+03	 12	 999000	 120	 999000	 999	 2.409340e+03	 850.00	 783.33	 19.00	 7	 4.89	 
MRI_snacks_121	 1	 18	 DoritosGrill.bmp	 2.410324e+03	 22	 9.583582e+02	 220	 7.833896e+02	 98	 2.411359e+03	 850.00	 800.00	 47.00	 48	 3.82	 
MRI_snacks_121	 1	 18	 Twist.bmp	 2.414329e+03	 22	 9.858989e+02	 220	 8.000425e+02	 98	 2.415363e+03	 850.00	 816.67	 53.00	 50	 3.80	 
MRI_snacks_121	 1	 18	 ChocolateParaCookies5.bmp	 2.416314e+03	 12	 999000	 120	 999000	 999	 2.417332e+03	 850.00	 816.67	 21.00	 28	 4.89	 
MRI_snacks_121	 1	 18	 Twix.bmp	 2.420319e+03	 12	 999000	 120	 999000	 999	 2.421337e+03	 850.00	 816.67	 4.00	 30	 7.58	 
MRI_snacks_121	 1	 18	 Mekupelet.bmp	 2.424324e+03	 12	 999000	 120	 999000	 999	 2.425341e+03	 850.00	 816.67	 11.00	 35	 5.93	 
MRI_snacks_121	 1	 18	 Cheetos.bmp	 2.427327e+03	 24	 999000	 240	 999000	 999	 2.428345e+03	 850.00	 816.67	 49.00	 57	 3.82	 
MRI_snacks_121	 1	 18	 Halva2.bmp	 2.433317e+03	 24	 999000	 240	 999000	 999	 2.434335e+03	 850.00	 816.67	 55.00	 11	 3.36	 
MRI_snacks_121	 1	 18	 BisliOnion.bmp	 2.435319e+03	 24	 999000	 240	 999000	 999	 2.436337e+03	 850.00	 816.67	 48.00	 51	 3.82	 
MRI_snacks_121	 1	 18	 Apropo.bmp	 2.439324e+03	 24	 999000	 240	 999000	 999	 2.440341e+03	 850.00	 816.67	 42.00	 43	 3.84	 
MRI_snacks_121	 1	 18	 SkittlesSour4.bmp	 2.441326e+03	 12	 999000	 120	 999000	 999	 2.442344e+03	 850.00	 816.67	 5.00	 10	 7.04	 
MRI_snacks_121	 1	 18	 BabyDoll.bmp	 2.443328e+03	 24	 999000	 240	 999000	 999	 2.444346e+03	 850.00	 816.67	 51.00	 19	 3.80	 
MRI_snacks_121	 1	 18	 Keifli.bmp	 2.445330e+03	 24	 999000	 240	 999000	 999	 2.446348e+03	 850.00	 816.67	 54.00	 53	 3.38	 
MRI_snacks_121	 1	 18	 KifkefMaklot2.bmp	 2.450319e+03	 11	 9.315652e+02	 110	 8.500543e+02	 98	 2.451355e+03	 866.67	 816.67	 18.00	 47	 5.40	 
MRI_snacks_121	 1	 18	 Egozi.bmp	 2.452321e+03	 11	 1.017443e+03	 1100	 8.667126e+02	 98	 2.453358e+03	 816.67	 816.67	 15.00	 3	 5.42	 
MRI_snacks_121	 1	 18	 Popco.bmp	 2.454324e+03	 24	 999000	 240	 999000	 999	 2.455342e+03	 816.67	 816.67	 58.00	 44	 2.71	 
MRI_snacks_121	 1	 18	 GumiSnakes3.bmp	 2.457327e+03	 24	 999000	 240	 999000	 999	 2.458345e+03	 816.67	 816.67	 56.00	 41	 3.36	 
