subjectID	order	runNum	itemName	onsetTime	shuff_trialType	RT	respInTime	AudioTime	response	fixationTime	ladder1	ladder2	bidIndex	BDMtrialIndex	bidValue
MRI_snacks_107	 1	 18	 ClickXLwhite4.bmp	 2.143186e+03	 24	 999000	 240	 999000	 999	 2.144204e+03	 583.33	 583.33	 39.00	 29	 2.69	 
MRI_snacks_107	 1	 18	 ChocolateParaMarir2.bmp	 2.146173e+03	 11	 9.586254e+02	 110	 5.834004e+02	 98	 2.147207e+03	 600.00	 583.33	 7.00	 14	 8.11	 
MRI_snacks_107	 1	 18	 ClickBisquit2.bmp	 2.148175e+03	 24	 999000	 240	 999000	 999	 2.149193e+03	 600.00	 583.33	 51.00	 42	 0.60	 
MRI_snacks_107	 1	 18	 ClickBlackWhite3.bmp	 2.150177e+03	 11	 9.668693e+02	 110	 6.000535e+02	 98	 2.151212e+03	 616.67	 583.33	 18.00	 32	 7.11	 
MRI_snacks_107	 1	 18	 Hit.bmp	 2.152180e+03	 22	 9.396271e+02	 220	 5.833984e+02	 98	 2.153215e+03	 616.67	 600.00	 44.00	 26	 1.71	 
MRI_snacks_107	 1	 18	 DoritosSourSpicy.bmp	 2.155183e+03	 22	 9.114640e+02	 220	 6.000444e+02	 98	 2.156217e+03	 616.67	 616.67	 53.00	 53	 0.49	 
MRI_snacks_107	 1	 18	 Keifli.bmp	 2.157185e+03	 24	 999000	 240	 999000	 999	 2.158203e+03	 616.67	 616.67	 54.00	 24	 0.36	 
MRI_snacks_107	 1	 18	 HappyHippo.bmp	 2.161173e+03	 12	 999000	 120	 999000	 999	 2.162191e+03	 616.67	 616.67	 3.00	 60	 9.76	 
MRI_snacks_107	 1	 18	 CrunchBisquitBrown3.bmp	 2.163175e+03	 12	 999000	 120	 999000	 999	 2.164193e+03	 616.67	 616.67	 6.00	 48	 8.98	 
MRI_snacks_107	 1	 18	 KinderBuenoWhite2.bmp	 2.168181e+03	 12	 999000	 120	 999000	 999	 2.169199e+03	 616.67	 616.67	 8.00	 9	 8.09	 
MRI_snacks_107	 1	 18	 BisliOnion.bmp	 2.170183e+03	 24	 999000	 240	 999000	 999	 2.171201e+03	 616.67	 616.67	 57.00	 28	 0.16	 
MRI_snacks_107	 1	 18	 CrunchBisquitWhite2.bmp	 2.174171e+03	 12	 999000	 120	 999000	 999	 2.175189e+03	 616.67	 616.67	 19.00	 40	 7.00	 
MRI_snacks_107	 1	 18	 Twist.bmp	 2.176173e+03	 24	 999000	 240	 999000	 999	 2.177191e+03	 616.67	 616.67	 48.00	 16	 1.58	 
MRI_snacks_107	 1	 18	 PesekZman.bmp	 2.179177e+03	 12	 999000	 120	 999000	 999	 2.180194e+03	 616.67	 616.67	 16.00	 8	 7.93	 
MRI_snacks_107	 1	 18	 Cheetos.bmp	 2.184182e+03	 24	 999000	 240	 999000	 999	 2.185200e+03	 616.67	 616.67	 46.00	 58	 1.64	 
MRI_snacks_107	 1	 18	 KifkefMaklot2.bmp	 2.186184e+03	 22	 1.023987e+03	 2200	 6.167130e+02	 98	 2.187219e+03	 616.67	 566.67	 50.00	 22	 0.62	 
MRI_snacks_107	 1	 18	 KinderBuenoBrown3.bmp	 2.188170e+03	 12	 999000	 120	 999000	 999	 2.189188e+03	 616.67	 566.67	 5.00	 30	 9.09	 
MRI_snacks_107	 1	 18	 BisliPizza3.bmp	 2.192175e+03	 24	 999000	 240	 999000	 999	 2.193192e+03	 616.67	 566.67	 56.00	 41	 0.22	 
MRI_snacks_107	 1	 18	 BambaSweet.bmp	 2.196179e+03	 24	 999000	 240	 999000	 999	 2.197197e+03	 616.67	 566.67	 49.00	 46	 0.64	 
MRI_snacks_107	 1	 18	 Snickers.bmp	 2.200183e+03	 11	 9.505288e+02	 110	 6.167226e+02	 98	 2.201218e+03	 633.33	 566.67	 15.00	 31	 7.98	 
MRI_snacks_107	 1	 18	 BambaNugat.bmp	 2.202186e+03	 12	 999000	 120	 999000	 999	 2.203204e+03	 633.33	 566.67	 22.00	 34	 6.09	 
MRI_snacks_107	 1	 18	 Loacker.bmp	 2.204171e+03	 12	 999000	 120	 999000	 999	 2.205189e+03	 633.33	 566.67	 17.00	 17	 7.93	 
MRI_snacks_107	 1	 18	 Bamba.bmp	 2.206174e+03	 12	 999000	 120	 999000	 999	 2.207191e+03	 633.33	 566.67	 21.00	 20	 6.91	 
MRI_snacks_107	 1	 18	 Tictac.bmp	 2.208176e+03	 24	 999000	 240	 999000	 999	 2.209194e+03	 633.33	 566.67	 42.00	 49	 1.80	 
MRI_snacks_107	 1	 18	 WerthersOriginal.bmp	 2.214182e+03	 24	 999000	 240	 999000	 999	 2.215200e+03	 633.33	 566.67	 58.00	 47	 0.16	 
MRI_snacks_107	 1	 18	 Dubonim.bmp	 2.217186e+03	 24	 999000	 240	 999000	 999	 2.218204e+03	 633.33	 566.67	 40.00	 33	 2.69	 
MRI_snacks_107	 1	 18	 ClickBalls5.bmp	 2.219172e+03	 12	 999000	 120	 999000	 999	 2.220189e+03	 633.33	 566.67	 9.00	 18	 8.04	 
MRI_snacks_107	 1	 18	 HispusimShatiah.bmp	 2.221174e+03	 22	 9.362469e+02	 220	 5.667137e+02	 98	 2.222208e+03	 633.33	 583.33	 47.00	 10	 1.60	 
MRI_snacks_107	 1	 18	 ChocolateParaSucariotKoftzot2.bmp	 2.224177e+03	 12	 999000	 120	 999000	 999	 2.225195e+03	 633.33	 583.33	 4.00	 50	 9.16	 
MRI_snacks_107	 1	 18	 DoritosGrill.bmp	 2.226179e+03	 12	 999000	 120	 999000	 999	 2.227197e+03	 633.33	 583.33	 20.00	 3	 6.91	 
MRI_snacks_107	 1	 18	 Egozi.bmp	 2.228182e+03	 24	 999000	 240	 999000	 999	 2.229199e+03	 633.33	 583.33	 43.00	 52	 1.78	 
MRI_snacks_107	 1	 18	 Shugi.bmp	 2.230184e+03	 11	 1.014197e+03	 1100	 6.333869e+02	 98	 2.231220e+03	 583.33	 583.33	 10.00	 51	 8.04	 
MRI_snacks_107	 1	 18	 Mekupelet.bmp	 2.233170e+03	 11	 8.903555e+02	 110	 5.833750e+02	 98	 2.234205e+03	 600.00	 583.33	 13.00	 39	 8.00	 
MRI_snacks_107	 1	 18	 ChocolateParaCookies5.bmp	 2.235173e+03	 12	 999000	 120	 999000	 999	 2.236191e+03	 600.00	 583.33	 14.00	 44	 8.00	 
MRI_snacks_107	 1	 18	 Kitkat.bmp	 2.237175e+03	 11	 9.857111e+02	 110	 6.000563e+02	 98	 2.238210e+03	 616.67	 583.33	 12.00	 35	 8.00	 
MRI_snacks_107	 1	 18	 BabyDoll.bmp	 2.239177e+03	 22	 9.461576e+02	 220	 5.833813e+02	 98	 2.240214e+03	 616.67	 600.00	 45.00	 43	 1.69	 
MRI_snacks_107	 1	 18	 Mentos.bmp	 2.241179e+03	 24	 999000	 240	 999000	 999	 2.242197e+03	 616.67	 600.00	 41.00	 56	 2.67	 
MRI_snacks_107	 1	 18	 SkittlesSour4.bmp	 2.247186e+03	 22	 8.874500e+02	 220	 6.000446e+02	 98	 2.248221e+03	 616.67	 616.67	 52.00	 23	 0.53	 
MRI_snacks_107	 1	 18	 KashitSour.bmp	 2.250173e+03	 12	 999000	 120	 999000	 999	 2.251191e+03	 616.67	 616.67	 11.00	 7	 8.00	 
MRI_snacks_107	 1	 18	 BisliBbq.bmp	 2.254177e+03	 24	 999000	 240	 999000	 999	 2.255195e+03	 616.67	 616.67	 55.00	 21	 0.31	 
