subjectID	order	runNum	itemName	onsetTime	shuff_trialType	RT	respInTime	AudioTime	response	fixationTime	ladder1	ladder2	bidIndex	BDMtrialIndex	bidValue
MRI_snacks_103	 1	 14	 KifkefMaklot2.bmp	 1.692976e+03	 22	 9.526920e+02	 220	 7.834014e+02	 98	 1.694013e+03	 783.33	 800.00	 52.00	 5	 1.76	 
MRI_snacks_103	 1	 14	 KinderBuenoBrown3.bmp	 1.695980e+03	 12	 999000	 120	 999000	 999	 1.697000e+03	 783.33	 800.00	 3.00	 32	 9.98	 
MRI_snacks_103	 1	 14	 KinderBuenoWhite2.bmp	 1.697965e+03	 12	 999000	 120	 999000	 999	 1.698983e+03	 783.33	 800.00	 20.00	 3	 6.98	 
MRI_snacks_103	 1	 14	 Egozi.bmp	 1.699967e+03	 24	 999000	 240	 999000	 999	 1.700988e+03	 783.33	 800.00	 55.00	 22	 1.60	 
MRI_snacks_103	 1	 14	 HappyHippo.bmp	 1.701970e+03	 11	 9.484806e+02	 110	 7.834033e+02	 98	 1.703004e+03	 800.00	 800.00	 13.00	 28	 9.07	 
MRI_snacks_103	 1	 14	 ClickBisquit2.bmp	 1.704973e+03	 12	 999000	 120	 999000	 999	 1.705991e+03	 800.00	 800.00	 5.00	 53	 9.96	 
MRI_snacks_103	 1	 14	 ChocolateParaCookies5.bmp	 1.706975e+03	 12	 999000	 120	 999000	 999	 1.707993e+03	 800.00	 800.00	 6.00	 48	 9.93	 
MRI_snacks_103	 1	 14	 Smarties.bmp	 1.710980e+03	 24	 999000	 240	 999000	 999	 1.711998e+03	 800.00	 800.00	 48.00	 24	 3.76	 
MRI_snacks_103	 1	 14	 Popco.bmp	 1.712965e+03	 24	 999000	 240	 999000	 999	 1.713986e+03	 800.00	 800.00	 43.00	 12	 3.89	 
MRI_snacks_103	 1	 14	 Twix.bmp	 1.717971e+03	 11	 9.679921e+02	 110	 8.000735e+02	 98	 1.719007e+03	 816.67	 800.00	 7.00	 40	 9.53	 
MRI_snacks_103	 1	 14	 BambaSweet.bmp	 1.719973e+03	 22	 9.570528e+02	 220	 8.000588e+02	 98	 1.721009e+03	 816.67	 816.67	 50.00	 19	 2.73	 
MRI_snacks_103	 1	 14	 ClickBlackWhite3.bmp	 1.723978e+03	 12	 999000	 120	 999000	 999	 1.724998e+03	 816.67	 816.67	 8.00	 1	 9.13	 
MRI_snacks_103	 1	 14	 Loacker.bmp	 1.725980e+03	 24	 999000	 240	 999000	 999	 1.726998e+03	 816.67	 816.67	 46.00	 20	 3.82	 
MRI_snacks_103	 1	 14	 ChocolateParaSucariotKoftzot2.bmp	 1.728967e+03	 11	 9.865265e+02	 110	 8.167243e+02	 98	 1.730002e+03	 833.33	 816.67	 10.00	 25	 9.13	 
MRI_snacks_103	 1	 14	 DoritosGrill.bmp	 1.733972e+03	 24	 999000	 240	 999000	 999	 1.734993e+03	 833.33	 816.67	 51.00	 30	 2.67	 
MRI_snacks_103	 1	 14	 DoritosNatural.bmp	 1.735974e+03	 24	 999000	 240	 999000	 999	 1.736995e+03	 833.33	 816.67	 49.00	 42	 3.73	 
MRI_snacks_103	 1	 14	 CrunchBisquitBrown3.bmp	 1.737977e+03	 12	 999000	 120	 999000	 999	 1.738997e+03	 833.33	 816.67	 14.00	 58	 9.02	 
MRI_snacks_103	 1	 14	 Halva2.bmp	 1.741981e+03	 24	 999000	 240	 999000	 999	 1.742999e+03	 833.33	 816.67	 54.00	 59	 1.64	 
MRI_snacks_103	 1	 14	 ClickXLwhite4.bmp	 1.745969e+03	 11	 1.006322e+03	 1100	 8.333868e+02	 98	 1.747006e+03	 783.33	 816.67	 12.00	 43	 9.09	 
MRI_snacks_103	 1	 14	 Snickers.bmp	 1.749973e+03	 12	 999000	 120	 999000	 999	 1.750991e+03	 783.33	 816.67	 19.00	 9	 7.07	 
MRI_snacks_103	 1	 14	 BisliBbq.bmp	 1.751976e+03	 22	 1.007386e+03	 2200	 8.167128e+02	 98	 1.753012e+03	 783.33	 766.67	 47.00	 45	 3.78	 
MRI_snacks_103	 1	 14	 KinderJoy.bmp	 1.753978e+03	 12	 999000	 120	 999000	 999	 1.754996e+03	 783.33	 766.67	 21.00	 14	 6.98	 
MRI_snacks_103	 1	 14	 Tortit.bmp	 1.755980e+03	 12	 999000	 120	 999000	 999	 1.756998e+03	 783.33	 766.67	 11.00	 33	 9.13	 
MRI_snacks_103	 1	 14	 BagaleShtuhim.bmp	 1.757966e+03	 24	 999000	 240	 999000	 999	 1.758984e+03	 783.33	 766.67	 40.00	 8	 4.89	 
MRI_snacks_103	 1	 14	 Mentos.bmp	 1.763973e+03	 12	 999000	 120	 999000	 999	 1.764990e+03	 783.33	 766.67	 17.00	 52	 8.04	 
MRI_snacks_103	 1	 14	 Keifli.bmp	 1.766976e+03	 22	 9.364757e+02	 220	 7.667194e+02	 98	 1.768012e+03	 783.33	 783.33	 45.00	 7	 3.82	 
MRI_snacks_103	 1	 14	 ChocolateParaMarir2.bmp	 1.768978e+03	 24	 999000	 240	 999000	 999	 1.769999e+03	 783.33	 783.33	 56.00	 10	 0.60	 
MRI_snacks_103	 1	 14	 Cheetos.bmp	 1.770980e+03	 11	 9.597243e+02	 110	 7.833833e+02	 98	 1.772016e+03	 800.00	 783.33	 15.00	 49	 8.13	 
MRI_snacks_103	 1	 14	 Bounty.bmp	 1.773967e+03	 24	 999000	 240	 999000	 999	 1.774985e+03	 800.00	 783.33	 58.00	 60	 0.09	 
MRI_snacks_103	 1	 14	 Bamba.bmp	 1.775969e+03	 22	 9.547605e+02	 220	 7.833782e+02	 98	 1.777005e+03	 800.00	 800.00	 44.00	 34	 3.84	 
MRI_snacks_103	 1	 14	 Hit.bmp	 1.777972e+03	 24	 999000	 240	 999000	 999	 1.778992e+03	 800.00	 800.00	 42.00	 57	 4.82	 
MRI_snacks_103	 1	 14	 Tictac.bmp	 1.779974e+03	 24	 999000	 240	 999000	 999	 1.780992e+03	 800.00	 800.00	 57.00	 36	 0.60	 
MRI_snacks_103	 1	 14	 BisliGrill.bmp	 1.782977e+03	 24	 999000	 240	 999000	 999	 1.783995e+03	 800.00	 800.00	 41.00	 46	 4.82	 
MRI_snacks_103	 1	 14	 CrunchShokoVanil.bmp	 1.784979e+03	 22	 9.562655e+02	 220	 8.000554e+02	 98	 1.786014e+03	 800.00	 816.67	 53.00	 41	 1.67	 
MRI_snacks_103	 1	 14	 BisliOnion.bmp	 1.786965e+03	 24	 999000	 240	 999000	 999	 1.787985e+03	 800.00	 816.67	 39.00	 11	 4.91	 
MRI_snacks_103	 1	 14	 PesekZman.bmp	 1.788967e+03	 12	 999000	 120	 999000	 999	 1.789987e+03	 800.00	 816.67	 9.00	 18	 9.13	 
MRI_snacks_103	 1	 14	 ClickXLbrown4.bmp	 1.790969e+03	 12	 999000	 120	 999000	 999	 1.791987e+03	 800.00	 816.67	 22.00	 56	 6.98	 
MRI_snacks_103	 1	 14	 CrunchBisquitWhite2.bmp	 1.796976e+03	 12	 999000	 120	 999000	 999	 1.797997e+03	 800.00	 816.67	 4.00	 39	 9.96	 
MRI_snacks_103	 1	 14	 WerthersOriginal.bmp	 1.799980e+03	 11	 9.981055e+02	 110	 8.000555e+02	 98	 1.801016e+03	 816.67	 816.67	 18.00	 44	 7.56	 
MRI_snacks_103	 1	 14	 Taami.bmp	 1.803967e+03	 12	 999000	 120	 999000	 999	 1.804985e+03	 816.67	 816.67	 16.00	 29	 8.11	 
