subjectID	order	runNum	itemName	onsetTime	shuff_trialType	RT	respInTime	AudioTime	response	fixationTime	ladder1	ladder2	bidIndex	BDMtrialIndex	bidValue
MRI_snacks_106	 2	 20	 ChocolateParaMilk3.bmp	 2.492894e+03	 11	 7.548615e+02	 110	 7.167274e+02	 98	 2.493930e+03	 733.33	 850.00	 16.00	 20	 5.87	 
MRI_snacks_106	 2	 20	 Mentos.bmp	 2.495898e+03	 22	 8.566636e+02	 220	 8.500614e+02	 98	 2.496934e+03	 733.33	 866.67	 48.00	 31	 1.71	 
MRI_snacks_106	 2	 20	 KinderBuenoWhite2.bmp	 2.497900e+03	 12	 999000	 120	 999000	 999	 2.498918e+03	 733.33	 866.67	 7.00	 60	 6.87	 
MRI_snacks_106	 2	 20	 Bamba.bmp	 2.499886e+03	 24	 999000	 240	 999000	 999	 2.500903e+03	 733.33	 866.67	 39.00	 41	 2.76	 
MRI_snacks_106	 2	 20	 Kitkat.bmp	 2.501888e+03	 12	 999000	 120	 999000	 999	 2.502906e+03	 733.33	 866.67	 21.00	 34	 4.84	 
MRI_snacks_106	 2	 20	 Halva2.bmp	 2.504891e+03	 24	 999000	 240	 999000	 999	 2.505909e+03	 733.33	 866.67	 47.00	 56	 1.76	 
MRI_snacks_106	 2	 20	 DoritosNatural.bmp	 2.506893e+03	 24	 999000	 240	 999000	 999	 2.507911e+03	 733.33	 866.67	 41.00	 8	 2.71	 
MRI_snacks_106	 2	 20	 Tapuchips.bmp	 2.510898e+03	 24	 999000	 240	 999000	 999	 2.511916e+03	 733.33	 866.67	 50.00	 17	 1.69	 
MRI_snacks_106	 2	 20	 SkittlesSour4.bmp	 2.512900e+03	 22	 1.045133e+03	 2200	 8.667233e+02	 98	 2.513936e+03	 733.33	 816.67	 51.00	 25	 1.69	 
MRI_snacks_106	 2	 20	 Mars.bmp	 2.517889e+03	 12	 999000	 120	 999000	 999	 2.518907e+03	 733.33	 816.67	 18.00	 30	 5.84	 
MRI_snacks_106	 2	 20	 ChocolateParaCookies5.bmp	 2.519891e+03	 12	 999000	 120	 999000	 999	 2.520909e+03	 733.33	 816.67	 3.00	 22	 7.00	 
MRI_snacks_106	 2	 20	 Shugi.bmp	 2.523896e+03	 24	 999000	 240	 999000	 999	 2.524913e+03	 733.33	 816.67	 52.00	 32	 1.67	 
MRI_snacks_106	 2	 20	 DoritosSourSpicy.bmp	 2.525898e+03	 12	 999000	 120	 999000	 999	 2.526916e+03	 733.33	 816.67	 22.00	 6	 4.80	 
MRI_snacks_106	 2	 20	 ClickBlackWhite3.bmp	 2.528884e+03	 12	 999000	 120	 999000	 999	 2.529902e+03	 733.33	 816.67	 15.00	 29	 5.89	 
MRI_snacks_106	 2	 20	 Snickers.bmp	 2.533890e+03	 12	 999000	 120	 999000	 999	 2.534908e+03	 733.33	 816.67	 20.00	 57	 4.89	 
MRI_snacks_106	 2	 20	 ClickBisquit2.bmp	 2.535892e+03	 12	 999000	 120	 999000	 999	 2.536910e+03	 733.33	 816.67	 4.00	 39	 7.00	 
MRI_snacks_106	 2	 20	 ChocolateParaSucariotKoftzot2.bmp	 2.537895e+03	 12	 999000	 120	 999000	 999	 2.538913e+03	 733.33	 816.67	 13.00	 42	 5.91	 
MRI_snacks_106	 2	 20	 BambaSweet.bmp	 2.541899e+03	 12	 999000	 120	 999000	 999	 2.542917e+03	 733.33	 816.67	 19.00	 9	 4.89	 
MRI_snacks_106	 2	 20	 Bounty.bmp	 2.545887e+03	 11	 8.983946e+02	 110	 7.333858e+02	 98	 2.546921e+03	 750.00	 816.67	 8.00	 48	 5.98	 
MRI_snacks_106	 2	 20	 CrunchShokoVanil.bmp	 2.549891e+03	 24	 999000	 240	 999000	 999	 2.550909e+03	 750.00	 816.67	 57.00	 51	 0.58	 
MRI_snacks_106	 2	 20	 KifkefMaklot2.bmp	 2.551894e+03	 11	 7.305718e+02	 11	 7.500513e+02	 98	 2.552929e+03	 766.67	 816.67	 9.00	 7	 5.96	 
MRI_snacks_106	 2	 20	 BabyDoll.bmp	 2.553896e+03	 22	 9.335706e+02	 220	 8.167160e+02	 98	 2.554932e+03	 766.67	 833.33	 49.00	 50	 1.71	 
MRI_snacks_106	 2	 20	 SkittlesFruits2.bmp	 2.555898e+03	 24	 999000	 240	 999000	 999	 2.556916e+03	 766.67	 833.33	 56.00	 49	 0.60	 
MRI_snacks_106	 2	 20	 Taami.bmp	 2.557901e+03	 24	 999000	 240	 999000	 999	 2.558918e+03	 766.67	 833.33	 40.00	 52	 2.73	 
MRI_snacks_106	 2	 20	 KinderJoy.bmp	 2.563891e+03	 22	 8.281719e+02	 22	 8.333884e+02	 98	 2.564927e+03	 766.67	 850.00	 46.00	 33	 2.58	 
MRI_snacks_106	 2	 20	 PesekZman.bmp	 2.566894e+03	 11	 1.008709e+03	 1100	 7.667173e+02	 98	 2.567928e+03	 716.67	 850.00	 17.00	 27	 5.84	 
MRI_snacks_106	 2	 20	 ClickXLbrown4.bmp	 2.568896e+03	 11	 9.415578e+02	 110	 7.167236e+02	 98	 2.569932e+03	 733.33	 850.00	 14.00	 24	 5.89	 
MRI_snacks_106	 2	 20	 ChocolateParaMarir2.bmp	 2.570898e+03	 24	 999000	 240	 999000	 999	 2.571916e+03	 733.33	 850.00	 58.00	 13	 0.53	 
MRI_snacks_106	 2	 20	 ClickBalls5.bmp	 2.573885e+03	 11	 9.143908e+02	 110	 7.333872e+02	 98	 2.574937e+03	 750.00	 850.00	 11.00	 1	 5.91	 
MRI_snacks_106	 2	 20	 HappyHippo.bmp	 2.575887e+03	 22	 8.469089e+02	 22	 8.500504e+02	 98	 2.576922e+03	 750.00	 866.67	 54.00	 18	 1.64	 
MRI_snacks_106	 2	 20	 GumiSnakes3.bmp	 2.577890e+03	 24	 999000	 240	 999000	 999	 2.578907e+03	 750.00	 866.67	 42.00	 44	 2.71	 
MRI_snacks_106	 2	 20	 GumiWine2.bmp	 2.579892e+03	 24	 999000	 240	 999000	 999	 2.580910e+03	 750.00	 866.67	 55.00	 36	 0.73	 
MRI_snacks_106	 2	 20	 ClickXLwhite4.bmp	 2.582895e+03	 12	 999000	 120	 999000	 999	 2.583913e+03	 750.00	 866.67	 10.00	 10	 5.93	 
MRI_snacks_106	 2	 20	 BisliOnion.bmp	 2.584897e+03	 24	 999000	 240	 999000	 999	 2.585915e+03	 750.00	 866.67	 45.00	 54	 2.62	 
MRI_snacks_106	 2	 20	 Smarties.bmp	 2.586900e+03	 24	 999000	 240	 999000	 999	 2.587917e+03	 750.00	 866.67	 53.00	 47	 1.67	 
MRI_snacks_106	 2	 20	 HispusimShatiah.bmp	 2.588885e+03	 22	 8.659518e+02	 22	 8.667149e+02	 98	 2.589921e+03	 750.00	 883.33	 43.00	 58	 2.69	 
MRI_snacks_106	 2	 20	 CrunchBisquitBrown3.bmp	 2.590887e+03	 12	 999000	 120	 999000	 999	 2.591905e+03	 750.00	 883.33	 12.00	 14	 5.91	 
MRI_snacks_106	 2	 20	 KinderBuenoBrown3.bmp	 2.596894e+03	 12	 999000	 120	 999000	 999	 2.597912e+03	 750.00	 883.33	 6.00	 3	 6.96	 
MRI_snacks_106	 2	 20	 BisliPizza3.bmp	 2.599898e+03	 24	 999000	 240	 999000	 999	 2.600915e+03	 750.00	 883.33	 44.00	 16	 2.64	 
MRI_snacks_106	 2	 20	 Twix.bmp	 2.603885e+03	 12	 999000	 120	 999000	 999	 2.604903e+03	 750.00	 883.33	 5.00	 43	 7.00	 
