subjectID	order	runNum	itemName	onsetTime	shuff_trialType	RT	respInTime	AudioTime	response	fixationTime	ladder1	ladder2	bidIndex	BDMtrialIndex	bidValue
MRI_snacks_111	 1	 1	 Egozi.bmp	 1.245189e+00	 22	 1.137339e+03	 2200	 7.500645e+02	 98	 2.279342e+00	 750.00	 700.00	 47.00	 56	 2.51	 
MRI_snacks_111	 1	 1	 ChocolateParaCookies5.bmp	 6.233699e+00	 12	 999000	 120	 999000	 999	 7.253533e+00	 750.00	 700.00	 3.00	 44	 7.02	 
MRI_snacks_111	 1	 1	 ClickBalls5.bmp	 8.235867e+00	 24	 999000	 240	 999000	 999	 9.254120e+00	 750.00	 700.00	 41.00	 2	 2.71	 
MRI_snacks_111	 1	 1	 Taami.bmp	 1.023813e+01	 22	 1.019890e+03	 2200	 7.000399e+02	 98	 1.127287e+01	 750.00	 650.00	 52.00	 38	 2.22	 
MRI_snacks_111	 1	 1	 BisliOnion.bmp	 1.622826e+01	 11	 1.054982e+03	 1100	 7.500673e+02	 98	 1.726479e+01	 700.00	 650.00	 18.00	 37	 5.49	 
MRI_snacks_111	 1	 1	 Tortit.bmp	 1.823039e+01	 24	 999000	 240	 999000	 999	 1.925011e+01	 700.00	 650.00	 48.00	 35	 2.36	 
MRI_snacks_111	 1	 1	 BabyDoll.bmp	 2.123375e+01	 24	 999000	 240	 999000	 999	 2.225317e+01	 700.00	 650.00	 57.00	 22	 1.64	 
MRI_snacks_111	 1	 1	 Tapuchips.bmp	 2.323594e+01	 24	 999000	 240	 999000	 999	 2.425539e+01	 700.00	 650.00	 51.00	 3	 2.27	 
MRI_snacks_111	 1	 1	 SkittlesFruits2.bmp	 2.724047e+01	 12	 999000	 120	 999000	 999	 2.826007e+01	 700.00	 650.00	 21.00	 25	 5.42	 
MRI_snacks_111	 1	 1	 BambaSweet.bmp	 2.924275e+01	 24	 999000	 240	 999000	 999	 3.026220e+01	 700.00	 650.00	 43.00	 18	 2.71	 
MRI_snacks_111	 1	 1	 WerthersOriginal.bmp	 3.423161e+01	 11	 9.649391e+02	 110	 7.000510e+02	 98	 3.526675e+01	 716.67	 650.00	 13.00	 1	 5.91	 
MRI_snacks_111	 1	 1	 ClickXLwhite4.bmp	 4.123952e+01	 22	 9.323977e+02	 220	 6.500579e+02	 98	 4.227550e+01	 716.67	 666.67	 45.00	 27	 2.71	 
MRI_snacks_111	 1	 1	 Kitkat.bmp	 4.324178e+01	 12	 999000	 120	 999000	 999	 4.426112e+01	 716.67	 666.67	 9.00	 55	 6.27	 
MRI_snacks_111	 1	 1	 BisliGrill.bmp	 4.622846e+01	 12	 999000	 120	 999000	 999	 4.724729e+01	 716.67	 666.67	 8.00	 17	 6.40	 
MRI_snacks_111	 1	 1	 HispusimShatiah.bmp	 4.923181e+01	 24	 999000	 240	 999000	 999	 5.025109e+01	 716.67	 666.67	 56.00	 57	 1.84	 
MRI_snacks_111	 1	 1	 Twix.bmp	 5.323619e+01	 12	 999000	 120	 999000	 999	 5.425551e+01	 716.67	 666.67	 22.00	 15	 5.40	 
MRI_snacks_111	 1	 1	 Twist.bmp	 5.724069e+01	 24	 999000	 240	 999000	 999	 5.825923e+01	 716.67	 666.67	 55.00	 36	 2.00	 
MRI_snacks_111	 1	 1	 GumiWine2.bmp	 6.122858e+01	 24	 999000	 240	 999000	 999	 6.224801e+01	 716.67	 666.67	 58.00	 10	 1.62	 
MRI_snacks_111	 1	 1	 PesekZman.bmp	 6.423192e+01	 12	 999000	 120	 999000	 999	 6.525073e+01	 716.67	 666.67	 20.00	 34	 5.47	 
MRI_snacks_111	 1	 1	 Apropo.bmp	 7.023865e+01	 11	 9.970225e+02	 110	 7.167201e+02	 98	 7.127308e+01	 733.33	 666.67	 10.00	 43	 6.04	 
MRI_snacks_111	 1	 1	 BisliBbq.bmp	 7.224089e+01	 12	 999000	 120	 999000	 999	 7.326020e+01	 733.33	 666.67	 11.00	 13	 5.96	 
MRI_snacks_111	 1	 1	 Mekupelet.bmp	 7.522732e+01	 12	 999000	 120	 999000	 999	 7.624530e+01	 733.33	 666.67	 17.00	 60	 5.51	 
MRI_snacks_111	 1	 1	 Bounty.bmp	 7.722974e+01	 22	 9.687622e+02	 220	 6.667205e+02	 98	 7.826603e+01	 733.33	 683.33	 53.00	 47	 2.20	 
MRI_snacks_111	 1	 1	 KinderJoy.bmp	 7.923201e+01	 24	 999000	 240	 999000	 999	 8.025136e+01	 733.33	 683.33	 40.00	 7	 2.76	 
MRI_snacks_111	 1	 1	 Shugi.bmp	 8.123429e+01	 24	 999000	 240	 999000	 999	 8.225331e+01	 733.33	 683.33	 54.00	 28	 2.16	 
MRI_snacks_111	 1	 1	 CrunchShokoVanil.bmp	 8.423766e+01	 24	 999000	 240	 999000	 999	 8.525702e+01	 733.33	 683.33	 49.00	 51	 2.36	 
MRI_snacks_111	 1	 1	 Hit.bmp	 8.824210e+01	 24	 999000	 240	 999000	 999	 8.926093e+01	 733.33	 683.33	 46.00	 21	 2.69	 
MRI_snacks_111	 1	 1	 CrunchBisquitWhite2.bmp	 9.022731e+01	 12	 999000	 120	 999000	 999	 9.124530e+01	 733.33	 683.33	 19.00	 49	 5.49	 
MRI_snacks_111	 1	 1	 DoritosGrill.bmp	 9.222989e+01	 12	 999000	 120	 999000	 999	 9.324753e+01	 733.33	 683.33	 16.00	 31	 5.56	 
MRI_snacks_111	 1	 1	 Cheetos.bmp	 9.423226e+01	 12	 999000	 120	 999000	 999	 9.525073e+01	 733.33	 683.33	 4.00	 53	 6.64	 
MRI_snacks_111	 1	 1	 BisliPizza3.bmp	 9.623441e+01	 12	 999000	 120	 999000	 999	 9.725246e+01	 733.33	 683.33	 14.00	 8	 5.89	 
MRI_snacks_111	 1	 1	 SkittlesSour4.bmp	 9.823666e+01	 11	 1.000293e+03	 1100	 7.333810e+02	 98	 9.927265e+01	 683.33	 683.33	 15.00	 23	 5.87	 
MRI_snacks_111	 1	 1	 HappyHippo.bmp	 1.022410e+02	 11	 9.336342e+02	 110	 6.833854e+02	 98	 1.032763e+02	 700.00	 683.33	 12.00	 14	 5.93	 
MRI_snacks_111	 1	 1	 Bamba.bmp	 1.062289e+02	 11	 9.709742e+02	 110	 7.000520e+02	 98	 1.072653e+02	 716.67	 683.33	 7.00	 50	 6.47	 
MRI_snacks_111	 1	 1	 BambaNugat.bmp	 1.082312e+02	 22	 9.312524e+02	 220	 6.833761e+02	 98	 1.092813e+02	 716.67	 700.00	 44.00	 26	 2.71	 
MRI_snacks_111	 1	 1	 Smarties.bmp	 1.102334e+02	 22	 9.665423e+02	 220	 7.000499e+02	 98	 1.112679e+02	 716.67	 716.67	 50.00	 59	 2.33	 
MRI_snacks_111	 1	 1	 Halva2.bmp	 1.122356e+02	 24	 999000	 240	 999000	 999	 1.132536e+02	 716.67	 716.67	 42.00	 12	 2.71	 
MRI_snacks_111	 1	 1	 Loacker.bmp	 1.142379e+02	 12	 999000	 120	 999000	 999	 1.152559e+02	 716.67	 716.67	 6.00	 52	 6.51	 
MRI_snacks_111	 1	 1	 KinderBuenoWhite2.bmp	 1.202279e+02	 12	 999000	 120	 999000	 999	 1.212461e+02	 716.67	 716.67	 5.00	 30	 6.56	 
MRI_snacks_111	 1	 1	 KashitSour.bmp	 1.222301e+02	 24	 999000	 240	 999000	 999	 1.232491e+02	 716.67	 716.67	 39.00	 32	 3.24	 
