subjectID	order	runNum	itemName	onsetTime	shuff_trialType	RT	respInTime	AudioTime	response	fixationTime	ladder1	ladder2	bidIndex	BDMtrialIndex	bidValue
MRI_snacks_141	 1	 17	 CrunchBisquitWhite2.bmp	 2.044896e+03	 12	 999000	 120	 999000	 999	 2.045914e+03	 750.00	 800.00	 5.00	 60	 5.33	 
MRI_snacks_141	 1	 17	 ClickXLbrown4.bmp	 2.047899e+03	 11	 9.112400e+02	 110	 7.500669e+02	 98	 2.048934e+03	 766.67	 800.00	 12.00	 42	 4.87	 
MRI_snacks_141	 1	 17	 WerthersOriginal.bmp	 2.049885e+03	 22	 9.656980e+02	 220	 8.000627e+02	 98	 2.050919e+03	 766.67	 816.67	 44.00	 9	 1.69	 
MRI_snacks_141	 1	 17	 HispusimShatiah.bmp	 2.051887e+03	 24	 999000	 240	 999000	 999	 2.052905e+03	 766.67	 816.67	 48.00	 40	 1.09	 
MRI_snacks_141	 1	 17	 BisliGrill.bmp	 2.053889e+03	 12	 999000	 120	 999000	 999	 2.054907e+03	 766.67	 816.67	 20.00	 20	 3.91	 
MRI_snacks_141	 1	 17	 Kitkat.bmp	 2.056893e+03	 12	 999000	 120	 999000	 999	 2.057911e+03	 766.67	 816.67	 9.00	 56	 4.89	 
MRI_snacks_141	 1	 17	 KashitSour.bmp	 2.058895e+03	 24	 999000	 240	 999000	 999	 2.059913e+03	 766.67	 816.67	 58.00	 18	 0.02	 
MRI_snacks_141	 1	 17	 Twist.bmp	 2.062900e+03	 22	 9.911328e+02	 220	 8.167182e+02	 98	 2.063934e+03	 766.67	 833.33	 50.00	 29	 0.60	 
MRI_snacks_141	 1	 17	 BambaNugat.bmp	 2.064885e+03	 12	 999000	 120	 999000	 999	 2.065903e+03	 766.67	 833.33	 21.00	 33	 3.87	 
MRI_snacks_141	 1	 17	 Tictac.bmp	 2.069891e+03	 22	 9.039000e+02	 220	 8.333849e+02	 98	 2.070926e+03	 766.67	 850.00	 52.00	 11	 0.04	 
MRI_snacks_141	 1	 17	 ChocolateParaCookies5.bmp	 2.071893e+03	 12	 999000	 120	 999000	 999	 2.072911e+03	 766.67	 850.00	 8.00	 46	 4.89	 
MRI_snacks_141	 1	 17	 Mentos.bmp	 2.075897e+03	 22	 7.773050e+02	 22	 8.500544e+02	 98	 2.076933e+03	 766.67	 866.67	 53.00	 25	 0.04	 
MRI_snacks_141	 1	 17	 Popco.bmp	 2.077900e+03	 24	 999000	 240	 999000	 999	 2.078917e+03	 766.67	 866.67	 42.00	 41	 2.20	 
MRI_snacks_141	 1	 17	 ChocolateParaMarir2.bmp	 2.080886e+03	 24	 999000	 240	 999000	 999	 2.081904e+03	 766.67	 866.67	 40.00	 49	 2.24	 
MRI_snacks_141	 1	 17	 Snickers.bmp	 2.085892e+03	 12	 999000	 120	 999000	 999	 2.086910e+03	 766.67	 866.67	 14.00	 48	 4.84	 
MRI_snacks_141	 1	 17	 PesekZman.bmp	 2.087894e+03	 12	 999000	 120	 999000	 999	 2.088912e+03	 766.67	 866.67	 4.00	 13	 5.91	 
MRI_snacks_141	 1	 17	 BagaleShtuhim.bmp	 2.089897e+03	 24	 999000	 240	 999000	 999	 2.090914e+03	 766.67	 866.67	 46.00	 38	 1.64	 
MRI_snacks_141	 1	 17	 DoritosNatural.bmp	 2.093884e+03	 24	 999000	 240	 999000	 999	 2.094902e+03	 766.67	 866.67	 41.00	 53	 2.22	 
MRI_snacks_141	 1	 17	 ClickXLwhite4.bmp	 2.097889e+03	 11	 8.178807e+02	 110	 7.667209e+02	 98	 2.098924e+03	 783.33	 866.67	 10.00	 16	 4.87	 
MRI_snacks_141	 1	 17	 Halva2.bmp	 2.101893e+03	 22	 9.974452e+02	 220	 8.667117e+02	 98	 2.102928e+03	 783.33	 883.33	 45.00	 17	 1.67	 
MRI_snacks_141	 1	 17	 GumiSnakes3.bmp	 2.103896e+03	 24	 999000	 240	 999000	 999	 2.104913e+03	 783.33	 883.33	 54.00	 44	 0.04	 
MRI_snacks_141	 1	 17	 ClickBalls5.bmp	 2.105898e+03	 12	 999000	 120	 999000	 999	 2.106916e+03	 783.33	 883.33	 19.00	 23	 3.93	 
MRI_snacks_141	 1	 17	 ChocolateParaSucariotKoftzot2.bmp	 2.107900e+03	 12	 999000	 120	 999000	 999	 2.108918e+03	 783.33	 883.33	 3.00	 14	 5.93	 
MRI_snacks_141	 1	 17	 Hit.bmp	 2.109886e+03	 24	 999000	 240	 999000	 999	 2.110903e+03	 783.33	 883.33	 39.00	 43	 2.24	 
MRI_snacks_141	 1	 17	 Dubonim.bmp	 2.115892e+03	 11	 9.583894e+02	 110	 7.833775e+02	 98	 2.116927e+03	 800.00	 883.33	 15.00	 8	 4.82	 
MRI_snacks_141	 1	 17	 Taami.bmp	 2.118896e+03	 12	 999000	 120	 999000	 999	 2.119913e+03	 800.00	 883.33	 22.00	 1	 3.84	 
MRI_snacks_141	 1	 17	 Bamba.bmp	 2.120898e+03	 24	 999000	 240	 999000	 999	 2.121916e+03	 800.00	 883.33	 43.00	 34	 2.16	 
MRI_snacks_141	 1	 17	 Bounty.bmp	 2.122900e+03	 12	 999000	 120	 999000	 999	 2.123918e+03	 800.00	 883.33	 6.00	 19	 4.91	 
MRI_snacks_141	 1	 17	 ClickBlackWhite3.bmp	 2.125887e+03	 12	 999000	 120	 999000	 999	 2.126905e+03	 800.00	 883.33	 16.00	 57	 4.82	 
MRI_snacks_141	 1	 17	 BisliBbq.bmp	 2.127889e+03	 12	 999000	 120	 999000	 999	 2.128907e+03	 800.00	 883.33	 17.00	 58	 4.80	 
MRI_snacks_141	 1	 17	 GumiWine2.bmp	 2.129891e+03	 24	 999000	 240	 999000	 999	 2.130909e+03	 800.00	 883.33	 51.00	 30	 0.07	 
MRI_snacks_141	 1	 17	 Tortit.bmp	 2.131894e+03	 24	 999000	 240	 999000	 999	 2.132911e+03	 800.00	 883.33	 55.00	 4	 0.02	 
MRI_snacks_141	 1	 17	 CrunchShokoVanil.bmp	 2.134897e+03	 24	 999000	 240	 999000	 999	 2.135915e+03	 800.00	 883.33	 49.00	 26	 0.62	 
MRI_snacks_141	 1	 17	 Cheetos.bmp	 2.136899e+03	 11	 8.154465e+02	 110	 8.000610e+02	 98	 2.137934e+03	 816.67	 883.33	 13.00	 36	 4.84	 
MRI_snacks_141	 1	 17	 BambaSweet.bmp	 2.138885e+03	 22	 6.857394e+02	 22	 8.833872e+02	 98	 2.139920e+03	 816.67	 900.00	 47.00	 59	 1.62	 
MRI_snacks_141	 1	 17	 CrunchBisquitBrown3.bmp	 2.140887e+03	 11	 7.957008e+02	 11	 8.167224e+02	 98	 2.141922e+03	 833.33	 900.00	 18.00	 32	 4.31	 
MRI_snacks_141	 1	 17	 DoritosSourSpicy.bmp	 2.142889e+03	 24	 999000	 240	 999000	 999	 2.143907e+03	 833.33	 900.00	 56.00	 7	 0.02	 
MRI_snacks_141	 1	 17	 BabyDoll.bmp	 2.148896e+03	 24	 999000	 240	 999000	 999	 2.149914e+03	 833.33	 900.00	 57.00	 12	 0.02	 
MRI_snacks_141	 1	 17	 ChocolateParaMilk3.bmp	 2.151899e+03	 11	 1.015298e+03	 1100	 8.333863e+02	 98	 2.152934e+03	 783.33	 900.00	 7.00	 27	 4.91	 
MRI_snacks_141	 1	 17	 BisliOnion.bmp	 2.155887e+03	 12	 999000	 120	 999000	 999	 2.156905e+03	 783.33	 900.00	 11.00	 37	 4.87	 
