subjectID	order	runNum	itemName	onsetTime	shuff_trialType	RT	respInTime	AudioTime	response	fixationTime	ladder1	ladder2	bidIndex	BDMtrialIndex	bidValue
MRI_snacks_126	 2	 12	 Keifli.bmp	 1.547130e+03	 24	 999000	 240	 999000	 999	 1.548148e+03	 783.33	 783.33	 45.00	 24	 1.69	 
MRI_snacks_126	 2	 12	 Snickers.bmp	 1.552119e+03	 11	 9.954528e+02	 110	 7.833941e+02	 98	 1.553155e+03	 800.00	 783.33	 11.00	 36	 6.33	 
MRI_snacks_126	 2	 12	 Taami.bmp	 1.554121e+03	 12	 999000	 120	 999000	 999	 1.555139e+03	 800.00	 783.33	 22.00	 28	 4.24	 
MRI_snacks_126	 2	 12	 Mars.bmp	 1.556123e+03	 12	 999000	 120	 999000	 999	 1.557141e+03	 800.00	 783.33	 18.00	 11	 4.87	 
MRI_snacks_126	 2	 12	 Twix.bmp	 1.562130e+03	 11	 9.922202e+02	 110	 8.000577e+02	 98	 1.563165e+03	 816.67	 783.33	 16.00	 35	 5.31	 
MRI_snacks_126	 2	 12	 ClickXLwhite4.bmp	 1.564132e+03	 12	 999000	 120	 999000	 999	 1.565150e+03	 816.67	 783.33	 4.00	 20	 7.51	 
MRI_snacks_126	 2	 12	 Cheetos.bmp	 1.567119e+03	 24	 999000	 240	 999000	 999	 1.568137e+03	 816.67	 783.33	 56.00	 8	 0.58	 
MRI_snacks_126	 2	 12	 HappyHippo.bmp	 1.569121e+03	 24	 999000	 240	 999000	 999	 1.570139e+03	 816.67	 783.33	 41.00	 33	 2.09	 
MRI_snacks_126	 2	 12	 HispusimShatiah.bmp	 1.573126e+03	 24	 999000	 240	 999000	 999	 1.574144e+03	 816.67	 783.33	 44.00	 12	 1.69	 
MRI_snacks_126	 2	 12	 KashitSour.bmp	 1.575128e+03	 24	 999000	 240	 999000	 999	 1.576146e+03	 816.67	 783.33	 42.00	 14	 1.71	 
MRI_snacks_126	 2	 12	 WerthersOriginal.bmp	 1.580134e+03	 24	 999000	 240	 999000	 999	 1.581152e+03	 816.67	 783.33	 53.00	 45	 1.13	 
MRI_snacks_126	 2	 12	 KinderBuenoBrown3.bmp	 1.587125e+03	 12	 999000	 120	 999000	 999	 1.588143e+03	 816.67	 783.33	 20.00	 55	 4.40	 
MRI_snacks_126	 2	 12	 Hit.bmp	 1.589127e+03	 22	 9.953537e+02	 220	 7.834042e+02	 98	 1.590162e+03	 816.67	 800.00	 49.00	 2	 1.62	 
MRI_snacks_126	 2	 12	 KifkefMaklot2.bmp	 1.592130e+03	 12	 999000	 120	 999000	 999	 1.593148e+03	 816.67	 800.00	 15.00	 26	 5.89	 
MRI_snacks_126	 2	 12	 BisliOnion.bmp	 1.595117e+03	 24	 999000	 240	 999000	 999	 1.596135e+03	 816.67	 800.00	 57.00	 18	 0.58	 
MRI_snacks_126	 2	 12	 Kitkat.bmp	 1.599122e+03	 12	 999000	 120	 999000	 999	 1.600140e+03	 816.67	 800.00	 12.00	 51	 5.98	 
MRI_snacks_126	 2	 12	 Tortit.bmp	 1.603126e+03	 24	 999000	 240	 999000	 999	 1.604144e+03	 816.67	 800.00	 40.00	 52	 2.13	 
MRI_snacks_126	 2	 12	 Tictac.bmp	 1.607131e+03	 24	 999000	 240	 999000	 999	 1.608149e+03	 816.67	 800.00	 55.00	 17	 0.60	 
MRI_snacks_126	 2	 12	 ClickBlackWhite3.bmp	 1.610117e+03	 11	 1.013369e+03	 1100	 8.167132e+02	 98	 1.611153e+03	 766.67	 800.00	 9.00	 38	 6.49	 
MRI_snacks_126	 2	 12	 SkittlesSour4.bmp	 1.616124e+03	 24	 999000	 240	 999000	 999	 1.617142e+03	 766.67	 800.00	 58.00	 46	 0.58	 
MRI_snacks_126	 2	 12	 CrunchBisquitBrown3.bmp	 1.618126e+03	 12	 999000	 120	 999000	 999	 1.619144e+03	 766.67	 800.00	 6.00	 22	 7.00	 
MRI_snacks_126	 2	 12	 KinderBuenoWhite2.bmp	 1.621130e+03	 12	 999000	 120	 999000	 999	 1.622148e+03	 766.67	 800.00	 21.00	 16	 4.36	 
MRI_snacks_126	 2	 12	 DoritosGrill.bmp	 1.623132e+03	 22	 1.022614e+03	 2200	 8.000591e+02	 98	 1.624167e+03	 766.67	 750.00	 51.00	 60	 1.27	 
MRI_snacks_126	 2	 12	 CrunchBisquitWhite2.bmp	 1.625117e+03	 12	 999000	 120	 999000	 999	 1.626135e+03	 766.67	 750.00	 7.00	 29	 7.00	 
MRI_snacks_126	 2	 12	 Halva2.bmp	 1.627120e+03	 22	 9.546070e+02	 220	 7.500520e+02	 98	 1.628156e+03	 766.67	 766.67	 46.00	 6	 1.67	 
MRI_snacks_126	 2	 12	 CrunchShokoVanil.bmp	 1.630123e+03	 12	 999000	 120	 999000	 999	 1.631141e+03	 766.67	 766.67	 13.00	 4	 5.91	 
MRI_snacks_126	 2	 12	 KinderJoy.bmp	 1.634128e+03	 12	 999000	 120	 999000	 999	 1.635145e+03	 766.67	 766.67	 19.00	 48	 4.84	 
MRI_snacks_126	 2	 12	 ChocolateParaMarir2.bmp	 1.636130e+03	 11	 9.765081e+02	 110	 7.667108e+02	 98	 1.637167e+03	 783.33	 766.67	 14.00	 7	 5.91	 
MRI_snacks_126	 2	 12	 BisliPizza3.bmp	 1.638132e+03	 22	 1.022352e+03	 2200	 7.667119e+02	 98	 1.639167e+03	 783.33	 716.67	 43.00	 41	 1.71	 
MRI_snacks_126	 2	 12	 ClickBisquit2.bmp	 1.640118e+03	 12	 999000	 120	 999000	 999	 1.641136e+03	 783.33	 716.67	 10.00	 32	 6.40	 
MRI_snacks_126	 2	 12	 BisliBbq.bmp	 1.642120e+03	 24	 999000	 240	 999000	 999	 1.643138e+03	 783.33	 716.67	 39.00	 30	 2.16	 
MRI_snacks_126	 2	 12	 Shugi.bmp	 1.644122e+03	 24	 999000	 240	 999000	 999	 1.645140e+03	 783.33	 716.67	 50.00	 3	 1.58	 
MRI_snacks_126	 2	 12	 GumiWine2.bmp	 1.648127e+03	 22	 9.076301e+02	 220	 7.167217e+02	 98	 1.649164e+03	 783.33	 733.33	 54.00	 49	 1.09	 
MRI_snacks_126	 2	 12	 ClickBalls5.bmp	 1.652131e+03	 12	 999000	 120	 999000	 999	 1.653149e+03	 783.33	 733.33	 5.00	 27	 7.02	 
MRI_snacks_126	 2	 12	 BambaSweet.bmp	 1.654117e+03	 22	 8.538944e+02	 220	 7.333864e+02	 98	 1.655153e+03	 783.33	 750.00	 48.00	 42	 1.64	 
MRI_snacks_126	 2	 12	 BisliGrill.bmp	 1.656119e+03	 24	 999000	 240	 999000	 999	 1.657137e+03	 783.33	 750.00	 47.00	 9	 1.64	 
MRI_snacks_126	 2	 12	 GumiSnakes3.bmp	 1.658121e+03	 24	 999000	 240	 999000	 999	 1.659139e+03	 783.33	 750.00	 52.00	 54	 1.20	 
MRI_snacks_126	 2	 12	 ChocolateParaCookies5.bmp	 1.660123e+03	 11	 8.309634e+02	 110	 7.833961e+02	 98	 1.661160e+03	 800.00	 750.00	 8.00	 5	 6.98	 
MRI_snacks_126	 2	 12	 DoritosSourSpicy.bmp	 1.666130e+03	 11	 9.840352e+02	 110	 8.000553e+02	 98	 1.667167e+03	 816.67	 750.00	 17.00	 53	 4.98	 
MRI_snacks_126	 2	 12	 ChocolateParaMilk3.bmp	 1.668132e+03	 12	 999000	 120	 999000	 999	 1.669150e+03	 816.67	 750.00	 3.00	 43	 8.04	 
