subjectID	order	runNum	itemName	onsetTime	shuff_trialType	RT	respInTime	AudioTime	response	fixationTime	ladder1	ladder2	bidIndex	BDMtrialIndex	bidValue
MRI_snacks_115	 1	 10	 ChocolateParaCookies5.bmp	 1.146948e+03	 12	 999000	 120	 999000	 999	 1.147966e+03	 850.00	 850.00	 5.00	 15	 9.89	 
MRI_snacks_115	 1	 10	 Kitkat.bmp	 1.151936e+03	 24	 999000	 240	 999000	 999	 1.152954e+03	 850.00	 850.00	 57.00	 19	 0.07	 
MRI_snacks_115	 1	 10	 Mars.bmp	 1.153939e+03	 12	 999000	 120	 999000	 999	 1.154957e+03	 850.00	 850.00	 6.00	 18	 9.87	 
MRI_snacks_115	 1	 10	 BisliPizza3.bmp	 1.155941e+03	 12	 999000	 120	 999000	 999	 1.156959e+03	 850.00	 850.00	 3.00	 3	 9.89	 
MRI_snacks_115	 1	 10	 ClickXLwhite4.bmp	 1.161948e+03	 11	 8.631145e+02	 110	 8.500681e+02	 98	 1.162982e+03	 866.67	 850.00	 15.00	 1	 7.60	 
MRI_snacks_115	 1	 10	 BambaSweet.bmp	 1.163950e+03	 22	 9.809881e+02	 220	 8.500708e+02	 98	 1.164985e+03	 866.67	 866.67	 52.00	 42	 0.11	 
MRI_snacks_115	 1	 10	 DoritosNatural.bmp	 1.166937e+03	 11	 8.902149e+02	 110	 8.667191e+02	 98	 1.167972e+03	 883.33	 866.67	 10.00	 2	 9.07	 
MRI_snacks_115	 1	 10	 GumiSnakes3.bmp	 1.168939e+03	 24	 999000	 240	 999000	 999	 1.169957e+03	 883.33	 866.67	 46.00	 21	 0.16	 
MRI_snacks_115	 1	 10	 KashitSour.bmp	 1.172943e+03	 24	 999000	 240	 999000	 999	 1.173961e+03	 883.33	 866.67	 48.00	 55	 0.16	 
MRI_snacks_115	 1	 10	 ClickBalls5.bmp	 1.174946e+03	 24	 999000	 240	 999000	 999	 1.175963e+03	 883.33	 866.67	 42.00	 57	 1.73	 
MRI_snacks_115	 1	 10	 ClickBisquit2.bmp	 1.179934e+03	 11	 7.485146e+02	 11	 8.834357e+02	 98	 1.180970e+03	 900.00	 866.67	 18.00	 5	 6.96	 
MRI_snacks_115	 1	 10	 HispusimShatiah.bmp	 1.186942e+03	 24	 999000	 240	 999000	 999	 1.187960e+03	 900.00	 866.67	 49.00	 13	 0.13	 
MRI_snacks_115	 1	 10	 ChocolateParaSucariotKoftzot2.bmp	 1.188945e+03	 12	 999000	 120	 999000	 999	 1.189962e+03	 900.00	 866.67	 22.00	 45	 5.96	 
MRI_snacks_115	 1	 10	 Loacker.bmp	 1.191948e+03	 12	 999000	 120	 999000	 999	 1.192966e+03	 900.00	 866.67	 11.00	 16	 8.13	 
MRI_snacks_115	 1	 10	 CrunchShokoVanil.bmp	 1.194934e+03	 22	 8.684471e+02	 220	 8.667171e+02	 98	 1.195970e+03	 900.00	 883.33	 45.00	 54	 0.60	 
MRI_snacks_115	 1	 10	 Tapuchips.bmp	 1.198939e+03	 24	 999000	 240	 999000	 999	 1.199957e+03	 900.00	 883.33	 55.00	 33	 0.09	 
MRI_snacks_115	 1	 10	 Apropo.bmp	 1.202944e+03	 12	 999000	 120	 999000	 999	 1.203962e+03	 900.00	 883.33	 4.00	 7	 9.89	 
MRI_snacks_115	 1	 10	 Keifli.bmp	 1.206948e+03	 24	 999000	 240	 999000	 999	 1.207966e+03	 900.00	 883.33	 58.00	 25	 0.07	 
MRI_snacks_115	 1	 10	 KifkefMaklot2.bmp	 1.209935e+03	 12	 999000	 120	 999000	 999	 1.210952e+03	 900.00	 883.33	 17.00	 28	 7.02	 
MRI_snacks_115	 1	 10	 KinderJoy.bmp	 1.215942e+03	 24	 999000	 240	 999000	 999	 1.216959e+03	 900.00	 883.33	 40.00	 43	 2.71	 
MRI_snacks_115	 1	 10	 BabyDoll.bmp	 1.217944e+03	 22	 9.149688e+02	 220	 8.833816e+02	 98	 1.218979e+03	 900.00	 900.00	 44.00	 34	 1.62	 
MRI_snacks_115	 1	 10	 GumiWine2.bmp	 1.220947e+03	 22	 6.397728e+02	 22	 9.000471e+02	 98	 1.221982e+03	 900.00	 916.67	 47.00	 49	 0.16	 
MRI_snacks_115	 1	 10	 Twix.bmp	 1.222949e+03	 11	 1.157548e+03	 1100	 9.000446e+02	 98	 1.223986e+03	 850.00	 916.67	 7.00	 9	 9.84	 
MRI_snacks_115	 1	 10	 BisliOnion.bmp	 1.224935e+03	 24	 999000	 240	 999000	 999	 1.225953e+03	 850.00	 916.67	 43.00	 47	 1.69	 
MRI_snacks_115	 1	 10	 Hit.bmp	 1.226937e+03	 12	 999000	 120	 999000	 999	 1.227955e+03	 850.00	 916.67	 21.00	 20	 5.98	 
MRI_snacks_115	 1	 10	 Tictac.bmp	 1.229941e+03	 24	 999000	 240	 999000	 999	 1.230958e+03	 850.00	 916.67	 51.00	 30	 0.11	 
MRI_snacks_115	 1	 10	 CrunchBisquitWhite2.bmp	 1.233945e+03	 24	 999000	 240	 999000	 999	 1.234963e+03	 850.00	 916.67	 39.00	 36	 2.71	 
MRI_snacks_115	 1	 10	 Mekupelet.bmp	 1.235947e+03	 12	 999000	 120	 999000	 999	 1.236965e+03	 850.00	 916.67	 16.00	 8	 7.07	 
MRI_snacks_115	 1	 10	 DoritosGrill.bmp	 1.237949e+03	 11	 1.005398e+03	 1100	 8.500539e+02	 98	 1.238987e+03	 800.00	 916.67	 12.00	 32	 8.09	 
MRI_snacks_115	 1	 10	 ClickXLbrown4.bmp	 1.239935e+03	 11	 9.480904e+02	 110	 8.000549e+02	 98	 1.240970e+03	 816.67	 916.67	 13.00	 31	 8.04	 
MRI_snacks_115	 1	 10	 BisliBbq.bmp	 1.241937e+03	 12	 999000	 120	 999000	 999	 1.242955e+03	 816.67	 916.67	 19.00	 39	 6.93	 
MRI_snacks_115	 1	 10	 Cheetos.bmp	 1.243940e+03	 12	 999000	 120	 999000	 999	 1.244957e+03	 816.67	 916.67	 20.00	 26	 6.91	 
MRI_snacks_115	 1	 10	 BagaleShtuhim.bmp	 1.247944e+03	 24	 999000	 240	 999000	 999	 1.248962e+03	 816.67	 916.67	 41.00	 56	 2.71	 
MRI_snacks_115	 1	 10	 BambaNugat.bmp	 1.251949e+03	 22	 8.782517e+02	 22	 9.167231e+02	 98	 1.252983e+03	 816.67	 916.67	 53.00	 10	 0.09	 
MRI_snacks_115	 1	 10	 Popco.bmp	 1.253951e+03	 12	 999000	 120	 999000	 999	 1.254969e+03	 816.67	 916.67	 8.00	 37	 9.84	 
MRI_snacks_115	 1	 10	 Bamba.bmp	 1.255936e+03	 12	 999000	 120	 999000	 999	 1.256954e+03	 816.67	 916.67	 14.00	 11	 8.02	 
MRI_snacks_115	 1	 10	 DoritosSourSpicy.bmp	 1.257939e+03	 22	 1.064252e+03	 2200	 9.167113e+02	 98	 1.258973e+03	 816.67	 866.67	 50.00	 4	 0.11	 
MRI_snacks_115	 1	 10	 Egozi.bmp	 1.259941e+03	 24	 999000	 240	 999000	 999	 1.260959e+03	 816.67	 866.67	 54.00	 14	 0.09	 
MRI_snacks_115	 1	 10	 KinderBuenoBrown3.bmp	 1.265948e+03	 12	 999000	 120	 999000	 999	 1.266965e+03	 816.67	 866.67	 9.00	 27	 9.82	 
MRI_snacks_115	 1	 10	 Twist.bmp	 1.267950e+03	 24	 999000	 240	 999000	 999	 1.268968e+03	 816.67	 866.67	 56.00	 52	 0.09	 
