subjectID	order	runNum	itemName	onsetTime	shuff_trialType	RT	respInTime	AudioTime	response	fixationTime	ladder1	ladder2	bidIndex	BDMtrialIndex	bidValue
MRI_snacks_121	 1	 6	 BisliOnion.bmp	 7.077306e+02	 24	 999000	 240	 999000	 999	 7.087482e+02	 783.33	 783.33	 48.00	 51	 3.82	 
MRI_snacks_121	 1	 6	 PesekZman.bmp	 7.107339e+02	 24	 999000	 240	 999000	 999	 7.117516e+02	 783.33	 783.33	 43.00	 45	 3.84	 
MRI_snacks_121	 1	 6	 Bounty.bmp	 7.147217e+02	 12	 999000	 120	 999000	 999	 7.157396e+02	 783.33	 783.33	 3.00	 31	 7.62	 
MRI_snacks_121	 1	 6	 SkittlesFruits2.bmp	 7.167240e+02	 12	 999000	 120	 999000	 999	 7.177418e+02	 783.33	 783.33	 22.00	 52	 4.89	 
MRI_snacks_121	 1	 6	 BabyDoll.bmp	 7.187262e+02	 24	 999000	 240	 999000	 999	 7.197442e+02	 783.33	 783.33	 51.00	 19	 3.80	 
MRI_snacks_121	 1	 6	 BambaSweet.bmp	 7.227307e+02	 24	 999000	 240	 999000	 999	 7.237483e+02	 783.33	 783.33	 46.00	 29	 3.82	 
MRI_snacks_121	 1	 6	 Halva2.bmp	 7.247330e+02	 24	 999000	 240	 999000	 999	 7.257509e+02	 783.33	 783.33	 55.00	 11	 3.36	 
MRI_snacks_121	 1	 6	 CrunchBisquitBrown3.bmp	 7.297219e+02	 12	 999000	 120	 999000	 999	 7.307400e+02	 783.33	 783.33	 20.00	 20	 4.89	 
MRI_snacks_121	 1	 6	 Twist.bmp	 7.317241e+02	 22	 9.986617e+02	 220	 7.833962e+02	 98	 7.327599e+02	 783.33	 800.00	 53.00	 50	 3.80	 
MRI_snacks_121	 1	 6	 ClickBlackWhite3.bmp	 7.347276e+02	 12	 999000	 120	 999000	 999	 7.357452e+02	 783.33	 800.00	 14.00	 32	 5.44	 
MRI_snacks_121	 1	 6	 Taami.bmp	 7.377309e+02	 12	 999000	 120	 999000	 999	 7.387490e+02	 783.33	 800.00	 16.00	 33	 5.42	 
MRI_snacks_121	 1	 6	 Popco.bmp	 7.417354e+02	 24	 999000	 240	 999000	 999	 7.427534e+02	 783.33	 800.00	 58.00	 44	 2.71	 
MRI_snacks_121	 1	 6	 KinderBuenoBrown3.bmp	 7.447221e+02	 11	 1.008833e+03	 1100	 7.833956e+02	 98	 7.457580e+02	 733.33	 800.00	 7.00	 23	 7.00	 
MRI_snacks_121	 1	 6	 Tictac.bmp	 7.467244e+02	 22	 1.006582e+03	 2200	 8.000441e+02	 98	 7.477599e+02	 733.33	 750.00	 44.00	 12	 3.82	 
MRI_snacks_121	 1	 6	 BambaNugat.bmp	 7.497277e+02	 12	 999000	 120	 999000	 999	 7.507456e+02	 733.33	 750.00	 8.00	 16	 6.98	 
MRI_snacks_121	 1	 6	 Keifli.bmp	 7.537322e+02	 24	 999000	 240	 999000	 999	 7.547500e+02	 733.33	 750.00	 54.00	 53	 3.38	 
MRI_snacks_121	 1	 6	 KifkefMaklot2.bmp	 7.567187e+02	 11	 9.240625e+02	 110	 7.333804e+02	 98	 7.577532e+02	 750.00	 750.00	 18.00	 47	 5.40	 
MRI_snacks_121	 1	 6	 ChocolateParaMarir2.bmp	 7.587212e+02	 24	 999000	 240	 999000	 999	 7.597387e+02	 750.00	 750.00	 57.00	 5	 2.73	 
MRI_snacks_121	 1	 6	 DoritosGrill.bmp	 7.607233e+02	 22	 9.515299e+02	 220	 7.500435e+02	 98	 7.617589e+02	 750.00	 766.67	 47.00	 48	 3.82	 
MRI_snacks_121	 1	 6	 Twix.bmp	 7.657290e+02	 12	 999000	 120	 999000	 999	 7.667466e+02	 750.00	 766.67	 4.00	 30	 7.58	 
MRI_snacks_121	 1	 6	 Tortit.bmp	 7.697335e+02	 24	 999000	 240	 999000	 999	 7.707512e+02	 750.00	 766.67	 41.00	 37	 3.84	 
MRI_snacks_121	 1	 6	 GumiSnakes3.bmp	 7.737213e+02	 24	 999000	 240	 999000	 999	 7.747397e+02	 750.00	 766.67	 56.00	 41	 3.36	 
MRI_snacks_121	 1	 6	 DoritosSourSpicy.bmp	 7.797280e+02	 22	 9.948035e+02	 220	 7.667094e+02	 98	 7.807624e+02	 750.00	 783.33	 45.00	 15	 3.82	 
MRI_snacks_121	 1	 6	 Shugi.bmp	 7.817303e+02	 11	 9.605475e+02	 110	 7.500433e+02	 98	 7.827650e+02	 766.67	 783.33	 12.00	 17	 5.91	 
MRI_snacks_121	 1	 6	 Loacker.bmp	 7.837325e+02	 24	 999000	 240	 999000	 999	 7.847504e+02	 766.67	 783.33	 40.00	 36	 3.84	 
MRI_snacks_121	 1	 6	 Mekupelet.bmp	 7.857348e+02	 12	 999000	 120	 999000	 999	 7.867527e+02	 766.67	 783.33	 11.00	 35	 5.93	 
MRI_snacks_121	 1	 6	 KinderBuenoWhite2.bmp	 7.877203e+02	 12	 999000	 120	 999000	 999	 7.887383e+02	 766.67	 783.33	 6.00	 8	 7.02	 
MRI_snacks_121	 1	 6	 SkittlesSour4.bmp	 7.917247e+02	 12	 999000	 120	 999000	 999	 7.927426e+02	 766.67	 783.33	 5.00	 10	 7.04	 
MRI_snacks_121	 1	 6	 KashitSour.bmp	 7.937270e+02	 12	 999000	 120	 999000	 999	 7.947450e+02	 766.67	 783.33	 19.00	 7	 4.89	 
MRI_snacks_121	 1	 6	 Apropo.bmp	 7.977315e+02	 24	 999000	 240	 999000	 999	 7.987495e+02	 766.67	 783.33	 42.00	 43	 3.84	 
MRI_snacks_121	 1	 6	 BagaleShtuhim.bmp	 7.997338e+02	 24	 999000	 240	 999000	 999	 8.007517e+02	 766.67	 783.33	 39.00	 26	 3.84	 
MRI_snacks_121	 1	 6	 Egozi.bmp	 8.017361e+02	 11	 9.867243e+02	 110	 7.667086e+02	 98	 8.027705e+02	 783.33	 783.33	 15.00	 3	 5.42	 
MRI_snacks_121	 1	 6	 HispusimShatiah.bmp	 8.037215e+02	 22	 1.017416e+03	 2200	 7.833762e+02	 98	 8.047566e+02	 783.33	 733.33	 50.00	 60	 3.82	 
MRI_snacks_121	 1	 6	 KinderJoy.bmp	 8.087272e+02	 11	 9.796119e+02	 110	 7.833823e+02	 98	 8.097637e+02	 800.00	 733.33	 13.00	 38	 5.47	 
MRI_snacks_121	 1	 6	 ClickXLbrown4.bmp	 8.107295e+02	 12	 999000	 120	 999000	 999	 8.117474e+02	 800.00	 733.33	 17.00	 6	 5.40	 
MRI_snacks_121	 1	 6	 ChocolateParaCookies5.bmp	 8.127318e+02	 12	 999000	 120	 999000	 999	 8.137497e+02	 800.00	 733.33	 21.00	 28	 4.89	 
MRI_snacks_121	 1	 6	 HappyHippo.bmp	 8.157351e+02	 12	 999000	 120	 999000	 999	 8.167532e+02	 800.00	 733.33	 9.00	 58	 6.44	 
MRI_snacks_121	 1	 6	 BisliBbq.bmp	 8.227263e+02	 22	 9.485447e+02	 220	 7.333765e+02	 98	 8.237609e+02	 800.00	 750.00	 52.00	 34	 3.80	 
MRI_snacks_121	 1	 6	 Cheetos.bmp	 8.267307e+02	 24	 999000	 240	 999000	 999	 8.277484e+02	 800.00	 750.00	 49.00	 57	 3.82	 
MRI_snacks_121	 1	 6	 CrunchShokoVanil.bmp	 8.337219e+02	 11	 9.929260e+02	 110	 8.000513e+02	 98	 8.347585e+02	 816.67	 750.00	 10.00	 21	 5.96	 
