subjectID	order	runNum	itemName	onsetTime	shuff_trialType	RT	respInTime	AudioTime	response	fixationTime	ladder1	ladder2	bidIndex	BDMtrialIndex	bidValue
MRI_snacks_126	 2	 5	 Taami.bmp	 6.546118e+02	 12	 999000	 120	 999000	 999	 6.556297e+02	 683.33	 683.33	 22.00	 28	 4.24	 
MRI_snacks_126	 2	 5	 Halva2.bmp	 6.576151e+02	 22	 9.393622e+02	 220	 6.833968e+02	 98	 6.586496e+02	 683.33	 700.00	 46.00	 6	 1.67	 
MRI_snacks_126	 2	 5	 ChocolateParaMilk3.bmp	 6.596174e+02	 12	 999000	 120	 999000	 999	 6.606354e+02	 683.33	 700.00	 3.00	 43	 8.04	 
MRI_snacks_126	 2	 5	 KinderBuenoBrown3.bmp	 6.616030e+02	 12	 999000	 120	 999000	 999	 6.626207e+02	 683.33	 700.00	 20.00	 55	 4.40	 
MRI_snacks_126	 2	 5	 KifkefMaklot2.bmp	 6.636051e+02	 12	 999000	 120	 999000	 999	 6.646228e+02	 683.33	 700.00	 15.00	 26	 5.89	 
MRI_snacks_126	 2	 5	 ClickBisquit2.bmp	 6.666085e+02	 12	 999000	 120	 999000	 999	 6.676264e+02	 683.33	 700.00	 10.00	 32	 6.40	 
MRI_snacks_126	 2	 5	 BisliOnion.bmp	 6.686108e+02	 24	 999000	 240	 999000	 999	 6.696284e+02	 683.33	 700.00	 57.00	 18	 0.58	 
MRI_snacks_126	 2	 5	 WerthersOriginal.bmp	 6.726153e+02	 24	 999000	 240	 999000	 999	 6.736331e+02	 683.33	 700.00	 53.00	 45	 1.13	 
MRI_snacks_126	 2	 5	 ClickXLwhite4.bmp	 6.746176e+02	 12	 999000	 120	 999000	 999	 6.756354e+02	 683.33	 700.00	 4.00	 20	 7.51	 
MRI_snacks_126	 2	 5	 Kitkat.bmp	 6.796064e+02	 12	 999000	 120	 999000	 999	 6.806243e+02	 683.33	 700.00	 12.00	 51	 5.98	 
MRI_snacks_126	 2	 5	 Snickers.bmp	 6.816086e+02	 11	 9.857967e+02	 110	 6.833956e+02	 98	 6.826451e+02	 700.00	 700.00	 11.00	 36	 6.33	 
MRI_snacks_126	 2	 5	 KashitSour.bmp	 6.856133e+02	 24	 999000	 240	 999000	 999	 6.866308e+02	 700.00	 700.00	 42.00	 14	 1.71	 
MRI_snacks_126	 2	 5	 KinderBuenoWhite2.bmp	 6.876155e+02	 12	 999000	 120	 999000	 999	 6.886333e+02	 700.00	 700.00	 21.00	 16	 4.36	 
MRI_snacks_126	 2	 5	 BisliPizza3.bmp	 6.906019e+02	 22	 1.024591e+03	 2200	 7.000523e+02	 98	 6.916387e+02	 700.00	 650.00	 43.00	 41	 1.71	 
MRI_snacks_126	 2	 5	 BambaSweet.bmp	 6.956078e+02	 22	 1.002811e+03	 2200	 6.500452e+02	 98	 6.966420e+02	 700.00	 600.00	 48.00	 42	 1.64	 
MRI_snacks_126	 2	 5	 Keifli.bmp	 6.976100e+02	 24	 999000	 240	 999000	 999	 6.986276e+02	 700.00	 600.00	 45.00	 24	 1.69	 
MRI_snacks_126	 2	 5	 CrunchBisquitWhite2.bmp	 6.996122e+02	 12	 999000	 120	 999000	 999	 7.006300e+02	 700.00	 600.00	 7.00	 29	 7.00	 
MRI_snacks_126	 2	 5	 ChocolateParaMarir2.bmp	 7.036167e+02	 11	 9.696911e+02	 110	 7.000526e+02	 98	 7.046531e+02	 716.67	 600.00	 14.00	 7	 5.91	 
MRI_snacks_126	 2	 5	 GumiWine2.bmp	 7.076045e+02	 22	 8.618869e+02	 220	 6.000432e+02	 98	 7.086408e+02	 716.67	 616.67	 54.00	 49	 1.09	 
MRI_snacks_126	 2	 5	 Hit.bmp	 7.116091e+02	 22	 8.893139e+02	 220	 6.167115e+02	 98	 7.126437e+02	 716.67	 633.33	 49.00	 2	 1.62	 
MRI_snacks_126	 2	 5	 ClickBalls5.bmp	 7.136113e+02	 12	 999000	 120	 999000	 999	 7.146290e+02	 716.67	 633.33	 5.00	 27	 7.02	 
MRI_snacks_126	 2	 5	 DoritosSourSpicy.bmp	 7.156135e+02	 11	 9.649739e+02	 110	 7.167106e+02	 98	 7.166499e+02	 733.33	 633.33	 17.00	 53	 4.98	 
MRI_snacks_126	 2	 5	 Twix.bmp	 7.176158e+02	 11	 1.058675e+03	 1100	 7.333741e+02	 98	 7.186520e+02	 683.33	 633.33	 16.00	 35	 5.31	 
MRI_snacks_126	 2	 5	 SkittlesSour4.bmp	 7.196011e+02	 24	 999000	 240	 999000	 999	 7.206197e+02	 683.33	 633.33	 58.00	 46	 0.58	 
MRI_snacks_126	 2	 5	 BisliGrill.bmp	 7.256080e+02	 24	 999000	 240	 999000	 999	 7.266260e+02	 683.33	 633.33	 47.00	 9	 1.64	 
MRI_snacks_126	 2	 5	 KinderJoy.bmp	 7.286114e+02	 12	 999000	 120	 999000	 999	 7.296291e+02	 683.33	 633.33	 19.00	 48	 4.84	 
MRI_snacks_126	 2	 5	 DoritosGrill.bmp	 7.306136e+02	 22	 9.008246e+02	 220	 6.333806e+02	 98	 7.316496e+02	 683.33	 650.00	 51.00	 60	 1.27	 
MRI_snacks_126	 2	 5	 HispusimShatiah.bmp	 7.326160e+02	 24	 999000	 240	 999000	 999	 7.336337e+02	 683.33	 650.00	 44.00	 12	 1.69	 
MRI_snacks_126	 2	 5	 Tictac.bmp	 7.356028e+02	 24	 999000	 240	 999000	 999	 7.366203e+02	 683.33	 650.00	 55.00	 17	 0.60	 
MRI_snacks_126	 2	 5	 CrunchShokoVanil.bmp	 7.376049e+02	 12	 999000	 120	 999000	 999	 7.386226e+02	 683.33	 650.00	 13.00	 4	 5.91	 
MRI_snacks_126	 2	 5	 Cheetos.bmp	 7.396071e+02	 24	 999000	 240	 999000	 999	 7.406248e+02	 683.33	 650.00	 56.00	 8	 0.58	 
MRI_snacks_126	 2	 5	 CrunchBisquitBrown3.bmp	 7.416095e+02	 12	 999000	 120	 999000	 999	 7.426271e+02	 683.33	 650.00	 6.00	 22	 7.00	 
MRI_snacks_126	 2	 5	 Tortit.bmp	 7.446127e+02	 24	 999000	 240	 999000	 999	 7.456306e+02	 683.33	 650.00	 40.00	 52	 2.13	 
MRI_snacks_126	 2	 5	 HappyHippo.bmp	 7.466150e+02	 24	 999000	 240	 999000	 999	 7.476326e+02	 683.33	 650.00	 41.00	 33	 2.09	 
MRI_snacks_126	 2	 5	 GumiSnakes3.bmp	 7.486173e+02	 24	 999000	 240	 999000	 999	 7.496351e+02	 683.33	 650.00	 52.00	 54	 1.20	 
MRI_snacks_126	 2	 5	 BisliBbq.bmp	 7.506025e+02	 24	 999000	 240	 999000	 999	 7.516203e+02	 683.33	 650.00	 39.00	 30	 2.16	 
MRI_snacks_126	 2	 5	 Mars.bmp	 7.526050e+02	 12	 999000	 120	 999000	 999	 7.536229e+02	 683.33	 650.00	 18.00	 11	 4.87	 
MRI_snacks_126	 2	 5	 ChocolateParaCookies5.bmp	 7.586118e+02	 11	 9.346458e+02	 110	 6.833837e+02	 98	 7.596469e+02	 700.00	 650.00	 8.00	 5	 6.98	 
MRI_snacks_126	 2	 5	 Shugi.bmp	 7.616151e+02	 24	 999000	 240	 999000	 999	 7.626328e+02	 700.00	 650.00	 50.00	 3	 1.58	 
MRI_snacks_126	 2	 5	 ClickBlackWhite3.bmp	 7.656029e+02	 11	 9.595782e+02	 110	 7.000832e+02	 98	 7.666390e+02	 716.67	 650.00	 9.00	 38	 6.49	 
