subjectID	order	runNum	itemName	onsetTime	shuff_trialType	RT	respInTime	AudioTime	response	fixationTime	ladder1	ladder2	bidIndex	BDMtrialIndex	bidValue
MRI_snacks_135	 1	 15	 Mentos.bmp	 1.790820e+03	 22	 9.990971e+02	 220	 6.834049e+02	 98	 1.791856e+03	 683.33	 700.00	 50.00	 26	 0.04	 
MRI_snacks_135	 1	 15	 ChocolateParaMilk3.bmp	 1.793807e+03	 22	 9.323989e+02	 220	 7.000707e+02	 98	 1.794842e+03	 683.33	 716.67	 44.00	 37	 0.09	 
MRI_snacks_135	 1	 15	 BambaSweet.bmp	 1.797811e+03	 22	 9.439353e+02	 220	 7.167124e+02	 98	 1.798848e+03	 683.33	 733.33	 53.00	 60	 0.04	 
MRI_snacks_135	 1	 15	 BambaNugat.bmp	 1.799813e+03	 12	 999000	 120	 999000	 999	 1.800832e+03	 683.33	 733.33	 22.00	 3	 2.16	 
MRI_snacks_135	 1	 15	 Tortit.bmp	 1.801816e+03	 22	 1.035407e+03	 2200	 7.333890e+02	 98	 1.802852e+03	 683.33	 683.33	 45.00	 38	 0.07	 
MRI_snacks_135	 1	 15	 Twix.bmp	 1.805803e+03	 12	 999000	 120	 999000	 999	 1.806822e+03	 683.33	 683.33	 17.00	 41	 2.73	 
MRI_snacks_135	 1	 15	 BisliGrill.bmp	 1.807806e+03	 12	 999000	 120	 999000	 999	 1.808824e+03	 683.33	 683.33	 14.00	 1	 3.27	 
MRI_snacks_135	 1	 15	 Bounty.bmp	 1.812811e+03	 12	 999000	 120	 999000	 999	 1.813829e+03	 683.33	 683.33	 20.00	 5	 2.31	 
MRI_snacks_135	 1	 15	 Twist.bmp	 1.814814e+03	 12	 999000	 120	 999000	 999	 1.815832e+03	 683.33	 683.33	 21.00	 2	 2.24	 
MRI_snacks_135	 1	 15	 GumiSnakes3.bmp	 1.817817e+03	 24	 999000	 240	 999000	 999	 1.818835e+03	 683.33	 683.33	 48.00	 20	 0.04	 
MRI_snacks_135	 1	 15	 Egozi.bmp	 1.820803e+03	 24	 999000	 240	 999000	 999	 1.821821e+03	 683.33	 683.33	 42.00	 48	 0.11	 
MRI_snacks_135	 1	 15	 ClickXLbrown4.bmp	 1.824808e+03	 11	 9.470726e+02	 110	 6.834066e+02	 98	 1.825844e+03	 700.00	 683.33	 10.00	 51	 4.84	 
MRI_snacks_135	 1	 15	 KifkefMaklot2.bmp	 1.827812e+03	 24	 999000	 240	 999000	 999	 1.828829e+03	 700.00	 683.33	 54.00	 33	 0.02	 
MRI_snacks_135	 1	 15	 DoritosSourSpicy.bmp	 1.829814e+03	 24	 999000	 240	 999000	 999	 1.830832e+03	 700.00	 683.33	 51.00	 27	 0.04	 
MRI_snacks_135	 1	 15	 KinderBuenoBrown3.bmp	 1.832817e+03	 12	 999000	 120	 999000	 999	 1.833835e+03	 700.00	 683.33	 16.00	 47	 2.78	 
MRI_snacks_135	 1	 15	 KashitSour.bmp	 1.836805e+03	 22	 9.664529e+02	 220	 6.833783e+02	 98	 1.837842e+03	 700.00	 700.00	 47.00	 16	 0.04	 
MRI_snacks_135	 1	 15	 Bamba.bmp	 1.839808e+03	 12	 999000	 120	 999000	 999	 1.840826e+03	 700.00	 700.00	 6.00	 42	 6.00	 
MRI_snacks_135	 1	 15	 HispusimShatiah.bmp	 1.841811e+03	 24	 999000	 240	 999000	 999	 1.842832e+03	 700.00	 700.00	 39.00	 4	 0.33	 
MRI_snacks_135	 1	 15	 Mekupelet.bmp	 1.843813e+03	 12	 999000	 120	 999000	 999	 1.844831e+03	 700.00	 700.00	 19.00	 59	 2.69	 
MRI_snacks_135	 1	 15	 WerthersOriginal.bmp	 1.848819e+03	 24	 999000	 240	 999000	 999	 1.849837e+03	 700.00	 700.00	 46.00	 39	 0.07	 
MRI_snacks_135	 1	 15	 PesekZman.bmp	 1.852806e+03	 11	 9.649261e+02	 110	 7.000429e+02	 98	 1.853843e+03	 716.67	 700.00	 12.00	 28	 3.82	 
MRI_snacks_135	 1	 15	 Kitkat.bmp	 1.856811e+03	 12	 999000	 120	 999000	 999	 1.857829e+03	 716.67	 700.00	 5.00	 31	 6.00	 
MRI_snacks_135	 1	 15	 ClickBlackWhite3.bmp	 1.862817e+03	 11	 9.377769e+02	 110	 7.167201e+02	 98	 1.863854e+03	 733.33	 700.00	 18.00	 13	 2.71	 
MRI_snacks_135	 1	 15	 BisliBbq.bmp	 1.864820e+03	 12	 999000	 120	 999000	 999	 1.865838e+03	 733.33	 700.00	 8.00	 15	 5.00	 
MRI_snacks_135	 1	 15	 Hit.bmp	 1.866805e+03	 12	 999000	 120	 999000	 999	 1.867823e+03	 733.33	 700.00	 3.00	 30	 7.00	 
MRI_snacks_135	 1	 15	 BisliOnion.bmp	 1.868807e+03	 11	 9.877112e+02	 110	 7.333777e+02	 98	 1.869842e+03	 750.00	 700.00	 7.00	 17	 5.96	 
MRI_snacks_135	 1	 15	 HappyHippo.bmp	 1.870810e+03	 22	 9.053769e+02	 220	 7.000446e+02	 98	 1.871861e+03	 750.00	 716.67	 52.00	 43	 0.04	 
MRI_snacks_135	 1	 15	 CrunchBisquitWhite2.bmp	 1.874814e+03	 11	 1.005000e+03	 1100	 7.500522e+02	 98	 1.875849e+03	 700.00	 716.67	 15.00	 29	 2.80	 
MRI_snacks_135	 1	 15	 Shugi.bmp	 1.876817e+03	 24	 999000	 240	 999000	 999	 1.877834e+03	 700.00	 716.67	 58.00	 49	 0.02	 
MRI_snacks_135	 1	 15	 Smarties.bmp	 1.880804e+03	 24	 999000	 240	 999000	 999	 1.881822e+03	 700.00	 716.67	 56.00	 44	 0.02	 
MRI_snacks_135	 1	 15	 SkittlesSour4.bmp	 1.882807e+03	 24	 999000	 240	 999000	 999	 1.883824e+03	 700.00	 716.67	 40.00	 18	 0.13	 
MRI_snacks_135	 1	 15	 BisliPizza3.bmp	 1.884809e+03	 12	 999000	 120	 999000	 999	 1.885827e+03	 700.00	 716.67	 4.00	 8	 6.49	 
MRI_snacks_135	 1	 15	 ClickBisquit2.bmp	 1.886811e+03	 12	 999000	 120	 999000	 999	 1.887829e+03	 700.00	 716.67	 11.00	 25	 3.82	 
MRI_snacks_135	 1	 15	 KinderJoy.bmp	 1.891817e+03	 24	 999000	 240	 999000	 999	 1.892835e+03	 700.00	 716.67	 57.00	 45	 0.02	 
MRI_snacks_135	 1	 15	 ClickBalls5.bmp	 1.893819e+03	 12	 999000	 120	 999000	 999	 1.894837e+03	 700.00	 716.67	 9.00	 50	 4.93	 
MRI_snacks_135	 1	 15	 ChocolateParaSucariotKoftzot2.bmp	 1.895804e+03	 11	 9.910510e+02	 110	 7.000571e+02	 98	 1.896841e+03	 716.67	 716.67	 13.00	 46	 3.80	 
MRI_snacks_135	 1	 15	 Cheetos.bmp	 1.898808e+03	 24	 999000	 240	 999000	 999	 1.899827e+03	 716.67	 716.67	 55.00	 36	 0.02	 
MRI_snacks_135	 1	 15	 Tapuchips.bmp	 1.905816e+03	 24	 999000	 240	 999000	 999	 1.906834e+03	 716.67	 716.67	 43.00	 24	 0.09	 
MRI_snacks_135	 1	 15	 CrunchBisquitBrown3.bmp	 1.909820e+03	 24	 999000	 240	 999000	 999	 1.910838e+03	 716.67	 716.67	 49.00	 23	 0.04	 
MRI_snacks_135	 1	 15	 BabyDoll.bmp	 1.916811e+03	 24	 999000	 240	 999000	 999	 1.917829e+03	 716.67	 716.67	 41.00	 34	 0.11	 
