subjectID	order	runNum	itemName	onsetTime	shuff_trialType	RT	respInTime	AudioTime	response	fixationTime	ladder1	ladder2	bidIndex	BDMtrialIndex	bidValue
MRI_snacks_138	 2	 3	 Halva2.bmp	 3.068454e+02	 24	 999000	 240	 999000	 999	 3.078662e+02	 616.67	 750.00	 40.00	 25	 0.31	 
MRI_snacks_138	 2	 3	 Twix.bmp	 3.098316e+02	 12	 999000	 120	 999000	 999	 3.108497e+02	 616.67	 750.00	 5.00	 57	 2.91	 
MRI_snacks_138	 2	 3	 Mentos.bmp	 3.138364e+02	 11	 9.343437e+02	 110	 6.167393e+02	 98	 3.148733e+02	 633.33	 750.00	 14.00	 21	 1.87	 
MRI_snacks_138	 2	 3	 Egozi.bmp	 3.158386e+02	 12	 999000	 120	 999000	 999	 3.168565e+02	 633.33	 750.00	 18.00	 36	 1.76	 
MRI_snacks_138	 2	 3	 Tortit.bmp	 3.178410e+02	 12	 999000	 120	 999000	 999	 3.188587e+02	 633.33	 750.00	 21.00	 60	 1.53	 
MRI_snacks_138	 2	 3	 HispusimShatiah.bmp	 3.218454e+02	 24	 999000	 240	 999000	 999	 3.228630e+02	 633.33	 750.00	 41.00	 58	 0.31	 
MRI_snacks_138	 2	 3	 ClickBalls5.bmp	 3.238476e+02	 24	 999000	 240	 999000	 999	 3.248655e+02	 633.33	 750.00	 55.00	 59	 0.09	 
MRI_snacks_138	 2	 3	 Popco.bmp	 3.288366e+02	 12	 999000	 120	 999000	 999	 3.298546e+02	 633.33	 750.00	 3.00	 28	 3.04	 
MRI_snacks_138	 2	 3	 Twist.bmp	 3.308388e+02	 22	 9.640405e+02	 220	 7.500738e+02	 98	 3.318733e+02	 633.33	 766.67	 43.00	 34	 0.24	 
MRI_snacks_138	 2	 3	 ClickXLbrown4.bmp	 3.338423e+02	 24	 999000	 240	 999000	 999	 3.348601e+02	 633.33	 766.67	 44.00	 22	 0.20	 
MRI_snacks_138	 2	 3	 Tapuchips.bmp	 3.368457e+02	 12	 999000	 120	 999000	 999	 3.378632e+02	 633.33	 766.67	 13.00	 53	 1.93	 
MRI_snacks_138	 2	 3	 GumiWine2.bmp	 3.408335e+02	 12	 999000	 120	 999000	 999	 3.418511e+02	 633.33	 766.67	 20.00	 24	 1.69	 
MRI_snacks_138	 2	 3	 Kitkat.bmp	 3.438368e+02	 22	 9.820478e+02	 220	 7.667098e+02	 98	 3.448737e+02	 633.33	 783.33	 49.00	 31	 0.16	 
MRI_snacks_138	 2	 3	 ChocolateParaMilk3.bmp	 3.458390e+02	 24	 999000	 240	 999000	 999	 3.468568e+02	 633.33	 783.33	 57.00	 3	 0.04	 
MRI_snacks_138	 2	 3	 ChocolateParaCookies5.bmp	 3.488423e+02	 11	 8.885497e+02	 110	 6.333792e+02	 98	 3.498789e+02	 650.00	 783.33	 17.00	 20	 1.76	 
MRI_snacks_138	 2	 3	 CrunchBisquitBrown3.bmp	 3.528469e+02	 22	 1.027873e+03	 2200	 7.833993e+02	 98	 3.538832e+02	 650.00	 733.33	 51.00	 39	 0.11	 
MRI_snacks_138	 2	 3	 KifkefMaklot2.bmp	 3.558335e+02	 24	 999000	 240	 999000	 999	 3.568514e+02	 650.00	 733.33	 50.00	 41	 0.13	 
MRI_snacks_138	 2	 3	 Tictac.bmp	 3.578358e+02	 12	 999000	 120	 999000	 999	 3.588538e+02	 650.00	 733.33	 12.00	 23	 2.04	 
MRI_snacks_138	 2	 3	 ClickBisquit2.bmp	 3.598380e+02	 22	 1.012868e+03	 2200	 7.333855e+02	 98	 3.608725e+02	 650.00	 683.33	 48.00	 27	 0.16	 
MRI_snacks_138	 2	 3	 BisliPizza3.bmp	 3.648437e+02	 24	 999000	 240	 999000	 999	 3.658615e+02	 650.00	 683.33	 42.00	 55	 0.27	 
MRI_snacks_138	 2	 3	 BisliBbq.bmp	 3.688311e+02	 24	 999000	 240	 999000	 999	 3.698492e+02	 650.00	 683.33	 45.00	 42	 0.20	 
MRI_snacks_138	 2	 3	 SkittlesFruits2.bmp	 3.728359e+02	 12	 999000	 120	 999000	 999	 3.738538e+02	 650.00	 683.33	 6.00	 50	 2.82	 
MRI_snacks_138	 2	 3	 Dubonim.bmp	 3.788427e+02	 12	 999000	 120	 999000	 999	 3.798605e+02	 650.00	 683.33	 15.00	 32	 1.84	 
MRI_snacks_138	 2	 3	 Loacker.bmp	 3.808449e+02	 24	 999000	 240	 999000	 999	 3.818625e+02	 650.00	 683.33	 53.00	 10	 0.09	 
MRI_snacks_138	 2	 3	 Mars.bmp	 3.828471e+02	 12	 999000	 120	 999000	 999	 3.838649e+02	 650.00	 683.33	 7.00	 49	 2.73	 
MRI_snacks_138	 2	 3	 Bamba.bmp	 3.848327e+02	 24	 999000	 240	 999000	 999	 3.858506e+02	 650.00	 683.33	 52.00	 7	 0.09	 
MRI_snacks_138	 2	 3	 PesekZman.bmp	 3.868350e+02	 24	 999000	 240	 999000	 999	 3.878527e+02	 650.00	 683.33	 47.00	 14	 0.16	 
MRI_snacks_138	 2	 3	 BambaSweet.bmp	 3.908395e+02	 22	 1.059356e+03	 2200	 6.833860e+02	 98	 3.918741e+02	 650.00	 633.33	 46.00	 4	 0.18	 
MRI_snacks_138	 2	 3	 Hit.bmp	 3.928417e+02	 22	 9.691570e+02	 220	 6.333759e+02	 98	 3.938763e+02	 650.00	 650.00	 54.00	 38	 0.09	 
MRI_snacks_138	 2	 3	 Snickers.bmp	 3.968462e+02	 12	 999000	 120	 999000	 999	 3.978641e+02	 650.00	 650.00	 4.00	 47	 3.00	 
MRI_snacks_138	 2	 3	 Bounty.bmp	 3.988314e+02	 24	 999000	 240	 999000	 999	 3.998495e+02	 650.00	 650.00	 39.00	 18	 0.31	 
MRI_snacks_138	 2	 3	 DoritosNatural.bmp	 4.008339e+02	 24	 999000	 240	 999000	 999	 4.018518e+02	 650.00	 650.00	 56.00	 8	 0.07	 
MRI_snacks_138	 2	 3	 WerthersOriginal.bmp	 4.028363e+02	 11	 9.185586e+02	 110	 6.500439e+02	 98	 4.038714e+02	 666.67	 650.00	 11.00	 13	 2.29	 
MRI_snacks_138	 2	 3	 CrunchBisquitWhite2.bmp	 4.078418e+02	 24	 999000	 240	 999000	 999	 4.088597e+02	 666.67	 650.00	 58.00	 5	 0.04	 
MRI_snacks_138	 2	 3	 Cheetos.bmp	 4.098441e+02	 11	 9.187277e+02	 110	 6.667118e+02	 98	 4.108808e+02	 683.33	 650.00	 9.00	 46	 2.67	 
MRI_snacks_138	 2	 3	 ClickXLwhite4.bmp	 4.118463e+02	 11	 9.485186e+02	 110	 6.833793e+02	 98	 4.128833e+02	 700.00	 650.00	 16.00	 17	 1.82	 
MRI_snacks_138	 2	 3	 DoritosGrill.bmp	 4.148330e+02	 12	 999000	 120	 999000	 999	 4.158506e+02	 700.00	 650.00	 19.00	 52	 1.76	 
MRI_snacks_138	 2	 3	 HappyHippo.bmp	 4.218409e+02	 12	 999000	 120	 999000	 999	 4.228587e+02	 700.00	 650.00	 22.00	 26	 1.51	 
MRI_snacks_138	 2	 3	 Apropo.bmp	 4.258454e+02	 11	 1.053449e+03	 1100	 7.000597e+02	 98	 4.268798e+02	 650.00	 650.00	 8.00	 16	 2.71	 
MRI_snacks_138	 2	 3	 GumiSnakes3.bmp	 4.328366e+02	 12	 999000	 120	 999000	 999	 4.338573e+02	 650.00	 650.00	 10.00	 33	 2.38	 
