subjectID	 order	 runNum	 itemName	 onsetTime	 shuff_trialType	 RT	 respInTime	 CueTime	 response	 fixationTime	 ladder1	 ladder2	 bidIndex	 itemNameIndex	 bidValue	 
p_123	 1	 14	 2362.jpg	 1.845620e+03	 12	 999000	 120	 999000	 999	 1.846637e+03	 783.33	 783.33	 22.00	 13	 0.63	 
p_123	 1	 14	 8280.jpg	 1.850620e+03	 11	 1.021203e+03	 1100	 7.832313e+02	 98	 1.851653e+03	 733.33	 783.33	 7.00	 48	 0.79	 
p_123	 1	 14	 8499.jpg	 1.852620e+03	 11	 1.133278e+03	 1100	 7.332452e+02	 98	 1.853653e+03	 683.33	 783.33	 18.00	 56	 0.68	 
p_123	 1	 14	 2550.jpg	 1.854620e+03	 12	 999000	 120	 999000	 999	 1.855637e+03	 683.33	 783.33	 6.00	 15	 0.79	 
p_123	 1	 14	 5626.jpg	 1.860620e+03	 12	 999000	 120	 999000	 999	 1.861636e+03	 683.33	 783.33	 11.00	 28	 0.73	 
p_123	 1	 14	 4610.jpg	 1.862620e+03	 24	 999000	 240	 999000	 999	 1.863636e+03	 683.33	 783.33	 43.00	 18	 0.36	 
p_123	 1	 14	 8340.jpg	 1.865620e+03	 24	 999000	 240	 999000	 999	 1.866636e+03	 683.33	 783.33	 57.00	 49	 0.17	 
p_123	 1	 14	 4597.jpg	 1.867620e+03	 11	 7.575962e+02	 110	 6.832133e+02	 98	 1.868653e+03	 700.00	 783.33	 15.00	 17	 0.69	 
p_123	 1	 14	 8208.jpg	 1.871619e+03	 12	 999000	 120	 999000	 999	 1.872636e+03	 700.00	 783.33	 20.00	 47	 0.65	 
p_123	 1	 14	 2347.jpg	 1.873619e+03	 12	 999000	 120	 999000	 999	 1.874636e+03	 700.00	 783.33	 8.00	 11	 0.76	 
p_123	 1	 14	 1721.jpg	 1.878619e+03	 12	 999000	 120	 999000	 999	 1.879636e+03	 700.00	 783.33	 4.00	 5	 0.82	 
p_123	 1	 14	 1720.jpg	 1.885619e+03	 12	 999000	 120	 999000	 999	 1.886635e+03	 700.00	 783.33	 14.00	 4	 0.71	 
p_123	 1	 14	 8371.jpg	 1.887619e+03	 22	 6.781671e+02	 22	 7.832587e+02	 98	 1.888652e+03	 700.00	 800.00	 44.00	 50	 0.34	 
p_123	 1	 14	 8461.jpg	 1.890619e+03	 24	 999000	 240	 999000	 999	 1.891635e+03	 700.00	 800.00	 46.00	 53	 0.31	 
p_123	 1	 14	 8502.jpg	 1.893619e+03	 24	 999000	 240	 999000	 999	 1.894635e+03	 700.00	 800.00	 58.00	 58	 0.15	 
p_123	 1	 14	 7390.jpg	 1.897619e+03	 24	 999000	 240	 999000	 999	 1.898635e+03	 700.00	 800.00	 39.00	 35	 0.40	 
p_123	 1	 14	 5199.jpg	 1.901618e+03	 12	 999000	 120	 999000	 999	 1.902635e+03	 700.00	 800.00	 19.00	 25	 0.67	 
p_123	 1	 14	 1590.jpg	 1.905618e+03	 11	 8.866644e+02	 110	 6.998839e+02	 98	 1.906635e+03	 716.67	 800.00	 13.00	 2	 0.72	 
p_123	 1	 14	 8170.jpg	 1.908618e+03	 24	 999000	 240	 999000	 999	 1.909635e+03	 716.67	 800.00	 48.00	 46	 0.30	 
p_123	 1	 14	 1540.jpg	 1.914618e+03	 24	 999000	 240	 999000	 999	 1.915634e+03	 716.67	 800.00	 49.00	 1	 0.30	 
p_123	 1	 14	 7291.jpg	 1.916618e+03	 22	 8.790008e+02	 220	 7.999259e+02	 98	 1.917651e+03	 716.67	 816.67	 53.00	 34	 0.22	 
p_123	 1	 14	 7482.jpg	 1.919618e+03	 24	 999000	 240	 999000	 999	 1.920634e+03	 716.67	 816.67	 54.00	 39	 0.21	 
p_123	 1	 14	 7470.jpg	 1.921618e+03	 12	 999000	 120	 999000	 999	 1.922634e+03	 716.67	 816.67	 21.00	 37	 0.63	 
p_123	 1	 14	 8420.jpg	 1.923618e+03	 24	 999000	 240	 999000	 999	 1.924634e+03	 716.67	 816.67	 40.00	 52	 0.37	 
p_123	 1	 14	 4612.jpg	 1.925617e+03	 12	 999000	 120	 999000	 999	 1.926634e+03	 716.67	 816.67	 9.00	 19	 0.75	 
p_123	 1	 14	 5814.jpg	 1.928617e+03	 24	 999000	 240	 999000	 999	 1.929634e+03	 716.67	 816.67	 41.00	 29	 0.36	 
p_123	 1	 14	 5982.jpg	 1.932617e+03	 22	 1.023361e+03	 2200	 8.165489e+02	 98	 1.933650e+03	 716.67	 766.67	 45.00	 31	 0.34	 
p_123	 1	 14	 8380.jpg	 1.934617e+03	 12	 999000	 120	 999000	 999	 1.935634e+03	 716.67	 766.67	 3.00	 51	 0.83	 
p_123	 1	 14	 8510.jpg	 1.936617e+03	 24	 999000	 240	 999000	 999	 1.937634e+03	 716.67	 766.67	 56.00	 59	 0.18	 
p_123	 1	 14	 8470.jpg	 1.938617e+03	 11	 9.115608e+02	 110	 7.165565e+02	 98	 1.939650e+03	 733.33	 766.67	 12.00	 55	 0.73	 
p_123	 1	 14	 8130.jpg	 1.940617e+03	 11	 9.276001e+02	 110	 7.332418e+02	 98	 1.941650e+03	 750.00	 766.67	 10.00	 44	 0.75	 
p_123	 1	 14	 2398.jpg	 1.942617e+03	 22	 1.071697e+03	 2200	 7.665748e+02	 98	 1.943633e+03	 750.00	 716.67	 47.00	 14	 0.31	 
p_123	 1	 14	 4614.jpg	 1.946617e+03	 24	 999000	 240	 999000	 999	 1.947633e+03	 750.00	 716.67	 55.00	 20	 0.19	 
p_123	 1	 14	 7430.jpg	 1.950617e+03	 22	 9.278752e+02	 220	 7.165521e+02	 98	 1.951650e+03	 750.00	 733.33	 52.00	 36	 0.24	 
p_123	 1	 14	 8001.jpg	 1.952616e+03	 22	 7.519203e+02	 220	 7.332428e+02	 98	 1.953650e+03	 750.00	 750.00	 50.00	 42	 0.27	 
p_123	 1	 14	 8540.jpg	 1.954616e+03	 12	 999000	 120	 999000	 999	 1.955633e+03	 750.00	 750.00	 17.00	 60	 0.68	 
p_123	 1	 14	 8090.jpg	 1.956616e+03	 12	 999000	 120	 999000	 999	 1.957633e+03	 750.00	 750.00	 5.00	 43	 0.80	 
p_123	 1	 14	 7480.jpg	 1.958616e+03	 12	 999000	 120	 999000	 999	 1.959633e+03	 750.00	 750.00	 16.00	 38	 0.68	 
p_123	 1	 14	 8500.jpg	 1.964616e+03	 24	 999000	 240	 999000	 999	 1.965633e+03	 750.00	 750.00	 51.00	 57	 0.25	 
p_123	 1	 14	 5829.jpg	 1.966616e+03	 24	 999000	 240	 999000	 999	 1.967633e+03	 750.00	 750.00	 42.00	 30	 0.36	 
