subjectID	 order	 runNum	 itemName	 onsetTime	 shuff_trialType	 RT	 respInTime	 CueTime	 response	 fixationTime	 ladder1	 ladder2	 bidIndex	 itemNameIndex	 bidValue	 
p_129	 1	 8	 2398.jpg	 9.991758e+02	 24	 999000	 240	 999000	 999	 1.000192e+03	 650.00	 583.33	 39.00	 14	 0.39	 
p_129	 1	 8	 7508.jpg	 1.001159e+03	 22	 9.424487e+02	 220	 5.832352e+02	 98	 1.002192e+03	 650.00	 600.00	 45.00	 41	 0.30	 
p_129	 1	 8	 5829.jpg	 1.005159e+03	 12	 999000	 120	 999000	 999	 1.006176e+03	 650.00	 600.00	 3.00	 30	 0.93	 
p_129	 1	 8	 8208.jpg	 1.008159e+03	 24	 999000	 240	 999000	 999	 1.009175e+03	 650.00	 600.00	 54.00	 47	 0.20	 
p_129	 1	 8	 1721.jpg	 1.010159e+03	 12	 999000	 120	 999000	 999	 1.011175e+03	 650.00	 600.00	 5.00	 5	 0.85	 
p_129	 1	 8	 7291.jpg	 1.013159e+03	 11	 9.747935e+02	 110	 6.499075e+02	 98	 1.014192e+03	 666.67	 600.00	 18.00	 34	 0.67	 
p_129	 1	 8	 7430.jpg	 1.017159e+03	 11	 9.908759e+02	 110	 6.665542e+02	 98	 1.018175e+03	 683.33	 600.00	 13.00	 36	 0.70	 
p_129	 1	 8	 2058.jpg	 1.021158e+03	 24	 999000	 240	 999000	 999	 1.022175e+03	 683.33	 600.00	 48.00	 7	 0.29	 
p_129	 1	 8	 5199.jpg	 1.023159e+03	 12	 999000	 120	 999000	 999	 1.024175e+03	 683.33	 600.00	 17.00	 25	 0.67	 
p_129	 1	 8	 1720.jpg	 1.028159e+03	 12	 3.429593e+02	 12	 999000	 98	 1.029175e+03	 683.33	 600.00	 21.00	 4	 0.61	 
p_129	 1	 8	 8510.jpg	 1.030158e+03	 24	 999000	 240	 999000	 999	 1.031175e+03	 683.33	 600.00	 42.00	 59	 0.34	 
p_129	 1	 8	 7482.jpg	 1.032158e+03	 12	 999000	 120	 999000	 999	 1.033175e+03	 683.33	 600.00	 14.00	 39	 0.70	 
p_129	 1	 8	 8420.jpg	 1.038158e+03	 11	 9.991456e+02	 110	 6.829141e+02	 98	 1.039191e+03	 700.00	 600.00	 7.00	 52	 0.80	 
p_129	 1	 8	 8500.jpg	 1.040174e+03	 11	 1.046931e+03	 1100	 6.999147e+02	 98	 1.041191e+03	 650.00	 600.00	 15.00	 57	 0.70	 
p_129	 1	 8	 4597.jpg	 1.042159e+03	 12	 999000	 120	 999000	 999	 1.043174e+03	 650.00	 600.00	 11.00	 17	 0.71	 
p_129	 1	 8	 8130.jpg	 1.044174e+03	 24	 999000	 240	 999000	 999	 1.045191e+03	 650.00	 600.00	 51.00	 44	 0.23	 
p_129	 1	 8	 4619.jpg	 1.048158e+03	 22	 8.868190e+02	 220	 5.989802e+02	 98	 1.049191e+03	 650.00	 616.67	 47.00	 21	 0.30	 
p_129	 1	 8	 1540.jpg	 1.052174e+03	 24	 999000	 240	 999000	 999	 1.053191e+03	 650.00	 616.67	 58.00	 1	 0.16	 
p_129	 1	 8	 2362.jpg	 1.055158e+03	 24	 999000	 240	 999000	 999	 1.056174e+03	 650.00	 616.67	 40.00	 13	 0.36	 
p_129	 1	 8	 7260.jpg	 1.059158e+03	 11	 1.102845e+03	 1100	 6.486531e+02	 98	 1.060190e+03	 600.00	 616.67	 10.00	 33	 0.72	 
p_129	 1	 8	 7390.jpg	 1.062174e+03	 22	 9.514855e+02	 220	 6.165556e+02	 98	 1.063207e+03	 600.00	 633.33	 50.00	 35	 0.28	 
p_129	 1	 8	 4614.jpg	 1.064174e+03	 12	 999000	 120	 999000	 999	 1.065190e+03	 600.00	 633.33	 4.00	 20	 0.87	 
p_129	 1	 8	 4641.jpg	 1.068174e+03	 11	 9.516446e+02	 110	 5.998925e+02	 98	 1.069207e+03	 616.67	 633.33	 12.00	 24	 0.71	 
p_129	 1	 8	 1660.jpg	 1.070173e+03	 12	 999000	 120	 999000	 999	 1.071190e+03	 616.67	 633.33	 8.00	 3	 0.77	 
p_129	 1	 8	 2155.jpg	 1.072173e+03	 22	 8.877826e+02	 220	 6.332776e+02	 98	 1.073190e+03	 616.67	 650.00	 53.00	 8	 0.21	 
p_129	 1	 8	 8371.jpg	 1.076173e+03	 22	 9.198729e+02	 220	 6.498962e+02	 98	 1.077206e+03	 616.67	 666.67	 44.00	 50	 0.31	 
p_129	 1	 8	 7499.jpg	 1.078173e+03	 12	 999000	 120	 999000	 999	 1.079190e+03	 616.67	 666.67	 20.00	 40	 0.62	 
p_129	 1	 8	 8001.jpg	 1.082173e+03	 24	 999000	 240	 999000	 999	 1.083190e+03	 616.67	 666.67	 55.00	 42	 0.17	 
p_129	 1	 8	 8340.jpg	 1.086173e+03	 12	 999000	 120	 999000	 999	 1.087190e+03	 616.67	 666.67	 19.00	 49	 0.64	 
p_129	 1	 8	 2550.jpg	 1.089173e+03	 12	 999000	 120	 999000	 999	 1.090189e+03	 616.67	 666.67	 6.00	 15	 0.80	 
p_129	 1	 8	 2345.jpg	 1.095173e+03	 24	 999000	 240	 999000	 999	 1.096189e+03	 616.67	 666.67	 57.00	 10	 0.16	 
p_129	 1	 8	 8380.jpg	 1.097173e+03	 24	 999000	 240	 999000	 999	 1.098189e+03	 616.67	 666.67	 41.00	 51	 0.34	 
p_129	 1	 8	 8158.jpg	 1.101172e+03	 12	 999000	 120	 999000	 999	 1.102189e+03	 616.67	 666.67	 22.00	 45	 0.61	 
p_129	 1	 8	 8170.jpg	 1.103172e+03	 24	 999000	 240	 999000	 999	 1.104189e+03	 616.67	 666.67	 46.00	 46	 0.30	 
p_129	 1	 8	 4612.jpg	 1.105172e+03	 12	 999000	 120	 999000	 999	 1.106189e+03	 616.67	 666.67	 9.00	 19	 0.74	 
p_129	 1	 8	 4628.jpg	 1.107172e+03	 24	 999000	 240	 999000	 999	 1.108189e+03	 616.67	 666.67	 43.00	 22	 0.33	 
p_129	 1	 8	 8280.jpg	 1.112172e+03	 24	 999000	 240	 999000	 999	 1.113189e+03	 616.67	 666.67	 49.00	 48	 0.28	 
p_129	 1	 8	 2347.jpg	 1.114172e+03	 24	 999000	 240	 999000	 999	 1.115189e+03	 616.67	 666.67	 56.00	 11	 0.17	 
p_129	 1	 8	 2030.jpg	 1.116172e+03	 22	 9.690123e+02	 220	 6.665898e+02	 98	 1.117205e+03	 616.67	 683.33	 52.00	 6	 0.23	 
p_129	 1	 8	 8502.jpg	 1.119172e+03	 12	 999000	 120	 999000	 999	 1.120188e+03	 616.67	 683.33	 16.00	 58	 0.69	 
