subjectID	 order	 runNum	 itemName	 onsetTime	 shuff_trialType	 RT	 respInTime	 CueTime	 response	 fixationTime	 ladder1	 ladder2	 bidIndex	 itemNameIndex	 bidValue	 
p_135	 1	 13	 5829.jpg	 1.717854e+03	 11	 1.042912e+03	 1100	 8.166314e+02	 98	 1.718871e+03	 766.67	 883.33	 13.00	 30	 0.70	 
p_135	 1	 13	 8499.jpg	 1.720854e+03	 12	 999000	 120	 999000	 999	 1.721871e+03	 766.67	 883.33	 21.00	 56	 0.57	 
p_135	 1	 13	 8340.jpg	 1.722854e+03	 11	 8.750331e+02	 110	 7.666075e+02	 98	 1.723870e+03	 783.33	 883.33	 12.00	 49	 0.72	 
p_135	 1	 13	 8208.jpg	 1.724854e+03	 12	 999000	 120	 999000	 999	 1.725870e+03	 783.33	 883.33	 9.00	 47	 0.77	 
p_135	 1	 13	 1590.jpg	 1.726854e+03	 24	 999000	 240	 999000	 999	 1.727870e+03	 783.33	 883.33	 49.00	 2	 0.30	 
p_135	 1	 13	 8540.jpg	 1.729854e+03	 22	 1.234948e+03	 2200	 8.830310e+02	 98	 1.730870e+03	 783.33	 833.33	 47.00	 60	 0.33	 
p_135	 1	 13	 1720.jpg	 1.731854e+03	 24	 999000	 240	 999000	 999	 1.732870e+03	 783.33	 833.33	 48.00	 4	 0.33	 
p_135	 1	 13	 8170.jpg	 1.735870e+03	 12	 999000	 120	 999000	 999	 1.736887e+03	 783.33	 833.33	 22.00	 46	 0.57	 
p_135	 1	 13	 5982.jpg	 1.737854e+03	 12	 999000	 120	 999000	 999	 1.738870e+03	 783.33	 833.33	 16.00	 31	 0.68	 
p_135	 1	 13	 8380.jpg	 1.742870e+03	 24	 999000	 240	 999000	 999	 1.743886e+03	 783.33	 833.33	 39.00	 51	 0.39	 
p_135	 1	 13	 7291.jpg	 1.744854e+03	 24	 999000	 240	 999000	 999	 1.745870e+03	 783.33	 833.33	 57.00	 34	 0.14	 
p_135	 1	 13	 2030.jpg	 1.748854e+03	 11	 8.584566e+02	 110	 7.819881e+02	 98	 1.749886e+03	 800.00	 833.33	 15.00	 6	 0.69	 
p_135	 1	 13	 5199.jpg	 1.750854e+03	 12	 999000	 120	 999000	 999	 1.751870e+03	 800.00	 833.33	 17.00	 25	 0.67	 
p_135	 1	 13	 8280.jpg	 1.753854e+03	 24	 999000	 240	 999000	 999	 1.754869e+03	 800.00	 833.33	 42.00	 48	 0.36	 
p_135	 1	 13	 8510.jpg	 1.758854e+03	 24	 999000	 240	 999000	 999	 1.759869e+03	 800.00	 833.33	 40.00	 59	 0.38	 
p_135	 1	 13	 8500.jpg	 1.760854e+03	 24	 999000	 240	 999000	 999	 1.761869e+03	 800.00	 833.33	 56.00	 57	 0.16	 
p_135	 1	 13	 7260.jpg	 1.762869e+03	 22	 1.035458e+03	 2200	 8.332675e+02	 98	 1.763902e+03	 800.00	 783.33	 52.00	 33	 0.23	 
p_135	 1	 13	 5814.jpg	 1.766869e+03	 11	 1.019485e+03	 1100	 7.998917e+02	 98	 1.767902e+03	 750.00	 783.33	 10.00	 29	 0.76	 
p_135	 1	 13	 2655.jpg	 1.770869e+03	 12	 999000	 120	 999000	 999	 1.771886e+03	 750.00	 783.33	 6.00	 16	 0.86	 
p_135	 1	 13	 8502.jpg	 1.774869e+03	 24	 999000	 240	 999000	 999	 1.775885e+03	 750.00	 783.33	 51.00	 58	 0.23	 
p_135	 1	 13	 4619.jpg	 1.776869e+03	 12	 999000	 120	 999000	 999	 1.777885e+03	 750.00	 783.33	 19.00	 21	 0.63	 
p_135	 1	 13	 7470.jpg	 1.778869e+03	 12	 999000	 120	 999000	 999	 1.779885e+03	 750.00	 783.33	 11.00	 37	 0.73	 
p_135	 1	 13	 7200.jpg	 1.780869e+03	 22	 9.878774e+02	 220	 7.832556e+02	 98	 1.781885e+03	 750.00	 800.00	 50.00	 32	 0.26	 
p_135	 1	 13	 1660.jpg	 1.782869e+03	 24	 999000	 240	 999000	 999	 1.783885e+03	 750.00	 800.00	 58.00	 3	 0.14	 
p_135	 1	 13	 8420.jpg	 1.788868e+03	 12	 999000	 120	 999000	 999	 1.789885e+03	 750.00	 800.00	 4.00	 52	 0.89	 
p_135	 1	 13	 4641.jpg	 1.791868e+03	 12	 999000	 120	 999000	 999	 1.792885e+03	 750.00	 800.00	 20.00	 24	 0.62	 
p_135	 1	 13	 7390.jpg	 1.793868e+03	 24	 999000	 240	 999000	 999	 1.794885e+03	 750.00	 800.00	 54.00	 35	 0.18	 
p_135	 1	 13	 8001.jpg	 1.795868e+03	 22	 9.642846e+02	 220	 7.999344e+02	 98	 1.796902e+03	 750.00	 816.67	 44.00	 42	 0.35	 
p_135	 1	 13	 7480.jpg	 1.798868e+03	 24	 999000	 240	 999000	 999	 1.799885e+03	 750.00	 816.67	 46.00	 38	 0.34	 
p_135	 1	 13	 5626.jpg	 1.800868e+03	 11	 9.404236e+02	 110	 7.499358e+02	 98	 1.801901e+03	 766.67	 816.67	 7.00	 28	 0.84	 
p_135	 1	 13	 2398.jpg	 1.802868e+03	 12	 999000	 120	 999000	 999	 1.803884e+03	 766.67	 816.67	 5.00	 14	 0.87	 
p_135	 1	 13	 2155.jpg	 1.804868e+03	 22	 9.245129e+02	 220	 8.165924e+02	 98	 1.805901e+03	 766.67	 833.33	 53.00	 8	 0.18	 
p_135	 1	 13	 2209.jpg	 1.807868e+03	 24	 999000	 240	 999000	 999	 1.808884e+03	 766.67	 833.33	 41.00	 9	 0.37	 
p_135	 1	 13	 2347.jpg	 1.809868e+03	 12	 999000	 120	 999000	 999	 1.810884e+03	 766.67	 833.33	 14.00	 11	 0.70	 
p_135	 1	 13	 8158.jpg	 1.811868e+03	 12	 999000	 120	 999000	 999	 1.812884e+03	 766.67	 833.33	 3.00	 45	 0.90	 
p_135	 1	 13	 8461.jpg	 1.813868e+03	 12	 999000	 120	 999000	 999	 1.814884e+03	 766.67	 833.33	 8.00	 53	 0.77	 
p_135	 1	 13	 4614.jpg	 1.815867e+03	 24	 999000	 240	 999000	 999	 1.816884e+03	 766.67	 833.33	 55.00	 20	 0.17	 
p_135	 1	 13	 2345.jpg	 1.821867e+03	 11	 1.012942e+03	 1100	 7.665541e+02	 98	 1.822884e+03	 716.67	 833.33	 18.00	 10	 0.64	 
p_135	 1	 13	 4597.jpg	 1.824867e+03	 22	 1.037076e+03	 2200	 8.332778e+02	 98	 1.825900e+03	 716.67	 783.33	 45.00	 17	 0.34	 
p_135	 1	 13	 8470.jpg	 1.828867e+03	 24	 999000	 240	 999000	 999	 1.829884e+03	 716.67	 783.33	 43.00	 55	 0.35	 
