subjectID	 order	 runNum	 itemName	 onsetTime	 shuff_trialType	 RT	 respInTime	 CueTime	 response	 fixationTime	 ladder1	 ladder2	 bidIndex	 itemNameIndex	 bidValue	 
p_135	 1	 6	 1590.jpg	 7.165873e+02	 24	 999000	 240	 999000	 999	 7.176040e+02	 716.67	 716.67	 49.00	 2	 0.30	 
p_135	 1	 6	 2155.jpg	 7.195706e+02	 22	 9.646682e+02	 220	 7.165685e+02	 98	 7.206039e+02	 716.67	 733.33	 53.00	 8	 0.18	 
p_135	 1	 6	 7260.jpg	 7.215705e+02	 22	 9.967817e+02	 220	 7.332700e+02	 98	 7.225872e+02	 716.67	 750.00	 52.00	 33	 0.23	 
p_135	 1	 6	 2209.jpg	 7.235872e+02	 24	 999000	 240	 999000	 999	 7.246037e+02	 716.67	 750.00	 41.00	 9	 0.37	 
p_135	 1	 6	 8420.jpg	 7.255871e+02	 12	 999000	 120	 999000	 999	 7.266037e+02	 716.67	 750.00	 4.00	 52	 0.89	 
p_135	 1	 6	 4619.jpg	 7.285870e+02	 12	 999000	 120	 999000	 999	 7.296036e+02	 716.67	 750.00	 19.00	 21	 0.63	 
p_135	 1	 6	 5814.jpg	 7.305869e+02	 11	 1.004335e+03	 1100	 7.166144e+02	 98	 7.316036e+02	 666.67	 750.00	 10.00	 29	 0.76	 
p_135	 1	 6	 8540.jpg	 7.345868e+02	 22	 1.116415e+03	 2200	 7.498903e+02	 98	 7.356201e+02	 666.67	 700.00	 47.00	 60	 0.33	 
p_135	 1	 6	 2030.jpg	 7.365867e+02	 11	 9.084788e+02	 110	 6.665942e+02	 98	 7.376201e+02	 683.33	 700.00	 15.00	 6	 0.69	 
p_135	 1	 6	 8208.jpg	 7.415866e+02	 12	 999000	 120	 999000	 999	 7.426032e+02	 683.33	 700.00	 9.00	 47	 0.77	 
p_135	 1	 6	 4597.jpg	 7.435865e+02	 22	 9.647336e+02	 220	 6.999496e+02	 98	 7.446031e+02	 683.33	 716.67	 45.00	 17	 0.34	 
p_135	 1	 6	 8158.jpg	 7.475864e+02	 12	 999000	 120	 999000	 999	 7.486029e+02	 683.33	 716.67	 3.00	 45	 0.90	 
p_135	 1	 6	 7200.jpg	 7.495863e+02	 22	 9.808632e+02	 220	 7.165932e+02	 98	 7.506030e+02	 683.33	 733.33	 50.00	 32	 0.26	 
p_135	 1	 6	 8470.jpg	 7.525862e+02	 24	 999000	 240	 999000	 999	 7.536028e+02	 683.33	 733.33	 43.00	 55	 0.35	 
p_135	 1	 6	 5829.jpg	 7.575861e+02	 11	 9.650094e+02	 110	 6.832334e+02	 98	 7.586193e+02	 700.00	 733.33	 13.00	 30	 0.70	 
p_135	 1	 6	 7480.jpg	 7.595860e+02	 24	 999000	 240	 999000	 999	 7.606027e+02	 700.00	 733.33	 46.00	 38	 0.34	 
p_135	 1	 6	 8280.jpg	 7.615859e+02	 24	 999000	 240	 999000	 999	 7.626025e+02	 700.00	 733.33	 42.00	 48	 0.36	 
p_135	 1	 6	 8001.jpg	 7.655858e+02	 22	 1.013266e+03	 220	 7.332313e+02	 98	 7.666191e+02	 700.00	 750.00	 44.00	 42	 0.35	 
p_135	 1	 6	 5626.jpg	 7.695857e+02	 11	 9.653307e+02	 110	 6.998975e+02	 98	 7.706022e+02	 716.67	 750.00	 7.00	 28	 0.84	 
p_135	 1	 6	 8170.jpg	 7.735855e+02	 12	 999000	 120	 999000	 999	 7.746021e+02	 716.67	 750.00	 22.00	 46	 0.57	 
p_135	 1	 6	 4614.jpg	 7.755854e+02	 24	 999000	 240	 999000	 999	 7.766020e+02	 716.67	 750.00	 55.00	 20	 0.17	 
p_135	 1	 6	 4641.jpg	 7.775854e+02	 12	 999000	 120	 999000	 999	 7.786020e+02	 716.67	 750.00	 20.00	 24	 0.62	 
p_135	 1	 6	 8510.jpg	 7.795853e+02	 24	 999000	 240	 999000	 999	 7.806019e+02	 716.67	 750.00	 40.00	 59	 0.38	 
p_135	 1	 6	 7291.jpg	 7.815852e+02	 24	 999000	 240	 999000	 999	 7.826018e+02	 716.67	 750.00	 57.00	 34	 0.14	 
p_135	 1	 6	 8380.jpg	 7.875851e+02	 24	 999000	 240	 999000	 999	 7.886016e+02	 716.67	 750.00	 39.00	 51	 0.39	 
p_135	 1	 6	 2655.jpg	 7.905849e+02	 12	 999000	 120	 999000	 999	 7.916015e+02	 716.67	 750.00	 6.00	 16	 0.86	 
p_135	 1	 6	 8502.jpg	 7.925849e+02	 24	 999000	 240	 999000	 999	 7.936015e+02	 716.67	 750.00	 51.00	 58	 0.23	 
p_135	 1	 6	 5199.jpg	 7.945848e+02	 12	 999000	 120	 999000	 999	 7.956015e+02	 716.67	 750.00	 17.00	 25	 0.67	 
p_135	 1	 6	 2398.jpg	 7.975847e+02	 12	 999000	 120	 999000	 999	 7.986013e+02	 716.67	 750.00	 5.00	 14	 0.87	 
p_135	 1	 6	 1660.jpg	 7.995846e+02	 24	 999000	 240	 999000	 999	 8.006012e+02	 716.67	 750.00	 58.00	 3	 0.14	 
p_135	 1	 6	 7390.jpg	 8.015845e+02	 24	 999000	 240	 999000	 999	 8.026012e+02	 716.67	 750.00	 54.00	 35	 0.18	 
p_135	 1	 6	 8500.jpg	 8.035845e+02	 24	 999000	 240	 999000	 999	 8.046011e+02	 716.67	 750.00	 56.00	 57	 0.16	 
p_135	 1	 6	 7470.jpg	 8.065844e+02	 12	 999000	 120	 999000	 999	 8.076010e+02	 716.67	 750.00	 11.00	 37	 0.73	 
p_135	 1	 6	 2347.jpg	 8.085843e+02	 12	 999000	 120	 999000	 999	 8.096009e+02	 716.67	 750.00	 14.00	 11	 0.70	 
p_135	 1	 6	 8499.jpg	 8.105843e+02	 12	 999000	 120	 999000	 999	 8.116009e+02	 716.67	 750.00	 21.00	 56	 0.57	 
p_135	 1	 6	 2345.jpg	 8.125842e+02	 11	 1.006557e+03	 1100	 7.166113e+02	 98	 8.136009e+02	 666.67	 750.00	 18.00	 10	 0.64	 
p_135	 1	 6	 5982.jpg	 8.145841e+02	 12	 999000	 120	 999000	 999	 8.156007e+02	 666.67	 750.00	 16.00	 31	 0.68	 
p_135	 1	 6	 8340.jpg	 8.205840e+02	 11	 9.586871e+02	 110	 6.665470e+02	 98	 8.216173e+02	 683.33	 750.00	 12.00	 49	 0.72	 
p_135	 1	 6	 8461.jpg	 8.235839e+02	 12	 999000	 120	 999000	 999	 8.246004e+02	 683.33	 750.00	 8.00	 53	 0.77	 
p_135	 1	 6	 1720.jpg	 8.275837e+02	 24	 999000	 240	 999000	 999	 8.286003e+02	 683.33	 750.00	 48.00	 4	 0.33	 
