subjectID	 order	 runNum	 itemName	 onsetTime	 shuff_trialType	 RT	 respInTime	 CueTime	 response	 fixationTime	 ladder1	 ladder2	 bidIndex	 itemNameIndex	 bidValue	 
p_142	 2	 9	 8158.jpg	 1.117772e+03	 24	 999000	 240	 999000	 999	 1.118789e+03	 616.67	 550.00	 44.00	 45	 0.31	 
p_142	 2	 9	 8467.jpg	 1.120773e+03	 24	 999000	 240	 999000	 999	 1.121789e+03	 616.67	 550.00	 42.00	 54	 0.35	 
p_142	 2	 9	 8170.jpg	 1.122773e+03	 24	 999000	 240	 999000	 999	 1.123789e+03	 616.67	 550.00	 55.00	 46	 0.23	 
p_142	 2	 9	 7499.jpg	 1.124773e+03	 24	 999000	 240	 999000	 999	 1.125789e+03	 616.67	 550.00	 53.00	 40	 0.24	 
p_142	 2	 9	 8371.jpg	 1.126773e+03	 24	 999000	 240	 999000	 999	 1.127789e+03	 616.67	 550.00	 56.00	 50	 0.17	 
p_142	 2	 9	 5626.jpg	 1.129773e+03	 24	 999000	 240	 999000	 999	 1.130789e+03	 616.67	 550.00	 57.00	 28	 0.12	 
p_142	 2	 9	 8208.jpg	 1.131773e+03	 24	 999000	 240	 999000	 999	 1.132789e+03	 616.67	 550.00	 41.00	 47	 0.35	 
p_142	 2	 9	 4597.jpg	 1.135773e+03	 12	 999000	 120	 999000	 999	 1.136789e+03	 616.67	 550.00	 13.00	 17	 0.76	 
p_142	 2	 9	 8090.jpg	 1.137773e+03	 22	 9.075736e+02	 220	 5.499416e+02	 98	 1.138789e+03	 616.67	 566.67	 43.00	 43	 0.34	 
p_142	 2	 9	 7390.jpg	 1.142773e+03	 24	 999000	 240	 999000	 999	 1.143789e+03	 616.67	 566.67	 50.00	 35	 0.26	 
p_142	 2	 9	 8380.jpg	 1.144773e+03	 24	 999000	 240	 999000	 999	 1.145789e+03	 616.67	 566.67	 40.00	 51	 0.35	 
p_142	 2	 9	 7508.jpg	 1.148773e+03	 24	 999000	 240	 999000	 999	 1.149789e+03	 616.67	 566.67	 58.00	 41	 0.11	 
p_142	 2	 9	 4640.jpg	 1.150773e+03	 12	 999000	 120	 999000	 999	 1.151790e+03	 616.67	 566.67	 15.00	 23	 0.73	 
p_142	 2	 9	 2347.jpg	 1.153773e+03	 12	 999000	 120	 999000	 999	 1.154790e+03	 616.67	 566.67	 20.00	 11	 0.64	 
p_142	 2	 9	 1590.jpg	 1.158773e+03	 22	 8.349593e+02	 220	 5.665827e+02	 98	 1.159790e+03	 616.67	 583.33	 48.00	 2	 0.29	 
p_142	 2	 9	 2550.jpg	 1.160773e+03	 22	 8.348771e+02	 220	 5.832727e+02	 98	 1.161790e+03	 616.67	 600.00	 46.00	 15	 0.30	 
p_142	 2	 9	 4612.jpg	 1.162773e+03	 12	 999000	 120	 999000	 999	 1.163790e+03	 616.67	 600.00	 10.00	 19	 0.76	 
p_142	 2	 9	 8499.jpg	 1.166773e+03	 12	 999000	 120	 999000	 999	 1.167790e+03	 616.67	 600.00	 19.00	 56	 0.64	 
p_142	 2	 9	 8500.jpg	 1.170773e+03	 12	 999000	 120	 999000	 999	 1.171790e+03	 616.67	 600.00	 7.00	 57	 0.81	 
p_142	 2	 9	 7260.jpg	 1.174773e+03	 24	 999000	 240	 999000	 999	 1.175790e+03	 616.67	 600.00	 47.00	 33	 0.29	 
p_142	 2	 9	 2362.jpg	 1.176773e+03	 12	 999000	 120	 999000	 999	 1.177790e+03	 616.67	 600.00	 18.00	 13	 0.65	 
p_142	 2	 9	 2058.jpg	 1.178773e+03	 12	 999000	 120	 999000	 999	 1.179790e+03	 616.67	 600.00	 5.00	 7	 0.84	 
p_142	 2	 9	 8510.jpg	 1.180773e+03	 12	 999000	 120	 999000	 999	 1.181790e+03	 616.67	 600.00	 21.00	 59	 0.64	 
p_142	 2	 9	 4641.jpg	 1.182773e+03	 11	 9.462225e+02	 110	 6.166109e+02	 98	 1.183790e+03	 633.33	 600.00	 16.00	 24	 0.73	 
p_142	 2	 9	 5480.jpg	 1.188773e+03	 24	 999000	 240	 999000	 999	 1.189790e+03	 633.33	 600.00	 45.00	 27	 0.31	 
p_142	 2	 9	 2155.jpg	 1.191773e+03	 12	 999000	 120	 999000	 999	 1.192790e+03	 633.33	 600.00	 4.00	 8	 0.85	 
p_142	 2	 9	 1660.jpg	 1.193773e+03	 22	 9.459535e+02	 220	 5.999418e+02	 98	 1.194790e+03	 633.33	 616.67	 54.00	 3	 0.23	 
p_142	 2	 9	 4628.jpg	 1.195773e+03	 12	 999000	 120	 999000	 999	 1.196790e+03	 633.33	 616.67	 6.00	 22	 0.83	 
p_142	 2	 9	 2209.jpg	 1.198774e+03	 12	 999000	 120	 999000	 999	 1.199790e+03	 633.33	 616.67	 12.00	 9	 0.76	 
p_142	 2	 9	 5260.jpg	 1.200774e+03	 22	 9.057227e+02	 220	 6.165992e+02	 98	 1.201790e+03	 633.33	 633.33	 51.00	 26	 0.25	 
p_142	 2	 9	 2030.jpg	 1.202774e+03	 11	 9.536855e+02	 110	 6.332817e+02	 98	 1.203790e+03	 650.00	 633.33	 17.00	 6	 0.68	 
p_142	 2	 9	 2655.jpg	 1.204774e+03	 11	 8.815923e+02	 110	 6.499224e+02	 98	 1.205790e+03	 666.67	 633.33	 11.00	 16	 0.76	 
p_142	 2	 9	 2345.jpg	 1.207774e+03	 11	 9.134742e+02	 110	 6.665987e+02	 98	 1.208790e+03	 683.33	 633.33	 14.00	 10	 0.73	 
p_142	 2	 9	 1721.jpg	 1.209774e+03	 24	 999000	 240	 999000	 999	 1.210790e+03	 683.33	 633.33	 52.00	 5	 0.25	 
p_142	 2	 9	 4610.jpg	 1.211774e+03	 11	 9.294264e+02	 110	 6.832890e+02	 98	 1.212790e+03	 700.00	 633.33	 9.00	 18	 0.78	 
p_142	 2	 9	 8420.jpg	 1.213774e+03	 24	 999000	 240	 999000	 999	 1.214790e+03	 700.00	 633.33	 39.00	 52	 0.39	 
p_142	 2	 9	 8280.jpg	 1.215774e+03	 22	 9.132446e+02	 220	 6.332779e+02	 98	 1.216790e+03	 700.00	 650.00	 49.00	 48	 0.26	 
p_142	 2	 9	 1540.jpg	 1.221774e+03	 12	 999000	 120	 999000	 999	 1.222790e+03	 700.00	 650.00	 3.00	 1	 0.85	 
p_142	 2	 9	 5199.jpg	 1.224774e+03	 12	 999000	 120	 999000	 999	 1.225790e+03	 700.00	 650.00	 22.00	 25	 0.63	 
p_142	 2	 9	 2352.1.jpg	 1.228774e+03	 11	 999000	 1	 6.999273e+02	 999	 1.229791e+03	 650.00	 650.00	 8.00	 12	 0.81	 
