subjectID	 order	 runNum	 itemName	 onsetTime	 shuff_trialType	 RT	 respInTime	 CueTime	 response	 fixationTime	 ladder1	 ladder2	 bidIndex	 itemNameIndex	 bidValue	 
p_142	 2	 4	 4610.jpg	 4.085967e+02	 11	 9.917862e+02	 110	 6.500014e+02	 98	 4.096134e+02	 666.67	 516.67	 9.00	 18	 0.78	 
p_142	 2	 4	 2550.jpg	 4.135968e+02	 22	 7.755279e+02	 220	 5.165969e+02	 98	 4.146135e+02	 666.67	 533.33	 46.00	 15	 0.30	 
p_142	 2	 4	 1540.jpg	 4.155968e+02	 12	 999000	 120	 999000	 999	 4.166135e+02	 666.67	 533.33	 3.00	 1	 0.85	 
p_142	 2	 4	 8090.jpg	 4.175969e+02	 22	 999000	 2	 5.332821e+02	 999	 4.186135e+02	 666.67	 483.33	 43.00	 43	 0.34	 
p_142	 2	 4	 8500.jpg	 4.235970e+02	 12	 999000	 120	 999000	 999	 4.246136e+02	 666.67	 483.33	 7.00	 57	 0.81	 
p_142	 2	 4	 5480.jpg	 4.255969e+02	 24	 999000	 240	 999000	 999	 4.266136e+02	 666.67	 483.33	 45.00	 27	 0.31	 
p_142	 2	 4	 5626.jpg	 4.285970e+02	 24	 999000	 240	 999000	 999	 4.296136e+02	 666.67	 483.33	 57.00	 28	 0.12	 
p_142	 2	 4	 2030.jpg	 4.305970e+02	 11	 9.910646e+02	 110	 6.666250e+02	 98	 4.316136e+02	 683.33	 483.33	 17.00	 6	 0.68	 
p_142	 2	 4	 8510.jpg	 4.345971e+02	 12	 999000	 120	 999000	 999	 4.356137e+02	 683.33	 483.33	 21.00	 59	 0.64	 
p_142	 2	 4	 4641.jpg	 4.365971e+02	 11	 1.014930e+03	 1100	 6.832856e+02	 98	 4.376137e+02	 633.33	 483.33	 16.00	 24	 0.73	 
p_142	 2	 4	 8467.jpg	 4.415972e+02	 24	 999000	 240	 999000	 999	 4.426138e+02	 633.33	 483.33	 42.00	 54	 0.35	 
p_142	 2	 4	 4612.jpg	 4.485973e+02	 12	 999000	 120	 999000	 999	 4.496139e+02	 633.33	 483.33	 10.00	 19	 0.76	 
p_142	 2	 4	 5199.jpg	 4.505973e+02	 12	 999000	 120	 999000	 999	 4.516139e+02	 633.33	 483.33	 22.00	 25	 0.63	 
p_142	 2	 4	 2209.jpg	 4.535973e+02	 12	 999000	 120	 999000	 999	 4.546139e+02	 633.33	 483.33	 12.00	 9	 0.76	 
p_142	 2	 4	 2347.jpg	 4.565974e+02	 12	 999000	 120	 999000	 999	 4.576140e+02	 633.33	 483.33	 20.00	 11	 0.64	 
p_142	 2	 4	 2345.jpg	 4.605974e+02	 11	 9.661420e+02	 110	 6.332502e+02	 98	 4.616140e+02	 650.00	 483.33	 14.00	 10	 0.73	 
p_142	 2	 4	 1721.jpg	 4.645975e+02	 24	 999000	 240	 999000	 999	 4.656141e+02	 650.00	 483.33	 52.00	 5	 0.25	 
p_142	 2	 4	 4640.jpg	 4.685975e+02	 12	 999000	 120	 999000	 999	 4.696142e+02	 650.00	 483.33	 15.00	 23	 0.73	 
p_142	 2	 4	 5260.jpg	 4.715975e+02	 22	 7.658650e+02	 220	 4.832566e+02	 98	 4.726142e+02	 650.00	 500.00	 51.00	 26	 0.25	 
p_142	 2	 4	 8371.jpg	 4.775976e+02	 24	 999000	 240	 999000	 999	 4.786142e+02	 650.00	 500.00	 56.00	 50	 0.17	 
p_142	 2	 4	 1590.jpg	 4.795976e+02	 22	 7.976637e+02	 220	 4.999572e+02	 98	 4.806142e+02	 650.00	 516.67	 48.00	 2	 0.29	 
p_142	 2	 4	 2362.jpg	 4.825977e+02	 12	 999000	 120	 999000	 999	 4.836143e+02	 650.00	 516.67	 18.00	 13	 0.65	 
p_142	 2	 4	 8158.jpg	 4.845977e+02	 24	 999000	 240	 999000	 999	 4.856143e+02	 650.00	 516.67	 44.00	 45	 0.31	 
p_142	 2	 4	 4597.jpg	 4.865977e+02	 12	 999000	 120	 999000	 999	 4.876143e+02	 650.00	 516.67	 13.00	 17	 0.76	 
p_142	 2	 4	 8380.jpg	 4.885977e+02	 24	 999000	 240	 999000	 999	 4.896144e+02	 650.00	 516.67	 40.00	 51	 0.35	 
p_142	 2	 4	 2655.jpg	 4.915978e+02	 11	 1.109299e+03	 1100	 6.499299e+02	 98	 4.926145e+02	 600.00	 516.67	 11.00	 16	 0.76	 
p_142	 2	 4	 2155.jpg	 4.955979e+02	 12	 999000	 120	 999000	 999	 4.966145e+02	 600.00	 516.67	 4.00	 8	 0.85	 
p_142	 2	 4	 1660.jpg	 4.975978e+02	 22	 8.851527e+02	 220	 5.166277e+02	 98	 4.986146e+02	 600.00	 533.33	 54.00	 3	 0.23	 
p_142	 2	 4	 4628.jpg	 4.995979e+02	 12	 999000	 120	 999000	 999	 5.006145e+02	 600.00	 533.33	 6.00	 22	 0.83	 
p_142	 2	 4	 8499.jpg	 5.015979e+02	 12	 999000	 120	 999000	 999	 5.026145e+02	 600.00	 533.33	 19.00	 56	 0.64	 
p_142	 2	 4	 8420.jpg	 5.035979e+02	 24	 999000	 240	 999000	 999	 5.046146e+02	 600.00	 533.33	 39.00	 52	 0.39	 
p_142	 2	 4	 7499.jpg	 5.055979e+02	 24	 999000	 240	 999000	 999	 5.066146e+02	 600.00	 533.33	 53.00	 40	 0.24	 
p_142	 2	 4	 7260.jpg	 5.095980e+02	 24	 999000	 240	 999000	 999	 5.106146e+02	 600.00	 533.33	 47.00	 33	 0.29	 
p_142	 2	 4	 7508.jpg	 5.135981e+02	 24	 999000	 240	 999000	 999	 5.146147e+02	 600.00	 533.33	 58.00	 41	 0.11	 
p_142	 2	 4	 2352.1.jpg	 5.155981e+02	 11	 8.925945e+02	 110	 5.999493e+02	 98	 5.166147e+02	 616.67	 533.33	 8.00	 12	 0.81	 
p_142	 2	 4	 8280.jpg	 5.175981e+02	 22	 7.965116e+02	 220	 5.332859e+02	 98	 5.186147e+02	 616.67	 550.00	 49.00	 48	 0.26	 
p_142	 2	 4	 2058.jpg	 5.195981e+02	 12	 999000	 120	 999000	 999	 5.206148e+02	 616.67	 550.00	 5.00	 7	 0.84	 
p_142	 2	 4	 8170.jpg	 5.215981e+02	 24	 999000	 240	 999000	 999	 5.226148e+02	 616.67	 550.00	 55.00	 46	 0.23	 
p_142	 2	 4	 8208.jpg	 5.275983e+02	 24	 999000	 240	 999000	 999	 5.286149e+02	 616.67	 550.00	 41.00	 47	 0.35	 
p_142	 2	 4	 7390.jpg	 5.295982e+02	 24	 999000	 240	 999000	 999	 5.306149e+02	 616.67	 550.00	 50.00	 35	 0.26	 
