subjectID	 order	 runNum	 itemName	 onsetTime	 shuff_trialType	 RT	 respInTime	 CueTime	 response	 fixationTime	 ladder1	 ladder2	 bidIndex	 itemNameIndex	 bidValue	 
p_144	 2	 15	 4640.jpg	 1.850957e+03	 12	 999000	 120	 999000	 999	 1.851974e+03	 550.00	 483.33	 15.00	 23	 0.71	 
p_144	 2	 15	 7200.jpg	 1.853941e+03	 11	 9.126463e+02	 110	 5.499360e+02	 98	 1.854957e+03	 566.67	 483.33	 16.00	 32	 0.71	 
p_144	 2	 15	 7482.jpg	 1.857941e+03	 24	 999000	 240	 999000	 999	 1.858958e+03	 566.67	 483.33	 56.00	 39	 0.17	 
p_144	 2	 15	 8502.jpg	 1.859941e+03	 11	 8.404827e+02	 110	 5.666197e+02	 98	 1.860958e+03	 583.33	 483.33	 9.00	 58	 0.75	 
p_144	 2	 15	 2655.jpg	 1.861941e+03	 11	 1.168429e+03	 1100	 5.833058e+02	 98	 1.862958e+03	 533.33	 483.33	 17.00	 16	 0.68	 
p_144	 2	 15	 7480.jpg	 1.865941e+03	 11	 7.362900e+02	 110	 5.332598e+02	 98	 1.866958e+03	 550.00	 483.33	 11.00	 38	 0.73	 
p_144	 2	 15	 8340.jpg	 1.867941e+03	 24	 999000	 240	 999000	 999	 1.868958e+03	 550.00	 483.33	 50.00	 49	 0.23	 
p_144	 2	 15	 8470.jpg	 1.872941e+03	 12	 999000	 120	 999000	 999	 1.873958e+03	 550.00	 483.33	 21.00	 55	 0.63	 
p_144	 2	 15	 4628.jpg	 1.874941e+03	 22	 7.520542e+02	 220	 4.832877e+02	 98	 1.875958e+03	 550.00	 500.00	 48.00	 22	 0.29	 
p_144	 2	 15	 1721.jpg	 1.877941e+03	 12	 999000	 120	 999000	 999	 1.878958e+03	 550.00	 500.00	 18.00	 5	 0.68	 
p_144	 2	 15	 8420.jpg	 1.880942e+03	 22	 7.838773e+02	 220	 4.999307e+02	 98	 1.881958e+03	 550.00	 516.67	 43.00	 52	 0.35	 
p_144	 2	 15	 8500.jpg	 1.884942e+03	 12	 999000	 120	 999000	 999	 1.885958e+03	 550.00	 516.67	 4.00	 57	 0.86	 
p_144	 2	 15	 7508.jpg	 1.887942e+03	 22	 7.836758e+02	 220	 5.166004e+02	 98	 1.888958e+03	 550.00	 533.33	 51.00	 41	 0.20	 
p_144	 2	 15	 7291.jpg	 1.889942e+03	 24	 999000	 240	 999000	 999	 1.890958e+03	 550.00	 533.33	 42.00	 34	 0.40	 
p_144	 2	 15	 4610.jpg	 1.892942e+03	 11	 7.994903e+02	 110	 5.499493e+02	 98	 1.893958e+03	 566.67	 533.33	 8.00	 18	 0.76	 
p_144	 2	 15	 2058.jpg	 1.896942e+03	 12	 999000	 120	 999000	 999	 1.897959e+03	 566.67	 533.33	 6.00	 7	 0.80	 
p_144	 2	 15	 8280.jpg	 1.899942e+03	 24	 999000	 240	 999000	 999	 1.900959e+03	 566.67	 533.33	 41.00	 48	 0.40	 
p_144	 2	 15	 1540.jpg	 1.901942e+03	 11	 7.992922e+02	 110	 5.666217e+02	 98	 1.902959e+03	 583.33	 533.33	 14.00	 1	 0.71	 
p_144	 2	 15	 8510.jpg	 1.903942e+03	 24	 999000	 240	 999000	 999	 1.904959e+03	 583.33	 533.33	 58.00	 59	 0.12	 
p_144	 2	 15	 2352.1.jpg	 1.908942e+03	 12	 999000	 120	 999000	 999	 1.909959e+03	 583.33	 533.33	 19.00	 12	 0.68	 
p_144	 2	 15	 5199.jpg	 1.912942e+03	 12	 999000	 120	 999000	 999	 1.913959e+03	 583.33	 533.33	 20.00	 25	 0.66	 
p_144	 2	 15	 2155.jpg	 1.916942e+03	 12	 999000	 120	 999000	 999	 1.917959e+03	 583.33	 533.33	 10.00	 8	 0.74	 
p_144	 2	 15	 7499.jpg	 1.922927e+03	 22	 7.663283e+02	 220	 5.322558e+02	 98	 1.923959e+03	 583.33	 550.00	 49.00	 40	 0.27	 
p_144	 2	 15	 8499.jpg	 1.924943e+03	 24	 999000	 240	 999000	 999	 1.925959e+03	 583.33	 550.00	 57.00	 56	 0.13	 
p_144	 2	 15	 5480.jpg	 1.926927e+03	 24	 999000	 240	 999000	 999	 1.927943e+03	 583.33	 550.00	 44.00	 27	 0.35	 
p_144	 2	 15	 5626.jpg	 1.928927e+03	 24	 999000	 240	 999000	 999	 1.929943e+03	 583.33	 550.00	 52.00	 28	 0.20	 
p_144	 2	 15	 8467.jpg	 1.930927e+03	 22	 1.029938e+03	 2200	 5.487842e+02	 98	 1.931959e+03	 583.33	 500.00	 54.00	 54	 0.18	 
p_144	 2	 15	 8130.jpg	 1.934943e+03	 24	 999000	 240	 999000	 999	 1.935960e+03	 583.33	 500.00	 45.00	 44	 0.34	 
p_144	 2	 15	 2209.jpg	 1.936927e+03	 12	 999000	 120	 999000	 999	 1.937943e+03	 583.33	 500.00	 3.00	 9	 0.87	 
p_144	 2	 15	 4641.jpg	 1.940943e+03	 12	 999000	 120	 999000	 999	 1.941960e+03	 583.33	 500.00	 12.00	 24	 0.72	 
p_144	 2	 15	 4612.jpg	 1.942927e+03	 12	 999000	 120	 999000	 999	 1.943943e+03	 583.33	 500.00	 13.00	 19	 0.72	 
p_144	 2	 15	 8090.jpg	 1.944943e+03	 24	 999000	 240	 999000	 999	 1.945960e+03	 583.33	 500.00	 55.00	 43	 0.18	 
p_144	 2	 15	 8371.jpg	 1.946943e+03	 24	 999000	 240	 999000	 999	 1.947960e+03	 583.33	 500.00	 53.00	 50	 0.18	 
p_144	 2	 15	 8540.jpg	 1.951943e+03	 12	 999000	 120	 999000	 999	 1.952960e+03	 583.33	 500.00	 22.00	 60	 0.60	 
p_144	 2	 15	 5982.jpg	 1.953943e+03	 22	 999000	 2	 4.999379e+02	 999	 1.954960e+03	 583.33	 450.00	 46.00	 31	 0.30	 
p_144	 2	 15	 5260.jpg	 1.955943e+03	 24	 999000	 240	 999000	 999	 1.956960e+03	 583.33	 450.00	 39.00	 26	 0.43	 
p_144	 2	 15	 8461.jpg	 1.958943e+03	 12	 999000	 120	 999000	 999	 1.959960e+03	 583.33	 450.00	 7.00	 53	 0.77	 
p_144	 2	 15	 7390.jpg	 1.965927e+03	 24	 999000	 240	 999000	 999	 1.966944e+03	 583.33	 450.00	 47.00	 35	 0.30	 
p_144	 2	 15	 2398.jpg	 1.969927e+03	 24	 999000	 240	 999000	 999	 1.970944e+03	 583.33	 450.00	 40.00	 14	 0.42	 
p_144	 2	 15	 4597.jpg	 1.976927e+03	 12	 999000	 120	 999000	 999	 1.977944e+03	 583.33	 450.00	 5.00	 17	 0.85	 
