subjectID	 order	 runNum	 itemName	 onsetTime	 shuff_trialType	 RT	 respInTime	 CueTime	 response	 fixationTime	 ladder1	 ladder2	 bidIndex	 itemNameIndex	 bidValue	 
p_142	 2	 8	 8420.jpg	 9.693538e+02	 24	 999000	 240	 999000	 999	 9.703705e+02	 650.00	 516.67	 39.00	 52	 0.39	 
p_142	 2	 8	 8467.jpg	 9.723539e+02	 24	 999000	 240	 999000	 999	 9.733705e+02	 650.00	 516.67	 42.00	 54	 0.35	 
p_142	 2	 8	 2362.jpg	 9.763545e+02	 12	 999000	 120	 999000	 999	 9.773706e+02	 650.00	 516.67	 18.00	 13	 0.65	 
p_142	 2	 8	 4641.jpg	 9.783541e+02	 11	 9.368474e+02	 110	 6.498153e+02	 98	 9.793873e+02	 666.67	 516.67	 16.00	 24	 0.73	 
p_142	 2	 8	 8500.jpg	 9.803540e+02	 12	 999000	 120	 999000	 999	 9.813706e+02	 666.67	 516.67	 7.00	 57	 0.81	 
p_142	 2	 8	 4610.jpg	 9.843543e+02	 11	 9.685150e+02	 110	 6.663592e+02	 98	 9.853875e+02	 683.33	 516.67	 9.00	 18	 0.78	 
p_142	 2	 8	 1721.jpg	 9.863541e+02	 24	 999000	 240	 999000	 999	 9.873707e+02	 683.33	 516.67	 52.00	 5	 0.25	 
p_142	 2	 8	 5260.jpg	 9.913544e+02	 22	 6.323202e+02	 220	 5.163153e+02	 98	 9.923874e+02	 683.33	 533.33	 51.00	 26	 0.25	 
p_142	 2	 8	 5199.jpg	 9.933542e+02	 12	 999000	 120	 999000	 999	 9.943708e+02	 683.33	 533.33	 22.00	 25	 0.63	 
p_142	 2	 8	 8208.jpg	 9.963544e+02	 24	 999000	 240	 999000	 999	 9.973708e+02	 683.33	 533.33	 41.00	 47	 0.35	 
p_142	 2	 8	 8499.jpg	 9.993545e+02	 12	 999000	 120	 999000	 999	 1.000371e+03	 683.33	 533.33	 19.00	 56	 0.64	 
p_142	 2	 8	 5480.jpg	 1.003354e+03	 24	 999000	 240	 999000	 999	 1.004371e+03	 683.33	 533.33	 45.00	 27	 0.31	 
p_142	 2	 8	 7390.jpg	 1.006354e+03	 24	 999000	 240	 999000	 999	 1.007371e+03	 683.33	 533.33	 50.00	 35	 0.26	 
p_142	 2	 8	 2550.jpg	 1.008354e+03	 22	 8.241021e+02	 220	 5.333026e+02	 98	 1.009371e+03	 683.33	 550.00	 46.00	 15	 0.30	 
p_142	 2	 8	 5626.jpg	 1.011354e+03	 24	 999000	 240	 999000	 999	 1.012371e+03	 683.33	 550.00	 57.00	 28	 0.12	 
p_142	 2	 8	 7499.jpg	 1.015354e+03	 24	 999000	 240	 999000	 999	 1.016371e+03	 683.33	 550.00	 53.00	 40	 0.24	 
p_142	 2	 8	 2347.jpg	 1.018355e+03	 12	 999000	 120	 999000	 999	 1.019371e+03	 683.33	 550.00	 20.00	 11	 0.64	 
p_142	 2	 8	 4628.jpg	 1.020355e+03	 12	 999000	 120	 999000	 999	 1.021371e+03	 683.33	 550.00	 6.00	 22	 0.83	 
p_142	 2	 8	 7260.jpg	 1.022355e+03	 24	 999000	 240	 999000	 999	 1.023371e+03	 683.33	 550.00	 47.00	 33	 0.29	 
p_142	 2	 8	 8158.jpg	 1.027355e+03	 24	 999000	 240	 999000	 999	 1.028371e+03	 683.33	 550.00	 44.00	 45	 0.31	 
p_142	 2	 8	 2209.jpg	 1.031355e+03	 12	 999000	 120	 999000	 999	 1.032371e+03	 683.33	 550.00	 12.00	 9	 0.76	 
p_142	 2	 8	 8371.jpg	 1.035355e+03	 24	 999000	 240	 999000	 999	 1.036371e+03	 683.33	 550.00	 56.00	 50	 0.17	 
p_142	 2	 8	 2345.jpg	 1.041355e+03	 11	 1.215059e+03	 1100	 6.832524e+02	 98	 1.042388e+03	 633.33	 550.00	 14.00	 10	 0.73	 
p_142	 2	 8	 4640.jpg	 1.043355e+03	 12	 999000	 120	 999000	 999	 1.044371e+03	 633.33	 550.00	 15.00	 23	 0.73	 
p_142	 2	 8	 1590.jpg	 1.045355e+03	 22	 8.790263e+02	 220	 5.499645e+02	 98	 1.046371e+03	 633.33	 566.67	 48.00	 2	 0.29	 
p_142	 2	 8	 1660.jpg	 1.047355e+03	 22	 8.149275e+02	 220	 5.666282e+02	 98	 1.048371e+03	 633.33	 583.33	 54.00	 3	 0.23	 
p_142	 2	 8	 8090.jpg	 1.049355e+03	 22	 8.069246e+02	 220	 5.834537e+02	 98	 1.050372e+03	 633.33	 600.00	 43.00	 43	 0.34	 
p_142	 2	 8	 8280.jpg	 1.053355e+03	 22	 1.030716e+03	 2200	 5.999243e+02	 98	 1.054372e+03	 633.33	 550.00	 49.00	 48	 0.26	 
p_142	 2	 8	 7508.jpg	 1.055355e+03	 24	 999000	 240	 999000	 999	 1.056372e+03	 633.33	 550.00	 58.00	 41	 0.11	 
p_142	 2	 8	 8510.jpg	 1.059355e+03	 12	 999000	 120	 999000	 999	 1.060372e+03	 633.33	 550.00	 21.00	 59	 0.64	 
p_142	 2	 8	 8170.jpg	 1.061355e+03	 24	 999000	 240	 999000	 999	 1.062372e+03	 633.33	 550.00	 55.00	 46	 0.23	 
p_142	 2	 8	 4612.jpg	 1.063355e+03	 12	 999000	 120	 999000	 999	 1.064372e+03	 633.33	 550.00	 10.00	 19	 0.76	 
p_142	 2	 8	 2030.jpg	 1.065355e+03	 11	 9.344422e+02	 110	 6.332988e+02	 98	 1.066372e+03	 650.00	 550.00	 17.00	 6	 0.68	 
p_142	 2	 8	 4597.jpg	 1.070355e+03	 12	 999000	 120	 999000	 999	 1.071372e+03	 650.00	 550.00	 13.00	 17	 0.76	 
p_142	 2	 8	 2655.jpg	 1.072355e+03	 11	 1.022247e+03	 1100	 6.499659e+02	 98	 1.073372e+03	 600.00	 550.00	 11.00	 16	 0.76	 
p_142	 2	 8	 1540.jpg	 1.074355e+03	 12	 999000	 120	 999000	 999	 1.075372e+03	 600.00	 550.00	 3.00	 1	 0.85	 
p_142	 2	 8	 2155.jpg	 1.077355e+03	 12	 999000	 120	 999000	 999	 1.078372e+03	 600.00	 550.00	 4.00	 8	 0.85	 
p_142	 2	 8	 2352.1.jpg	 1.084355e+03	 11	 9.338358e+02	 110	 5.999171e+02	 98	 1.085389e+03	 616.67	 550.00	 8.00	 12	 0.81	 
p_142	 2	 8	 2058.jpg	 1.088355e+03	 12	 999000	 120	 999000	 999	 1.089372e+03	 616.67	 550.00	 5.00	 7	 0.84	 
p_142	 2	 8	 8380.jpg	 1.095356e+03	 24	 999000	 240	 999000	 999	 1.096372e+03	 616.67	 550.00	 40.00	 51	 0.35	 
