subjectID	 order	 runNum	 itemName	 onsetTime	 shuff_trialType	 RT	 respInTime	 CueTime	 response	 fixationTime	 ladder1	 ladder2	 bidIndex	 itemNameIndex	 bidValue	 
p_149	 1	 12	 8170.jpg	 1.527668e+03	 11	 8.651213e+02	 110	 6.500016e+02	 98	 1.528685e+03	 666.67	 650.00	 12.00	 46	 0.72	 
p_149	 1	 12	 2209.jpg	 1.530652e+03	 24	 5.136555e+02	 24	 999000	 98	 1.531668e+03	 666.67	 650.00	 51.00	 9	 0.26	 
p_149	 1	 12	 8340.jpg	 1.534652e+03	 11	 9.215203e+02	 110	 6.666045e+02	 98	 1.535669e+03	 683.33	 650.00	 10.00	 49	 0.73	 
p_149	 1	 12	 8500.jpg	 1.536652e+03	 24	 999000	 240	 999000	 999	 1.537669e+03	 683.33	 650.00	 56.00	 57	 0.16	 
p_149	 1	 12	 7480.jpg	 1.538652e+03	 24	 999000	 240	 999000	 999	 1.539669e+03	 683.33	 650.00	 43.00	 38	 0.34	 
p_149	 1	 12	 5814.jpg	 1.542652e+03	 12	 999000	 120	 999000	 999	 1.543669e+03	 683.33	 650.00	 5.00	 29	 0.83	 
p_149	 1	 12	 8001.jpg	 1.544652e+03	 24	 999000	 240	 999000	 999	 1.545669e+03	 683.33	 650.00	 57.00	 42	 0.15	 
p_149	 1	 12	 2347.jpg	 1.549652e+03	 24	 999000	 240	 999000	 999	 1.550669e+03	 683.33	 650.00	 40.00	 11	 0.39	 
p_149	 1	 12	 2058.jpg	 1.551652e+03	 12	 999000	 120	 999000	 999	 1.552669e+03	 683.33	 650.00	 9.00	 7	 0.75	 
p_149	 1	 12	 5199.jpg	 1.554652e+03	 12	 999000	 120	 999000	 999	 1.555669e+03	 683.33	 650.00	 8.00	 25	 0.77	 
p_149	 1	 12	 5260.jpg	 1.557652e+03	 12	 999000	 120	 999000	 999	 1.558669e+03	 683.33	 650.00	 14.00	 26	 0.70	 
p_149	 1	 12	 4610.jpg	 1.561653e+03	 12	 999000	 120	 999000	 999	 1.562669e+03	 683.33	 650.00	 20.00	 18	 0.64	 
p_149	 1	 12	 2352.1.jpg	 1.564653e+03	 22	 9.046672e+02	 220	 6.499458e+02	 98	 1.565669e+03	 683.33	 666.67	 52.00	 12	 0.24	 
p_149	 1	 12	 2030.jpg	 1.566653e+03	 11	 9.286008e+02	 110	 6.833101e+02	 98	 1.567669e+03	 700.00	 666.67	 18.00	 6	 0.64	 
p_149	 1	 12	 7499.jpg	 1.569653e+03	 11	 9.205290e+02	 110	 6.999630e+02	 98	 1.570669e+03	 716.67	 666.67	 7.00	 40	 0.78	 
p_149	 1	 12	 2550.jpg	 1.573653e+03	 22	 9.043421e+02	 220	 6.666028e+02	 98	 1.574670e+03	 716.67	 683.33	 50.00	 15	 0.26	 
p_149	 1	 12	 8420.jpg	 1.576638e+03	 11	 9.677403e+02	 110	 7.153988e+02	 98	 1.577670e+03	 733.33	 683.33	 15.00	 52	 0.68	 
p_149	 1	 12	 5829.jpg	 1.578653e+03	 12	 999000	 120	 999000	 999	 1.579670e+03	 733.33	 683.33	 11.00	 30	 0.72	 
p_149	 1	 12	 2155.jpg	 1.580653e+03	 24	 999000	 240	 999000	 999	 1.581670e+03	 733.33	 683.33	 49.00	 8	 0.26	 
p_149	 1	 12	 7508.jpg	 1.585653e+03	 24	 999000	 240	 999000	 999	 1.586670e+03	 733.33	 683.33	 41.00	 41	 0.38	 
p_149	 1	 12	 8467.jpg	 1.589638e+03	 24	 999000	 240	 999000	 999	 1.590653e+03	 733.33	 683.33	 55.00	 54	 0.17	 
p_149	 1	 12	 2655.jpg	 1.593638e+03	 12	 999000	 120	 999000	 999	 1.594653e+03	 733.33	 683.33	 22.00	 16	 0.64	 
p_149	 1	 12	 4641.jpg	 1.599654e+03	 12	 999000	 120	 999000	 999	 1.600670e+03	 733.33	 683.33	 16.00	 24	 0.68	 
p_149	 1	 12	 8090.jpg	 1.601638e+03	 24	 999000	 240	 999000	 999	 1.602654e+03	 733.33	 683.33	 58.00	 43	 0.14	 
p_149	 1	 12	 8371.jpg	 1.603654e+03	 11	 1.079533e+03	 1100	 7.333051e+02	 98	 1.604670e+03	 683.33	 683.33	 13.00	 50	 0.72	 
p_149	 1	 12	 7430.jpg	 1.605654e+03	 24	 999000	 240	 999000	 999	 1.606670e+03	 683.33	 683.33	 54.00	 36	 0.17	 
p_149	 1	 12	 5626.jpg	 1.607638e+03	 12	 999000	 120	 999000	 999	 1.608654e+03	 683.33	 683.33	 3.00	 28	 0.86	 
p_149	 1	 12	 4597.jpg	 1.611654e+03	 12	 999000	 120	 999000	 999	 1.612671e+03	 683.33	 683.33	 19.00	 17	 0.64	 
p_149	 1	 12	 8470.jpg	 1.613654e+03	 24	 999000	 240	 999000	 999	 1.614671e+03	 683.33	 683.33	 48.00	 55	 0.28	 
p_149	 1	 12	 7470.jpg	 1.617654e+03	 22	 9.590891e+02	 220	 6.832694e+02	 98	 1.618671e+03	 683.33	 700.00	 53.00	 37	 0.18	 
p_149	 1	 12	 4612.jpg	 1.619654e+03	 12	 999000	 120	 999000	 999	 1.620671e+03	 683.33	 700.00	 21.00	 19	 0.64	 
p_149	 1	 12	 2345.jpg	 1.621637e+03	 22	 1.063665e+03	 2200	 6.999664e+02	 98	 1.622654e+03	 683.33	 650.00	 45.00	 10	 0.32	 
p_149	 1	 12	 8510.jpg	 1.623638e+03	 12	 999000	 120	 999000	 999	 1.624654e+03	 683.33	 650.00	 4.00	 59	 0.84	 
p_149	 1	 12	 4628.jpg	 1.628638e+03	 22	 9.351986e+02	 220	 6.496751e+02	 98	 1.629671e+03	 683.33	 666.67	 47.00	 22	 0.31	 
p_149	 1	 12	 1721.jpg	 1.630638e+03	 12	 999000	 120	 999000	 999	 1.631654e+03	 683.33	 666.67	 6.00	 5	 0.80	 
p_149	 1	 12	 7200.jpg	 1.632638e+03	 24	 999000	 240	 999000	 999	 1.633654e+03	 683.33	 666.67	 42.00	 32	 0.37	 
p_149	 1	 12	 4614.jpg	 1.635638e+03	 22	 9.430637e+02	 220	 6.664334e+02	 98	 1.636671e+03	 683.33	 683.33	 44.00	 20	 0.33	 
p_149	 1	 12	 8540.jpg	 1.642638e+03	 24	 999000	 240	 999000	 999	 1.643655e+03	 683.33	 683.33	 46.00	 60	 0.31	 
p_149	 1	 12	 7260.jpg	 1.646638e+03	 24	 999000	 240	 999000	 999	 1.647655e+03	 683.33	 683.33	 39.00	 33	 0.41	 
p_149	 1	 12	 8208.jpg	 1.653638e+03	 12	 999000	 120	 999000	 999	 1.654655e+03	 683.33	 683.33	 17.00	 47	 0.64	 
