subjectID	 order	 runNum	 itemName	 onsetTime	 shuff_trialType	 RT	 respInTime	 CueTime	 response	 fixationTime	 ladder1	 ladder2	 bidIndex	 itemNameIndex	 bidValue	 
p_148	 2	 10	 7390.jpg	 1.149476e+03	 12	 999000	 120	 999000	 999	 1.150493e+03	 783.33	 716.67	 6.00	 35	 0.80	 
p_148	 2	 10	 2209.jpg	 1.151459e+03	 12	 999000	 120	 999000	 999	 1.152476e+03	 783.33	 716.67	 18.00	 9	 0.63	 
p_148	 2	 10	 5626.jpg	 1.155476e+03	 12	 999000	 120	 999000	 999	 1.156493e+03	 783.33	 716.67	 13.00	 28	 0.74	 
p_148	 2	 10	 8130.jpg	 1.158476e+03	 24	 999000	 240	 999000	 999	 1.159492e+03	 783.33	 716.67	 44.00	 44	 0.30	 
p_148	 2	 10	 8170.jpg	 1.160476e+03	 24	 999000	 240	 999000	 999	 1.161492e+03	 783.33	 716.67	 39.00	 46	 0.41	 
p_148	 2	 10	 7482.jpg	 1.163476e+03	 11	 9.688390e+02	 110	 7.832656e+02	 98	 1.164509e+03	 800.00	 716.67	 11.00	 39	 0.75	 
p_148	 2	 10	 4628.jpg	 1.167475e+03	 22	 9.529562e+02	 220	 7.165647e+02	 98	 1.168509e+03	 800.00	 733.33	 43.00	 22	 0.31	 
p_148	 2	 10	 5480.jpg	 1.171475e+03	 24	 999000	 240	 999000	 999	 1.172492e+03	 800.00	 733.33	 41.00	 27	 0.39	 
p_148	 2	 10	 2655.jpg	 1.173475e+03	 22	 9.371035e+02	 220	 7.332410e+02	 98	 1.174509e+03	 800.00	 750.00	 48.00	 16	 0.27	 
p_148	 2	 10	 1720.jpg	 1.178475e+03	 12	 999000	 120	 999000	 999	 1.179492e+03	 800.00	 750.00	 19.00	 4	 0.62	 
p_148	 2	 10	 4612.jpg	 1.180475e+03	 11	 1.009344e+03	 110	 7.999129e+02	 98	 1.181508e+03	 816.67	 750.00	 16.00	 19	 0.65	 
p_148	 2	 10	 8090.jpg	 1.182475e+03	 22	 9.773727e+02	 220	 7.499204e+02	 98	 1.183508e+03	 816.67	 766.67	 54.00	 43	 0.23	 
p_148	 2	 10	 4641.jpg	 1.188475e+03	 11	 1.025561e+03	 1100	 8.165482e+02	 98	 1.189508e+03	 766.67	 766.67	 8.00	 24	 0.77	 
p_148	 2	 10	 2398.jpg	 1.190474e+03	 24	 999000	 240	 999000	 999	 1.191491e+03	 766.67	 766.67	 42.00	 14	 0.36	 
p_148	 2	 10	 7499.jpg	 1.192474e+03	 22	 1.153679e+03	 2200	 7.665742e+02	 98	 1.193491e+03	 766.67	 716.67	 49.00	 40	 0.27	 
p_148	 2	 10	 5260.jpg	 1.194474e+03	 12	 999000	 120	 999000	 999	 1.195491e+03	 766.67	 716.67	 21.00	 26	 0.61	 
p_148	 2	 10	 8001.jpg	 1.198474e+03	 12	 999000	 120	 999000	 999	 1.199491e+03	 766.67	 716.67	 5.00	 42	 0.84	 
p_148	 2	 10	 4610.jpg	 1.202474e+03	 12	 999000	 120	 999000	 999	 1.203491e+03	 766.67	 716.67	 10.00	 18	 0.75	 
p_148	 2	 10	 2550.jpg	 1.205474e+03	 24	 999000	 240	 999000	 999	 1.206490e+03	 766.67	 716.67	 52.00	 15	 0.25	 
p_148	 2	 10	 8208.jpg	 1.209474e+03	 12	 999000	 120	 999000	 999	 1.210490e+03	 766.67	 716.67	 20.00	 47	 0.62	 
p_148	 2	 10	 8502.jpg	 1.212474e+03	 11	 9.781834e+02	 110	 7.665609e+02	 98	 1.213490e+03	 783.33	 716.67	 14.00	 58	 0.71	 
p_148	 2	 10	 8499.jpg	 1.214473e+03	 24	 999000	 240	 999000	 999	 1.215490e+03	 783.33	 716.67	 55.00	 56	 0.22	 
p_148	 2	 10	 7430.jpg	 1.218473e+03	 12	 999000	 120	 999000	 999	 1.219490e+03	 783.33	 716.67	 3.00	 36	 0.87	 
p_148	 2	 10	 8470.jpg	 1.220473e+03	 24	 999000	 240	 999000	 999	 1.221490e+03	 783.33	 716.67	 50.00	 55	 0.27	 
p_148	 2	 10	 8420.jpg	 1.222473e+03	 24	 999000	 240	 999000	 999	 1.223490e+03	 783.33	 716.67	 45.00	 52	 0.29	 
p_148	 2	 10	 5829.jpg	 1.226473e+03	 12	 999000	 120	 999000	 999	 1.227490e+03	 783.33	 716.67	 22.00	 30	 0.60	 
p_148	 2	 10	 5982.jpg	 1.228473e+03	 12	 999000	 120	 999000	 999	 1.229489e+03	 783.33	 716.67	 15.00	 31	 0.66	 
p_148	 2	 10	 8467.jpg	 1.232473e+03	 22	 7.547767e+02	 220	 7.165530e+02	 98	 1.233506e+03	 783.33	 733.33	 46.00	 54	 0.29	 
p_148	 2	 10	 8371.jpg	 1.236473e+03	 24	 999000	 240	 999000	 999	 1.237489e+03	 783.33	 733.33	 40.00	 50	 0.41	 
p_148	 2	 10	 2058.jpg	 1.239472e+03	 24	 999000	 240	 999000	 999	 1.240489e+03	 783.33	 733.33	 58.00	 7	 0.11	 
p_148	 2	 10	 2345.jpg	 1.245472e+03	 24	 999000	 240	 999000	 999	 1.246489e+03	 783.33	 733.33	 53.00	 10	 0.23	 
p_148	 2	 10	 7480.jpg	 1.247472e+03	 12	 999000	 120	 999000	 999	 1.248489e+03	 783.33	 733.33	 4.00	 38	 0.86	 
p_148	 2	 10	 2362.jpg	 1.251472e+03	 11	 9.712747e+02	 110	 7.832266e+02	 98	 1.252505e+03	 800.00	 733.33	 17.00	 13	 0.64	 
p_148	 2	 10	 4597.jpg	 1.253472e+03	 24	 999000	 240	 999000	 999	 1.254488e+03	 800.00	 733.33	 47.00	 17	 0.29	 
p_148	 2	 10	 8500.jpg	 1.255472e+03	 12	 999000	 120	 999000	 999	 1.256488e+03	 800.00	 733.33	 12.00	 57	 0.74	 
p_148	 2	 10	 8540.jpg	 1.257472e+03	 24	 999000	 240	 999000	 999	 1.258488e+03	 800.00	 733.33	 57.00	 60	 0.20	 
p_148	 2	 10	 7200.jpg	 1.262472e+03	 11	 1.027615e+03	 1100	 7.998807e+02	 98	 1.263505e+03	 750.00	 733.33	 9.00	 32	 0.77	 
p_148	 2	 10	 5199.jpg	 1.264471e+03	 12	 999000	 120	 999000	 999	 1.265488e+03	 750.00	 733.33	 7.00	 25	 0.79	 
p_148	 2	 10	 2155.jpg	 1.266471e+03	 22	 9.157272e+02	 220	 7.332674e+02	 98	 1.267505e+03	 750.00	 750.00	 51.00	 8	 0.26	 
p_148	 2	 10	 7470.jpg	 1.269471e+03	 24	 999000	 240	 999000	 999	 1.270488e+03	 750.00	 750.00	 56.00	 37	 0.20	 
