subjectID	 order	 runNum	 itemName	 onsetTime	 shuff_trialType	 RT	 respInTime	 CueTime	 response	 fixationTime	 ladder1	 ladder2	 bidIndex	 itemNameIndex	 bidValue	 
p_144	 2	 4	 7480.jpg	 3.830199e+02	 11	 8.863650e+02	 110	 6.500053e+02	 98	 3.840366e+02	 666.67	 516.67	 11.00	 38	 0.73	 
p_144	 2	 4	 4610.jpg	 3.860201e+02	 11	 8.862527e+02	 110	 6.665966e+02	 98	 3.870367e+02	 683.33	 516.67	 8.00	 18	 0.76	 
p_144	 2	 4	 1721.jpg	 3.880201e+02	 12	 1.286207e+03	 12	 999000	 98	 3.890368e+02	 683.33	 516.67	 18.00	 5	 0.68	 
p_144	 2	 4	 7200.jpg	 3.900369e+02	 11	 9.894873e+02	 110	 6.832844e+02	 98	 3.910535e+02	 700.00	 516.67	 16.00	 32	 0.71	 
p_144	 2	 4	 8540.jpg	 3.920211e+02	 12	 999000	 120	 999000	 999	 3.930369e+02	 700.00	 516.67	 22.00	 60	 0.60	 
p_144	 2	 4	 8340.jpg	 3.950370e+02	 24	 999000	 240	 999000	 999	 3.960536e+02	 700.00	 516.67	 50.00	 49	 0.23	 
p_144	 2	 4	 8280.jpg	 3.970212e+02	 24	 999000	 240	 999000	 999	 3.980370e+02	 700.00	 516.67	 41.00	 48	 0.40	 
p_144	 2	 4	 5199.jpg	 4.010371e+02	 12	 999000	 120	 999000	 999	 4.020538e+02	 700.00	 516.67	 20.00	 25	 0.66	 
p_144	 2	 4	 8371.jpg	 4.030372e+02	 24	 9.170640e+02	 24	 999000	 98	 4.040538e+02	 700.00	 516.67	 53.00	 50	 0.18	 
p_144	 2	 4	 8500.jpg	 4.080373e+02	 12	 999000	 120	 999000	 999	 4.090539e+02	 700.00	 516.67	 4.00	 57	 0.86	 
p_144	 2	 4	 5982.jpg	 4.100373e+02	 22	 1.068949e+03	 2200	 5.166551e+02	 98	 4.110541e+02	 700.00	 466.67	 46.00	 31	 0.30	 
p_144	 2	 4	 4641.jpg	 4.140214e+02	 12	 999000	 120	 999000	 999	 4.150374e+02	 700.00	 466.67	 12.00	 24	 0.72	 
p_144	 2	 4	 7499.jpg	 4.160210e+02	 22	 1.021253e+03	 2200	 4.664671e+02	 98	 4.170543e+02	 700.00	 416.67	 49.00	 40	 0.27	 
p_144	 2	 4	 7390.jpg	 4.190209e+02	 24	 999000	 240	 999000	 999	 4.200376e+02	 700.00	 416.67	 47.00	 35	 0.30	 
p_144	 2	 4	 2209.jpg	 4.240214e+02	 12	 999000	 120	 999000	 999	 4.250377e+02	 700.00	 416.67	 3.00	 9	 0.87	 
p_144	 2	 4	 8510.jpg	 4.260213e+02	 24	 999000	 240	 999000	 999	 4.270378e+02	 700.00	 416.67	 58.00	 59	 0.12	 
p_144	 2	 4	 7508.jpg	 4.280212e+02	 22	 9.170513e+02	 220	 4.166142e+02	 98	 4.290378e+02	 700.00	 433.33	 51.00	 41	 0.20	 
p_144	 2	 4	 4628.jpg	 4.320213e+02	 22	 8.288853e+02	 220	 4.332958e+02	 98	 4.330379e+02	 700.00	 450.00	 48.00	 22	 0.29	 
p_144	 2	 4	 5480.jpg	 4.360214e+02	 24	 999000	 240	 999000	 999	 4.370380e+02	 700.00	 450.00	 44.00	 27	 0.35	 
p_144	 2	 4	 4612.jpg	 4.400215e+02	 12	 6.446686e+02	 12	 999000	 98	 4.410381e+02	 700.00	 450.00	 13.00	 19	 0.72	 
p_144	 2	 4	 8499.jpg	 4.420215e+02	 24	 999000	 240	 999000	 999	 4.430382e+02	 700.00	 450.00	 57.00	 56	 0.13	 
p_144	 2	 4	 8420.jpg	 4.440216e+02	 22	 7.965575e+02	 220	 4.499576e+02	 98	 4.450383e+02	 700.00	 466.67	 43.00	 52	 0.35	 
p_144	 2	 4	 5626.jpg	 4.460216e+02	 24	 999000	 240	 999000	 999	 4.470383e+02	 700.00	 466.67	 52.00	 28	 0.20	 
p_144	 2	 4	 8090.jpg	 4.480217e+02	 24	 999000	 240	 999000	 999	 4.490383e+02	 700.00	 466.67	 55.00	 43	 0.18	 
p_144	 2	 4	 8130.jpg	 4.540219e+02	 24	 3.562632e+02	 24	 999000	 98	 4.550385e+02	 700.00	 466.67	 45.00	 44	 0.34	 
p_144	 2	 4	 5260.jpg	 4.570219e+02	 24	 999000	 240	 999000	 999	 4.580385e+02	 700.00	 466.67	 39.00	 26	 0.43	 
p_144	 2	 4	 2155.jpg	 4.590220e+02	 12	 999000	 120	 999000	 999	 4.600386e+02	 700.00	 466.67	 10.00	 8	 0.74	 
p_144	 2	 4	 2352.1.jpg	 4.610220e+02	 12	 999000	 120	 999000	 999	 4.620386e+02	 700.00	 466.67	 19.00	 12	 0.68	 
p_144	 2	 4	 8470.jpg	 4.640221e+02	 12	 999000	 120	 999000	 999	 4.650387e+02	 700.00	 466.67	 21.00	 55	 0.63	 
p_144	 2	 4	 7482.jpg	 4.660221e+02	 24	 999000	 240	 999000	 999	 4.670388e+02	 700.00	 466.67	 56.00	 39	 0.17	 
p_144	 2	 4	 8461.jpg	 4.680222e+02	 12	 999000	 120	 999000	 999	 4.690388e+02	 700.00	 466.67	 7.00	 53	 0.77	 
p_144	 2	 4	 4597.jpg	 4.700222e+02	 12	 999000	 120	 999000	 999	 4.710389e+02	 700.00	 466.67	 5.00	 17	 0.85	 
p_144	 2	 4	 2655.jpg	 4.730223e+02	 11	 1.163726e+03	 1100	 6.999284e+02	 98	 4.740390e+02	 650.00	 466.67	 17.00	 16	 0.68	 
p_144	 2	 4	 8467.jpg	 4.750224e+02	 22	 9.636326e+02	 220	 4.665992e+02	 98	 4.760390e+02	 650.00	 483.33	 54.00	 54	 0.18	 
p_144	 2	 4	 2398.jpg	 4.770224e+02	 24	 999000	 240	 999000	 999	 4.780391e+02	 650.00	 483.33	 40.00	 14	 0.42	 
p_144	 2	 4	 2058.jpg	 4.790225e+02	 12	 999000	 120	 999000	 999	 4.800391e+02	 650.00	 483.33	 6.00	 7	 0.80	 
p_144	 2	 4	 4640.jpg	 4.810225e+02	 12	 999000	 120	 999000	 999	 4.820392e+02	 650.00	 483.33	 15.00	 23	 0.71	 
p_144	 2	 4	 7291.jpg	 4.870227e+02	 24	 999000	 240	 999000	 999	 4.880393e+02	 650.00	 483.33	 42.00	 34	 0.40	 
p_144	 2	 4	 1540.jpg	 4.900228e+02	 11	 1.091238e+03	 1100	 6.499314e+02	 98	 4.910395e+02	 600.00	 483.33	 14.00	 1	 0.71	 
p_144	 2	 4	 8502.jpg	 4.940229e+02	 11	 1.035073e+03	 1100	 5.999258e+02	 98	 4.950395e+02	 550.00	 483.33	 9.00	 58	 0.75	 
