subjectID	 order	 runNum	 itemName	 onsetTime	 shuff_trialType	 RT	 respInTime	 CueTime	 response	 fixationTime	 ladder1	 ladder2	 bidIndex	 itemNameIndex	 bidValue	 
p_153	 1	 16	 2352.1.jpg	 1.929212e+03	 12	 999000	 120	 999000	 999	 1.930228e+03	 650.00	 716.67	 21.00	 12	 0.57	 
p_153	 1	 16	 8420.jpg	 1.932195e+03	 12	 999000	 120	 999000	 999	 1.933212e+03	 650.00	 716.67	 5.00	 52	 0.86	 
p_153	 1	 16	 8499.jpg	 1.934195e+03	 24	 999000	 240	 999000	 999	 1.935212e+03	 650.00	 716.67	 49.00	 56	 0.25	 
p_153	 1	 16	 2362.jpg	 1.936195e+03	 12	 999000	 120	 999000	 999	 1.937212e+03	 650.00	 716.67	 19.00	 13	 0.58	 
p_153	 1	 16	 8467.jpg	 1.938195e+03	 24	 999000	 240	 999000	 999	 1.939212e+03	 650.00	 716.67	 55.00	 54	 0.19	 
p_153	 1	 16	 8470.jpg	 1.941195e+03	 24	 999000	 240	 999000	 999	 1.942212e+03	 650.00	 716.67	 58.00	 55	 0.11	 
p_153	 1	 16	 7260.jpg	 1.943195e+03	 12	 999000	 120	 999000	 999	 1.944212e+03	 650.00	 716.67	 8.00	 33	 0.80	 
p_153	 1	 16	 5814.jpg	 1.947195e+03	 12	 999000	 120	 999000	 999	 1.948212e+03	 650.00	 716.67	 3.00	 29	 0.90	 
p_153	 1	 16	 8130.jpg	 1.949195e+03	 24	 999000	 240	 999000	 999	 1.950212e+03	 650.00	 716.67	 41.00	 44	 0.36	 
p_153	 1	 16	 7470.jpg	 1.954195e+03	 24	 999000	 240	 999000	 999	 1.955212e+03	 650.00	 716.67	 40.00	 37	 0.39	 
p_153	 1	 16	 4619.jpg	 1.956195e+03	 22	 9.813116e+02	 220	 7.166280e+02	 98	 1.957212e+03	 650.00	 733.33	 45.00	 21	 0.32	 
p_153	 1	 16	 2347.jpg	 1.960195e+03	 22	 9.811966e+02	 220	 7.332544e+02	 98	 1.961212e+03	 650.00	 750.00	 47.00	 11	 0.29	 
p_153	 1	 16	 5626.jpg	 1.962195e+03	 12	 999000	 120	 999000	 999	 1.963212e+03	 650.00	 750.00	 16.00	 28	 0.67	 
p_153	 1	 16	 7480.jpg	 1.965196e+03	 11	 1.013031e+03	 1100	 6.499284e+02	 98	 1.966212e+03	 600.00	 750.00	 18.00	 38	 0.63	 
p_153	 1	 16	 7499.jpg	 1.970196e+03	 24	 999000	 240	 999000	 999	 1.971212e+03	 600.00	 750.00	 46.00	 40	 0.29	 
p_153	 1	 16	 8170.jpg	 1.972196e+03	 12	 999000	 120	 999000	 999	 1.973212e+03	 600.00	 750.00	 11.00	 46	 0.78	 
p_153	 1	 16	 5260.jpg	 1.974196e+03	 11	 8.288086e+02	 110	 5.999483e+02	 98	 1.975212e+03	 616.67	 750.00	 7.00	 26	 0.82	 
p_153	 1	 16	 4641.jpg	 1.978196e+03	 24	 999000	 240	 999000	 999	 1.979212e+03	 616.67	 750.00	 42.00	 24	 0.35	 
p_153	 1	 16	 8371.jpg	 1.982196e+03	 12	 999000	 120	 999000	 999	 1.983212e+03	 616.67	 750.00	 22.00	 50	 0.56	 
p_153	 1	 16	 5982.jpg	 1.986196e+03	 11	 8.524700e+02	 110	 6.165877e+02	 98	 1.987212e+03	 633.33	 750.00	 13.00	 31	 0.73	 
p_153	 1	 16	 8208.jpg	 1.988196e+03	 12	 999000	 120	 999000	 999	 1.989213e+03	 633.33	 750.00	 20.00	 47	 0.58	 
p_153	 1	 16	 1720.jpg	 1.990196e+03	 22	 9.804000e+02	 220	 7.499660e+02	 98	 1.991213e+03	 633.33	 766.67	 44.00	 4	 0.32	 
p_153	 1	 16	 5829.jpg	 1.992196e+03	 12	 999000	 120	 999000	 999	 1.993213e+03	 633.33	 766.67	 14.00	 30	 0.73	 
p_153	 1	 16	 2030.jpg	 1.994196e+03	 12	 999000	 120	 999000	 999	 1.995213e+03	 633.33	 766.67	 17.00	 6	 0.66	 
p_153	 1	 16	 2155.jpg	 2.000196e+03	 24	 999000	 240	 999000	 999	 2.001213e+03	 633.33	 766.67	 48.00	 8	 0.28	 
p_153	 1	 16	 7482.jpg	 2.003196e+03	 12	 999000	 120	 999000	 999	 2.004213e+03	 633.33	 766.67	 6.00	 39	 0.85	 
p_153	 1	 16	 2345.jpg	 2.005196e+03	 24	 999000	 240	 999000	 999	 2.006213e+03	 633.33	 766.67	 51.00	 10	 0.22	 
p_153	 1	 16	 5199.jpg	 2.007196e+03	 24	 999000	 240	 999000	 999	 2.008213e+03	 633.33	 766.67	 43.00	 25	 0.33	 
p_153	 1	 16	 8380.jpg	 2.010196e+03	 24	 999000	 240	 999000	 999	 2.011213e+03	 633.33	 766.67	 54.00	 51	 0.22	 
p_153	 1	 16	 2209.jpg	 2.012196e+03	 24	 999000	 240	 999000	 999	 2.013213e+03	 633.33	 766.67	 39.00	 9	 0.39	 
p_153	 1	 16	 7430.jpg	 2.014196e+03	 12	 999000	 120	 999000	 999	 2.015213e+03	 633.33	 766.67	 9.00	 36	 0.79	 
p_153	 1	 16	 8510.jpg	 2.016196e+03	 12	 999000	 120	 999000	 999	 2.017213e+03	 633.33	 766.67	 4.00	 59	 0.87	 
p_153	 1	 16	 8090.jpg	 2.019196e+03	 22	 1.099485e+03	 2200	 7.665906e+02	 98	 2.020213e+03	 633.33	 716.67	 52.00	 43	 0.22	 
p_153	 1	 16	 1590.jpg	 2.021196e+03	 22	 1.019540e+03	 2200	 7.166365e+02	 98	 2.022213e+03	 633.33	 666.67	 50.00	 2	 0.25	 
p_153	 1	 16	 8540.jpg	 2.023196e+03	 24	 999000	 240	 999000	 999	 2.024213e+03	 633.33	 666.67	 57.00	 60	 0.13	 
p_153	 1	 16	 8001.jpg	 2.025196e+03	 24	 999000	 240	 999000	 999	 2.026213e+03	 633.33	 666.67	 56.00	 42	 0.14	 
p_153	 1	 16	 8158.jpg	 2.027196e+03	 11	 8.833333e+02	 110	 6.332969e+02	 98	 2.028213e+03	 650.00	 666.67	 10.00	 45	 0.79	 
p_153	 1	 16	 7200.jpg	 2.033197e+03	 11	 8.831078e+02	 110	 6.499369e+02	 98	 2.034213e+03	 666.67	 666.67	 12.00	 32	 0.74	 
p_153	 1	 16	 4614.jpg	 2.036197e+03	 22	 9.150610e+02	 220	 6.665989e+02	 98	 2.037213e+03	 666.67	 683.33	 53.00	 20	 0.22	 
p_153	 1	 16	 4597.jpg	 2.040197e+03	 11	 8.989362e+02	 110	 6.665914e+02	 98	 2.041213e+03	 683.33	 683.33	 15.00	 17	 0.72	 
