subjectID	 order	 runNum	 itemName	 onsetTime	 shuff_trialType	 RT	 respInTime	 CueTime	 response	 fixationTime	 ladder1	 ladder2	 bidIndex	 itemNameIndex	 bidValue	 
p_155	 1	 3	 1660.jpg	 2.694349e+02	 24	 999000	 240	 999000	 999	 2.704516e+02	 683.33	 616.67	 51.00	 3	 0.23	 
p_155	 1	 3	 4628.jpg	 2.724183e+02	 11	 9.520761e+02	 110	 6.832669e+02	 98	 2.734349e+02	 700.00	 616.67	 18.00	 22	 0.65	 
p_155	 1	 3	 2655.jpg	 2.764184e+02	 22	 8.959564e+02	 220	 6.165960e+02	 98	 2.774350e+02	 700.00	 633.33	 47.00	 16	 0.25	 
p_155	 1	 3	 5199.jpg	 2.784185e+02	 12	 999000	 120	 999000	 999	 2.794351e+02	 700.00	 633.33	 8.00	 25	 0.79	 
p_155	 1	 3	 8502.jpg	 2.804185e+02	 24	 999000	 240	 999000	 999	 2.814351e+02	 700.00	 633.33	 56.00	 58	 0.14	 
p_155	 1	 3	 8467.jpg	 2.844186e+02	 24	 999000	 240	 999000	 999	 2.854352e+02	 700.00	 633.33	 40.00	 54	 0.37	 
p_155	 1	 3	 2209.jpg	 2.864186e+02	 11	 9.676962e+02	 110	 6.999468e+02	 98	 2.874353e+02	 716.67	 633.33	 13.00	 9	 0.74	 
p_155	 1	 3	 8470.jpg	 2.914188e+02	 24	 999000	 240	 999000	 999	 2.924354e+02	 716.67	 633.33	 48.00	 55	 0.24	 
p_155	 1	 3	 5829.jpg	 2.934188e+02	 24	 999000	 240	 999000	 999	 2.944355e+02	 716.67	 633.33	 41.00	 30	 0.37	 
p_155	 1	 3	 7430.jpg	 2.964189e+02	 12	 999000	 120	 999000	 999	 2.974355e+02	 716.67	 633.33	 6.00	 36	 0.83	 
p_155	 1	 3	 2030.jpg	 2.994190e+02	 22	 9.832893e+02	 220	 6.332543e+02	 98	 3.004356e+02	 716.67	 650.00	 50.00	 6	 0.23	 
p_155	 1	 3	 7508.jpg	 3.034190e+02	 22	 9.511768e+02	 220	 6.499280e+02	 98	 3.044358e+02	 716.67	 666.67	 44.00	 41	 0.32	 
p_155	 1	 3	 4610.jpg	 3.064191e+02	 12	 999000	 120	 999000	 999	 3.074357e+02	 716.67	 666.67	 16.00	 18	 0.67	 
p_155	 1	 3	 8540.jpg	 3.084191e+02	 12	 999000	 120	 999000	 999	 3.094358e+02	 716.67	 666.67	 14.00	 60	 0.73	 
p_155	 1	 3	 2352.1.jpg	 3.114192e+02	 11	 1.246948e+03	 1100	 7.165925e+02	 98	 3.124360e+02	 666.67	 666.67	 15.00	 12	 0.70	 
p_155	 1	 3	 5982.jpg	 3.154193e+02	 12	 999000	 120	 999000	 999	 3.164359e+02	 666.67	 666.67	 5.00	 31	 0.83	 
p_155	 1	 3	 2155.jpg	 3.184194e+02	 12	 999000	 120	 999000	 999	 3.194360e+02	 666.67	 666.67	 4.00	 8	 0.84	 
p_155	 1	 3	 8130.jpg	 3.204194e+02	 22	 9.426889e+02	 220	 6.666120e+02	 98	 3.214361e+02	 666.67	 683.33	 53.00	 44	 0.16	 
p_155	 1	 3	 8158.jpg	 3.224195e+02	 12	 999000	 120	 999000	 999	 3.234361e+02	 666.67	 683.33	 11.00	 45	 0.77	 
p_155	 1	 3	 4612.jpg	 3.274196e+02	 12	 999000	 120	 999000	 999	 3.284362e+02	 666.67	 683.33	 20.00	 19	 0.64	 
p_155	 1	 3	 2550.jpg	 3.314197e+02	 12	 999000	 120	 999000	 999	 3.324363e+02	 666.67	 683.33	 3.00	 15	 0.84	 
p_155	 1	 3	 5480.jpg	 3.354198e+02	 24	 999000	 240	 999000	 999	 3.364364e+02	 666.67	 683.33	 39.00	 27	 0.40	 
p_155	 1	 3	 7482.jpg	 3.414199e+02	 22	 9.660236e+02	 220	 6.832639e+02	 98	 3.424365e+02	 666.67	 700.00	 45.00	 39	 0.32	 
p_155	 1	 3	 7390.jpg	 3.434199e+02	 11	 1.157996e+03	 1100	 6.666209e+02	 98	 3.444366e+02	 616.67	 700.00	 12.00	 35	 0.75	 
p_155	 1	 3	 2058.jpg	 3.454200e+02	 12	 999000	 120	 999000	 999	 3.464366e+02	 616.67	 700.00	 19.00	 7	 0.64	 
p_155	 1	 3	 1720.jpg	 3.474200e+02	 24	 999000	 240	 999000	 999	 3.484367e+02	 616.67	 700.00	 43.00	 4	 0.33	 
p_155	 1	 3	 5260.jpg	 3.494201e+02	 12	 999000	 120	 999000	 999	 3.504367e+02	 616.67	 700.00	 21.00	 26	 0.63	 
p_155	 1	 3	 4597.jpg	 3.534202e+02	 11	 9.737184e+02	 110	 6.165946e+02	 98	 3.544368e+02	 633.33	 700.00	 7.00	 17	 0.79	 
p_155	 1	 3	 1590.jpg	 3.554202e+02	 24	 999000	 240	 999000	 999	 3.564368e+02	 633.33	 700.00	 55.00	 2	 0.15	 
p_155	 1	 3	 4619.jpg	 3.594203e+02	 12	 999000	 120	 999000	 999	 3.604369e+02	 633.33	 700.00	 22.00	 21	 0.63	 
p_155	 1	 3	 8340.jpg	 3.614203e+02	 24	 999000	 240	 999000	 999	 3.624370e+02	 633.33	 700.00	 57.00	 49	 0.13	 
p_155	 1	 3	 8090.jpg	 3.634204e+02	 22	 1.045420e+03	 2200	 6.999591e+02	 98	 3.644370e+02	 633.33	 650.00	 52.00	 43	 0.16	 
p_155	 1	 3	 8001.jpg	 3.654204e+02	 24	 999000	 240	 999000	 999	 3.664371e+02	 633.33	 650.00	 49.00	 42	 0.23	 
p_155	 1	 3	 8170.jpg	 3.704206e+02	 11	 9.091703e+02	 110	 6.332584e+02	 98	 3.714372e+02	 650.00	 650.00	 10.00	 46	 0.78	 
p_155	 1	 3	 4641.jpg	 3.724206e+02	 12	 999000	 120	 999000	 999	 3.734372e+02	 650.00	 650.00	 17.00	 24	 0.66	 
p_155	 1	 3	 5814.jpg	 3.744206e+02	 12	 999000	 120	 999000	 999	 3.754373e+02	 650.00	 650.00	 9.00	 29	 0.78	 
p_155	 1	 3	 1721.jpg	 3.774207e+02	 24	 999000	 240	 999000	 999	 3.784373e+02	 650.00	 650.00	 58.00	 5	 0.10	 
p_155	 1	 3	 8500.jpg	 3.844209e+02	 24	 999000	 240	 999000	 999	 3.854375e+02	 650.00	 650.00	 42.00	 57	 0.35	 
p_155	 1	 3	 5626.jpg	 3.884210e+02	 24	 999000	 240	 999000	 999	 3.894376e+02	 650.00	 650.00	 46.00	 28	 0.26	 
p_155	 1	 3	 8280.jpg	 3.954211e+02	 24	 999000	 240	 999000	 999	 3.964378e+02	 650.00	 650.00	 54.00	 48	 0.16	 
