subjectID	 order	 runNum	 itemName	 onsetTime	 shuff_trialType	 RT	 respInTime	 CueTime	 response	 fixationTime	 ladder1	 ladder2	 bidIndex	 itemNameIndex	 bidValue	 
p_157	 1	 18	 8280.jpg	 2.440778e+03	 24	 999000	 240	 999000	 999	 2.441795e+03	 650.00	 516.67	 55.00	 48	 0.18	 
p_157	 1	 18	 4619.jpg	 2.445778e+03	 12	 999000	 120	 999000	 999	 2.446795e+03	 650.00	 516.67	 6.00	 21	 0.80	 
p_157	 1	 18	 5626.jpg	 2.447778e+03	 12	 3.615113e+02	 12	 999000	 98	 2.448795e+03	 650.00	 516.67	 22.00	 28	 0.60	 
p_157	 1	 18	 4597.jpg	 2.449778e+03	 12	 999000	 120	 999000	 999	 2.450795e+03	 650.00	 516.67	 8.00	 17	 0.79	 
p_157	 1	 18	 2655.jpg	 2.455778e+03	 12	 999000	 120	 999000	 999	 2.456795e+03	 650.00	 516.67	 9.00	 16	 0.77	 
p_157	 1	 18	 4610.jpg	 2.457778e+03	 24	 999000	 240	 999000	 999	 2.458795e+03	 650.00	 516.67	 39.00	 18	 0.41	 
p_157	 1	 18	 8502.jpg	 2.460778e+03	 22	 1.081061e+03	 2200	 5.166097e+02	 98	 2.461795e+03	 650.00	 466.67	 44.00	 58	 0.35	 
p_157	 1	 18	 1721.jpg	 2.462779e+03	 11	 1.121052e+03	 1100	 6.499722e+02	 98	 2.463795e+03	 600.00	 466.67	 10.00	 5	 0.77	 
p_157	 1	 18	 2352.1.jpg	 2.466779e+03	 24	 999000	 240	 999000	 999	 2.467795e+03	 600.00	 466.67	 42.00	 12	 0.36	 
p_157	 1	 18	 2155.jpg	 2.468779e+03	 12	 999000	 120	 999000	 999	 2.469795e+03	 600.00	 466.67	 5.00	 8	 0.83	 
p_157	 1	 18	 5829.jpg	 2.473779e+03	 12	 999000	 120	 999000	 999	 2.474795e+03	 600.00	 466.67	 14.00	 30	 0.70	 
p_157	 1	 18	 7260.jpg	 2.480779e+03	 22	 8.644852e+02	 220	 4.665834e+02	 98	 2.481796e+03	 600.00	 483.33	 45.00	 33	 0.35	 
p_157	 1	 18	 1660.jpg	 2.482779e+03	 12	 999000	 120	 999000	 999	 2.483796e+03	 600.00	 483.33	 21.00	 3	 0.62	 
p_157	 1	 18	 7499.jpg	 2.485779e+03	 11	 1.120358e+03	 1100	 5.999356e+02	 98	 2.486796e+03	 550.00	 483.33	 12.00	 40	 0.72	 
p_157	 1	 18	 5982.jpg	 2.488779e+03	 11	 1.128236e+03	 1100	 5.499466e+02	 98	 2.489796e+03	 500.00	 483.33	 18.00	 31	 0.65	 
p_157	 1	 18	 1540.jpg	 2.492779e+03	 22	 8.801026e+02	 220	 4.832469e+02	 98	 2.493813e+03	 500.00	 500.00	 52.00	 1	 0.21	 
p_157	 1	 18	 8371.jpg	 2.496779e+03	 24	 999000	 240	 999000	 999	 2.497796e+03	 500.00	 500.00	 49.00	 50	 0.26	 
p_157	 1	 18	 8170.jpg	 2.500779e+03	 24	 999000	 240	 999000	 999	 2.501796e+03	 500.00	 500.00	 40.00	 46	 0.39	 
p_157	 1	 18	 2347.jpg	 2.503779e+03	 11	 7.518319e+02	 110	 4.999415e+02	 98	 2.504796e+03	 516.67	 500.00	 7.00	 11	 0.79	 
p_157	 1	 18	 2058.jpg	 2.509780e+03	 24	 999000	 240	 999000	 999	 2.510796e+03	 516.67	 500.00	 41.00	 7	 0.37	 
p_157	 1	 18	 2550.jpg	 2.511780e+03	 12	 999000	 120	 999000	 999	 2.512796e+03	 516.67	 500.00	 11.00	 15	 0.74	 
p_157	 1	 18	 8130.jpg	 2.514780e+03	 24	 999000	 240	 999000	 999	 2.515796e+03	 516.67	 500.00	 57.00	 44	 0.15	 
p_157	 1	 18	 7291.jpg	 2.516780e+03	 24	 999000	 240	 999000	 999	 2.517796e+03	 516.67	 500.00	 56.00	 34	 0.17	 
p_157	 1	 18	 8467.jpg	 2.518780e+03	 24	 999000	 240	 999000	 999	 2.519796e+03	 516.67	 500.00	 51.00	 54	 0.22	 
p_157	 1	 18	 8499.jpg	 2.520780e+03	 24	 999000	 240	 999000	 999	 2.521796e+03	 516.67	 500.00	 58.00	 56	 0.12	 
p_157	 1	 18	 7470.jpg	 2.523780e+03	 12	 999000	 120	 999000	 999	 2.524797e+03	 516.67	 500.00	 20.00	 37	 0.63	 
p_157	 1	 18	 8540.jpg	 2.527780e+03	 24	 999000	 240	 999000	 999	 2.528797e+03	 516.67	 500.00	 46.00	 60	 0.31	 
p_157	 1	 18	 1590.jpg	 2.529780e+03	 24	 999000	 240	 999000	 999	 2.530797e+03	 516.67	 500.00	 43.00	 2	 0.36	 
p_157	 1	 18	 8001.jpg	 2.531780e+03	 22	 999000	 2	 4.999559e+02	 999	 2.532797e+03	 516.67	 450.00	 53.00	 42	 0.19	 
p_157	 1	 18	 4612.jpg	 2.533780e+03	 11	 8.949651e+02	 110	 5.166429e+02	 98	 2.534797e+03	 533.33	 450.00	 15.00	 19	 0.69	 
p_157	 1	 18	 4628.jpg	 2.535780e+03	 12	 999000	 120	 999000	 999	 2.536797e+03	 533.33	 450.00	 19.00	 22	 0.65	 
p_157	 1	 18	 7480.jpg	 2.537780e+03	 12	 999000	 120	 999000	 999	 2.538797e+03	 533.33	 450.00	 3.00	 38	 0.87	 
p_157	 1	 18	 1720.jpg	 2.541780e+03	 11	 8.307107e+02	 110	 5.332561e+02	 98	 2.542797e+03	 550.00	 450.00	 13.00	 4	 0.71	 
p_157	 1	 18	 5260.jpg	 2.545780e+03	 12	 999000	 120	 999000	 999	 2.546797e+03	 550.00	 450.00	 17.00	 26	 0.66	 
p_157	 1	 18	 8090.jpg	 2.547780e+03	 24	 999000	 240	 999000	 999	 2.548797e+03	 550.00	 450.00	 54.00	 43	 0.19	 
p_157	 1	 18	 2345.jpg	 2.549780e+03	 12	 999000	 120	 999000	 999	 2.550797e+03	 550.00	 450.00	 16.00	 10	 0.68	 
p_157	 1	 18	 8510.jpg	 2.551781e+03	 22	 7.984617e+02	 220	 4.499638e+02	 98	 2.552797e+03	 550.00	 466.67	 47.00	 59	 0.30	 
p_157	 1	 18	 8470.jpg	 2.553781e+03	 24	 999000	 240	 999000	 999	 2.554797e+03	 550.00	 466.67	 48.00	 55	 0.28	 
p_157	 1	 18	 4640.jpg	 2.559781e+03	 12	 999000	 120	 999000	 999	 2.560797e+03	 550.00	 466.67	 4.00	 23	 0.83	 
p_157	 1	 18	 8380.jpg	 2.561781e+03	 22	 7.421881e+02	 220	 4.666454e+02	 98	 2.562797e+03	 550.00	 483.33	 50.00	 51	 0.22	 
