subjectID	 order	 runNum	 itemName	 onsetTime	 shuff_trialType	 RT	 respInTime	 CueTime	 response	 fixationTime	 ladder1	 ladder2	 bidIndex	 itemNameIndex	 bidValue	 
p_158	 2	 6	 8500.jpg	 6.331814e+02	 24	 999000	 240	 999000	 999	 6.341981e+02	 583.33	 650.00	 58.00	 57	 0.10	 
p_158	 2	 6	 4597.jpg	 6.381816e+02	 24	 999000	 240	 999000	 999	 6.391982e+02	 583.33	 650.00	 39.00	 17	 0.38	 
p_158	 2	 6	 1721.jpg	 6.401816e+02	 11	 9.078619e+02	 110	 5.832907e+02	 98	 6.411984e+02	 600.00	 650.00	 8.00	 5	 0.81	 
p_158	 2	 6	 2352.1.jpg	 6.421817e+02	 12	 999000	 120	 999000	 999	 6.431983e+02	 600.00	 650.00	 15.00	 12	 0.73	 
p_158	 2	 6	 8467.jpg	 6.481819e+02	 24	 999000	 240	 999000	 999	 6.491985e+02	 600.00	 650.00	 56.00	 54	 0.12	 
p_158	 2	 6	 1540.jpg	 6.501819e+02	 11	 8.275980e+02	 110	 5.999611e+02	 98	 6.511985e+02	 616.67	 650.00	 14.00	 1	 0.74	 
p_158	 2	 6	 2550.jpg	 6.531820e+02	 12	 999000	 120	 999000	 999	 6.541986e+02	 616.67	 650.00	 4.00	 15	 0.85	 
p_158	 2	 6	 5480.jpg	 6.551820e+02	 24	 999000	 240	 999000	 999	 6.561986e+02	 616.67	 650.00	 42.00	 27	 0.36	 
p_158	 2	 6	 5260.jpg	 6.591821e+02	 12	 999000	 120	 999000	 999	 6.601987e+02	 616.67	 650.00	 21.00	 26	 0.68	 
p_158	 2	 6	 7508.jpg	 6.611821e+02	 22	 1.091308e+03	 2200	 6.499732e+02	 98	 6.621989e+02	 616.67	 600.00	 46.00	 41	 0.30	 
p_158	 2	 6	 1660.jpg	 6.661823e+02	 11	 8.990721e+02	 110	 6.165904e+02	 98	 6.671989e+02	 633.33	 600.00	 17.00	 3	 0.71	 
p_158	 2	 6	 8380.jpg	 6.731825e+02	 24	 999000	 240	 999000	 999	 6.741991e+02	 633.33	 600.00	 53.00	 51	 0.20	 
p_158	 2	 6	 7200.jpg	 6.751825e+02	 11	 8.988350e+02	 110	 6.332895e+02	 98	 6.761992e+02	 650.00	 600.00	 16.00	 32	 0.72	 
p_158	 2	 6	 2655.jpg	 6.781826e+02	 12	 999000	 120	 999000	 999	 6.791993e+02	 650.00	 600.00	 6.00	 16	 0.82	 
p_158	 2	 6	 8420.jpg	 6.811827e+02	 22	 8.666820e+02	 220	 5.999248e+02	 98	 6.821995e+02	 650.00	 616.67	 48.00	 52	 0.26	 
p_158	 2	 6	 1590.jpg	 6.851828e+02	 11	 9.225157e+02	 110	 6.499266e+02	 98	 6.861995e+02	 666.67	 616.67	 11.00	 2	 0.75	 
p_158	 2	 6	 2058.jpg	 6.891829e+02	 24	 999000	 240	 999000	 999	 6.901995e+02	 666.67	 616.67	 45.00	 7	 0.30	 
p_158	 2	 6	 1720.jpg	 6.931830e+02	 12	 999000	 120	 999000	 999	 6.941996e+02	 666.67	 616.67	 12.00	 4	 0.75	 
p_158	 2	 6	 2398.jpg	 6.961831e+02	 24	 999000	 240	 999000	 999	 6.971997e+02	 666.67	 616.67	 41.00	 14	 0.37	 
p_158	 2	 6	 2155.jpg	 7.021833e+02	 24	 999000	 240	 999000	 999	 7.031999e+02	 666.67	 616.67	 52.00	 8	 0.23	 
p_158	 2	 6	 8470.jpg	 7.041833e+02	 22	 9.619925e+02	 220	 6.166212e+02	 98	 7.051999e+02	 666.67	 633.33	 49.00	 55	 0.26	 
p_158	 2	 6	 5982.jpg	 7.071834e+02	 12	 999000	 120	 999000	 999	 7.082000e+02	 666.67	 633.33	 13.00	 31	 0.75	 
p_158	 2	 6	 8499.jpg	 7.091834e+02	 22	 1.025881e+03	 2200	 6.332734e+02	 98	 7.102000e+02	 666.67	 583.33	 54.00	 56	 0.20	 
p_158	 2	 6	 5626.jpg	 7.111834e+02	 12	 999000	 120	 999000	 999	 7.122001e+02	 666.67	 583.33	 20.00	 28	 0.70	 
p_158	 2	 6	 7470.jpg	 7.131835e+02	 11	 8.817386e+02	 110	 6.666350e+02	 98	 7.142002e+02	 683.33	 583.33	 9.00	 37	 0.79	 
p_158	 2	 6	 4614.jpg	 7.161836e+02	 24	 999000	 240	 999000	 999	 7.172002e+02	 683.33	 583.33	 44.00	 20	 0.32	 
p_158	 2	 6	 8510.jpg	 7.201837e+02	 22	 8.414939e+02	 220	 5.832490e+02	 98	 7.212004e+02	 683.33	 600.00	 51.00	 59	 0.25	 
p_158	 2	 6	 7260.jpg	 7.221837e+02	 12	 999000	 120	 999000	 999	 7.232004e+02	 683.33	 600.00	 10.00	 33	 0.77	 
p_158	 2	 6	 8540.jpg	 7.241838e+02	 24	 999000	 240	 999000	 999	 7.252004e+02	 683.33	 600.00	 47.00	 60	 0.27	 
p_158	 2	 6	 7480.jpg	 7.261838e+02	 12	 999000	 120	 999000	 999	 7.272005e+02	 683.33	 600.00	 7.00	 38	 0.81	 
p_158	 2	 6	 8170.jpg	 7.281839e+02	 12	 999000	 120	 999000	 999	 7.292005e+02	 683.33	 600.00	 22.00	 46	 0.66	 
p_158	 2	 6	 7430.jpg	 7.301839e+02	 12	 999000	 120	 999000	 999	 7.312006e+02	 683.33	 600.00	 3.00	 36	 0.86	 
p_158	 2	 6	 5829.jpg	 7.341841e+02	 12	 999000	 120	 999000	 999	 7.352007e+02	 683.33	 600.00	 19.00	 30	 0.70	 
p_158	 2	 6	 5199.jpg	 7.381842e+02	 12	 999000	 120	 999000	 999	 7.392009e+02	 683.33	 600.00	 5.00	 25	 0.84	 
p_158	 2	 6	 4628.jpg	 7.401842e+02	 24	 999000	 240	 999000	 999	 7.412008e+02	 683.33	 600.00	 50.00	 22	 0.25	 
p_158	 2	 6	 8001.jpg	 7.421842e+02	 24	 999000	 240	 999000	 999	 7.432009e+02	 683.33	 600.00	 57.00	 42	 0.11	 
p_158	 2	 6	 8280.jpg	 7.441843e+02	 22	 999000	 2	 5.999505e+02	 999	 7.452010e+02	 683.33	 550.00	 43.00	 48	 0.34	 
p_158	 2	 6	 7482.jpg	 7.461844e+02	 24	 999000	 240	 999000	 999	 7.472010e+02	 683.33	 550.00	 55.00	 39	 0.13	 
p_158	 2	 6	 8090.jpg	 7.521845e+02	 24	 999000	 240	 999000	 999	 7.532012e+02	 683.33	 550.00	 40.00	 43	 0.37	 
p_158	 2	 6	 8158.jpg	 7.541846e+02	 12	 999000	 120	 999000	 999	 7.552012e+02	 683.33	 550.00	 18.00	 45	 0.70	 
