subjectID	 order	 runNum	 itemName	 onsetTime	 shuff_trialType	 RT	 respInTime	 CueTime	 response	 fixationTime	 ladder1	 ladder2	 bidIndex	 itemNameIndex	 bidValue	 
p_150	 2	 14	 4619.jpg	 1.675452e+03	 12	 999000	 120	 999000	 999	 1.676468e+03	 716.67	 650.00	 10.00	 21	 0.75	 
p_150	 2	 14	 8499.jpg	 1.678452e+03	 22	 8.823119e+02	 220	 6.499253e+02	 98	 1.679485e+03	 716.67	 666.67	 51.00	 56	 0.23	 
p_150	 2	 14	 8170.jpg	 1.680452e+03	 11	 1.058387e+03	 1100	 7.166054e+02	 98	 1.681468e+03	 666.67	 666.67	 11.00	 46	 0.72	 
p_150	 2	 14	 7470.jpg	 1.682451e+03	 11	 9.303580e+02	 110	 6.665623e+02	 98	 1.683485e+03	 683.33	 666.67	 8.00	 37	 0.78	 
p_150	 2	 14	 7260.jpg	 1.684451e+03	 22	 8.504309e+02	 220	 6.665866e+02	 98	 1.685485e+03	 683.33	 683.33	 49.00	 33	 0.24	 
p_150	 2	 14	 5626.jpg	 1.687451e+03	 12	 999000	 120	 999000	 999	 1.688468e+03	 683.33	 683.33	 12.00	 28	 0.71	 
p_150	 2	 14	 5480.jpg	 1.689451e+03	 11	 9.226003e+02	 110	 6.832489e+02	 98	 1.690484e+03	 700.00	 683.33	 17.00	 27	 0.64	 
p_150	 2	 14	 8380.jpg	 1.693451e+03	 24	 999000	 240	 999000	 999	 1.694468e+03	 700.00	 683.33	 52.00	 51	 0.23	 
p_150	 2	 14	 2058.jpg	 1.695451e+03	 12	 999000	 120	 999000	 999	 1.696468e+03	 700.00	 683.33	 21.00	 7	 0.61	 
p_150	 2	 14	 7482.jpg	 1.700451e+03	 22	 9.148160e+02	 220	 6.831996e+02	 98	 1.701484e+03	 700.00	 700.00	 54.00	 39	 0.21	 
p_150	 2	 14	 8371.jpg	 1.702451e+03	 24	 999000	 240	 999000	 999	 1.703467e+03	 700.00	 700.00	 40.00	 50	 0.40	 
p_150	 2	 14	 8502.jpg	 1.706451e+03	 24	 999000	 240	 999000	 999	 1.707467e+03	 700.00	 700.00	 53.00	 58	 0.22	 
p_150	 2	 14	 1540.jpg	 1.708450e+03	 24	 999000	 240	 999000	 999	 1.709467e+03	 700.00	 700.00	 57.00	 1	 0.15	 
p_150	 2	 14	 4597.jpg	 1.711450e+03	 11	 7.951784e+02	 110	 6.998979e+02	 98	 1.712467e+03	 716.67	 700.00	 14.00	 17	 0.69	 
p_150	 2	 14	 7480.jpg	 1.716450e+03	 12	 999000	 120	 999000	 999	 1.717467e+03	 716.67	 700.00	 3.00	 38	 0.84	 
p_150	 2	 14	 8420.jpg	 1.718450e+03	 24	 999000	 240	 999000	 999	 1.719467e+03	 716.67	 700.00	 50.00	 52	 0.24	 
p_150	 2	 14	 8090.jpg	 1.720450e+03	 22	 9.633897e+02	 220	 6.999171e+02	 98	 1.721467e+03	 716.67	 716.67	 46.00	 43	 0.26	 
p_150	 2	 14	 7291.jpg	 1.724450e+03	 24	 999000	 240	 999000	 999	 1.725466e+03	 716.67	 716.67	 58.00	 34	 0.11	 
p_150	 2	 14	 1720.jpg	 1.728450e+03	 24	 999000	 240	 999000	 999	 1.729466e+03	 716.67	 716.67	 55.00	 4	 0.20	 
p_150	 2	 14	 8470.jpg	 1.732450e+03	 24	 999000	 240	 999000	 999	 1.733466e+03	 716.67	 716.67	 42.00	 55	 0.37	 
p_150	 2	 14	 4641.jpg	 1.734449e+03	 11	 8.997650e+02	 110	 7.165732e+02	 98	 1.735483e+03	 733.33	 716.67	 16.00	 24	 0.66	 
p_150	 2	 14	 7430.jpg	 1.736449e+03	 12	 999000	 120	 999000	 999	 1.737466e+03	 733.33	 716.67	 4.00	 36	 0.84	 
p_150	 2	 14	 8340.jpg	 1.738449e+03	 12	 999000	 120	 999000	 999	 1.739466e+03	 733.33	 716.67	 19.00	 49	 0.63	 
p_150	 2	 14	 4612.jpg	 1.740449e+03	 11	 8.039736e+02	 110	 7.332472e+02	 98	 1.741483e+03	 750.00	 716.67	 9.00	 19	 0.75	 
p_150	 2	 14	 1660.jpg	 1.746449e+03	 24	 999000	 240	 999000	 999	 1.747465e+03	 750.00	 716.67	 47.00	 3	 0.24	 
p_150	 2	 14	 2030.jpg	 1.749449e+03	 12	 999000	 120	 999000	 999	 1.750465e+03	 750.00	 716.67	 7.00	 6	 0.80	 
p_150	 2	 14	 2655.jpg	 1.751449e+03	 12	 999000	 120	 999000	 999	 1.752465e+03	 750.00	 716.67	 6.00	 16	 0.83	 
p_150	 2	 14	 5829.jpg	 1.753449e+03	 12	 999000	 120	 999000	 999	 1.754465e+03	 750.00	 716.67	 13.00	 30	 0.69	 
p_150	 2	 14	 4610.jpg	 1.756449e+03	 12	 999000	 120	 999000	 999	 1.757465e+03	 750.00	 716.67	 5.00	 18	 0.83	 
p_150	 2	 14	 8208.jpg	 1.758448e+03	 24	 999000	 240	 999000	 999	 1.759465e+03	 750.00	 716.67	 44.00	 47	 0.33	 
p_150	 2	 14	 1721.jpg	 1.760448e+03	 24	 999000	 240	 999000	 999	 1.761465e+03	 750.00	 716.67	 39.00	 5	 0.43	 
p_150	 2	 14	 2155.jpg	 1.762448e+03	 24	 999000	 240	 999000	 999	 1.763465e+03	 750.00	 716.67	 45.00	 8	 0.32	 
p_150	 2	 14	 8130.jpg	 1.765448e+03	 24	 999000	 240	 999000	 999	 1.766465e+03	 750.00	 716.67	 41.00	 44	 0.38	 
p_150	 2	 14	 7200.jpg	 1.767448e+03	 12	 999000	 120	 999000	 999	 1.768465e+03	 750.00	 716.67	 15.00	 32	 0.66	 
p_150	 2	 14	 8467.jpg	 1.769448e+03	 22	 1.068754e+03	 2200	 7.165756e+02	 98	 1.770481e+03	 750.00	 666.67	 48.00	 54	 0.24	 
p_150	 2	 14	 7508.jpg	 1.771448e+03	 12	 999000	 120	 999000	 999	 1.772464e+03	 750.00	 666.67	 18.00	 41	 0.64	 
p_150	 2	 14	 8280.jpg	 1.773448e+03	 22	 9.248221e+02	 220	 6.665839e+02	 98	 1.774481e+03	 750.00	 683.33	 43.00	 48	 0.34	 
p_150	 2	 14	 8500.jpg	 1.779448e+03	 12	 999000	 120	 999000	 999	 1.780464e+03	 750.00	 683.33	 22.00	 57	 0.61	 
p_150	 2	 14	 8158.jpg	 1.782447e+03	 12	 999000	 120	 999000	 999	 1.783464e+03	 750.00	 683.33	 20.00	 45	 0.61	 
p_150	 2	 14	 8510.jpg	 1.786447e+03	 24	 999000	 240	 999000	 999	 1.787464e+03	 750.00	 683.33	 56.00	 59	 0.17	 
