subjectID	 order	 runNum	 itemName	 onsetTime	 shuff_trialType	 RT	 respInTime	 CueTime	 response	 fixationTime	 ladder1	 ladder2	 bidIndex	 itemNameIndex	 bidValue	 
p_158	 2	 18	 5626.jpg	 2.145204e+03	 12	 999000	 120	 999000	 999	 2.146221e+03	 783.33	 783.33	 20.00	 28	 0.70	 
p_158	 2	 18	 4614.jpg	 2.150188e+03	 24	 999000	 240	 999000	 999	 2.151204e+03	 783.33	 783.33	 44.00	 20	 0.32	 
p_158	 2	 18	 2352.1.jpg	 2.152188e+03	 12	 999000	 120	 999000	 999	 2.153204e+03	 783.33	 783.33	 15.00	 12	 0.73	 
p_158	 2	 18	 8170.jpg	 2.154188e+03	 12	 999000	 120	 999000	 999	 2.155205e+03	 783.33	 783.33	 22.00	 46	 0.66	 
p_158	 2	 18	 1721.jpg	 2.160188e+03	 11	 8.643595e+02	 110	 7.833079e+02	 98	 2.161205e+03	 800.00	 783.33	 8.00	 5	 0.81	 
p_158	 2	 18	 8499.jpg	 2.162188e+03	 22	 6.083015e+02	 22	 7.833018e+02	 98	 2.163205e+03	 800.00	 800.00	 54.00	 56	 0.20	 
p_158	 2	 18	 7260.jpg	 2.165188e+03	 12	 999000	 120	 999000	 999	 2.166205e+03	 800.00	 800.00	 10.00	 33	 0.77	 
p_158	 2	 18	 8280.jpg	 2.167188e+03	 22	 8.161593e+02	 220	 7.999348e+02	 98	 2.168205e+03	 800.00	 816.67	 43.00	 48	 0.34	 
p_158	 2	 18	 8467.jpg	 2.171188e+03	 24	 999000	 240	 999000	 999	 2.172205e+03	 800.00	 816.67	 56.00	 54	 0.12	 
p_158	 2	 18	 1720.jpg	 2.173188e+03	 12	 999000	 120	 999000	 999	 2.174205e+03	 800.00	 816.67	 12.00	 4	 0.75	 
p_158	 2	 18	 5982.jpg	 2.178189e+03	 12	 999000	 120	 999000	 999	 2.179205e+03	 800.00	 816.67	 13.00	 31	 0.75	 
p_158	 2	 18	 5199.jpg	 2.185189e+03	 12	 999000	 120	 999000	 999	 2.186205e+03	 800.00	 816.67	 5.00	 25	 0.84	 
p_158	 2	 18	 7482.jpg	 2.187189e+03	 24	 999000	 240	 999000	 999	 2.188205e+03	 800.00	 816.67	 55.00	 39	 0.13	 
p_158	 2	 18	 4628.jpg	 2.190189e+03	 24	 999000	 240	 999000	 999	 2.191205e+03	 800.00	 816.67	 50.00	 22	 0.25	 
p_158	 2	 18	 7200.jpg	 2.193189e+03	 11	 8.634288e+02	 110	 7.999810e+02	 98	 2.194206e+03	 816.67	 816.67	 16.00	 32	 0.72	 
p_158	 2	 18	 2550.jpg	 2.197189e+03	 12	 999000	 120	 999000	 999	 2.198206e+03	 816.67	 816.67	 4.00	 15	 0.85	 
p_158	 2	 18	 2398.jpg	 2.201189e+03	 24	 999000	 240	 999000	 999	 2.202206e+03	 816.67	 816.67	 41.00	 14	 0.37	 
p_158	 2	 18	 8540.jpg	 2.205189e+03	 24	 999000	 240	 999000	 999	 2.206206e+03	 816.67	 816.67	 47.00	 60	 0.27	 
p_158	 2	 18	 8158.jpg	 2.208189e+03	 12	 999000	 120	 999000	 999	 2.209206e+03	 816.67	 816.67	 18.00	 45	 0.70	 
p_158	 2	 18	 5829.jpg	 2.214190e+03	 12	 999000	 120	 999000	 999	 2.215206e+03	 816.67	 816.67	 19.00	 30	 0.70	 
p_158	 2	 18	 7480.jpg	 2.216190e+03	 12	 999000	 120	 999000	 999	 2.217206e+03	 816.67	 816.67	 7.00	 38	 0.81	 
p_158	 2	 18	 8001.jpg	 2.219190e+03	 24	 999000	 240	 999000	 999	 2.220206e+03	 816.67	 816.67	 57.00	 42	 0.11	 
p_158	 2	 18	 1590.jpg	 2.221190e+03	 11	 9.345898e+02	 110	 8.166206e+02	 98	 2.222206e+03	 833.33	 816.67	 11.00	 2	 0.75	 
p_158	 2	 18	 8420.jpg	 2.223190e+03	 22	 9.665320e+02	 220	 8.166702e+02	 98	 2.224206e+03	 833.33	 833.33	 48.00	 52	 0.26	 
p_158	 2	 18	 8470.jpg	 2.225190e+03	 22	 9.024224e+02	 220	 8.332975e+02	 98	 2.226223e+03	 833.33	 850.00	 49.00	 55	 0.26	 
p_158	 2	 18	 8380.jpg	 2.228190e+03	 24	 999000	 240	 999000	 999	 2.229206e+03	 833.33	 850.00	 53.00	 51	 0.20	 
p_158	 2	 18	 2155.jpg	 2.232190e+03	 24	 999000	 240	 999000	 999	 2.233207e+03	 833.33	 850.00	 52.00	 8	 0.23	 
p_158	 2	 18	 7430.jpg	 2.234190e+03	 12	 999000	 120	 999000	 999	 2.235207e+03	 833.33	 850.00	 3.00	 36	 0.86	 
p_158	 2	 18	 2058.jpg	 2.236190e+03	 24	 9.500926e+02	 24	 999000	 98	 2.237207e+03	 833.33	 850.00	 45.00	 7	 0.30	 
p_158	 2	 18	 5260.jpg	 2.238190e+03	 12	 999000	 120	 999000	 999	 2.239207e+03	 833.33	 850.00	 21.00	 26	 0.68	 
p_158	 2	 18	 1540.jpg	 2.240190e+03	 11	 1.070005e+03	 1100	 8.332930e+02	 98	 2.241224e+03	 783.33	 850.00	 14.00	 1	 0.74	 
p_158	 2	 18	 8090.jpg	 2.242190e+03	 24	 999000	 240	 999000	 999	 2.243207e+03	 783.33	 850.00	 40.00	 43	 0.37	 
p_158	 2	 18	 8510.jpg	 2.246190e+03	 22	 1.029838e+03	 2200	 8.499363e+02	 98	 2.247207e+03	 783.33	 800.00	 51.00	 59	 0.25	 
p_158	 2	 18	 7508.jpg	 2.250190e+03	 22	 7.817007e+02	 22	 7.999749e+02	 98	 2.251207e+03	 783.33	 816.67	 46.00	 41	 0.30	 
p_158	 2	 18	 2655.jpg	 2.252190e+03	 12	 999000	 120	 999000	 999	 2.253207e+03	 783.33	 816.67	 6.00	 16	 0.82	 
p_158	 2	 18	 8500.jpg	 2.254191e+03	 24	 999000	 240	 999000	 999	 2.255207e+03	 783.33	 816.67	 58.00	 57	 0.10	 
p_158	 2	 18	 4597.jpg	 2.256191e+03	 24	 999000	 240	 999000	 999	 2.257207e+03	 783.33	 816.67	 39.00	 17	 0.38	 
p_158	 2	 18	 7470.jpg	 2.258191e+03	 11	 8.694739e+02	 110	 7.832973e+02	 98	 2.259207e+03	 800.00	 816.67	 9.00	 37	 0.79	 
p_158	 2	 18	 5480.jpg	 2.264191e+03	 24	 999000	 240	 999000	 999	 2.265207e+03	 800.00	 816.67	 42.00	 27	 0.36	 
p_158	 2	 18	 1660.jpg	 2.266191e+03	 11	 9.412323e+02	 110	 7.999520e+02	 98	 2.267207e+03	 816.67	 816.67	 17.00	 3	 0.71	 
