subjectID	 order	 runNum	 itemName	 onsetTime	 shuff_trialType	 RT	 respInTime	 CueTime	 response	 fixationTime	 ladder1	 ladder2	 bidIndex	 itemNameIndex	 bidValue	 
p_154	 2	 19	 8380.jpg	 2.358634e+03	 22	 5.383180e+02	 22	 9.166767e+02	 98	 2.359651e+03	 916.67	 916.67	 43.00	 51	 0.37	 
p_154	 2	 19	 8461.jpg	 2.363634e+03	 11	 8.340785e+02	 11	 9.166021e+02	 98	 2.364651e+03	 916.67	 916.67	 11.00	 53	 0.70	 
p_154	 2	 19	 4641.jpg	 2.365634e+03	 22	 5.221146e+02	 22	 9.166302e+02	 98	 2.366651e+03	 916.67	 916.67	 49.00	 24	 0.32	 
p_154	 2	 19	 2209.jpg	 2.367634e+03	 12	 999000	 120	 999000	 999	 2.368651e+03	 916.67	 916.67	 12.00	 9	 0.69	 
p_154	 2	 19	 2030.jpg	 2.373634e+03	 24	 999000	 240	 999000	 999	 2.374651e+03	 916.67	 916.67	 50.00	 6	 0.29	 
p_154	 2	 19	 8158.jpg	 2.375634e+03	 12	 999000	 120	 999000	 999	 2.376651e+03	 916.67	 916.67	 4.00	 45	 0.82	 
p_154	 2	 19	 4614.jpg	 2.378634e+03	 24	 999000	 240	 999000	 999	 2.379651e+03	 916.67	 916.67	 53.00	 20	 0.24	 
p_154	 2	 19	 2398.jpg	 2.380634e+03	 12	 999000	 120	 999000	 999	 2.381651e+03	 916.67	 916.67	 10.00	 14	 0.73	 
p_154	 2	 19	 7200.jpg	 2.384634e+03	 12	 999000	 120	 999000	 999	 2.385651e+03	 916.67	 916.67	 6.00	 32	 0.79	 
p_154	 2	 19	 8090.jpg	 2.386634e+03	 24	 999000	 240	 999000	 999	 2.387651e+03	 916.67	 916.67	 40.00	 43	 0.41	 
p_154	 2	 19	 7499.jpg	 2.391634e+03	 11	 7.132721e+02	 11	 9.165949e+02	 98	 2.392651e+03	 916.67	 916.67	 8.00	 40	 0.77	 
p_154	 2	 19	 8540.jpg	 2.398635e+03	 24	 999000	 240	 999000	 999	 2.399651e+03	 916.67	 916.67	 45.00	 60	 0.37	 
p_154	 2	 19	 2155.jpg	 2.400635e+03	 22	 6.250693e+02	 22	 9.166411e+02	 98	 2.401651e+03	 916.67	 916.67	 48.00	 8	 0.33	 
p_154	 2	 19	 1590.jpg	 2.403635e+03	 22	 5.769460e+02	 22	 9.166025e+02	 98	 2.404651e+03	 916.67	 916.67	 46.00	 2	 0.36	 
p_154	 2	 19	 7470.jpg	 2.406635e+03	 24	 999000	 240	 999000	 999	 2.407651e+03	 916.67	 916.67	 42.00	 37	 0.38	 
p_154	 2	 19	 2352.1.jpg	 2.410635e+03	 12	 999000	 120	 999000	 999	 2.411651e+03	 916.67	 916.67	 18.00	 12	 0.63	 
p_154	 2	 19	 2058.jpg	 2.414635e+03	 24	 999000	 240	 999000	 999	 2.415651e+03	 916.67	 916.67	 55.00	 7	 0.17	 
p_154	 2	 19	 2345.jpg	 2.418635e+03	 12	 999000	 120	 999000	 999	 2.419651e+03	 916.67	 916.67	 21.00	 10	 0.58	 
p_154	 2	 19	 8500.jpg	 2.421635e+03	 12	 999000	 120	 999000	 999	 2.422652e+03	 916.67	 916.67	 22.00	 57	 0.57	 
p_154	 2	 19	 8170.jpg	 2.427635e+03	 24	 999000	 240	 999000	 999	 2.428652e+03	 916.67	 916.67	 47.00	 46	 0.36	 
p_154	 2	 19	 2655.jpg	 2.429635e+03	 11	 5.522599e+02	 11	 9.166254e+02	 98	 2.430652e+03	 916.67	 916.67	 9.00	 16	 0.76	 
p_154	 2	 19	 4640.jpg	 2.432635e+03	 22	 7.201370e+02	 22	 9.165970e+02	 98	 2.433652e+03	 916.67	 916.67	 54.00	 23	 0.24	 
p_154	 2	 19	 7260.jpg	 2.434635e+03	 24	 999000	 240	 999000	 999	 2.435652e+03	 916.67	 916.67	 52.00	 33	 0.24	 
p_154	 2	 19	 5260.jpg	 2.436635e+03	 12	 999000	 120	 999000	 999	 2.437652e+03	 916.67	 916.67	 20.00	 26	 0.61	 
p_154	 2	 19	 1720.jpg	 2.438635e+03	 12	 1.215993e+03	 12	 999000	 98	 2.439652e+03	 916.67	 916.67	 19.00	 4	 0.62	 
p_154	 2	 19	 8208.jpg	 2.441635e+03	 12	 999000	 120	 999000	 999	 2.442652e+03	 916.67	 916.67	 7.00	 47	 0.79	 
p_154	 2	 19	 1540.jpg	 2.445635e+03	 24	 999000	 240	 999000	 999	 2.446652e+03	 916.67	 916.67	 56.00	 1	 0.16	 
p_154	 2	 19	 1721.jpg	 2.447635e+03	 11	 999000	 1	 9.166274e+02	 999	 2.448652e+03	 866.67	 916.67	 17.00	 5	 0.64	 
p_154	 2	 19	 2347.jpg	 2.449635e+03	 12	 999000	 120	 999000	 999	 2.450652e+03	 866.67	 916.67	 13.00	 11	 0.67	 
p_154	 2	 19	 4628.jpg	 2.451635e+03	 24	 999000	 240	 999000	 999	 2.452652e+03	 866.67	 916.67	 41.00	 22	 0.39	 
p_154	 2	 19	 4612.jpg	 2.453635e+03	 11	 4.955095e+02	 11	 8.666263e+02	 98	 2.454652e+03	 883.33	 916.67	 16.00	 19	 0.65	 
p_154	 2	 19	 4597.jpg	 2.455635e+03	 22	 7.754954e+02	 22	 9.166247e+02	 98	 2.456652e+03	 883.33	 916.67	 51.00	 17	 0.25	 
p_154	 2	 19	 5829.jpg	 2.459635e+03	 12	 999000	 120	 999000	 999	 2.460652e+03	 883.33	 916.67	 3.00	 30	 0.85	 
p_154	 2	 19	 7482.jpg	 2.463635e+03	 24	 999000	 240	 999000	 999	 2.464652e+03	 883.33	 916.67	 39.00	 39	 0.43	 
p_154	 2	 19	 8420.jpg	 2.465635e+03	 24	 999000	 240	 999000	 999	 2.466652e+03	 883.33	 916.67	 57.00	 52	 0.15	 
p_154	 2	 19	 8470.jpg	 2.467635e+03	 12	 999000	 120	 999000	 999	 2.468652e+03	 883.33	 916.67	 15.00	 55	 0.67	 
p_154	 2	 19	 5626.jpg	 2.469635e+03	 12	 999000	 120	 999000	 999	 2.470652e+03	 883.33	 916.67	 5.00	 28	 0.81	 
p_154	 2	 19	 4619.jpg	 2.471635e+03	 24	 999000	 240	 999000	 999	 2.472652e+03	 883.33	 916.67	 44.00	 21	 0.37	 
p_154	 2	 19	 1660.jpg	 2.477636e+03	 24	 999000	 240	 999000	 999	 2.478652e+03	 883.33	 916.67	 58.00	 3	 0.11	 
p_154	 2	 19	 8502.jpg	 2.479636e+03	 11	 1.054765e+03	 1100	 8.832988e+02	 98	 2.480652e+03	 833.33	 916.67	 14.00	 58	 0.67	 
