subjectID	 order	 runNum	 itemName	 onsetTime	 shuff_trialType	 RT	 respInTime	 CueTime	 response	 fixationTime	 ladder1	 ladder2	 bidIndex	 itemNameIndex	 bidValue	 
p_158	 2	 9	 2155.jpg	 1.026308e+03	 24	 999000	 240	 999000	 999	 1.027325e+03	 616.67	 550.00	 52.00	 8	 0.23	 
p_158	 2	 9	 8001.jpg	 1.029308e+03	 24	 999000	 240	 999000	 999	 1.030325e+03	 616.67	 550.00	 57.00	 42	 0.11	 
p_158	 2	 9	 1660.jpg	 1.033309e+03	 11	 8.436421e+02	 110	 6.166061e+02	 98	 1.034325e+03	 633.33	 550.00	 17.00	 3	 0.71	 
p_158	 2	 9	 1720.jpg	 1.035309e+03	 12	 999000	 120	 999000	 999	 1.036325e+03	 633.33	 550.00	 12.00	 4	 0.75	 
p_158	 2	 9	 8470.jpg	 1.037309e+03	 22	 1.003600e+03	 2200	 5.499579e+02	 98	 1.038325e+03	 633.33	 500.00	 49.00	 55	 0.26	 
p_158	 2	 9	 2398.jpg	 1.041309e+03	 24	 999000	 240	 999000	 999	 1.042325e+03	 633.33	 500.00	 41.00	 14	 0.37	 
p_158	 2	 9	 8280.jpg	 1.043309e+03	 22	 7.633837e+02	 220	 4.999516e+02	 98	 1.044325e+03	 633.33	 516.67	 43.00	 48	 0.34	 
p_158	 2	 9	 2058.jpg	 1.048309e+03	 24	 999000	 240	 999000	 999	 1.049326e+03	 633.33	 516.67	 45.00	 7	 0.30	 
p_158	 2	 9	 5199.jpg	 1.050309e+03	 12	 999000	 120	 999000	 999	 1.051326e+03	 633.33	 516.67	 5.00	 25	 0.84	 
p_158	 2	 9	 7480.jpg	 1.053309e+03	 12	 999000	 120	 999000	 999	 1.054326e+03	 633.33	 516.67	 7.00	 38	 0.81	 
p_158	 2	 9	 1721.jpg	 1.056309e+03	 11	 8.910156e+02	 110	 6.332706e+02	 98	 1.057326e+03	 650.00	 516.67	 8.00	 5	 0.81	 
p_158	 2	 9	 8540.jpg	 1.060309e+03	 24	 999000	 240	 999000	 999	 1.061326e+03	 650.00	 516.67	 47.00	 60	 0.27	 
p_158	 2	 9	 8499.jpg	 1.063309e+03	 22	 7.947983e+02	 220	 5.165939e+02	 98	 1.064326e+03	 650.00	 533.33	 54.00	 56	 0.20	 
p_158	 2	 9	 2550.jpg	 1.065309e+03	 12	 999000	 120	 999000	 999	 1.066326e+03	 650.00	 533.33	 4.00	 15	 0.85	 
p_158	 2	 9	 5829.jpg	 1.068309e+03	 12	 999000	 120	 999000	 999	 1.069326e+03	 650.00	 533.33	 19.00	 30	 0.70	 
p_158	 2	 9	 2655.jpg	 1.072310e+03	 12	 999000	 120	 999000	 999	 1.073326e+03	 650.00	 533.33	 6.00	 16	 0.82	 
p_158	 2	 9	 2352.1.jpg	 1.075310e+03	 12	 999000	 120	 999000	 999	 1.076326e+03	 650.00	 533.33	 15.00	 12	 0.73	 
p_158	 2	 9	 4597.jpg	 1.077310e+03	 24	 999000	 240	 999000	 999	 1.078326e+03	 650.00	 533.33	 39.00	 17	 0.38	 
p_158	 2	 9	 8510.jpg	 1.079310e+03	 22	 1.010378e+03	 2200	 5.332902e+02	 98	 1.080326e+03	 650.00	 483.33	 51.00	 59	 0.25	 
p_158	 2	 9	 8090.jpg	 1.084310e+03	 24	 999000	 240	 999000	 999	 1.085326e+03	 650.00	 483.33	 40.00	 43	 0.37	 
p_158	 2	 9	 8170.jpg	 1.088310e+03	 12	 999000	 120	 999000	 999	 1.089327e+03	 650.00	 483.33	 22.00	 46	 0.66	 
p_158	 2	 9	 4628.jpg	 1.092310e+03	 24	 999000	 240	 999000	 999	 1.093327e+03	 650.00	 483.33	 50.00	 22	 0.25	 
p_158	 2	 9	 8467.jpg	 1.098310e+03	 24	 999000	 240	 999000	 999	 1.099327e+03	 650.00	 483.33	 56.00	 54	 0.12	 
p_158	 2	 9	 1590.jpg	 1.100310e+03	 11	 1.049706e+03	 1100	 6.499554e+02	 98	 1.101327e+03	 600.00	 483.33	 11.00	 2	 0.75	 
p_158	 2	 9	 5480.jpg	 1.102310e+03	 24	 999000	 240	 999000	 999	 1.103327e+03	 600.00	 483.33	 42.00	 27	 0.36	 
p_158	 2	 9	 5626.jpg	 1.104310e+03	 12	 999000	 120	 999000	 999	 1.105327e+03	 600.00	 483.33	 20.00	 28	 0.70	 
p_158	 2	 9	 5982.jpg	 1.106310e+03	 12	 999000	 120	 999000	 999	 1.107327e+03	 600.00	 483.33	 13.00	 31	 0.75	 
p_158	 2	 9	 7508.jpg	 1.110311e+03	 22	 7.613874e+02	 220	 4.832610e+02	 98	 1.111327e+03	 600.00	 500.00	 46.00	 41	 0.30	 
p_158	 2	 9	 7200.jpg	 1.112311e+03	 11	 1.025382e+03	 1100	 5.999600e+02	 98	 1.113327e+03	 550.00	 500.00	 16.00	 32	 0.72	 
p_158	 2	 9	 1540.jpg	 1.116311e+03	 11	 7.772006e+02	 110	 5.499281e+02	 98	 1.117327e+03	 566.67	 500.00	 14.00	 1	 0.74	 
p_158	 2	 9	 7260.jpg	 1.118311e+03	 12	 999000	 120	 999000	 999	 1.119327e+03	 566.67	 500.00	 10.00	 33	 0.77	 
p_158	 2	 9	 7470.jpg	 1.120311e+03	 11	 8.011205e+02	 110	 5.666162e+02	 98	 1.121327e+03	 583.33	 500.00	 9.00	 37	 0.79	 
p_158	 2	 9	 8380.jpg	 1.122311e+03	 24	 999000	 240	 999000	 999	 1.123327e+03	 583.33	 500.00	 53.00	 51	 0.20	 
p_158	 2	 9	 7482.jpg	 1.127311e+03	 24	 999000	 240	 999000	 999	 1.128328e+03	 583.33	 500.00	 55.00	 39	 0.13	 
p_158	 2	 9	 5260.jpg	 1.129311e+03	 12	 999000	 120	 999000	 999	 1.130328e+03	 583.33	 500.00	 21.00	 26	 0.68	 
p_158	 2	 9	 8420.jpg	 1.131311e+03	 22	 7.768163e+02	 220	 4.999581e+02	 98	 1.132328e+03	 583.33	 516.67	 48.00	 52	 0.26	 
p_158	 2	 9	 4614.jpg	 1.134311e+03	 24	 999000	 240	 999000	 999	 1.135328e+03	 583.33	 516.67	 44.00	 20	 0.32	 
p_158	 2	 9	 8158.jpg	 1.141311e+03	 12	 999000	 120	 999000	 999	 1.142328e+03	 583.33	 516.67	 18.00	 45	 0.70	 
p_158	 2	 9	 7430.jpg	 1.145311e+03	 12	 999000	 120	 999000	 999	 1.146328e+03	 583.33	 516.67	 3.00	 36	 0.86	 
p_158	 2	 9	 8500.jpg	 1.152312e+03	 24	 999000	 240	 999000	 999	 1.153328e+03	 583.33	 516.67	 58.00	 57	 0.10	 
