subjectID	 order	 runNum	 itemName	 onsetTime	 shuff_trialType	 RT	 respInTime	 CueTime	 response	 fixationTime	 ladder1	 ladder2	 bidIndex	 itemNameIndex	 bidValue	 
p_158	 2	 2	 1590.jpg	 1.164015e+02	 11	 1.033760e+03	 1100	 6.499961e+02	 98	 1.174183e+02	 600.00	 583.33	 11.00	 2	 0.75	 
p_158	 2	 2	 8158.jpg	 1.194016e+02	 12	 999000	 120	 999000	 999	 1.204182e+02	 600.00	 583.33	 18.00	 45	 0.70	 
p_158	 2	 2	 5480.jpg	 1.234017e+02	 24	 999000	 240	 999000	 999	 1.244183e+02	 600.00	 583.33	 42.00	 27	 0.36	 
p_158	 2	 2	 8510.jpg	 1.254017e+02	 22	 8.654679e+02	 220	 5.833037e+02	 98	 1.264185e+02	 600.00	 600.00	 51.00	 59	 0.25	 
p_158	 2	 2	 4628.jpg	 1.274018e+02	 24	 999000	 240	 999000	 999	 1.284185e+02	 600.00	 600.00	 50.00	 22	 0.25	 
p_158	 2	 2	 7480.jpg	 1.314019e+02	 12	 999000	 120	 999000	 999	 1.324185e+02	 600.00	 600.00	 7.00	 38	 0.81	 
p_158	 2	 2	 8500.jpg	 1.334019e+02	 24	 999000	 240	 999000	 999	 1.344186e+02	 600.00	 600.00	 58.00	 57	 0.10	 
p_158	 2	 2	 8090.jpg	 1.384021e+02	 24	 999000	 240	 999000	 999	 1.394187e+02	 600.00	 600.00	 40.00	 43	 0.37	 
p_158	 2	 2	 1720.jpg	 1.404021e+02	 12	 999000	 120	 999000	 999	 1.414188e+02	 600.00	 600.00	 12.00	 4	 0.75	 
p_158	 2	 2	 7508.jpg	 1.434022e+02	 22	 1.008938e+03	 2200	 5.999463e+02	 98	 1.444188e+02	 600.00	 550.00	 46.00	 41	 0.30	 
p_158	 2	 2	 1660.jpg	 1.464023e+02	 11	 1.008830e+03	 1100	 5.999412e+02	 98	 1.474189e+02	 550.00	 550.00	 17.00	 3	 0.71	 
p_158	 2	 2	 7260.jpg	 1.504024e+02	 12	 999000	 120	 999000	 999	 1.514190e+02	 550.00	 550.00	 10.00	 33	 0.77	 
p_158	 2	 2	 8170.jpg	 1.534024e+02	 12	 999000	 120	 999000	 999	 1.544191e+02	 550.00	 550.00	 22.00	 46	 0.66	 
p_158	 2	 2	 7200.jpg	 1.554025e+02	 11	 8.165884e+02	 110	 5.499507e+02	 98	 1.564191e+02	 566.67	 550.00	 16.00	 32	 0.72	 
p_158	 2	 2	 8001.jpg	 1.584026e+02	 24	 999000	 240	 999000	 999	 1.594192e+02	 566.67	 550.00	 57.00	 42	 0.11	 
p_158	 2	 2	 8499.jpg	 1.624027e+02	 22	 8.084355e+02	 220	 5.499596e+02	 98	 1.634193e+02	 566.67	 566.67	 54.00	 56	 0.20	 
p_158	 2	 2	 5260.jpg	 1.654028e+02	 12	 999000	 120	 999000	 999	 1.664194e+02	 566.67	 566.67	 21.00	 26	 0.68	 
p_158	 2	 2	 8470.jpg	 1.674028e+02	 22	 8.802723e+02	 220	 5.666162e+02	 98	 1.684194e+02	 566.67	 583.33	 49.00	 55	 0.26	 
p_158	 2	 2	 2155.jpg	 1.694029e+02	 24	 999000	 240	 999000	 999	 1.704195e+02	 566.67	 583.33	 52.00	 8	 0.23	 
p_158	 2	 2	 8540.jpg	 1.744030e+02	 24	 999000	 240	 999000	 999	 1.754196e+02	 566.67	 583.33	 47.00	 60	 0.27	 
p_158	 2	 2	 5626.jpg	 1.784031e+02	 12	 999000	 120	 999000	 999	 1.794197e+02	 566.67	 583.33	 20.00	 28	 0.70	 
p_158	 2	 2	 2398.jpg	 1.824032e+02	 24	 999000	 240	 999000	 999	 1.834198e+02	 566.67	 583.33	 41.00	 14	 0.37	 
p_158	 2	 2	 1721.jpg	 1.884034e+02	 11	 8.396375e+02	 110	 5.665978e+02	 98	 1.894200e+02	 583.33	 583.33	 8.00	 5	 0.81	 
p_158	 2	 2	 5982.jpg	 1.904034e+02	 12	 999000	 120	 999000	 999	 1.914200e+02	 583.33	 583.33	 13.00	 31	 0.75	 
p_158	 2	 2	 7430.jpg	 1.924035e+02	 12	 999000	 120	 999000	 999	 1.934201e+02	 583.33	 583.33	 3.00	 36	 0.86	 
p_158	 2	 2	 8280.jpg	 1.944035e+02	 22	 9.354545e+02	 220	 5.832856e+02	 98	 1.954203e+02	 583.33	 600.00	 43.00	 48	 0.34	 
p_158	 2	 2	 2655.jpg	 1.964036e+02	 12	 999000	 120	 999000	 999	 1.974202e+02	 583.33	 600.00	 6.00	 16	 0.82	 
p_158	 2	 2	 8420.jpg	 2.004037e+02	 22	 9.032553e+02	 220	 5.999234e+02	 98	 2.014203e+02	 583.33	 616.67	 48.00	 52	 0.26	 
p_158	 2	 2	 1540.jpg	 2.024037e+02	 11	 1.087246e+03	 1100	 5.832763e+02	 98	 2.034205e+02	 533.33	 616.67	 14.00	 1	 0.74	 
p_158	 2	 2	 8467.jpg	 2.064038e+02	 24	 999000	 240	 999000	 999	 2.074205e+02	 533.33	 616.67	 56.00	 54	 0.12	 
p_158	 2	 2	 8380.jpg	 2.084039e+02	 24	 999000	 240	 999000	 999	 2.094205e+02	 533.33	 616.67	 53.00	 51	 0.20	 
p_158	 2	 2	 2550.jpg	 2.104039e+02	 12	 999000	 120	 999000	 999	 2.114206e+02	 533.33	 616.67	 4.00	 15	 0.85	 
p_158	 2	 2	 7482.jpg	 2.124040e+02	 24	 999000	 240	 999000	 999	 2.134206e+02	 533.33	 616.67	 55.00	 39	 0.13	 
p_158	 2	 2	 4597.jpg	 2.174041e+02	 24	 999000	 240	 999000	 999	 2.184207e+02	 533.33	 616.67	 39.00	 17	 0.38	 
p_158	 2	 2	 5199.jpg	 2.194041e+02	 12	 999000	 120	 999000	 999	 2.204208e+02	 533.33	 616.67	 5.00	 25	 0.84	 
p_158	 2	 2	 4614.jpg	 2.214042e+02	 24	 999000	 240	 999000	 999	 2.224208e+02	 533.33	 616.67	 44.00	 20	 0.32	 
p_158	 2	 2	 5829.jpg	 2.244043e+02	 12	 999000	 120	 999000	 999	 2.254209e+02	 533.33	 616.67	 19.00	 30	 0.70	 
p_158	 2	 2	 2352.1.jpg	 2.314045e+02	 12	 999000	 120	 999000	 999	 2.324211e+02	 533.33	 616.67	 15.00	 12	 0.73	 
p_158	 2	 2	 2058.jpg	 2.354046e+02	 24	 999000	 240	 999000	 999	 2.364212e+02	 533.33	 616.67	 45.00	 7	 0.30	 
p_158	 2	 2	 7470.jpg	 2.424048e+02	 11	 8.220265e+02	 110	 5.332536e+02	 98	 2.434214e+02	 550.00	 616.67	 9.00	 37	 0.79	 
