subjectID	 order	 runNum	 itemName	 onsetTime	 shuff_trialType	 RT	 respInTime	 CueTime	 response	 fixationTime	 ladder1	 ladder2	 bidIndex	 itemNameIndex	 bidValue	 
p_154	 2	 12	 4628.jpg	 1.433889e+03	 24	 999000	 240	 999000	 999	 1.434906e+03	 716.67	 716.67	 41.00	 22	 0.39	 
p_154	 2	 12	 8420.jpg	 1.438873e+03	 24	 999000	 240	 999000	 999	 1.439889e+03	 716.67	 716.67	 57.00	 52	 0.15	 
p_154	 2	 12	 8380.jpg	 1.440873e+03	 22	 9.468658e+02	 220	 7.166098e+02	 98	 1.441890e+03	 716.67	 733.33	 43.00	 51	 0.37	 
p_154	 2	 12	 7260.jpg	 1.442873e+03	 24	 999000	 240	 999000	 999	 1.443889e+03	 716.67	 733.33	 52.00	 33	 0.24	 
p_154	 2	 12	 2058.jpg	 1.448873e+03	 24	 999000	 240	 999000	 999	 1.449890e+03	 716.67	 733.33	 55.00	 7	 0.17	 
p_154	 2	 12	 1721.jpg	 1.450873e+03	 11	 9.385234e+02	 110	 7.166022e+02	 98	 1.451890e+03	 733.33	 733.33	 17.00	 5	 0.64	 
p_154	 2	 12	 1660.jpg	 1.453873e+03	 24	 999000	 240	 999000	 999	 1.454890e+03	 733.33	 733.33	 58.00	 3	 0.11	 
p_154	 2	 12	 8540.jpg	 1.455873e+03	 24	 999000	 240	 999000	 999	 1.456890e+03	 733.33	 733.33	 45.00	 60	 0.37	 
p_154	 2	 12	 4612.jpg	 1.459873e+03	 11	 9.462677e+02	 110	 7.332560e+02	 98	 1.460890e+03	 750.00	 733.33	 16.00	 19	 0.65	 
p_154	 2	 12	 4640.jpg	 1.461873e+03	 22	 1.090281e+03	 2200	 7.332768e+02	 98	 1.462890e+03	 750.00	 683.33	 54.00	 23	 0.24	 
p_154	 2	 12	 8090.jpg	 1.466873e+03	 24	 999000	 240	 999000	 999	 1.467890e+03	 750.00	 683.33	 40.00	 43	 0.41	 
p_154	 2	 12	 8502.jpg	 1.473873e+03	 11	 1.017858e+03	 1100	 7.499186e+02	 98	 1.474907e+03	 700.00	 683.33	 14.00	 58	 0.67	 
p_154	 2	 12	 4597.jpg	 1.475873e+03	 22	 8.738313e+02	 220	 6.832873e+02	 98	 1.476890e+03	 700.00	 700.00	 51.00	 17	 0.25	 
p_154	 2	 12	 1720.jpg	 1.478873e+03	 12	 999000	 120	 999000	 999	 1.479890e+03	 700.00	 700.00	 19.00	 4	 0.62	 
p_154	 2	 12	 5260.jpg	 1.481873e+03	 12	 999000	 120	 999000	 999	 1.482890e+03	 700.00	 700.00	 20.00	 26	 0.61	 
p_154	 2	 12	 5626.jpg	 1.485873e+03	 12	 999000	 120	 999000	 999	 1.486890e+03	 700.00	 700.00	 5.00	 28	 0.81	 
p_154	 2	 12	 7200.jpg	 1.489873e+03	 12	 999000	 120	 999000	 999	 1.490890e+03	 700.00	 700.00	 6.00	 32	 0.79	 
p_154	 2	 12	 8158.jpg	 1.493873e+03	 12	 999000	 120	 999000	 999	 1.494890e+03	 700.00	 700.00	 4.00	 45	 0.82	 
p_154	 2	 12	 5829.jpg	 1.496874e+03	 12	 999000	 120	 999000	 999	 1.497890e+03	 700.00	 700.00	 3.00	 30	 0.85	 
p_154	 2	 12	 8461.jpg	 1.502874e+03	 11	 9.290548e+02	 110	 6.999153e+02	 98	 1.503890e+03	 716.67	 700.00	 11.00	 53	 0.70	 
p_154	 2	 12	 2345.jpg	 1.504874e+03	 12	 999000	 120	 999000	 999	 1.505890e+03	 716.67	 700.00	 21.00	 10	 0.58	 
p_154	 2	 12	 8170.jpg	 1.507874e+03	 24	 999000	 240	 999000	 999	 1.508890e+03	 716.67	 700.00	 47.00	 46	 0.36	 
p_154	 2	 12	 2030.jpg	 1.509874e+03	 24	 999000	 240	 999000	 999	 1.510890e+03	 716.67	 700.00	 50.00	 6	 0.29	 
p_154	 2	 12	 4619.jpg	 1.511874e+03	 24	 999000	 240	 999000	 999	 1.512890e+03	 716.67	 700.00	 44.00	 21	 0.37	 
p_154	 2	 12	 1540.jpg	 1.513874e+03	 24	 999000	 240	 999000	 999	 1.514890e+03	 716.67	 700.00	 56.00	 1	 0.16	 
p_154	 2	 12	 1590.jpg	 1.516874e+03	 22	 9.286586e+02	 220	 6.999123e+02	 98	 1.517890e+03	 716.67	 716.67	 46.00	 2	 0.36	 
p_154	 2	 12	 4614.jpg	 1.520874e+03	 24	 999000	 240	 999000	 999	 1.521890e+03	 716.67	 716.67	 53.00	 20	 0.24	 
p_154	 2	 12	 8470.jpg	 1.522874e+03	 12	 999000	 120	 999000	 999	 1.523890e+03	 716.67	 716.67	 15.00	 55	 0.67	 
p_154	 2	 12	 2155.jpg	 1.524874e+03	 22	 8.084131e+02	 220	 7.166235e+02	 98	 1.525891e+03	 716.67	 733.33	 48.00	 8	 0.33	 
p_154	 2	 12	 7482.jpg	 1.526874e+03	 24	 999000	 240	 999000	 999	 1.527890e+03	 716.67	 733.33	 39.00	 39	 0.43	 
p_154	 2	 12	 7470.jpg	 1.528874e+03	 24	 999000	 240	 999000	 999	 1.529890e+03	 716.67	 733.33	 42.00	 37	 0.38	 
p_154	 2	 12	 2398.jpg	 1.530874e+03	 12	 999000	 120	 999000	 999	 1.531891e+03	 716.67	 733.33	 10.00	 14	 0.73	 
p_154	 2	 12	 2347.jpg	 1.534874e+03	 12	 999000	 120	 999000	 999	 1.535891e+03	 716.67	 733.33	 13.00	 11	 0.67	 
p_154	 2	 12	 2209.jpg	 1.538874e+03	 12	 999000	 120	 999000	 999	 1.539891e+03	 716.67	 733.33	 12.00	 9	 0.69	 
p_154	 2	 12	 2352.1.jpg	 1.540874e+03	 12	 999000	 120	 999000	 999	 1.541891e+03	 716.67	 733.33	 18.00	 12	 0.63	 
p_154	 2	 12	 8500.jpg	 1.542874e+03	 12	 999000	 120	 999000	 999	 1.543891e+03	 716.67	 733.33	 22.00	 57	 0.57	 
p_154	 2	 12	 2655.jpg	 1.544874e+03	 11	 9.198457e+02	 110	 7.166217e+02	 98	 1.545891e+03	 733.33	 733.33	 9.00	 16	 0.76	 
p_154	 2	 12	 8208.jpg	 1.546874e+03	 12	 999000	 120	 999000	 999	 1.547891e+03	 733.33	 733.33	 7.00	 47	 0.79	 
p_154	 2	 12	 7499.jpg	 1.552874e+03	 11	 9.515671e+02	 110	 7.332474e+02	 98	 1.553908e+03	 750.00	 733.33	 8.00	 40	 0.77	 
p_154	 2	 12	 4641.jpg	 1.554874e+03	 22	 9.755346e+02	 220	 7.332833e+02	 98	 1.555891e+03	 750.00	 750.00	 49.00	 24	 0.32	 
