subjectID	 order	 runNum	 itemName	 onsetTime	 shuff_trialType	 RT	 respInTime	 CueTime	 response	 fixationTime	 ladder1	 ladder2	 bidIndex	 itemNameIndex	 bidValue	 
p_150	 2	 17	 7482.jpg	 2.041887e+03	 22	 8.820576e+02	 220	 6.166280e+02	 98	 2.042904e+03	 616.67	 633.33	 54.00	 39	 0.21	 
p_150	 2	 17	 8280.jpg	 2.046887e+03	 22	 8.741634e+02	 220	 6.332308e+02	 98	 2.047903e+03	 616.67	 650.00	 43.00	 48	 0.34	 
p_150	 2	 17	 1660.jpg	 2.048887e+03	 24	 999000	 240	 999000	 999	 2.049903e+03	 616.67	 650.00	 47.00	 3	 0.24	 
p_150	 2	 17	 8340.jpg	 2.050887e+03	 12	 999000	 120	 999000	 999	 2.051903e+03	 616.67	 650.00	 19.00	 49	 0.63	 
p_150	 2	 17	 4597.jpg	 2.056887e+03	 11	 8.743800e+02	 110	 6.165589e+02	 98	 2.057920e+03	 633.33	 650.00	 14.00	 17	 0.69	 
p_150	 2	 17	 4612.jpg	 2.058886e+03	 11	 9.385280e+02	 110	 6.332705e+02	 98	 2.059903e+03	 650.00	 650.00	 9.00	 19	 0.75	 
p_150	 2	 17	 8502.jpg	 2.061886e+03	 24	 999000	 240	 999000	 999	 2.062903e+03	 650.00	 650.00	 53.00	 58	 0.22	 
p_150	 2	 17	 4641.jpg	 2.063886e+03	 11	 9.146130e+02	 110	 6.499380e+02	 98	 2.064903e+03	 666.67	 650.00	 16.00	 24	 0.66	 
p_150	 2	 17	 5480.jpg	 2.067886e+03	 11	 1.170678e+03	 1100	 6.665438e+02	 98	 2.068919e+03	 616.67	 650.00	 17.00	 27	 0.64	 
p_150	 2	 17	 7508.jpg	 2.069886e+03	 12	 999000	 120	 999000	 999	 2.070903e+03	 616.67	 650.00	 18.00	 41	 0.64	 
p_150	 2	 17	 7480.jpg	 2.074886e+03	 12	 999000	 120	 999000	 999	 2.075902e+03	 616.67	 650.00	 3.00	 38	 0.84	 
p_150	 2	 17	 8371.jpg	 2.081886e+03	 24	 999000	 240	 999000	 999	 2.082902e+03	 616.67	 650.00	 40.00	 50	 0.40	 
p_150	 2	 17	 7260.jpg	 2.083885e+03	 22	 1.043188e+03	 2200	 6.499274e+02	 98	 2.084919e+03	 616.67	 600.00	 49.00	 33	 0.24	 
p_150	 2	 17	 4610.jpg	 2.086885e+03	 12	 999000	 120	 999000	 999	 2.087902e+03	 616.67	 600.00	 5.00	 18	 0.83	 
p_150	 2	 17	 8420.jpg	 2.089885e+03	 24	 999000	 240	 999000	 999	 2.090902e+03	 616.67	 600.00	 50.00	 52	 0.24	 
p_150	 2	 17	 1720.jpg	 2.093885e+03	 24	 999000	 240	 999000	 999	 2.094902e+03	 616.67	 600.00	 55.00	 4	 0.20	 
p_150	 2	 17	 2155.jpg	 2.097885e+03	 24	 999000	 240	 999000	 999	 2.098901e+03	 616.67	 600.00	 45.00	 8	 0.32	 
p_150	 2	 17	 8467.jpg	 2.101885e+03	 22	 999000	 2	 5.998880e+02	 999	 2.102918e+03	 616.67	 550.00	 48.00	 54	 0.24	 
p_150	 2	 17	 7291.jpg	 2.104885e+03	 24	 999000	 240	 999000	 999	 2.105901e+03	 616.67	 550.00	 58.00	 34	 0.11	 
p_150	 2	 17	 8208.jpg	 2.110884e+03	 24	 999000	 240	 999000	 999	 2.111901e+03	 616.67	 550.00	 44.00	 47	 0.33	 
p_150	 2	 17	 8158.jpg	 2.112884e+03	 12	 999000	 120	 999000	 999	 2.113901e+03	 616.67	 550.00	 20.00	 45	 0.61	 
p_150	 2	 17	 7430.jpg	 2.115884e+03	 12	 999000	 120	 999000	 999	 2.116901e+03	 616.67	 550.00	 4.00	 36	 0.84	 
p_150	 2	 17	 8510.jpg	 2.117884e+03	 24	 999000	 240	 999000	 999	 2.118901e+03	 616.67	 550.00	 56.00	 59	 0.17	 
p_150	 2	 17	 2030.jpg	 2.119884e+03	 12	 999000	 120	 999000	 999	 2.120901e+03	 616.67	 550.00	 7.00	 6	 0.80	 
p_150	 2	 17	 8500.jpg	 2.121884e+03	 12	 999000	 120	 999000	 999	 2.122900e+03	 616.67	 550.00	 22.00	 57	 0.61	 
p_150	 2	 17	 8130.jpg	 2.124884e+03	 24	 999000	 240	 999000	 999	 2.125900e+03	 616.67	 550.00	 41.00	 44	 0.38	 
p_150	 2	 17	 7470.jpg	 2.128884e+03	 11	 7.963377e+02	 110	 6.165671e+02	 98	 2.129917e+03	 633.33	 550.00	 8.00	 37	 0.78	 
p_150	 2	 17	 8380.jpg	 2.130883e+03	 24	 999000	 240	 999000	 999	 2.131900e+03	 633.33	 550.00	 52.00	 51	 0.23	 
p_150	 2	 17	 8170.jpg	 2.132883e+03	 11	 8.925124e+02	 110	 6.332650e+02	 98	 2.133900e+03	 650.00	 550.00	 11.00	 46	 0.72	 
p_150	 2	 17	 2058.jpg	 2.134883e+03	 12	 999000	 120	 999000	 999	 2.135900e+03	 650.00	 550.00	 21.00	 7	 0.61	 
p_150	 2	 17	 8499.jpg	 2.136883e+03	 22	 9.245908e+02	 220	 5.499363e+02	 98	 2.137917e+03	 650.00	 566.67	 51.00	 56	 0.23	 
p_150	 2	 17	 1540.jpg	 2.138883e+03	 24	 999000	 240	 999000	 999	 2.139900e+03	 650.00	 566.67	 57.00	 1	 0.15	 
p_150	 2	 17	 5829.jpg	 2.142883e+03	 12	 1.004753e+03	 12	 999000	 98	 2.143900e+03	 650.00	 566.67	 13.00	 30	 0.69	 
p_150	 2	 17	 1721.jpg	 2.146883e+03	 24	 999000	 240	 999000	 999	 2.147899e+03	 650.00	 566.67	 39.00	 5	 0.43	 
p_150	 2	 17	 2655.jpg	 2.148883e+03	 12	 999000	 120	 999000	 999	 2.149899e+03	 650.00	 566.67	 6.00	 16	 0.83	 
p_150	 2	 17	 8090.jpg	 2.150883e+03	 22	 1.036977e+03	 2200	 5.666072e+02	 98	 2.151899e+03	 650.00	 516.67	 46.00	 43	 0.26	 
p_150	 2	 17	 4619.jpg	 2.152883e+03	 12	 999000	 120	 999000	 999	 2.153899e+03	 650.00	 516.67	 10.00	 21	 0.75	 
p_150	 2	 17	 7200.jpg	 2.154883e+03	 12	 999000	 120	 999000	 999	 2.155899e+03	 650.00	 516.67	 15.00	 32	 0.66	 
p_150	 2	 17	 8470.jpg	 2.160882e+03	 24	 1.309181e+03	 24	 999000	 98	 2.161899e+03	 650.00	 516.67	 42.00	 55	 0.37	 
p_150	 2	 17	 5626.jpg	 2.162882e+03	 12	 999000	 120	 999000	 999	 2.163899e+03	 650.00	 516.67	 12.00	 28	 0.71	 
