subjectID	 order	 runNum	 itemName	 onsetTime	 shuff_trialType	 RT	 respInTime	 CueTime	 response	 fixationTime	 ladder1	 ladder2	 bidIndex	 itemNameIndex	 bidValue	 
p_156	 2	 7	 2030.jpg	 8.059623e+02	 24	 999000	 240	 999000	 999	 8.069790e+02	 683.33	 683.33	 53.00	 6	 0.21	 
p_156	 2	 7	 4614.jpg	 8.079624e+02	 22	 9.639068e+02	 220	 6.833176e+02	 98	 8.089790e+02	 683.33	 700.00	 48.00	 20	 0.28	 
p_156	 2	 7	 4640.jpg	 8.119625e+02	 12	 999000	 120	 999000	 999	 8.129791e+02	 683.33	 700.00	 21.00	 23	 0.66	 
p_156	 2	 7	 1720.jpg	 8.149626e+02	 11	 9.236291e+02	 110	 6.832864e+02	 98	 8.159792e+02	 700.00	 700.00	 11.00	 4	 0.73	 
p_156	 2	 7	 8420.jpg	 8.169626e+02	 24	 999000	 240	 999000	 999	 8.179792e+02	 700.00	 700.00	 40.00	 52	 0.37	 
p_156	 2	 7	 8340.jpg	 8.199627e+02	 24	 999000	 240	 999000	 999	 8.209793e+02	 700.00	 700.00	 41.00	 49	 0.37	 
p_156	 2	 7	 5480.jpg	 8.239628e+02	 12	 2.994136e+02	 12	 999000	 98	 8.249794e+02	 700.00	 700.00	 19.00	 27	 0.67	 
p_156	 2	 7	 5982.jpg	 8.279629e+02	 12	 999000	 120	 999000	 999	 8.289795e+02	 700.00	 700.00	 5.00	 31	 0.78	 
p_156	 2	 7	 7291.jpg	 8.299629e+02	 11	 1.019234e+03	 1100	 6.999715e+02	 98	 8.309795e+02	 650.00	 700.00	 9.00	 34	 0.75	 
p_156	 2	 7	 7430.jpg	 8.349630e+02	 12	 999000	 120	 999000	 999	 8.359796e+02	 650.00	 700.00	 7.00	 36	 0.77	 
p_156	 2	 7	 8280.jpg	 8.369630e+02	 24	 999000	 240	 999000	 999	 8.379797e+02	 650.00	 700.00	 58.00	 48	 0.13	 
p_156	 2	 7	 8499.jpg	 8.389631e+02	 24	 999000	 240	 999000	 999	 8.399797e+02	 650.00	 700.00	 39.00	 56	 0.40	 
p_156	 2	 7	 8090.jpg	 8.449633e+02	 24	 999000	 240	 999000	 999	 8.459799e+02	 650.00	 700.00	 55.00	 43	 0.20	 
p_156	 2	 7	 1590.jpg	 8.469632e+02	 12	 999000	 120	 999000	 999	 8.479799e+02	 650.00	 700.00	 10.00	 2	 0.75	 
p_156	 2	 7	 8380.jpg	 8.489633e+02	 24	 999000	 240	 999000	 999	 8.499799e+02	 650.00	 700.00	 52.00	 51	 0.21	 
p_156	 2	 7	 8500.jpg	 8.509633e+02	 24	 999000	 240	 999000	 999	 8.519800e+02	 650.00	 700.00	 42.00	 57	 0.34	 
p_156	 2	 7	 8130.jpg	 8.549635e+02	 22	 1.242443e+03	 2200	 6.999280e+02	 98	 8.559801e+02	 650.00	 650.00	 43.00	 44	 0.34	 
p_156	 2	 7	 1540.jpg	 8.589636e+02	 11	 9.543684e+02	 110	 6.499404e+02	 98	 8.599803e+02	 666.67	 650.00	 14.00	 1	 0.72	 
p_156	 2	 7	 4628.jpg	 8.619636e+02	 24	 999000	 240	 999000	 999	 8.629802e+02	 666.67	 650.00	 47.00	 22	 0.28	 
p_156	 2	 7	 7480.jpg	 8.659637e+02	 12	 999000	 120	 999000	 999	 8.669803e+02	 666.67	 650.00	 4.00	 38	 0.79	 
p_156	 2	 7	 7200.jpg	 8.689638e+02	 12	 999000	 120	 999000	 999	 8.699804e+02	 666.67	 650.00	 3.00	 32	 0.85	 
p_156	 2	 7	 8208.jpg	 8.709638e+02	 22	 9.060622e+02	 220	 6.499688e+02	 98	 8.719806e+02	 666.67	 666.67	 46.00	 47	 0.29	 
p_156	 2	 7	 8540.jpg	 8.749639e+02	 22	 1.001901e+03	 2200	 6.665994e+02	 98	 8.759805e+02	 666.67	 616.67	 51.00	 60	 0.22	 
p_156	 2	 7	 4641.jpg	 8.769639e+02	 24	 999000	 240	 999000	 999	 8.779806e+02	 666.67	 616.67	 56.00	 24	 0.19	 
p_156	 2	 7	 8470.jpg	 8.789640e+02	 24	 999000	 240	 999000	 999	 8.799806e+02	 666.67	 616.67	 45.00	 55	 0.29	 
p_156	 2	 7	 8001.jpg	 8.829641e+02	 22	 8.896797e+02	 220	 6.166028e+02	 98	 8.839807e+02	 666.67	 633.33	 49.00	 42	 0.27	 
p_156	 2	 7	 8371.jpg	 8.849641e+02	 24	 999000	 240	 999000	 999	 8.859808e+02	 666.67	 633.33	 44.00	 50	 0.29	 
p_156	 2	 7	 5199.jpg	 8.889643e+02	 12	 999000	 120	 999000	 999	 8.899809e+02	 666.67	 633.33	 6.00	 25	 0.78	 
p_156	 2	 7	 2347.jpg	 8.929643e+02	 12	 999000	 120	 999000	 999	 8.939809e+02	 666.67	 633.33	 13.00	 11	 0.72	 
p_156	 2	 7	 4612.jpg	 8.959644e+02	 12	 999000	 120	 999000	 999	 8.969810e+02	 666.67	 633.33	 22.00	 19	 0.62	 
p_156	 2	 7	 7390.jpg	 9.019645e+02	 11	 9.691211e+02	 110	 6.665987e+02	 98	 9.029812e+02	 683.33	 633.33	 17.00	 35	 0.68	 
p_156	 2	 7	 1721.jpg	 9.039645e+02	 11	 9.210500e+02	 110	 6.833046e+02	 98	 9.049812e+02	 700.00	 633.33	 16.00	 5	 0.70	 
p_156	 2	 7	 5829.jpg	 9.079647e+02	 11	 9.449524e+02	 110	 6.999420e+02	 98	 9.089813e+02	 716.67	 633.33	 8.00	 30	 0.75	 
p_156	 2	 7	 5626.jpg	 9.099647e+02	 12	 999000	 120	 999000	 999	 9.109813e+02	 716.67	 633.33	 15.00	 28	 0.72	 
p_156	 2	 7	 2550.jpg	 9.119647e+02	 12	 999000	 120	 999000	 999	 9.129814e+02	 716.67	 633.33	 18.00	 15	 0.68	 
p_156	 2	 7	 8461.jpg	 9.139648e+02	 24	 999000	 240	 999000	 999	 9.149814e+02	 716.67	 633.33	 50.00	 53	 0.23	 
p_156	 2	 7	 5814.jpg	 9.189649e+02	 12	 999000	 120	 999000	 999	 9.199815e+02	 716.67	 633.33	 20.00	 29	 0.67	 
p_156	 2	 7	 8467.jpg	 9.209649e+02	 22	 1.120570e+03	 2200	 6.332940e+02	 98	 9.219816e+02	 716.67	 583.33	 54.00	 54	 0.20	 
p_156	 2	 7	 2155.jpg	 9.229650e+02	 24	 999000	 240	 999000	 999	 9.239816e+02	 716.67	 583.33	 57.00	 8	 0.16	 
p_156	 2	 7	 4597.jpg	 9.259651e+02	 12	 999000	 120	 999000	 999	 9.269817e+02	 716.67	 583.33	 12.00	 17	 0.72	 
