subjectID	 order	 runNum	 itemName	 onsetTime	 shuff_trialType	 RT	 respInTime	 CueTime	 response	 fixationTime	 ladder1	 ladder2	 bidIndex	 itemNameIndex	 bidValue	 
p_157	 1	 15	 2655.jpg	 2.047136e+03	 12	 999000	 120	 999000	 999	 2.048152e+03	 416.67	 483.33	 9.00	 16	 0.77	 
p_157	 1	 15	 4610.jpg	 2.050136e+03	 24	 999000	 240	 999000	 999	 2.051152e+03	 416.67	 483.33	 39.00	 18	 0.41	 
p_157	 1	 15	 8467.jpg	 2.052136e+03	 24	 999000	 240	 999000	 999	 2.053152e+03	 416.67	 483.33	 51.00	 54	 0.22	 
p_157	 1	 15	 8090.jpg	 2.054136e+03	 24	 999000	 240	 999000	 999	 2.055153e+03	 416.67	 483.33	 54.00	 43	 0.19	 
p_157	 1	 15	 8001.jpg	 2.056136e+03	 22	 8.302214e+02	 220	 4.832890e+02	 98	 2.057153e+03	 416.67	 500.00	 53.00	 42	 0.19	 
p_157	 1	 15	 7470.jpg	 2.059136e+03	 12	 999000	 120	 999000	 999	 2.060153e+03	 416.67	 500.00	 20.00	 37	 0.63	 
p_157	 1	 15	 1720.jpg	 2.061136e+03	 11	 7.180115e+02	 110	 4.165804e+02	 98	 2.062153e+03	 433.33	 500.00	 13.00	 4	 0.71	 
p_157	 1	 15	 4612.jpg	 2.065136e+03	 11	 8.858924e+02	 110	 4.332462e+02	 98	 2.066153e+03	 450.00	 500.00	 15.00	 19	 0.69	 
p_157	 1	 15	 7291.jpg	 2.067136e+03	 24	 999000	 240	 999000	 999	 2.068153e+03	 450.00	 500.00	 56.00	 34	 0.17	 
p_157	 1	 15	 8170.jpg	 2.072136e+03	 24	 999000	 240	 999000	 999	 2.073153e+03	 450.00	 500.00	 40.00	 46	 0.39	 
p_157	 1	 15	 8280.jpg	 2.074136e+03	 24	 999000	 240	 999000	 999	 2.075153e+03	 450.00	 500.00	 55.00	 48	 0.18	 
p_157	 1	 15	 8499.jpg	 2.078136e+03	 24	 999000	 240	 999000	 999	 2.079153e+03	 450.00	 500.00	 58.00	 56	 0.12	 
p_157	 1	 15	 8502.jpg	 2.080136e+03	 22	 8.295076e+02	 220	 4.999528e+02	 98	 2.081153e+03	 450.00	 516.67	 44.00	 58	 0.35	 
p_157	 1	 15	 4640.jpg	 2.083137e+03	 12	 999000	 120	 999000	 999	 2.084153e+03	 450.00	 516.67	 4.00	 23	 0.83	 
p_157	 1	 15	 8371.jpg	 2.088137e+03	 24	 999000	 240	 999000	 999	 2.089153e+03	 450.00	 516.67	 49.00	 50	 0.26	 
p_157	 1	 15	 8380.jpg	 2.090137e+03	 22	 8.612310e+02	 220	 5.166255e+02	 98	 2.091153e+03	 450.00	 533.33	 50.00	 51	 0.22	 
p_157	 1	 15	 2155.jpg	 2.092137e+03	 12	 999000	 120	 999000	 999	 2.093153e+03	 450.00	 533.33	 5.00	 8	 0.83	 
p_157	 1	 15	 8130.jpg	 2.096137e+03	 24	 999000	 240	 999000	 999	 2.097153e+03	 450.00	 533.33	 57.00	 44	 0.15	 
p_157	 1	 15	 8510.jpg	 2.100137e+03	 22	 9.248863e+02	 220	 5.332540e+02	 98	 2.101154e+03	 450.00	 550.00	 47.00	 59	 0.30	 
p_157	 1	 15	 2347.jpg	 2.104137e+03	 11	 6.688078e+02	 110	 4.499138e+02	 98	 2.105154e+03	 466.67	 550.00	 7.00	 11	 0.79	 
p_157	 1	 15	 2352.1.jpg	 2.106137e+03	 24	 999000	 240	 999000	 999	 2.107154e+03	 466.67	 550.00	 42.00	 12	 0.36	 
p_157	 1	 15	 1721.jpg	 2.108137e+03	 11	 7.407132e+02	 110	 4.666111e+02	 98	 2.109154e+03	 483.33	 550.00	 10.00	 5	 0.77	 
p_157	 1	 15	 1540.jpg	 2.110137e+03	 22	 9.006786e+02	 220	 5.499562e+02	 98	 2.111154e+03	 483.33	 566.67	 52.00	 1	 0.21	 
p_157	 1	 15	 2345.jpg	 2.112137e+03	 12	 999000	 120	 999000	 999	 2.113154e+03	 483.33	 566.67	 16.00	 10	 0.68	 
p_157	 1	 15	 7480.jpg	 2.118137e+03	 12	 999000	 120	 999000	 999	 2.119154e+03	 483.33	 566.67	 3.00	 38	 0.87	 
p_157	 1	 15	 1660.jpg	 2.121137e+03	 12	 999000	 120	 999000	 999	 2.122154e+03	 483.33	 566.67	 21.00	 3	 0.62	 
p_157	 1	 15	 7260.jpg	 2.123137e+03	 22	 8.842571e+02	 220	 5.666254e+02	 98	 2.124154e+03	 483.33	 583.33	 45.00	 33	 0.35	 
p_157	 1	 15	 5260.jpg	 2.125137e+03	 12	 999000	 120	 999000	 999	 2.126154e+03	 483.33	 583.33	 17.00	 26	 0.66	 
p_157	 1	 15	 8540.jpg	 2.128138e+03	 24	 999000	 240	 999000	 999	 2.129154e+03	 483.33	 583.33	 46.00	 60	 0.31	 
p_157	 1	 15	 1590.jpg	 2.130138e+03	 24	 999000	 240	 999000	 999	 2.131154e+03	 483.33	 583.33	 43.00	 2	 0.36	 
p_157	 1	 15	 4619.jpg	 2.132138e+03	 12	 999000	 120	 999000	 999	 2.133154e+03	 483.33	 583.33	 6.00	 21	 0.80	 
p_157	 1	 15	 5982.jpg	 2.134138e+03	 11	 7.879322e+02	 110	 4.832825e+02	 98	 2.135154e+03	 500.00	 583.33	 18.00	 31	 0.65	 
p_157	 1	 15	 7499.jpg	 2.137138e+03	 11	 8.918464e+02	 110	 4.999230e+02	 98	 2.138154e+03	 516.67	 583.33	 12.00	 40	 0.72	 
p_157	 1	 15	 4597.jpg	 2.139138e+03	 12	 999000	 120	 999000	 999	 2.140154e+03	 516.67	 583.33	 8.00	 17	 0.79	 
p_157	 1	 15	 2550.jpg	 2.141138e+03	 12	 999000	 120	 999000	 999	 2.142155e+03	 516.67	 583.33	 11.00	 15	 0.74	 
p_157	 1	 15	 5626.jpg	 2.143138e+03	 12	 999000	 120	 999000	 999	 2.144155e+03	 516.67	 583.33	 22.00	 28	 0.60	 
p_157	 1	 15	 2058.jpg	 2.145138e+03	 24	 999000	 240	 999000	 999	 2.146155e+03	 516.67	 583.33	 41.00	 7	 0.37	 
p_157	 1	 15	 8470.jpg	 2.151138e+03	 24	 999000	 240	 999000	 999	 2.152155e+03	 516.67	 583.33	 48.00	 55	 0.28	 
p_157	 1	 15	 5829.jpg	 2.154138e+03	 12	 999000	 120	 999000	 999	 2.155155e+03	 516.67	 583.33	 14.00	 30	 0.70	 
p_157	 1	 15	 4628.jpg	 2.158138e+03	 12	 999000	 120	 999000	 999	 2.159155e+03	 516.67	 583.33	 19.00	 22	 0.65	 
